/*--------------------------------*- C++ -*----------------------------------*\
| =========                 |                                                 |
| \\      /  F ield         | OpenFOAM: The Open Source CFD Toolbox           |
|  \\    /   O peration     | Version:  2.3.0                                 |
|   \\  /    A nd           | Web:      www.OpenFOAM.org                      |
|    \\/     M anipulation  |                                                 |
\*---------------------------------------------------------------------------*/
FoamFile
{
    version     2.0;
    format      ascii;
    class       surfaceScalarField;
    location    "0.2";
    object      phi;
}
// * * * * * * * * * * * * * * * * * * * * * * * * * * * * * * * * * * * * * //

dimensions      [0 3 -1 0 0 0 0];

internalField   nonuniform List<scalar> 
5644
(
2.86584e-08
2.77071e-09
-3.14291e-08
2.58185e-08
2.83995e-09
2.31291e-08
2.68934e-09
2.06434e-08
2.48574e-09
1.83791e-08
2.26427e-09
1.63477e-08
2.03142e-09
1.45528e-08
1.79489e-09
1.29903e-08
1.56249e-09
1.16494e-08
1.34094e-09
1.05136e-08
1.13574e-09
9.56268e-09
9.50957e-10
8.77359e-09
7.89098e-10
8.12257e-09
6.51012e-10
7.5865e-09
5.36072e-10
7.14401e-09
4.42496e-10
6.77626e-09
3.67741e-10
6.46736e-09
3.08901e-10
6.20433e-09
2.63038e-10
5.9769e-09
2.27431e-10
5.77719e-09
1.9971e-10
5.59926e-09
1.77921e-10
5.43875e-09
1.60518e-10
5.29242e-09
1.46324e-10
5.15795e-09
1.34468e-10
5.03363e-09
1.24326e-10
4.91817e-09
1.15456e-10
4.81062e-09
1.07553e-10
4.71021e-09
1.00405e-10
4.61635e-09
9.38649e-11
4.52852e-09
8.78296e-11
4.4463e-09
8.22227e-11
4.36931e-09
7.69861e-11
4.29724e-09
7.20732e-11
4.22979e-09
6.74448e-11
4.16672e-09
6.30676e-11
4.10781e-09
5.89123e-11
4.05286e-09
5.49533e-11
4.00169e-09
5.11686e-11
3.95415e-09
4.75383e-11
3.91011e-09
4.40433e-11
3.86945e-09
4.06625e-11
3.83208e-09
3.73684e-11
3.79795e-09
3.4123e-11
3.76708e-09
3.08723e-11
3.73954e-09
2.75434e-11
3.71549e-09
2.40457e-11
3.69521e-09
2.0279e-11
3.67907e-09
1.61394e-11
3.66757e-09
1.15035e-11
3.66129e-09
6.28643e-12
3.66036e-09
9.23283e-13
3.66351e-09
-3.15203e-12
3.66958e-09
-6.06319e-12
3.67771e-09
-8.13654e-12
3.68722e-09
-9.50518e-12
3.69746e-09
-1.02449e-11
3.70793e-09
-1.04649e-11
3.71822e-09
-1.02906e-11
3.72805e-09
-9.83544e-12
3.73725e-09
-9.20006e-12
3.74572e-09
-8.46418e-12
3.75341e-09
-7.68902e-12
3.76032e-09
-6.9165e-12
3.7665e-09
-6.17346e-12
3.77197e-09
-5.47621e-12
3.77681e-09
-4.83314e-12
3.78105e-09
-4.24707e-12
3.78477e-09
-3.71733e-12
3.78801e-09
-3.24117e-12
3.79083e-09
-2.81478e-12
3.79326e-09
-2.43395e-12
3.79536e-09
-2.09499e-12
3.79715e-09
-1.79521e-12
3.79868e-09
-1.53145e-12
3.79998e-09
-1.29952e-12
3.80108e-09
-1.09646e-12
3.802e-09
-9.21488e-13
3.80277e-09
-7.7233e-13
3.80342e-09
-6.45076e-13
3.80396e-09
-5.38401e-13
3.80441e-09
-4.49395e-13
3.80478e-09
-3.73735e-13
3.80509e-09
-3.0949e-13
3.80534e-09
-2.53226e-13
3.80554e-09
-2.02739e-13
3.80571e-09
-1.60241e-13
3.80583e-09
-1.25976e-13
3.80593e-09
-9.77441e-14
3.806e-09
-7.49624e-14
3.80606e-09
-5.69231e-14
3.8061e-09
-4.22863e-14
3.80613e-09
-2.92786e-14
3.80615e-09
-1.58731e-14
3.80615e-09
-9.6125e-16
3.80613e-09
1.6324e-14
3.80609e-09
4.01871e-14
3.80601e-09
7.84892e-14
3.80587e-09
1.43475e-13
3.80562e-09
2.55442e-13
7.672e-13
3.44112e-08
3.04078e-09
-3.46812e-08
3.3848e-08
3.40314e-09
3.30414e-08
3.49586e-09
3.20723e-08
3.45484e-09
3.09982e-08
3.33837e-09
2.98646e-08
3.16505e-09
2.87088e-08
2.95073e-09
2.75597e-08
2.71152e-09
2.64391e-08
2.46158e-09
2.53622e-08
2.2126e-09
2.43393e-08
1.9739e-09
2.33762e-08
1.75224e-09
2.24753e-08
1.55186e-09
2.16368e-08
1.37462e-09
2.08587e-08
1.22053e-09
2.01383e-08
1.08819e-09
1.94718e-08
9.75404e-10
1.88552e-08
8.79561e-10
1.82847e-08
7.98026e-10
1.7756e-08
7.28337e-10
1.72656e-08
6.68329e-10
1.681e-08
6.1618e-10
1.63859e-08
5.70403e-10
1.59905e-08
5.2981e-10
1.56214e-08
4.93468e-10
1.52762e-08
4.60644e-10
1.4953e-08
4.30764e-10
1.465e-08
4.03378e-10
1.43658e-08
3.78121e-10
1.40989e-08
3.54701e-10
1.38482e-08
3.32871e-10
1.36128e-08
3.12425e-10
1.33917e-08
2.93183e-10
1.31842e-08
2.7499e-10
1.29895e-08
2.57708e-10
1.28072e-08
2.41214e-10
1.26368e-08
2.25399e-10
1.24778e-08
2.10163e-10
1.23299e-08
1.95416e-10
1.21929e-08
1.81065e-10
1.20665e-08
1.67017e-10
1.19507e-08
1.53162e-10
1.18455e-08
1.39373e-10
1.17508e-08
1.25497e-10
1.1667e-08
1.11359e-10
1.15943e-08
9.67778e-11
1.1533e-08
8.15915e-11
1.14834e-08
6.57108e-11
1.14458e-08
4.91656e-11
1.14199e-08
3.21103e-11
1.14063e-08
1.45964e-11
1.14044e-08
-1.29587e-12
1.14115e-08
-1.31926e-11
1.14247e-08
-2.12641e-11
1.14417e-08
-2.65832e-11
1.14612e-08
-2.96849e-11
1.14817e-08
-3.10196e-11
1.15025e-08
-3.10133e-11
1.15227e-08
-3.00336e-11
1.15419e-08
-2.83993e-11
1.15598e-08
-2.63656e-11
1.15762e-08
-2.41308e-11
1.15911e-08
-2.18365e-11
1.16045e-08
-1.95784e-11
1.16165e-08
-1.74187e-11
1.1627e-08
-1.53942e-11
1.16363e-08
-1.35233e-11
1.16444e-08
-1.18121e-11
1.16514e-08
-1.02594e-11
1.16575e-08
-8.85901e-12
1.16626e-08
-7.60268e-12
1.1667e-08
-6.48198e-12
1.16707e-08
-5.48985e-12
1.16738e-08
-4.6178e-12
1.16763e-08
-3.85472e-12
1.16784e-08
-3.19148e-12
1.16801e-08
-2.6233e-12
1.16815e-08
-2.14222e-12
1.16826e-08
-1.73623e-12
1.16835e-08
-1.39874e-12
1.16841e-08
-1.11996e-12
1.16847e-08
-8.86973e-13
1.1685e-08
-6.93e-13
1.16853e-08
-5.29654e-13
1.16855e-08
-3.90816e-13
1.16856e-08
-2.77571e-13
1.16857e-08
-1.88244e-13
1.16857e-08
-1.18111e-13
1.16857e-08
-6.52496e-14
1.16857e-08
-2.67378e-14
1.16856e-08
1.53996e-15
1.16856e-08
2.41841e-14
1.16855e-08
4.66895e-14
1.16854e-08
7.42102e-14
1.16853e-08
1.12874e-13
1.16852e-08
1.72313e-13
1.1685e-08
2.70151e-13
1.16847e-08
4.39996e-13
1.16842e-08
7.77541e-13
1.72239e-12
3.6514e-08
2.89229e-09
-3.63655e-08
3.65995e-08
3.31762e-09
3.65612e-08
3.53416e-09
3.63986e-08
3.61748e-09
3.61231e-08
3.61388e-09
3.57485e-08
3.5396e-09
3.52916e-08
3.40759e-09
3.47701e-08
3.2331e-09
3.42005e-08
3.03111e-09
3.35981e-08
2.81501e-09
3.29759e-08
2.59612e-09
3.23447e-08
2.38345e-09
3.17131e-08
2.18344e-09
3.10877e-08
2.00003e-09
3.04732e-08
1.83499e-09
2.9873e-08
1.68842e-09
2.92892e-08
1.55923e-09
2.8723e-08
1.44571e-09
2.81753e-08
1.3458e-09
2.76461e-08
1.25748e-09
2.71356e-08
1.17884e-09
2.66435e-08
1.10824e-09
2.61697e-08
1.04429e-09
2.57136e-08
9.85852e-10
2.52751e-08
9.32018e-10
2.48536e-08
8.82065e-10
2.4449e-08
8.35417e-10
2.40608e-08
7.91612e-10
2.36886e-08
7.50272e-10
2.33322e-08
7.11083e-10
2.29913e-08
6.73781e-10
2.26656e-08
6.38131e-10
2.23549e-08
6.03929e-10
2.20589e-08
5.70987e-10
2.17774e-08
5.39135e-10
2.15104e-08
5.08215e-10
2.12578e-08
4.78077e-10
2.10193e-08
4.48581e-10
2.07952e-08
4.19585e-10
2.05853e-08
3.90944e-10
2.03898e-08
3.62501e-10
2.02089e-08
3.34082e-10
2.00428e-08
3.0549e-10
1.98918e-08
2.76508e-10
1.97562e-08
2.46921e-10
1.96364e-08
2.16545e-10
1.95327e-08
1.85291e-10
1.94452e-08
1.53243e-10
1.93736e-08
1.20779e-10
1.9317e-08
8.87145e-11
1.92734e-08
5.81939e-11
1.92423e-08
2.97471e-11
1.92254e-08
3.7274e-12
1.92213e-08
-1.71551e-11
1.92264e-08
-3.1661e-11
1.9238e-08
-4.12523e-11
1.92539e-08
-4.69612e-11
1.92726e-08
-4.96696e-11
1.92926e-08
-5.01075e-11
1.93131e-08
-4.89096e-11
1.93334e-08
-4.65903e-11
1.93528e-08
-4.35617e-11
1.93711e-08
-4.01327e-11
1.9388e-08
-3.65279e-11
1.94035e-08
-3.29066e-11
1.94175e-08
-2.93769e-11
1.943e-08
-2.60079e-11
1.9441e-08
-2.28412e-11
1.94507e-08
-1.98995e-11
1.9459e-08
-1.71924e-11
1.94661e-08
-1.47216e-11
1.94721e-08
-1.2485e-11
1.94771e-08
-1.04799e-11
1.94812e-08
-8.69945e-12
1.94845e-08
-7.1302e-12
1.9487e-08
-5.75974e-12
1.9489e-08
-4.58155e-12
1.94904e-08
-3.58299e-12
1.94914e-08
-2.74283e-12
1.94921e-08
-2.04811e-12
1.94925e-08
-1.48024e-12
1.94926e-08
-1.01235e-12
1.94925e-08
-6.27525e-13
1.94923e-08
-3.13086e-13
1.9492e-08
-6.64783e-14
1.94916e-08
1.26485e-13
1.94911e-08
2.82542e-13
1.94906e-08
3.99194e-13
1.949e-08
4.75299e-13
1.94895e-08
5.16028e-13
1.9489e-08
5.30638e-13
1.94885e-08
5.30284e-13
1.9488e-08
5.26714e-13
1.94875e-08
5.31474e-13
1.94871e-08
5.576e-13
1.94866e-08
6.22881e-13
1.94861e-08
7.57171e-13
1.94856e-08
1.01908e-12
1.94848e-08
1.56545e-12
2.8407e-12
3.80937e-08
2.70217e-09
-3.79035e-08
3.83038e-08
3.10748e-09
3.848e-08
3.35797e-09
3.86025e-08
3.49498e-09
3.86645e-08
3.55188e-09
3.86619e-08
3.54213e-09
3.85946e-08
3.47494e-09
3.84658e-08
3.3619e-09
3.82813e-08
3.21558e-09
3.80484e-08
3.04792e-09
3.77749e-08
2.86961e-09
3.74687e-08
2.68964e-09
3.71372e-08
2.51496e-09
3.67869e-08
2.35037e-09
3.64232e-08
2.19864e-09
3.60508e-08
2.0609e-09
3.5673e-08
1.93703e-09
3.52925e-08
1.82612e-09
3.49116e-08
1.72677e-09
3.45316e-08
1.63745e-09
3.41538e-08
1.55661e-09
3.37792e-08
1.48287e-09
3.34085e-08
1.415e-09
3.30424e-08
1.35198e-09
3.26814e-08
1.29299e-09
3.23261e-08
1.23733e-09
3.19771e-08
1.18448e-09
3.16347e-08
1.13398e-09
3.12995e-08
1.08549e-09
3.09719e-08
1.03871e-09
3.06523e-08
9.93372e-10
3.03411e-08
9.49259e-10
3.00389e-08
9.06169e-10
2.9746e-08
8.63917e-10
2.94628e-08
8.22329e-10
2.91897e-08
7.81242e-10
2.89273e-08
7.40494e-10
2.8676e-08
6.99928e-10
2.84362e-08
6.59379e-10
2.82085e-08
6.18674e-10
2.79933e-08
5.77625e-10
2.77914e-08
5.36023e-10
2.76032e-08
4.93646e-10
2.74295e-08
4.50273e-10
2.72707e-08
4.05717e-10
2.71273e-08
3.59881e-10
2.69998e-08
3.12835e-10
2.68881e-08
2.64923e-10
2.6792e-08
2.16871e-10
2.67109e-08
1.69861e-10
2.66436e-08
1.25419e-10
2.65883e-08
8.50595e-11
2.65426e-08
4.94803e-11
2.65073e-08
1.80786e-11
2.64841e-08
-8.44605e-12
2.64713e-08
-2.83905e-11
2.64665e-08
-4.22143e-11
2.6468e-08
-5.11801e-11
2.64742e-08
-5.62735e-11
2.64837e-08
-5.83894e-11
2.64954e-08
-5.82752e-11
2.65084e-08
-5.65605e-11
2.6522e-08
-5.37402e-11
2.65356e-08
-5.01969e-11
2.6549e-08
-4.62229e-11
2.65616e-08
-4.20348e-11
2.65734e-08
-3.77901e-11
2.65842e-08
-3.36011e-11
2.65938e-08
-2.9547e-11
2.66023e-08
-2.56827e-11
2.66096e-08
-2.20456e-11
2.66158e-08
-1.86626e-11
2.66209e-08
-1.55565e-11
2.66249e-08
-1.27402e-11
2.6628e-08
-1.02134e-11
2.66302e-08
-7.9731e-12
2.66317e-08
-6.0231e-12
2.66324e-08
-4.35638e-12
2.66326e-08
-2.9478e-12
2.66324e-08
-1.78079e-12
2.66317e-08
-8.40137e-13
2.66308e-08
-8.89475e-14
2.66296e-08
5.40319e-13
2.66282e-08
1.08818e-12
2.66266e-08
1.54434e-12
2.66248e-08
1.89792e-12
2.6623e-08
2.1444e-12
2.66211e-08
2.28797e-12
2.66192e-08
2.33943e-12
2.66174e-08
2.31629e-12
2.66157e-08
2.23995e-12
2.66141e-08
2.13285e-12
2.66126e-08
2.01684e-12
2.66113e-08
1.9126e-12
2.661e-08
1.84174e-12
2.66088e-08
1.8314e-12
2.66076e-08
1.92408e-12
2.66064e-08
2.20092e-12
2.66051e-08
2.85398e-12
4.33385e-12
3.96328e-08
2.53254e-09
-3.94632e-08
3.9842e-08
2.89828e-09
4.00519e-08
3.14809e-09
4.02441e-08
3.30285e-09
4.04099e-08
3.38601e-09
4.05426e-08
3.40947e-09
4.06367e-08
3.38082e-09
4.06896e-08
3.30905e-09
4.07008e-08
3.20429e-09
4.06722e-08
3.07656e-09
4.06067e-08
2.93507e-09
4.05086e-08
2.78783e-09
4.03822e-08
2.64136e-09
4.02321e-08
2.50044e-09
4.00625e-08
2.36818e-09
3.98772e-08
2.24621e-09
3.96793e-08
2.135e-09
3.94712e-08
2.0342e-09
3.9255e-08
1.94296e-09
3.90323e-08
1.86014e-09
3.88044e-08
1.78454e-09
3.85723e-08
1.715e-09
3.83368e-08
1.65047e-09
3.80987e-08
1.59005e-09
3.78587e-08
1.53296e-09
3.76175e-08
1.47859e-09
3.73756e-08
1.4264e-09
3.71336e-08
1.37597e-09
3.68921e-08
1.32696e-09
3.66518e-08
1.27905e-09
3.64131e-08
1.23199e-09
3.61769e-08
1.18556e-09
3.59435e-08
1.13954e-09
3.57137e-08
1.09375e-09
3.5488e-08
1.04799e-09
3.52671e-08
1.00211e-09
3.50517e-08
9.55914e-10
3.48424e-08
9.09233e-10
3.46399e-08
8.61882e-10
3.44449e-08
8.13666e-10
3.42582e-08
7.64377e-10
3.40804e-08
7.13794e-10
3.39123e-08
6.61697e-10
3.37547e-08
6.07894e-10
3.36082e-08
5.52261e-10
3.34732e-08
4.94816e-10
3.33503e-08
4.35805e-10
3.32394e-08
3.758e-10
3.31405e-08
3.15785e-10
3.30532e-08
2.57163e-10
3.2977e-08
2.01616e-10
3.29113e-08
1.50779e-10
3.2855e-08
1.05766e-10
3.2806e-08
6.70696e-11
3.27632e-08
3.43316e-11
3.2728e-08
6.78796e-12
3.2701e-08
-1.5192e-11
3.26811e-08
-3.12834e-11
3.26672e-08
-4.2412e-11
3.26584e-08
-4.95377e-11
3.26536e-08
-5.34704e-11
3.2652e-08
-5.49368e-11
3.26527e-08
-5.45293e-11
3.26553e-08
-5.27326e-11
3.2659e-08
-4.9937e-11
3.26634e-08
-4.64507e-11
3.26681e-08
-4.25138e-11
3.26728e-08
-3.83127e-11
3.26773e-08
-3.39923e-11
3.26813e-08
-2.96657e-11
3.26847e-08
-2.54207e-11
3.26873e-08
-2.13291e-11
3.26892e-08
-1.7456e-11
3.26903e-08
-1.38523e-11
3.26907e-08
-1.05483e-11
3.26903e-08
-7.56554e-12
3.26892e-08
-4.93003e-12
3.26875e-08
-2.66189e-12
3.26853e-08
-7.65813e-13
3.26827e-08
8.29198e-13
3.26796e-08
2.21872e-12
3.26761e-08
3.42741e-12
3.26722e-08
4.45132e-12
3.2668e-08
5.28197e-12
3.26636e-08
5.91272e-12
3.26592e-08
6.3397e-12
3.26548e-08
6.56787e-12
3.26504e-08
6.61403e-12
3.26463e-08
6.50449e-12
3.26423e-08
6.27286e-12
3.26386e-08
5.95621e-12
3.26351e-08
5.59144e-12
3.26319e-08
5.21315e-12
3.2629e-08
4.8532e-12
3.26263e-08
4.54311e-12
3.26238e-08
4.31953e-12
3.26215e-08
4.23584e-12
3.26193e-08
4.38783e-12
3.26172e-08
4.98064e-12
6.4631e-12
4.12081e-08
2.38664e-09
-4.10622e-08
4.13953e-08
2.71104e-09
4.1595e-08
2.94846e-09
4.17909e-08
3.10688e-09
4.19753e-08
3.20159e-09
4.21422e-08
3.24264e-09
4.22862e-08
3.23683e-09
4.24037e-08
3.19153e-09
4.24928e-08
3.11516e-09
4.25532e-08
3.0162e-09
4.25857e-08
2.90254e-09
4.25923e-08
2.78122e-09
4.25756e-08
2.65806e-09
4.25385e-08
2.53755e-09
4.24839e-08
2.4228e-09
4.24145e-08
2.31563e-09
4.23326e-08
2.21687e-09
4.22403e-08
2.12654e-09
4.21391e-08
2.04415e-09
4.20303e-08
1.96891e-09
4.19149e-08
1.89989e-09
4.17938e-08
1.83613e-09
4.16675e-08
1.77675e-09
4.15367e-08
1.72092e-09
4.14017e-08
1.66795e-09
4.1263e-08
1.61724e-09
4.11211e-08
1.56829e-09
4.09764e-08
1.52067e-09
4.08294e-08
1.47403e-09
4.06804e-08
1.42805e-09
4.05299e-08
1.38246e-09
4.03784e-08
1.33702e-09
4.02265e-08
1.29151e-09
4.00745e-08
1.24571e-09
3.99231e-08
1.19943e-09
3.97727e-08
1.15246e-09
3.9624e-08
1.10462e-09
3.94775e-08
1.0557e-09
3.93339e-08
1.0055e-09
3.91938e-08
9.53807e-10
3.90578e-08
9.00401e-10
3.89265e-08
8.45061e-10
3.88006e-08
7.87582e-10
3.86807e-08
7.27813e-10
3.85673e-08
6.657e-10
3.84607e-08
6.01366e-10
3.83613e-08
5.35192e-10
3.82692e-08
4.67901e-10
3.81844e-08
4.00617e-10
3.81067e-08
3.34829e-10
3.80361e-08
2.72243e-10
3.79724e-08
2.14485e-10
3.79154e-08
1.62767e-10
3.78647e-08
1.17758e-10
3.78195e-08
7.95653e-11
3.77784e-08
4.78986e-11
3.77412e-08
2.20024e-11
3.77087e-08
1.13581e-12
3.76812e-08
-1.48838e-11
3.76581e-08
-2.64095e-11
3.76388e-08
-3.42209e-11
3.76229e-08
-3.90421e-11
3.76099e-08
-4.14642e-11
3.75991e-08
-4.19947e-11
3.75903e-08
-4.10585e-11
3.75828e-08
-3.90051e-11
3.75764e-08
-3.61202e-11
3.75707e-08
-3.26372e-11
3.75655e-08
-2.87487e-11
3.75604e-08
-2.46153e-11
3.75554e-08
-2.03712e-11
3.75502e-08
-1.61294e-11
3.75447e-08
-1.19953e-11
3.75389e-08
-8.05996e-12
3.75328e-08
-4.40756e-12
3.75264e-08
-1.11761e-12
3.75196e-08
1.83023e-12
3.75124e-08
4.49155e-12
3.75048e-08
6.86482e-12
3.74967e-08
8.93866e-12
3.74882e-08
1.07091e-11
3.74795e-08
1.21809e-11
3.74706e-08
1.33479e-11
3.74616e-08
1.42006e-11
3.74528e-08
1.47363e-11
3.74442e-08
1.49615e-11
3.74359e-08
1.48955e-11
3.74279e-08
1.45717e-11
3.74204e-08
1.40345e-11
3.74133e-08
1.33355e-11
3.74068e-08
1.25288e-11
3.74007e-08
1.16667e-11
3.73951e-08
1.07974e-11
3.739e-08
9.96426e-12
3.73853e-08
9.20856e-12
3.73811e-08
8.57506e-12
3.73772e-08
8.12414e-12
3.73736e-08
7.9562e-12
3.73703e-08
8.26864e-12
9.47395e-12
4.28319e-08
2.25941e-09
-4.27046e-08
4.29973e-08
2.54558e-09
4.31793e-08
2.76651e-09
4.33635e-08
2.92264e-09
4.35423e-08
3.0228e-09
4.37102e-08
3.07471e-09
4.38628e-08
3.08427e-09
4.39966e-08
3.05772e-09
4.41097e-08
3.00208e-09
4.42013e-08
2.9246e-09
4.42717e-08
2.83215e-09
4.4322e-08
2.73089e-09
4.4354e-08
2.62607e-09
4.43697e-08
2.52182e-09
4.43714e-08
2.42114e-09
4.4361e-08
2.32597e-09
4.43406e-08
2.23732e-09
4.43116e-08
2.15551e-09
4.42754e-08
2.08034e-09
4.4233e-08
2.01129e-09
4.41853e-08
1.94767e-09
4.41327e-08
1.88872e-09
4.40758e-08
1.83367e-09
4.40149e-08
1.78182e-09
4.39503e-08
1.73253e-09
4.38823e-08
1.68525e-09
4.38111e-08
1.6395e-09
4.37369e-08
1.59485e-09
4.366e-08
1.55094e-09
4.35806e-08
1.50745e-09
4.34989e-08
1.46409e-09
4.34153e-08
1.42061e-09
4.33301e-08
1.37677e-09
4.32435e-08
1.33233e-09
4.31558e-08
1.28707e-09
4.30675e-08
1.24079e-09
4.29789e-08
1.19325e-09
4.28903e-08
1.14426e-09
4.28022e-08
1.09358e-09
4.2715e-08
1.041e-09
4.26291e-08
9.86293e-10
4.25449e-08
9.2924e-10
4.24629e-08
8.69666e-10
4.23832e-08
8.07459e-10
4.23063e-08
7.42627e-10
4.22323e-08
6.75369e-10
4.21613e-08
6.06147e-10
4.20935e-08
5.35755e-10
4.20287e-08
4.65351e-10
4.19672e-08
3.96406e-10
4.19088e-08
3.30557e-10
4.1854e-08
2.69357e-10
4.18027e-08
2.14009e-10
4.17552e-08
1.65245e-10
4.17115e-08
1.23317e-10
4.16713e-08
8.80961e-11
4.16342e-08
5.9142e-11
4.15995e-08
3.58324e-11
4.15671e-08
1.74314e-11
4.15375e-08
3.21089e-12
4.15106e-08
-7.31544e-12
4.14862e-08
-1.45937e-11
4.14639e-08
-1.91737e-11
4.14434e-08
-2.15553e-11
4.14245e-08
-2.21645e-11
4.14069e-08
-2.13609e-11
4.13902e-08
-1.94481e-11
4.13743e-08
-1.66836e-11
4.13588e-08
-1.32901e-11
4.13437e-08
-9.46719e-12
4.13287e-08
-5.40725e-12
4.13139e-08
-1.28036e-12
4.1299e-08
2.82926e-12
4.12841e-08
6.86395e-12
4.1269e-08
1.07301e-11
4.12535e-08
1.43476e-11
4.12377e-08
1.76458e-11
4.12216e-08
2.05749e-11
4.12054e-08
2.31136e-11
4.11891e-08
2.52424e-11
4.11728e-08
2.69461e-11
4.11568e-08
2.82197e-11
4.11411e-08
2.9058e-11
4.11258e-08
2.94592e-11
4.11111e-08
2.94329e-11
4.10971e-08
2.90024e-11
4.10838e-08
2.8206e-11
4.10712e-08
2.70973e-11
4.10595e-08
2.57405e-11
4.10487e-08
2.42061e-11
4.10386e-08
2.25651e-11
4.10294e-08
2.08849e-11
4.1021e-08
1.92263e-11
4.10133e-08
1.7643e-11
4.10063e-08
1.6184e-11
4.1e-08
1.48994e-11
4.09943e-08
1.38513e-11
4.09891e-08
1.31346e-11
4.09844e-08
1.29194e-11
1.35314e-11
4.45071e-08
2.1463e-09
-4.4394e-08
4.4654e-08
2.39869e-09
4.48185e-08
2.60193e-09
4.49886e-08
2.75262e-09
4.51564e-08
2.85495e-09
4.53169e-08
2.91425e-09
4.54658e-08
2.93538e-09
4.56e-08
2.9235e-09
4.57176e-08
2.88447e-09
4.58177e-08
2.82445e-09
4.59005e-08
2.74938e-09
4.59667e-08
2.66469e-09
4.60177e-08
2.57508e-09
4.60552e-08
2.48433e-09
4.6081e-08
2.39534e-09
4.60969e-08
2.31006e-09
4.61045e-08
2.22967e-09
4.61053e-08
2.1547e-09
4.61005e-08
2.08519e-09
4.60909e-08
2.02087e-09
4.60773e-08
1.96125e-09
4.60603e-08
1.90575e-09
4.60402e-08
1.85376e-09
4.60173e-08
1.80468e-09
4.59919e-08
1.75795e-09
4.59641e-08
1.71306e-09
4.59341e-08
1.66955e-09
4.59019e-08
1.62704e-09
4.58676e-08
1.58516e-09
4.58315e-08
1.5436e-09
4.57935e-08
1.50206e-09
4.57539e-08
1.46027e-09
4.57126e-08
1.41799e-09
4.567e-08
1.37497e-09
4.56261e-08
1.33099e-09
4.5581e-08
1.28581e-09
4.55351e-08
1.23922e-09
4.54884e-08
1.19098e-09
4.54411e-08
1.14087e-09
4.53934e-08
1.08866e-09
4.53456e-08
1.03415e-09
4.52977e-08
9.7713e-10
4.52499e-08
9.17452e-10
4.52023e-08
8.55044e-10
4.5155e-08
7.89961e-10
4.51079e-08
7.22449e-10
4.5061e-08
6.53007e-10
4.50143e-08
5.82435e-10
4.49678e-08
5.11851e-10
4.49216e-08
4.4264e-10
4.48759e-08
3.76315e-10
4.48309e-08
3.14312e-10
4.47871e-08
2.57778e-10
4.47449e-08
2.07458e-10
4.47046e-08
1.6368e-10
4.46662e-08
1.26419e-10
4.463e-08
9.53687e-11
4.45958e-08
7.00275e-11
4.45635e-08
4.97882e-11
4.45326e-08
3.40257e-11
4.45032e-08
2.21266e-11
4.44751e-08
1.35176e-11
4.44482e-08
7.70294e-12
4.44224e-08
4.23537e-12
4.43975e-08
2.72144e-12
4.43734e-08
2.81799e-12
4.43497e-08
4.225e-12
4.43263e-08
6.67765e-12
4.43031e-08
9.93852e-12
4.42798e-08
1.37916e-11
4.42564e-08
1.80413e-11
4.42326e-08
2.25105e-11
4.42084e-08
2.70292e-11
4.41838e-08
3.1446e-11
4.41589e-08
3.56374e-11
4.41338e-08
3.94982e-11
4.41085e-08
4.29336e-11
4.40832e-08
4.58688e-11
4.4058e-08
4.82585e-11
4.40332e-08
5.00714e-11
4.40089e-08
5.12889e-11
4.39852e-08
5.19084e-11
4.39623e-08
5.19369e-11
4.39404e-08
5.13921e-11
4.39195e-08
5.03068e-11
4.38998e-08
4.87305e-11
4.38812e-08
4.67284e-11
4.38639e-08
4.438e-11
4.38479e-08
4.17733e-11
4.38331e-08
3.90001e-11
4.38195e-08
3.61496e-11
4.38071e-08
3.33042e-11
4.37958e-08
3.05365e-11
4.37855e-08
2.7909e-11
4.37762e-08
2.54762e-11
4.37679e-08
2.32903e-11
4.37603e-08
2.14102e-11
4.37535e-08
1.99167e-11
4.37475e-08
1.89373e-11
1.86698e-11
4.62355e-08
2.04405e-09
-4.61332e-08
4.6367e-08
2.26721e-09
4.65159e-08
2.45297e-09
4.66721e-08
2.59642e-09
4.68284e-08
2.69867e-09
4.69796e-08
2.76301e-09
4.71218e-08
2.79317e-09
4.7252e-08
2.79333e-09
4.73682e-08
2.76829e-09
4.74694e-08
2.72322e-09
4.75556e-08
2.66322e-09
4.76273e-08
2.59302e-09
4.76855e-08
2.5168e-09
4.77318e-08
2.43804e-09
4.77677e-08
2.35944e-09
4.77948e-08
2.28297e-09
4.78146e-08
2.20989e-09
4.78284e-08
2.1409e-09
4.78374e-08
2.07624e-09
4.78424e-08
2.01585e-09
4.78442e-08
1.95944e-09
4.78434e-08
1.90659e-09
4.78403e-08
1.85683e-09
4.78353e-08
1.80966e-09
4.78286e-08
1.76462e-09
4.78204e-08
1.72126e-09
4.78108e-08
1.67918e-09
4.77999e-08
1.63799e-09
4.77876e-08
1.59737e-09
4.77742e-08
1.55702e-09
4.77596e-08
1.51663e-09
4.7744e-08
1.47596e-09
4.77272e-08
1.43476e-09
4.77094e-08
1.39278e-09
4.76906e-08
1.34978e-09
4.76708e-08
1.30556e-09
4.76502e-08
1.25987e-09
4.76287e-08
1.2125e-09
4.76063e-08
1.16322e-09
4.75832e-08
1.11183e-09
4.75592e-08
1.05812e-09
4.75344e-08
1.00192e-09
4.75087e-08
9.43119e-10
4.74821e-08
8.81671e-10
4.74544e-08
8.1767e-10
4.74255e-08
7.51388e-10
4.73951e-08
6.83326e-10
4.73633e-08
6.14254e-10
4.733e-08
5.45213e-10
4.72951e-08
4.77463e-10
4.72591e-08
4.12366e-10
4.72222e-08
3.51224e-10
4.71849e-08
2.95101e-10
4.71476e-08
2.44726e-10
4.71108e-08
2.00472e-10
4.70748e-08
1.62393e-10
4.70399e-08
1.30284e-10
4.70062e-08
1.03758e-10
4.69736e-08
8.23136e-11
4.69423e-08
6.54065e-11
4.69119e-08
5.24847e-11
4.68824e-08
4.30158e-11
4.68536e-08
3.65211e-11
4.68253e-08
3.25679e-11
4.67972e-08
3.07683e-11
4.67693e-08
3.07761e-11
4.67412e-08
3.22803e-11
4.67129e-08
3.49977e-11
4.66842e-08
3.86658e-11
4.66549e-08
4.30389e-11
4.66251e-08
4.78863e-11
4.65946e-08
5.29894e-11
4.65635e-08
5.81349e-11
4.65318e-08
6.31243e-11
4.64997e-08
6.77857e-11
4.64672e-08
7.19709e-11
4.64346e-08
7.55526e-11
4.6402e-08
7.84303e-11
4.63697e-08
8.05386e-11
4.63379e-08
8.18384e-11
4.63069e-08
8.23145e-11
4.62769e-08
8.19761e-11
4.62479e-08
8.08527e-11
4.62203e-08
7.89918e-11
4.61942e-08
7.64605e-11
4.61696e-08
7.33444e-11
4.61466e-08
6.97445e-11
4.61252e-08
6.57733e-11
4.61054e-08
6.15487e-11
4.60872e-08
5.71878e-11
4.60706e-08
5.28006e-11
4.60554e-08
4.84859e-11
4.60416e-08
4.43284e-11
4.60291e-08
4.03988e-11
4.60178e-08
3.67555e-11
4.60076e-08
3.34502e-11
4.59985e-08
3.0535e-11
4.59904e-08
2.80709e-11
4.59832e-08
2.6136e-11
2.47897e-11
4.80191e-08
1.95039e-09
-4.79255e-08
4.81378e-08
2.1485e-09
4.8273e-08
2.31777e-09
4.84164e-08
2.45304e-09
4.85615e-08
2.55361e-09
4.87034e-08
2.62113e-09
4.88382e-08
2.6583e-09
4.89632e-08
2.66838e-09
4.90762e-08
2.65527e-09
4.91762e-08
2.62322e-09
4.92629e-08
2.57656e-09
4.93365e-08
2.51936e-09
4.9398e-08
2.45532e-09
4.94485e-08
2.38758e-09
4.94892e-08
2.31866e-09
4.95217e-08
2.25046e-09
4.95473e-08
2.1843e-09
4.95672e-08
2.121e-09
4.95825e-08
2.06095e-09
4.95941e-08
2.00427e-09
4.96027e-08
1.95082e-09
4.9609e-08
1.90034e-09
4.96133e-08
1.85249e-09
4.96161e-08
1.8069e-09
4.96175e-08
1.76317e-09
4.96179e-08
1.72092e-09
4.96172e-08
1.67981e-09
4.96157e-08
1.6395e-09
4.96134e-08
1.59967e-09
4.96104e-08
1.56006e-09
4.96066e-08
1.52038e-09
4.96022e-08
1.4804e-09
4.95971e-08
1.43986e-09
4.95913e-08
1.39855e-09
4.95849e-08
1.35623e-09
4.95777e-08
1.3127e-09
4.95699e-08
1.26772e-09
4.95613e-08
1.2211e-09
4.95519e-08
1.17263e-09
4.95416e-08
1.12211e-09
4.95303e-08
1.06938e-09
4.95179e-08
1.01428e-09
4.95043e-08
9.56731e-10
4.94893e-08
8.9673e-10
4.94726e-08
8.34394e-10
4.94539e-08
7.70008e-10
4.94332e-08
7.0406e-10
4.94102e-08
6.3727e-10
4.93848e-08
5.70584e-10
4.93571e-08
5.0513e-10
4.93274e-08
4.42118e-10
4.92959e-08
3.82709e-10
4.92631e-08
3.27874e-10
4.92296e-08
2.78312e-10
4.91956e-08
2.34416e-10
4.91617e-08
1.96303e-10
4.91281e-08
1.63857e-10
4.90951e-08
1.36787e-10
4.90627e-08
1.1469e-10
4.9031e-08
9.71097e-11
4.89999e-08
8.35667e-11
4.89694e-08
7.35891e-11
4.89391e-08
6.67374e-11
4.89091e-08
6.26058e-11
4.88791e-08
6.08209e-11
4.88488e-08
6.10391e-11
4.88181e-08
6.29404e-11
4.87869e-08
6.62231e-11
4.8755e-08
7.05973e-11
4.87222e-08
7.57817e-11
4.86886e-08
8.15025e-11
4.86541e-08
8.74924e-11
4.86188e-08
9.34888e-11
4.85826e-08
9.92429e-11
4.85459e-08
1.04531e-10
4.85087e-08
1.09158e-10
4.84713e-08
1.12958e-10
4.84339e-08
1.15801e-10
4.83969e-08
1.17603e-10
4.83604e-08
1.18316e-10
4.83248e-08
1.17932e-10
4.82903e-08
1.16476e-10
4.82571e-08
1.14007e-10
4.82255e-08
1.10608e-10
4.81956e-08
1.06389e-10
4.81674e-08
1.01478e-10
4.81412e-08
9.60197e-11
4.81168e-08
9.0165e-11
4.80943e-08
8.40669e-11
4.80736e-08
7.78719e-11
4.80547e-08
7.17141e-11
4.80374e-08
6.57105e-11
4.80218e-08
5.9959e-11
4.80077e-08
5.45381e-11
4.79949e-08
4.951e-11
4.79834e-08
4.49243e-11
4.79731e-08
4.08239e-11
4.7964e-08
3.72486e-11
4.79559e-08
3.42281e-11
3.17079e-11
4.98603e-08
1.86373e-09
-4.97736e-08
4.99683e-08
2.04046e-09
5.00915e-08
2.1946e-09
5.02232e-08
2.32139e-09
5.03576e-08
2.41914e-09
5.04904e-08
2.48837e-09
5.06178e-08
2.53084e-09
5.07372e-08
2.54904e-09
5.08464e-08
2.54605e-09
5.09443e-08
2.52533e-09
5.10304e-08
2.49048e-09
5.11047e-08
2.44501e-09
5.11679e-08
2.39212e-09
5.12209e-08
2.33463e-09
5.12647e-08
2.27485e-09
5.13006e-08
2.21459e-09
5.13297e-08
2.15517e-09
5.13532e-08
2.09748e-09
5.13721e-08
2.04205e-09
5.13873e-08
1.9891e-09
5.13995e-08
1.93865e-09
5.14092e-08
1.89058e-09
5.14171e-08
1.84466e-09
5.14233e-08
1.80061e-09
5.14284e-08
1.75813e-09
5.14324e-08
1.71691e-09
5.14356e-08
1.67665e-09
5.1438e-08
1.63705e-09
5.14398e-08
1.59786e-09
5.14411e-08
1.5588e-09
5.14418e-08
1.51964e-09
5.14421e-08
1.48014e-09
5.14419e-08
1.44008e-09
5.14412e-08
1.39924e-09
5.144e-08
1.35742e-09
5.14383e-08
1.31441e-09
5.1436e-08
1.27001e-09
5.14331e-08
1.22404e-09
5.14294e-08
1.17631e-09
5.14249e-08
1.12664e-09
5.14193e-08
1.0749e-09
5.14127e-08
1.02096e-09
5.14046e-08
9.64781e-10
5.1395e-08
9.06382e-10
5.13835e-08
8.45905e-10
5.13698e-08
7.83638e-10
5.13538e-08
7.20048e-10
5.13353e-08
6.55799e-10
5.13141e-08
5.91742e-10
5.12904e-08
5.28879e-10
5.12642e-08
4.68276e-10
5.1236e-08
4.10961e-10
5.1206e-08
3.57815e-10
5.11749e-08
3.09493e-10
5.11429e-08
2.66399e-10
5.11105e-08
2.28697e-10
5.1078e-08
1.96343e-10
5.10457e-08
1.69133e-10
5.10136e-08
1.46755e-10
5.09819e-08
1.28834e-10
5.09505e-08
1.14963e-10
5.09193e-08
1.04735e-10
5.08883e-08
9.77537e-11
5.08573e-08
9.36475e-11
5.0826e-08
9.20626e-11
5.07944e-08
9.26627e-11
5.07622e-08
9.51236e-11
5.07293e-08
9.91281e-11
5.06956e-08
1.0436e-10
5.06608e-08
1.10504e-10
5.06251e-08
1.17241e-10
5.05883e-08
1.24253e-10
5.05506e-08
1.31227e-10
5.0512e-08
1.37858e-10
5.04726e-08
1.4387e-10
5.04328e-08
1.49016e-10
5.03926e-08
1.5309e-10
5.03525e-08
1.55931e-10
5.03127e-08
1.57431e-10
5.02735e-08
1.57537e-10
5.02352e-08
1.56246e-10
5.0198e-08
1.53604e-10
5.01623e-08
1.49698e-10
5.01283e-08
1.44653e-10
5.00961e-08
1.38623e-10
5.00658e-08
1.31783e-10
5.00374e-08
1.24324e-10
5.00112e-08
1.16441e-10
4.99869e-08
1.08324e-10
4.99646e-08
1.00152e-10
4.99443e-08
9.20849e-11
4.99257e-08
8.42604e-11
4.99089e-08
7.679e-11
4.98937e-08
6.97611e-11
4.98799e-08
6.32387e-11
4.98676e-08
5.72702e-11
4.98565e-08
5.18888e-11
4.98467e-08
4.71138e-11
4.98379e-08
4.29349e-11
3.92266e-11
5.17614e-08
1.78294e-09
-5.16806e-08
5.18604e-08
1.94143e-09
5.19731e-08
2.08197e-09
5.20941e-08
2.20038e-09
5.22186e-08
2.29459e-09
5.23426e-08
2.36436e-09
5.24627e-08
2.41071e-09
5.25763e-08
2.43545e-09
5.26814e-08
2.44096e-09
5.27767e-08
2.43002e-09
5.28616e-08
2.4056e-09
5.2936e-08
2.37065e-09
5.30001e-08
2.32795e-09
5.30548e-08
2.27997e-09
5.31008e-08
2.22881e-09
5.31392e-08
2.17617e-09
5.31711e-08
2.12334e-09
5.31973e-08
2.07124e-09
5.32189e-08
2.02047e-09
5.32366e-08
1.97136e-09
5.32512e-08
1.92406e-09
5.32633e-08
1.87853e-09
5.32733e-08
1.83467e-09
5.32816e-08
1.79228e-09
5.32886e-08
1.75115e-09
5.32945e-08
1.71102e-09
5.32995e-08
1.67166e-09
5.33037e-08
1.63282e-09
5.33073e-08
1.59425e-09
5.33104e-08
1.55574e-09
5.33129e-08
1.51706e-09
5.33151e-08
1.47801e-09
5.33168e-08
1.43838e-09
5.3318e-08
1.39797e-09
5.33188e-08
1.35659e-09
5.33192e-08
1.31407e-09
5.3319e-08
1.27021e-09
5.33182e-08
1.22485e-09
5.33167e-08
1.17783e-09
5.33143e-08
1.12901e-09
5.33109e-08
1.07825e-09
5.33064e-08
1.0255e-09
5.33005e-08
9.70712e-10
5.32929e-08
9.13948e-10
5.32834e-08
8.55361e-10
5.32718e-08
7.95241e-10
5.32579e-08
7.34029e-10
5.32413e-08
6.72334e-10
5.32221e-08
6.1092e-10
5.32004e-08
5.50671e-10
5.31761e-08
4.92527e-10
5.31497e-08
4.37399e-10
5.31214e-08
3.86077e-10
5.30917e-08
3.39177e-10
5.3061e-08
2.971e-10
5.30297e-08
2.60044e-10
5.2998e-08
2.28028e-10
5.29662e-08
2.00922e-10
5.29345e-08
1.78495e-10
5.29028e-08
1.60447e-10
5.28714e-08
1.46443e-10
5.284e-08
1.36135e-10
5.28085e-08
1.29176e-10
5.2777e-08
1.25226e-10
5.27451e-08
1.23955e-10
5.27127e-08
1.25035e-10
5.26797e-08
1.28143e-10
5.26459e-08
1.32946e-10
5.26111e-08
1.39106e-10
5.25753e-08
1.46272e-10
5.25385e-08
1.54083e-10
5.25006e-08
1.62171e-10
5.24616e-08
1.7017e-10
5.24218e-08
1.77721e-10
5.23812e-08
1.84493e-10
5.234e-08
1.90189e-10
5.22985e-08
1.94559e-10
5.2257e-08
1.9741e-10
5.22159e-08
1.98614e-10
5.21753e-08
1.9811e-10
5.21356e-08
1.959e-10
5.20972e-08
1.92049e-10
5.20602e-08
1.86678e-10
5.20249e-08
1.79949e-10
5.19915e-08
1.72063e-10
5.196e-08
1.63243e-10
5.19306e-08
1.53727e-10
5.19033e-08
1.43754e-10
5.18781e-08
1.33555e-10
5.18549e-08
1.23341e-10
5.18337e-08
1.13301e-10
5.18143e-08
1.03592e-10
5.17968e-08
9.434e-11
5.17809e-08
8.56421e-11
5.17666e-08
7.75667e-11
5.17537e-08
7.01587e-11
5.17421e-08
6.34425e-11
5.17318e-08
5.74196e-11
5.17227e-08
5.20504e-11
4.71822e-11
5.3725e-08
1.70723e-09
-5.36493e-08
5.38163e-08
1.85015e-09
5.39197e-08
1.97858e-09
5.40311e-08
2.08901e-09
5.41464e-08
2.17928e-09
5.4262e-08
2.2487e-09
5.4375e-08
2.29774e-09
5.44828e-08
2.32766e-09
5.45835e-08
2.34023e-09
5.46759e-08
2.33767e-09
5.47591e-08
2.32238e-09
5.48329e-08
2.29683e-09
5.48975e-08
2.26337e-09
5.49533e-08
2.22416e-09
5.5001e-08
2.18109e-09
5.50415e-08
2.13572e-09
5.50755e-08
2.08928e-09
5.51041e-08
2.0427e-09
5.51279e-08
1.99662e-09
5.51478e-08
1.95146e-09
5.51645e-08
1.90742e-09
5.51784e-08
1.8646e-09
5.51901e-08
1.82296e-09
5.52e-08
1.78239e-09
5.52084e-08
1.74275e-09
5.52156e-08
1.70385e-09
5.52217e-08
1.6655e-09
5.5227e-08
1.6275e-09
5.52316e-08
1.58965e-09
5.52356e-08
1.55176e-09
5.52391e-08
1.51362e-09
5.5242e-08
1.47506e-09
5.52445e-08
1.4359e-09
5.52465e-08
1.39595e-09
5.52481e-08
1.35504e-09
5.52491e-08
1.31302e-09
5.52496e-08
1.26972e-09
5.52495e-08
1.225e-09
5.52486e-08
1.17871e-09
5.52469e-08
1.13074e-09
5.52441e-08
1.081e-09
5.52402e-08
1.02944e-09
5.52348e-08
9.76052e-10
5.52279e-08
9.20916e-10
5.5219e-08
8.64198e-10
5.52081e-08
8.06183e-10
5.51948e-08
7.47287e-10
5.51791e-08
6.88066e-10
5.51608e-08
6.29205e-10
5.514e-08
5.71486e-10
5.51168e-08
5.15738e-10
5.50914e-08
4.62766e-10
5.50642e-08
4.13286e-10
5.50355e-08
3.67866e-10
5.50057e-08
3.26904e-10
5.49751e-08
2.90623e-10
5.49441e-08
2.59091e-10
5.49128e-08
2.32243e-10
5.48813e-08
2.09919e-10
5.48499e-08
1.9189e-10
5.48184e-08
1.77887e-10
5.4787e-08
1.67617e-10
5.47554e-08
1.60779e-10
5.47235e-08
1.5707e-10
5.46913e-08
1.56181e-10
5.46585e-08
1.57797e-10
5.46251e-08
1.61593e-10
5.45908e-08
1.67226e-10
5.45556e-08
1.74334e-10
5.45193e-08
1.82535e-10
5.4482e-08
1.91426e-10
5.44435e-08
2.00593e-10
5.44041e-08
2.09616e-10
5.43637e-08
2.18084e-10
5.43226e-08
2.25612e-10
5.42809e-08
2.31853e-10
5.4239e-08
2.36516e-10
5.4197e-08
2.39376e-10
5.41554e-08
2.40284e-10
5.41143e-08
2.39171e-10
5.40741e-08
2.36045e-10
5.40352e-08
2.30992e-10
5.39977e-08
2.2416e-10
5.39619e-08
2.15752e-10
5.3928e-08
2.06012e-10
5.3896e-08
1.95212e-10
5.38661e-08
1.83635e-10
5.38383e-08
1.71566e-10
5.38126e-08
1.59274e-10
5.37889e-08
1.47005e-10
5.37672e-08
1.34974e-10
5.37475e-08
1.2336e-10
5.37295e-08
1.12305e-10
5.37132e-08
1.01914e-10
5.36985e-08
9.22596e-11
5.36853e-08
8.33853e-11
5.36734e-08
7.53078e-11
5.36628e-08
6.80147e-11
5.36534e-08
6.1448e-11
5.54577e-11
5.57539e-08
1.63602e-09
-5.56826e-08
5.58384e-08
1.76563e-09
5.59336e-08
1.88337e-09
5.60363e-08
1.98634e-09
5.6143e-08
2.07251e-09
5.62508e-08
2.14095e-09
5.63568e-08
2.19173e-09
5.64588e-08
2.22566e-09
5.6555e-08
2.24405e-09
5.6644e-08
2.2486e-09
5.67252e-08
2.24124e-09
5.6798e-08
2.224e-09
5.68625e-08
2.19886e-09
5.6919e-08
2.16769e-09
5.69679e-08
2.13216e-09
5.701e-08
2.09367e-09
5.70459e-08
2.05338e-09
5.70764e-08
2.0122e-09
5.71022e-08
1.9708e-09
5.7124e-08
1.92962e-09
5.71425e-08
1.88897e-09
5.71581e-08
1.84898e-09
5.71714e-08
1.8097e-09
5.71827e-08
1.7711e-09
5.71923e-08
1.7331e-09
5.72006e-08
1.69556e-09
5.72077e-08
1.65836e-09
5.72139e-08
1.62132e-09
5.72193e-08
1.5843e-09
5.72239e-08
1.54711e-09
5.72279e-08
1.50961e-09
5.72314e-08
1.47162e-09
5.72343e-08
1.43299e-09
5.72367e-08
1.39356e-09
5.72385e-08
1.35319e-09
5.72398e-08
1.31172e-09
5.72405e-08
1.26903e-09
5.72405e-08
1.22498e-09
5.72398e-08
1.17947e-09
5.72381e-08
1.1324e-09
5.72354e-08
1.0837e-09
5.72315e-08
1.03334e-09
5.72262e-08
9.8136e-10
5.72193e-08
9.27838e-10
5.72105e-08
8.72952e-10
5.71997e-08
8.1698e-10
5.71867e-08
7.60313e-10
5.71713e-08
7.03458e-10
5.71535e-08
6.47029e-10
5.71332e-08
5.91721e-10
5.71107e-08
5.38266e-10
5.70861e-08
4.8738e-10
5.70597e-08
4.39707e-10
5.70318e-08
3.95775e-10
5.70027e-08
3.55973e-10
5.69728e-08
3.20542e-10
5.69423e-08
2.89592e-10
5.69114e-08
2.63111e-10
5.68803e-08
2.41003e-10
5.68491e-08
2.23102e-10
5.68178e-08
2.09199e-10
5.67864e-08
1.99054e-10
5.67547e-08
1.92412e-10
5.67228e-08
1.89002e-10
5.66904e-08
1.88539e-10
5.66575e-08
1.9072e-10
5.66239e-08
1.95219e-10
5.65894e-08
2.01686e-10
5.6554e-08
2.09737e-10
5.65176e-08
2.18958e-10
5.64801e-08
2.28909e-10
5.64416e-08
2.39128e-10
5.64021e-08
2.49147e-10
5.63616e-08
2.58502e-10
5.63205e-08
2.66758e-10
5.62788e-08
2.73521e-10
5.62369e-08
2.7846e-10
5.61949e-08
2.81319e-10
5.61533e-08
2.81928e-10
5.61123e-08
2.80211e-10
5.60721e-08
2.76184e-10
5.60332e-08
2.69948e-10
5.59956e-08
2.6168e-10
5.59598e-08
2.51621e-10
5.59257e-08
2.40058e-10
5.58936e-08
2.27308e-10
5.58636e-08
2.13699e-10
5.58356e-08
1.99559e-10
5.58097e-08
1.85195e-10
5.57858e-08
1.70887e-10
5.57639e-08
1.56876e-10
5.57439e-08
1.43364e-10
5.57257e-08
1.30507e-10
5.57092e-08
1.18421e-10
5.56942e-08
1.07182e-10
5.56808e-08
9.68321e-11
5.56687e-08
8.73834e-11
5.56579e-08
7.88132e-11
5.56483e-08
7.10536e-11
6.39733e-11
5.78507e-08
1.5689e-09
-5.77836e-08
5.79292e-08
1.68708e-09
5.80172e-08
1.79543e-09
5.8112e-08
1.89157e-09
5.82108e-08
1.97365e-09
5.83111e-08
2.04067e-09
5.84104e-08
2.09244e-09
5.85066e-08
2.12941e-09
5.85982e-08
2.15252e-09
5.86837e-08
2.16305e-09
5.87624e-08
2.16252e-09
5.88338e-08
2.15259e-09
5.88978e-08
2.1349e-09
5.89545e-08
2.11104e-09
5.90042e-08
2.08246e-09
5.90474e-08
2.05043e-09
5.90848e-08
2.01601e-09
5.91169e-08
1.98008e-09
5.91444e-08
1.94327e-09
5.91679e-08
1.9061e-09
5.9188e-08
1.86887e-09
5.92052e-08
1.83181e-09
5.92199e-08
1.79502e-09
5.92325e-08
1.75852e-09
5.92433e-08
1.72229e-09
5.92526e-08
1.68625e-09
5.92606e-08
1.65031e-09
5.92676e-08
1.61436e-09
5.92736e-08
1.57826e-09
5.92789e-08
1.54189e-09
5.92834e-08
1.50511e-09
5.92872e-08
1.46777e-09
5.92904e-08
1.42976e-09
5.92931e-08
1.39093e-09
5.92951e-08
1.35115e-09
5.92965e-08
1.31031e-09
5.92973e-08
1.26828e-09
5.92973e-08
1.22496e-09
5.92965e-08
1.18027e-09
5.92948e-08
1.13413e-09
5.9292e-08
1.0865e-09
5.92879e-08
1.03737e-09
5.92825e-08
9.86793e-10
5.92755e-08
9.34864e-10
5.92667e-08
8.81767e-10
5.92559e-08
8.27771e-10
5.92429e-08
7.73239e-10
5.92278e-08
7.18637e-10
5.92103e-08
6.64516e-10
5.91905e-08
6.11494e-10
5.91685e-08
5.6022e-10
5.91446e-08
5.11333e-10
5.91189e-08
4.65415e-10
5.90917e-08
4.22957e-10
5.90633e-08
3.84335e-10
5.90341e-08
3.49806e-10
5.90042e-08
3.19508e-10
5.89738e-08
2.9348e-10
5.89431e-08
2.71678e-10
5.89122e-08
2.53993e-10
5.88812e-08
2.40272e-10
5.88499e-08
2.30325e-10
5.88184e-08
2.23938e-10
5.87865e-08
2.20871e-10
5.87542e-08
2.20864e-10
5.87213e-08
2.23625e-10
5.86876e-08
2.28831e-10
5.86532e-08
2.36121e-10
5.86179e-08
2.45093e-10
5.85815e-08
2.55304e-10
5.85441e-08
2.66276e-10
5.85058e-08
2.77507e-10
5.84664e-08
2.88478e-10
5.84263e-08
2.9868e-10
5.83854e-08
3.07626e-10
5.8344e-08
3.14879e-10
5.83024e-08
3.2007e-10
5.82608e-08
3.22914e-10
5.82195e-08
3.23222e-10
5.81788e-08
3.20911e-10
5.8139e-08
3.16003e-10
5.81003e-08
3.08614e-10
5.80631e-08
2.98949e-10
5.80274e-08
2.87284e-10
5.79935e-08
2.73946e-10
5.79615e-08
2.59294e-10
5.79315e-08
2.43701e-10
5.79036e-08
2.27534e-10
5.78776e-08
2.11138e-10
5.78537e-08
1.94825e-10
5.78317e-08
1.78865e-10
5.78116e-08
1.63477e-10
5.77932e-08
1.48835e-10
5.77766e-08
1.35064e-10
5.77615e-08
1.22247e-10
5.77479e-08
1.10424e-10
5.77357e-08
9.96052e-11
5.77248e-08
8.97603e-11
5.7715e-08
8.08179e-11
7.26706e-11
6.00185e-08
1.50556e-09
-5.99551e-08
6.00916e-08
1.61393e-09
6.0173e-08
1.71405e-09
6.02606e-08
1.80398e-09
6.03521e-08
1.88212e-09
6.04454e-08
1.94744e-09
6.05382e-08
1.9996e-09
6.06288e-08
2.03882e-09
6.07156e-08
2.06571e-09
6.07974e-08
2.08123e-09
6.08734e-08
2.08655e-09
6.0943e-08
2.08299e-09
6.1006e-08
2.07191e-09
6.10624e-08
2.05465e-09
6.11124e-08
2.03245e-09
6.11564e-08
2.00643e-09
6.11948e-08
1.97757e-09
6.12283e-08
1.94665e-09
6.12572e-08
1.91434e-09
6.12822e-08
1.88112e-09
6.13037e-08
1.84735e-09
6.13222e-08
1.81327e-09
6.13382e-08
1.77904e-09
6.1352e-08
1.74475e-09
6.13639e-08
1.7104e-09
6.13742e-08
1.67597e-09
6.13831e-08
1.64141e-09
6.13908e-08
1.60665e-09
6.13975e-08
1.57159e-09
6.14032e-08
1.53612e-09
6.14082e-08
1.50015e-09
6.14124e-08
1.46356e-09
6.14159e-08
1.42624e-09
6.14188e-08
1.38807e-09
6.1421e-08
1.34896e-09
6.14225e-08
1.3088e-09
6.14232e-08
1.2675e-09
6.14232e-08
1.22496e-09
6.14224e-08
1.18114e-09
6.14206e-08
1.13596e-09
6.14176e-08
1.08943e-09
6.14135e-08
1.04154e-09
6.14079e-08
9.92357e-10
6.14008e-08
9.41997e-10
6.13919e-08
8.90642e-10
6.13811e-08
8.38549e-10
6.13683e-08
7.86061e-10
6.13533e-08
7.336e-10
6.13362e-08
6.81665e-10
6.13169e-08
6.30805e-10
6.12955e-08
5.81602e-10
6.12722e-08
5.34625e-10
6.12472e-08
4.90403e-10
6.12208e-08
4.49393e-10
6.11931e-08
4.11957e-10
6.11646e-08
3.78362e-10
6.11353e-08
3.48772e-10
6.11055e-08
3.23265e-10
6.10754e-08
3.01844e-10
6.10449e-08
2.84452e-10
6.10142e-08
2.70984e-10
6.09832e-08
2.61296e-10
6.0952e-08
2.55212e-10
6.09203e-08
2.52525e-10
6.08882e-08
2.52996e-10
6.08555e-08
2.56345e-10
6.0822e-08
2.62251e-10
6.07878e-08
2.70345e-10
6.07527e-08
2.80207e-10
6.07166e-08
2.91369e-10
6.06796e-08
3.03318e-10
6.06416e-08
3.1551e-10
6.06027e-08
3.27384e-10
6.0563e-08
3.38383e-10
6.05226e-08
3.47976e-10
6.04818e-08
3.55684e-10
6.04408e-08
3.61102e-10
6.03998e-08
3.63917e-10
6.03591e-08
3.63925e-10
6.0319e-08
3.61035e-10
6.02797e-08
3.55271e-10
6.02415e-08
3.46768e-10
6.02047e-08
3.35756e-10
6.01695e-08
3.2254e-10
6.01359e-08
3.07487e-10
6.01042e-08
2.90995e-10
6.00745e-08
2.73479e-10
6.00466e-08
2.55343e-10
6.00208e-08
2.36969e-10
5.99969e-08
2.18699e-10
5.9975e-08
2.00829e-10
5.99549e-08
1.836e-10
5.99365e-08
1.67201e-10
5.99198e-08
1.51767e-10
5.99046e-08
1.37386e-10
5.9891e-08
1.24102e-10
5.98787e-08
1.11921e-10
5.98676e-08
1.0081e-10
5.98577e-08
9.06983e-11
8.15005e-11
6.22602e-08
1.4458e-09
-6.22005e-08
6.23284e-08
1.54571e-09
6.24039e-08
1.63862e-09
6.24849e-08
1.72298e-09
6.25696e-08
1.79737e-09
6.26562e-08
1.86085e-09
6.27428e-08
1.91298e-09
6.28278e-08
1.95378e-09
6.29099e-08
1.98367e-09
6.29878e-08
2.0033e-09
6.30608e-08
2.01358e-09
6.31282e-08
2.01555e-09
6.31898e-08
2.0103e-09
6.32455e-08
1.99895e-09
6.32954e-08
1.98255e-09
6.33398e-08
1.96209e-09
6.33789e-08
1.93843e-09
6.34133e-08
1.9123e-09
6.34433e-08
1.88431e-09
6.34695e-08
1.85496e-09
6.34922e-08
1.82461e-09
6.35119e-08
1.79354e-09
6.3529e-08
1.76193e-09
6.35439e-08
1.72991e-09
6.35567e-08
1.69753e-09
6.35679e-08
1.6648e-09
6.35776e-08
1.63172e-09
6.3586e-08
1.59824e-09
6.35933e-08
1.5643e-09
6.35996e-08
1.52984e-09
6.3605e-08
1.49476e-09
6.36095e-08
1.45899e-09
6.36133e-08
1.42243e-09
6.36164e-08
1.38501e-09
6.36187e-08
1.34662e-09
6.36203e-08
1.30721e-09
6.36212e-08
1.26668e-09
6.36211e-08
1.22497e-09
6.36202e-08
1.18205e-09
6.36183e-08
1.13788e-09
6.36153e-08
1.09245e-09
6.3611e-08
1.04581e-09
6.36054e-08
9.98013e-10
6.35982e-08
9.49192e-10
6.35893e-08
8.99526e-10
6.35786e-08
8.49265e-10
6.35659e-08
7.98726e-10
6.35512e-08
7.48297e-10
6.35344e-08
6.98428e-10
6.35156e-08
6.49613e-10
6.34949e-08
6.02371e-10
6.34723e-08
5.57214e-10
6.34481e-08
5.14626e-10
6.34224e-08
4.75029e-10
6.33956e-08
4.38776e-10
6.33678e-08
4.06136e-10
6.33393e-08
3.77295e-10
6.33102e-08
3.52365e-10
6.32807e-08
3.31389e-10
6.32508e-08
3.14354e-10
6.32205e-08
3.01198e-10
6.319e-08
2.91821e-10
6.31591e-08
2.86083e-10
6.31279e-08
2.83805e-10
6.30961e-08
2.84768e-10
6.30637e-08
2.88706e-10
6.30307e-08
2.953e-10
6.29969e-08
3.04173e-10
6.29622e-08
3.1489e-10
6.29266e-08
3.26958e-10
6.28901e-08
3.39832e-10
6.28526e-08
3.52932e-10
6.28144e-08
3.65654e-10
6.27754e-08
3.77398e-10
6.27357e-08
3.87592e-10
6.26957e-08
3.95719e-10
6.26555e-08
4.0134e-10
6.26153e-08
4.04116e-10
6.25754e-08
4.03827e-10
6.2536e-08
4.00375e-10
6.24975e-08
3.9379e-10
6.24601e-08
3.8422e-10
6.24239e-08
3.71915e-10
6.23892e-08
3.57214e-10
6.23562e-08
3.40515e-10
6.23249e-08
3.22256e-10
6.22955e-08
3.02888e-10
6.2268e-08
2.82852e-10
6.22424e-08
2.62564e-10
6.22187e-08
2.42396e-10
6.21969e-08
2.22667e-10
6.21768e-08
2.03641e-10
6.21585e-08
1.85521e-10
6.21418e-08
1.68454e-10
6.21267e-08
1.52533e-10
6.2113e-08
1.37806e-10
6.21006e-08
1.24279e-10
6.20895e-08
1.11917e-10
6.20796e-08
1.0065e-10
9.0415e-11
6.4579e-08
1.38946e-09
-6.45227e-08
6.46427e-08
1.48208e-09
6.47126e-08
1.5687e-09
6.47875e-08
1.64806e-09
6.48659e-08
1.71897e-09
6.49462e-08
1.78054e-09
6.50269e-08
1.83231e-09
6.51065e-08
1.8742e-09
6.51838e-08
1.9064e-09
6.52576e-08
1.92941e-09
6.53274e-08
1.94386e-09
6.53923e-08
1.95058e-09
6.54522e-08
1.95044e-09
6.55068e-08
1.94434e-09
6.55562e-08
1.93319e-09
6.56004e-08
1.91782e-09
6.56399e-08
1.89899e-09
6.56748e-08
1.87736e-09
6.57056e-08
1.85352e-09
6.57326e-08
1.82791e-09
6.57563e-08
1.80092e-09
6.5777e-08
1.77284e-09
6.57951e-08
1.74387e-09
6.58109e-08
1.71415e-09
6.58246e-08
1.6838e-09
6.58365e-08
1.65285e-09
6.5847e-08
1.62132e-09
6.5856e-08
1.5892e-09
6.58638e-08
1.55647e-09
6.58706e-08
1.52307e-09
6.58764e-08
1.48897e-09
6.58813e-08
1.45409e-09
6.58854e-08
1.41836e-09
6.58886e-08
1.38174e-09
6.58911e-08
1.34414e-09
6.58928e-08
1.30552e-09
6.58937e-08
1.26581e-09
6.58936e-08
1.22498e-09
6.58927e-08
1.18299e-09
6.58907e-08
1.13984e-09
6.58877e-08
1.09554e-09
6.58833e-08
1.05013e-09
6.58776e-08
1.00371e-09
6.58704e-08
9.56388e-10
6.58616e-08
9.08356e-10
6.5851e-08
8.59851e-10
6.58386e-08
8.11168e-10
6.58242e-08
7.62664e-10
6.58079e-08
7.14746e-10
6.57897e-08
6.6786e-10
6.57695e-08
6.22473e-10
6.57477e-08
5.79047e-10
6.57243e-08
5.38025e-10
6.56995e-08
4.99802e-10
6.56736e-08
4.64718e-10
6.56467e-08
4.33043e-10
6.5619e-08
4.04981e-10
6.55907e-08
3.80671e-10
6.55619e-08
3.6019e-10
6.55327e-08
3.43565e-10
6.55031e-08
3.30773e-10
6.54732e-08
3.21751e-10
6.54429e-08
3.16391e-10
6.54121e-08
3.14544e-10
6.53809e-08
3.16009e-10
6.53491e-08
3.20531e-10
6.53166e-08
3.27795e-10
6.52833e-08
3.37417e-10
6.52493e-08
3.48949e-10
6.52144e-08
3.61874e-10
6.51786e-08
3.75619e-10
6.51419e-08
3.89568e-10
6.51045e-08
4.0308e-10
6.50664e-08
4.15517e-10
6.50277e-08
4.26267e-10
6.49887e-08
4.34776e-10
6.49494e-08
4.40576e-10
6.49102e-08
4.43305e-10
6.48713e-08
4.42725e-10
6.4833e-08
4.38736e-10
6.47954e-08
4.31367e-10
6.47588e-08
4.20781e-10
6.47235e-08
4.07248e-10
6.46896e-08
3.91134e-10
6.46572e-08
3.72868e-10
6.46266e-08
3.52923e-10
6.45977e-08
3.31783e-10
6.45706e-08
3.09926e-10
6.45454e-08
2.87797e-10
6.4522e-08
2.65797e-10
6.45004e-08
2.44271e-10
6.44805e-08
2.23501e-10
6.44623e-08
2.03706e-10
6.44457e-08
1.85043e-10
6.44306e-08
1.67615e-10
6.4417e-08
1.51471e-10
6.44046e-08
1.36619e-10
6.43935e-08
1.23026e-10
6.43836e-08
1.10625e-10
9.93644e-11
6.69782e-08
1.33646e-09
-6.69252e-08
6.70375e-08
1.42277e-09
6.71023e-08
1.50389e-09
6.71716e-08
1.57881e-09
6.7244e-08
1.64651e-09
6.73184e-08
1.70619e-09
6.73933e-08
1.75739e-09
6.74676e-08
1.79994e-09
6.75401e-08
1.83393e-09
6.76098e-08
1.85965e-09
6.76761e-08
1.8776e-09
6.77383e-08
1.88838e-09
6.7796e-08
1.89267e-09
6.78492e-08
1.89122e-09
6.78976e-08
1.88477e-09
6.79414e-08
1.87402e-09
6.79807e-08
1.85964e-09
6.80159e-08
1.84223e-09
6.80471e-08
1.82229e-09
6.80747e-08
1.80028e-09
6.80991e-08
1.77655e-09
6.81205e-08
1.7514e-09
6.81393e-08
1.72504e-09
6.81558e-08
1.69766e-09
6.81703e-08
1.66936e-09
6.81829e-08
1.64023e-09
6.81939e-08
1.61031e-09
6.82035e-08
1.57961e-09
6.82118e-08
1.54815e-09
6.8219e-08
1.51589e-09
6.82251e-08
1.48282e-09
6.82303e-08
1.44889e-09
6.82346e-08
1.41406e-09
6.82381e-08
1.37829e-09
6.82407e-08
1.34153e-09
6.82425e-08
1.30374e-09
6.82434e-08
1.2649e-09
6.82434e-08
1.22496e-09
6.82425e-08
1.18394e-09
6.82405e-08
1.14182e-09
6.82374e-08
1.09865e-09
6.8233e-08
1.05447e-09
6.82274e-08
1.00939e-09
6.82202e-08
9.63528e-10
6.82115e-08
9.1707e-10
6.82011e-08
8.70242e-10
6.8189e-08
8.23321e-10
6.8175e-08
7.76636e-10
6.81592e-08
7.30557e-10
6.81416e-08
6.85487e-10
6.81222e-08
6.41849e-10
6.81012e-08
6.00065e-10
6.80786e-08
5.60539e-10
6.80548e-08
5.23643e-10
6.80298e-08
4.89704e-10
6.80039e-08
4.58994e-10
6.79771e-08
4.31729e-10
6.79497e-08
4.08069e-10
6.79218e-08
3.88122e-10
6.78934e-08
3.71948e-10
6.78646e-08
3.5956e-10
6.78354e-08
3.50927e-10
6.78059e-08
3.45972e-10
6.77758e-08
3.4457e-10
6.77453e-08
3.46538e-10
6.77142e-08
3.51634e-10
6.76825e-08
3.59544e-10
6.765e-08
3.69881e-10
6.76168e-08
3.82182e-10
6.75827e-08
3.95911e-10
6.75479e-08
4.10469e-10
6.75122e-08
4.25207e-10
6.74759e-08
4.39451e-10
6.74388e-08
4.52526e-10
6.74013e-08
4.63784e-10
6.73635e-08
4.7264e-10
6.73254e-08
4.78597e-10
6.72875e-08
4.81271e-10
6.72498e-08
4.80412e-10
6.72126e-08
4.7591e-10
6.71762e-08
4.67802e-10
6.71407e-08
4.56257e-10
6.71064e-08
4.41567e-10
6.70734e-08
4.24118e-10
6.70419e-08
4.04371e-10
6.7012e-08
3.82828e-10
6.69838e-08
3.60008e-10
6.69573e-08
3.36416e-10
6.69326e-08
3.1253e-10
6.69096e-08
2.88776e-10
6.68883e-08
2.65522e-10
6.68688e-08
2.43071e-10
6.68508e-08
2.21655e-10
6.68344e-08
2.01444e-10
6.68195e-08
1.82547e-10
6.68059e-08
1.6502e-10
6.67937e-08
1.48874e-10
6.67826e-08
1.34076e-10
6.67727e-08
1.20565e-10
1.0829e-10
6.94611e-08
1.28675e-09
-6.94114e-08
6.95163e-08
1.3676e-09
6.95763e-08
1.44393e-09
6.96402e-08
1.51492e-09
6.9707e-08
1.57969e-09
6.97756e-08
1.63754e-09
6.9845e-08
1.68802e-09
6.9914e-08
1.73093e-09
6.99817e-08
1.76624e-09
7.00472e-08
1.79416e-09
7.01098e-08
1.815e-09
7.0169e-08
1.82921e-09
7.02243e-08
1.83734e-09
7.02756e-08
1.83996e-09
7.03226e-08
1.83769e-09
7.03656e-08
1.83111e-09
7.04044e-08
1.8208e-09
7.04393e-08
1.80728e-09
7.04706e-08
1.79101e-09
7.04985e-08
1.77241e-09
7.05232e-08
1.75181e-09
7.05451e-08
1.7295e-09
7.05645e-08
1.70572e-09
7.05815e-08
1.68064e-09
7.05964e-08
1.65441e-09
7.06096e-08
1.62711e-09
7.0621e-08
1.59883e-09
7.0631e-08
1.5696e-09
7.06397e-08
1.53945e-09
7.06472e-08
1.50839e-09
7.06537e-08
1.47639e-09
7.06591e-08
1.44346e-09
7.06636e-08
1.40957e-09
7.06672e-08
1.3747e-09
7.06699e-08
1.33881e-09
7.06717e-08
1.3019e-09
7.06727e-08
1.26394e-09
7.06727e-08
1.22494e-09
7.06718e-08
1.18488e-09
7.06698e-08
1.14381e-09
7.06667e-08
1.10175e-09
7.06624e-08
1.05879e-09
7.06567e-08
1.01501e-09
7.06497e-08
9.70562e-10
7.06412e-08
9.25611e-10
7.0631e-08
8.80378e-10
7.06192e-08
8.35123e-10
7.06057e-08
7.90149e-10
7.05905e-08
7.45795e-10
7.05735e-08
7.02429e-10
7.05549e-08
6.60435e-10
7.05348e-08
6.20198e-10
7.05132e-08
5.82094e-10
7.04904e-08
5.46471e-10
7.04665e-08
5.13645e-10
7.04416e-08
4.83886e-10
7.04159e-08
4.57421e-10
7.03895e-08
4.34429e-10
7.03626e-08
4.15042e-10
7.03352e-08
3.99348e-10
7.03074e-08
3.87392e-10
7.02791e-08
3.79171e-10
7.02505e-08
3.74637e-10
7.02214e-08
3.73686e-10
7.01917e-08
3.76154e-10
7.01616e-08
3.81807e-10
7.01308e-08
3.90335e-10
7.00993e-08
4.01346e-10
7.00671e-08
4.14367e-10
7.00342e-08
4.28843e-10
7.00005e-08
4.44151e-10
6.99661e-08
4.59616e-10
6.9931e-08
4.7453e-10
6.98954e-08
4.88186e-10
6.98592e-08
4.99905e-10
6.98228e-08
5.09073e-10
6.97862e-08
5.15165e-10
6.97497e-08
5.1778e-10
6.97135e-08
5.16654e-10
6.96777e-08
5.11671e-10
6.96427e-08
5.0287e-10
6.96085e-08
4.9043e-10
6.95754e-08
4.74658e-10
6.95436e-08
4.55962e-10
6.95131e-08
4.34828e-10
6.94841e-08
4.11786e-10
6.94568e-08
3.87383e-10
6.9431e-08
3.62155e-10
6.9407e-08
3.36604e-10
6.93845e-08
3.11184e-10
6.93638e-08
2.86284e-10
6.93446e-08
2.62223e-10
6.9327e-08
2.39251e-10
6.93109e-08
2.17549e-10
6.92962e-08
1.97234e-10
6.92829e-08
1.78368e-10
6.92708e-08
1.60964e-10
6.92599e-08
1.44995e-10
6.925e-08
1.30404e-10
1.1714e-10
9.87654e-08
1.22445e-09
-9.87031e-08
9.88339e-08
1.29908e-09
9.89079e-08
1.3699e-09
9.89866e-08
1.43629e-09
9.90687e-08
1.49756e-09
9.91531e-08
1.5531e-09
9.92386e-08
1.6025e-09
9.9324e-08
1.64553e-09
9.94082e-08
1.6821e-09
9.94901e-08
1.71227e-09
9.95688e-08
1.73623e-09
9.96438e-08
1.75425e-09
9.97144e-08
1.76672e-09
9.97803e-08
1.77404e-09
9.98414e-08
1.77666e-09
9.98974e-08
1.77505e-09
9.99486e-08
1.76965e-09
9.9995e-08
1.76089e-09
1.00037e-07
1.74918e-09
1.00074e-07
1.73485e-09
1.00108e-07
1.71824e-09
1.00138e-07
1.69961e-09
1.00164e-07
1.67918e-09
1.00188e-07
1.65715e-09
1.00209e-07
1.63367e-09
1.00227e-07
1.60886e-09
1.00243e-07
1.58282e-09
1.00257e-07
1.5556e-09
1.00269e-07
1.52727e-09
1.0028e-07
1.49786e-09
1.00289e-07
1.46738e-09
1.00296e-07
1.43585e-09
1.00302e-07
1.40328e-09
1.00308e-07
1.36966e-09
1.00311e-07
1.33501e-09
1.00314e-07
1.29931e-09
1.00315e-07
1.26258e-09
1.00315e-07
1.22484e-09
1.00314e-07
1.18611e-09
1.00312e-07
1.14643e-09
1.00307e-07
1.10586e-09
1.00302e-07
1.06449e-09
1.00294e-07
1.02241e-09
1.00285e-07
9.79777e-10
1.00274e-07
9.3675e-10
1.00261e-07
8.93538e-10
1.00246e-07
8.5038e-10
1.00228e-07
8.07552e-10
1.00209e-07
7.65356e-10
1.00187e-07
7.2412e-10
1.00163e-07
6.84184e-10
1.00137e-07
6.45895e-10
1.0011e-07
6.09593e-10
1.00081e-07
5.75602e-10
1.0005e-07
5.44221e-10
1.00018e-07
5.15721e-10
9.99855e-08
4.90335e-10
9.99517e-08
4.68263e-10
9.99171e-08
4.49664e-10
9.98817e-08
4.34659e-10
9.98458e-08
4.23326e-10
9.98093e-08
4.15698e-10
9.97722e-08
4.11757e-10
9.97344e-08
4.11426e-10
9.9696e-08
4.14562e-10
9.96569e-08
4.20942e-10
9.9617e-08
4.30262e-10
9.95762e-08
4.42125e-10
9.95345e-08
4.56043e-10
9.94919e-08
4.71441e-10
9.94484e-08
4.87669e-10
9.9404e-08
5.04016e-10
9.93588e-08
5.19739e-10
9.93129e-08
5.34092e-10
9.92664e-08
5.4636e-10
9.92196e-08
5.55893e-10
9.91726e-08
5.62137e-10
9.91257e-08
5.64666e-10
9.90792e-08
5.63201e-10
9.90332e-08
5.5762e-10
9.89881e-08
5.47963e-10
9.89442e-08
5.34418e-10
9.89015e-08
5.1731e-10
9.88604e-08
4.97073e-10
9.8821e-08
4.7422e-10
9.87835e-08
4.49315e-10
9.87479e-08
4.22938e-10
9.87144e-08
3.9566e-10
9.8683e-08
3.68017e-10
9.86537e-08
3.40492e-10
9.86265e-08
3.13501e-10
9.86013e-08
2.87389e-10
9.85781e-08
2.62424e-10
9.85569e-08
2.38802e-10
9.85375e-08
2.16655e-10
9.85198e-08
1.96051e-10
9.85037e-08
1.77012e-10
9.84892e-08
1.59515e-10
9.84761e-08
1.43506e-10
1.28974e-10
1.10825e-07
1.16476e-09
-1.10765e-07
1.1089e-07
1.23397e-09
1.1096e-07
1.29996e-09
1.11034e-07
1.36225e-09
1.11111e-07
1.4203e-09
1.11191e-07
1.47361e-09
1.11272e-07
1.5218e-09
1.11352e-07
1.56465e-09
1.11433e-07
1.60201e-09
1.11511e-07
1.63387e-09
1.11587e-07
1.66031e-09
1.1166e-07
1.68148e-09
1.11729e-07
1.69761e-09
1.11794e-07
1.70898e-09
1.11855e-07
1.71592e-09
1.11911e-07
1.71875e-09
1.11963e-07
1.71783e-09
1.1201e-07
1.71349e-09
1.12053e-07
1.70605e-09
1.12092e-07
1.69582e-09
1.12127e-07
1.68307e-09
1.12159e-07
1.66804e-09
1.12187e-07
1.65096e-09
1.12212e-07
1.63201e-09
1.12235e-07
1.61135e-09
1.12254e-07
1.5891e-09
1.12272e-07
1.56539e-09
1.12287e-07
1.54031e-09
1.123e-07
1.51392e-09
1.12312e-07
1.48628e-09
1.12322e-07
1.45744e-09
1.1233e-07
1.42744e-09
1.12337e-07
1.39631e-09
1.12343e-07
1.36407e-09
1.12347e-07
1.33074e-09
1.1235e-07
1.29636e-09
1.12352e-07
1.26096e-09
1.12352e-07
1.22456e-09
1.12351e-07
1.18722e-09
1.12348e-07
1.149e-09
1.12344e-07
1.10996e-09
1.12339e-07
1.0702e-09
1.12331e-07
1.02984e-09
1.12322e-07
9.8901e-10
1.12311e-07
9.4788e-10
1.12298e-07
9.06644e-10
1.12283e-07
8.65523e-10
1.12265e-07
8.24767e-10
1.12246e-07
7.84649e-10
1.12225e-07
7.45461e-10
1.12201e-07
7.0751e-10
1.12176e-07
6.71106e-10
1.12149e-07
6.3656e-10
1.12121e-07
6.04173e-10
1.12091e-07
5.74234e-10
1.12059e-07
5.47006e-10
1.12027e-07
5.22732e-10
1.11994e-07
5.01626e-10
1.11959e-07
4.83868e-10
1.11924e-07
4.69608e-10
1.11889e-07
4.58952e-10
1.11853e-07
4.51965e-10
1.11816e-07
4.48656e-10
1.11778e-07
4.48973e-10
1.1174e-07
4.52789e-10
1.11701e-07
4.59896e-10
1.11661e-07
4.69991e-10
1.11621e-07
4.82675e-10
1.11579e-07
4.97448e-10
1.11537e-07
5.13718e-10
1.11494e-07
5.30807e-10
1.1145e-07
5.47976e-10
1.11405e-07
5.6445e-10
1.1136e-07
5.79448e-10
1.11314e-07
5.92221e-10
1.11268e-07
6.02086e-10
1.11221e-07
6.08465e-10
1.11175e-07
6.1091e-10
1.11129e-07
6.09125e-10
1.11084e-07
6.02984e-10
1.11039e-07
5.92523e-10
1.10996e-07
5.77942e-10
1.10953e-07
5.59578e-10
1.10913e-07
5.37887e-10
1.10873e-07
5.13406e-10
1.10836e-07
4.86729e-10
1.10801e-07
4.58467e-10
1.10767e-07
4.29221e-10
1.10735e-07
3.99558e-10
1.10706e-07
3.6999e-10
1.10678e-07
3.4096e-10
1.10653e-07
3.12836e-10
1.1063e-07
2.85906e-10
1.10608e-07
2.60385e-10
1.10588e-07
2.36414e-10
1.1057e-07
2.14076e-10
1.10554e-07
1.93399e-10
1.10539e-07
1.74368e-10
1.10526e-07
1.56934e-10
1.41122e-10
1.24343e-07
1.10929e-09
-1.24287e-07
1.24403e-07
1.17391e-09
1.24467e-07
1.23577e-09
1.24535e-07
1.29452e-09
1.24605e-07
1.34972e-09
1.24678e-07
1.40096e-09
1.24752e-07
1.44792e-09
1.24826e-07
1.49036e-09
1.249e-07
1.52814e-09
1.24973e-07
1.56119e-09
1.25043e-07
1.5895e-09
1.25112e-07
1.61315e-09
1.25177e-07
1.63225e-09
1.25239e-07
1.64699e-09
1.25297e-07
1.65757e-09
1.25352e-07
1.66423e-09
1.25402e-07
1.66723e-09
1.25449e-07
1.66681e-09
1.25492e-07
1.66323e-09
1.25531e-07
1.65675e-09
1.25567e-07
1.64758e-09
1.25599e-07
1.63595e-09
1.25628e-07
1.62206e-09
1.25653e-07
1.60608e-09
1.25677e-07
1.58817e-09
1.25697e-07
1.56847e-09
1.25716e-07
1.5471e-09
1.25732e-07
1.52416e-09
1.25746e-07
1.49975e-09
1.25758e-07
1.47394e-09
1.25769e-07
1.44679e-09
1.25778e-07
1.41838e-09
1.25786e-07
1.38874e-09
1.25792e-07
1.35794e-09
1.25796e-07
1.32601e-09
1.258e-07
1.293e-09
1.25802e-07
1.25896e-09
1.25802e-07
1.22394e-09
1.25802e-07
1.18802e-09
1.25799e-07
1.15126e-09
1.25796e-07
1.11374e-09
1.2579e-07
1.07558e-09
1.25783e-07
1.03688e-09
1.25774e-07
9.97799e-10
1.25764e-07
9.58486e-10
1.25751e-07
9.19127e-10
1.25737e-07
8.7993e-10
1.2572e-07
8.41122e-10
1.25702e-07
8.02951e-10
1.25682e-07
7.65681e-10
1.2566e-07
7.29589e-10
1.25636e-07
6.94959e-10
1.25611e-07
6.62076e-10
1.25583e-07
6.31223e-10
1.25555e-07
6.02675e-10
1.25525e-07
5.76694e-10
1.25495e-07
5.53525e-10
1.25463e-07
5.33393e-10
1.2543e-07
5.16498e-10
1.25397e-07
5.03011e-10
1.25363e-07
4.93063e-10
1.25328e-07
4.86743e-10
1.25292e-07
4.84086e-10
1.25256e-07
4.8506e-10
1.2522e-07
4.89554e-10
1.25182e-07
4.9737e-10
1.25144e-07
5.08211e-10
1.25105e-07
5.21674e-10
1.25065e-07
5.3725e-10
1.25024e-07
5.5433e-10
1.24983e-07
5.72215e-10
1.24941e-07
5.9014e-10
1.24898e-07
6.07302e-10
1.24855e-07
6.2289e-10
1.24811e-07
6.36125e-10
1.24766e-07
6.46298e-10
1.24722e-07
6.52806e-10
1.24678e-07
6.55181e-10
1.24634e-07
6.53115e-10
1.2459e-07
6.46472e-10
1.24548e-07
6.3529e-10
1.24506e-07
6.19773e-10
1.24465e-07
6.00269e-10
1.24426e-07
5.77251e-10
1.24388e-07
5.51279e-10
1.24352e-07
5.22969e-10
1.24317e-07
4.9296e-10
1.24284e-07
4.6188e-10
1.24254e-07
4.30325e-10
1.24225e-07
3.98832e-10
1.24198e-07
3.6787e-10
1.24173e-07
3.37829e-10
1.2415e-07
3.09018e-10
1.24129e-07
2.81667e-10
1.24109e-07
2.55935e-10
1.24091e-07
2.31914e-10
1.24075e-07
2.09641e-10
1.2406e-07
1.8911e-10
1.24047e-07
1.70275e-10
1.53162e-10
1.39494e-07
1.06002e-09
-1.39444e-07
1.39547e-07
1.12088e-09
1.39603e-07
1.17934e-09
1.39662e-07
1.23513e-09
1.39724e-07
1.28792e-09
1.39788e-07
1.33734e-09
1.39853e-07
1.38312e-09
1.39918e-07
1.42505e-09
1.39983e-07
1.46297e-09
1.40048e-07
1.49678e-09
1.40111e-07
1.52643e-09
1.40172e-07
1.55193e-09
1.40231e-07
1.57332e-09
1.40287e-07
1.59071e-09
1.4034e-07
1.60423e-09
1.40391e-07
1.61402e-09
1.40438e-07
1.62027e-09
1.40481e-07
1.62316e-09
1.40522e-07
1.62288e-09
1.40559e-07
1.61965e-09
1.40593e-07
1.61363e-09
1.40624e-07
1.60502e-09
1.40652e-07
1.594e-09
1.40677e-07
1.58073e-09
1.407e-07
1.56536e-09
1.4072e-07
1.54802e-09
1.40739e-07
1.52885e-09
1.40755e-07
1.50796e-09
1.40769e-07
1.48544e-09
1.40782e-07
1.46139e-09
1.40792e-07
1.4359e-09
1.40802e-07
1.40904e-09
1.4081e-07
1.38088e-09
1.40816e-07
1.35148e-09
1.40821e-07
1.32091e-09
1.40825e-07
1.28925e-09
1.40827e-07
1.25654e-09
1.40828e-07
1.22287e-09
1.40828e-07
1.18831e-09
1.40826e-07
1.15295e-09
1.40823e-07
1.11688e-09
1.40819e-07
1.08021e-09
1.40813e-07
1.04307e-09
1.40805e-07
1.0056e-09
1.40795e-07
9.67954e-10
1.40784e-07
9.30306e-10
1.40771e-07
8.9285e-10
1.40756e-07
8.55799e-10
1.4074e-07
8.19379e-10
1.40722e-07
7.83833e-10
1.40702e-07
7.49415e-10
1.40681e-07
7.16384e-10
1.40658e-07
6.85009e-10
1.40633e-07
6.55556e-10
1.40608e-07
6.28289e-10
1.40581e-07
6.03468e-10
1.40553e-07
5.81341e-10
1.40524e-07
5.62139e-10
1.40495e-07
5.46078e-10
1.40464e-07
5.33345e-10
1.40433e-07
5.24091e-10
1.40402e-07
5.18427e-10
1.40369e-07
5.16407e-10
1.40337e-07
5.18016e-10
1.40303e-07
5.23158e-10
1.40269e-07
5.31645e-10
1.40234e-07
5.43182e-10
1.40198e-07
5.57365e-10
1.40162e-07
5.73678e-10
1.40124e-07
5.91498e-10
1.40086e-07
6.10108e-10
1.40048e-07
6.28724e-10
1.40009e-07
6.46516e-10
1.39969e-07
6.62649e-10
1.39929e-07
6.76319e-10
1.39888e-07
6.86792e-10
1.39848e-07
6.93445e-10
1.39807e-07
6.95793e-10
1.39767e-07
6.93514e-10
1.39727e-07
6.86466e-10
1.39687e-07
6.74682e-10
1.39649e-07
6.5837e-10
1.39611e-07
6.37887e-10
1.39575e-07
6.13718e-10
1.39539e-07
5.8644e-10
1.39506e-07
5.56689e-10
1.39473e-07
5.25126e-10
1.39443e-07
4.92403e-10
1.39414e-07
4.59141e-10
1.39387e-07
4.259e-10
1.39362e-07
3.93173e-10
1.39338e-07
3.61372e-10
1.39316e-07
3.30824e-10
1.39296e-07
3.01777e-10
1.39278e-07
2.74404e-10
1.39261e-07
2.48809e-10
1.39246e-07
2.2504e-10
1.39232e-07
2.03099e-10
1.39219e-07
1.82954e-10
1.64669e-10
1.56475e-07
1.01952e-09
-1.56434e-07
1.56518e-07
1.07747e-09
1.56564e-07
1.1333e-09
1.56613e-07
1.18678e-09
1.56663e-07
1.23763e-09
1.56715e-07
1.28556e-09
1.56767e-07
1.33031e-09
1.56821e-07
1.3717e-09
1.56874e-07
1.40957e-09
1.56927e-07
1.44379e-09
1.56979e-07
1.47431e-09
1.5703e-07
1.50107e-09
1.57079e-07
1.52408e-09
1.57127e-07
1.5434e-09
1.57172e-07
1.55908e-09
1.57215e-07
1.57123e-09
1.57255e-07
1.57996e-09
1.57293e-07
1.58542e-09
1.57328e-07
1.58774e-09
1.5736e-07
1.58708e-09
1.5739e-07
1.5836e-09
1.57418e-07
1.57746e-09
1.57443e-07
1.5688e-09
1.57466e-07
1.55779e-09
1.57487e-07
1.54455e-09
1.57506e-07
1.52923e-09
1.57523e-07
1.51195e-09
1.57538e-07
1.49283e-09
1.57551e-07
1.47197e-09
1.57563e-07
1.44948e-09
1.57574e-07
1.42545e-09
1.57583e-07
1.39998e-09
1.5759e-07
1.37314e-09
1.57597e-07
1.34501e-09
1.57602e-07
1.31568e-09
1.57606e-07
1.28522e-09
1.57609e-07
1.25372e-09
1.57611e-07
1.22125e-09
1.57611e-07
1.18791e-09
1.5761e-07
1.15378e-09
1.57608e-07
1.11899e-09
1.57605e-07
1.08363e-09
1.576e-07
1.04784e-09
1.57594e-07
1.01176e-09
1.57586e-07
9.75537e-10
1.57577e-07
9.39344e-10
1.57567e-07
9.03363e-10
1.57555e-07
8.67793e-10
1.57541e-07
8.32847e-10
1.57526e-07
7.98749e-10
1.5751e-07
7.65737e-10
1.57492e-07
7.34054e-10
1.57473e-07
7.03953e-10
1.57453e-07
6.75689e-10
1.57432e-07
6.4952e-10
1.5741e-07
6.25701e-10
1.57386e-07
6.04481e-10
1.57363e-07
5.861e-10
1.57338e-07
5.70781e-10
1.57312e-07
5.58725e-10
1.57286e-07
5.50099e-10
1.5726e-07
5.45031e-10
1.57233e-07
5.43589e-10
1.57205e-07
5.45773e-10
1.57177e-07
5.51499e-10
1.57148e-07
5.60585e-10
1.57118e-07
5.72742e-10
1.57088e-07
5.87564e-10
1.57057e-07
6.04529e-10
1.57025e-07
6.23004e-10
1.56993e-07
6.42259e-10
1.56961e-07
6.61491e-10
1.56927e-07
6.79852e-10
1.56893e-07
6.96486e-10
1.56859e-07
7.10567e-10
1.56825e-07
7.21344e-10
1.5679e-07
7.28172e-10
1.56755e-07
7.30554e-10
1.5672e-07
7.28155e-10
1.56686e-07
7.20823e-10
1.56652e-07
7.08591e-10
1.56619e-07
6.91665e-10
1.56586e-07
6.70409e-10
1.56555e-07
6.45315e-10
1.56524e-07
6.16972e-10
1.56495e-07
5.86034e-10
1.56467e-07
5.53178e-10
1.5644e-07
5.19078e-10
1.56415e-07
4.84372e-10
1.56391e-07
4.49644e-10
1.56369e-07
4.15406e-10
1.56348e-07
3.82088e-10
1.56329e-07
3.50036e-10
1.56311e-07
3.19515e-10
1.56295e-07
2.90708e-10
1.5628e-07
2.63733e-10
1.56266e-07
2.38647e-10
1.56254e-07
2.15457e-10
1.56243e-07
1.9413e-10
1.74715e-10
1.75505e-07
9.91249e-10
-1.75477e-07
1.75536e-07
1.04726e-09
1.75568e-07
1.10129e-09
1.75601e-07
1.15318e-09
1.75636e-07
1.20268e-09
1.75672e-07
1.24952e-09
1.75709e-07
1.29349e-09
1.75746e-07
1.3344e-09
1.75784e-07
1.37209e-09
1.75821e-07
1.40644e-09
1.75858e-07
1.43738e-09
1.75894e-07
1.46483e-09
1.7593e-07
1.48878e-09
1.75964e-07
1.50925e-09
1.75997e-07
1.52626e-09
1.76028e-07
1.53987e-09
1.76058e-07
1.55018e-09
1.76086e-07
1.55728e-09
1.76112e-07
1.5613e-09
1.76137e-07
1.56235e-09
1.7616e-07
1.56056e-09
1.76181e-07
1.55609e-09
1.76201e-07
1.54905e-09
1.76219e-07
1.5396e-09
1.76236e-07
1.52786e-09
1.76251e-07
1.51396e-09
1.76265e-07
1.49803e-09
1.76278e-07
1.48018e-09
1.76289e-07
1.46054e-09
1.763e-07
1.43919e-09
1.76309e-07
1.41626e-09
1.76317e-07
1.39182e-09
1.76324e-07
1.36598e-09
1.7633e-07
1.33882e-09
1.76336e-07
1.31043e-09
1.7634e-07
1.28089e-09
1.76343e-07
1.25031e-09
1.76346e-07
1.21877e-09
1.76347e-07
1.18636e-09
1.76348e-07
1.15318e-09
1.76348e-07
1.11936e-09
1.76346e-07
1.08499e-09
1.76344e-07
1.05022e-09
1.7634e-07
1.01518e-09
1.76336e-07
9.80027e-10
1.7633e-07
9.44916e-10
1.76324e-07
9.10028e-10
1.76316e-07
8.75553e-10
1.76307e-07
8.41694e-10
1.76297e-07
8.08663e-10
1.76286e-07
7.76686e-10
1.76274e-07
7.45996e-10
1.76261e-07
7.16837e-10
1.76248e-07
6.89455e-10
1.76233e-07
6.64103e-10
1.76218e-07
6.41033e-10
1.76202e-07
6.20496e-10
1.76185e-07
6.02737e-10
1.76168e-07
5.87985e-10
1.7615e-07
5.76451e-10
1.76132e-07
5.68315e-10
1.76113e-07
5.63716e-10
1.76094e-07
5.62735e-10
1.76074e-07
5.65385e-10
1.76054e-07
5.71591e-10
1.76034e-07
5.81181e-10
1.76013e-07
5.93869e-10
1.75991e-07
6.09249e-10
1.75969e-07
6.26797e-10
1.75946e-07
6.45873e-10
1.75922e-07
6.65737e-10
1.75898e-07
6.85571e-10
1.75874e-07
7.0451e-10
1.75848e-07
7.21681e-10
1.75823e-07
7.36238e-10
1.75797e-07
7.4741e-10
1.7577e-07
7.54537e-10
1.75744e-07
7.57102e-10
1.75717e-07
7.54759e-10
1.75691e-07
7.47346e-10
1.75664e-07
7.34889e-10
1.75638e-07
7.17593e-10
1.75613e-07
6.95824e-10
1.75588e-07
6.70079e-10
1.75564e-07
6.40959e-10
1.75541e-07
6.09128e-10
1.75519e-07
5.75282e-10
1.75498e-07
5.40109e-10
1.75478e-07
5.04268e-10
1.75459e-07
4.6836e-10
1.75442e-07
4.32916e-10
1.75426e-07
3.98383e-10
1.7541e-07
3.65125e-10
1.75397e-07
3.33417e-10
1.75384e-07
3.03458e-10
1.75372e-07
2.75373e-10
1.75362e-07
2.49228e-10
1.75352e-07
2.25041e-10
1.75343e-07
2.02797e-10
1.8262e-10
1.96834e-07
-1.96822e-07
1.96847e-07
1.9686e-07
1.96875e-07
1.96889e-07
1.96905e-07
1.96921e-07
1.96937e-07
1.96954e-07
1.96971e-07
1.96988e-07
1.97004e-07
1.97021e-07
1.97037e-07
1.97053e-07
1.97069e-07
1.97084e-07
1.97099e-07
1.97113e-07
1.97127e-07
1.9714e-07
1.97152e-07
1.97164e-07
1.97176e-07
1.97187e-07
1.97197e-07
1.97207e-07
1.97216e-07
1.97225e-07
1.97233e-07
1.97241e-07
1.97248e-07
1.97255e-07
1.97261e-07
1.97267e-07
1.97273e-07
1.97278e-07
1.97283e-07
1.97287e-07
1.9729e-07
1.97293e-07
1.97296e-07
1.97298e-07
1.973e-07
1.97301e-07
1.97301e-07
1.97301e-07
1.973e-07
1.97298e-07
1.97296e-07
1.97294e-07
1.97291e-07
1.97287e-07
1.97283e-07
1.97279e-07
1.97273e-07
1.97268e-07
1.97262e-07
1.97256e-07
1.97249e-07
1.97242e-07
1.97235e-07
1.97227e-07
1.97219e-07
1.9721e-07
1.97201e-07
1.97191e-07
1.97181e-07
1.9717e-07
1.97159e-07
1.97147e-07
1.97134e-07
1.9712e-07
1.97106e-07
1.97092e-07
1.97077e-07
1.97061e-07
1.97045e-07
1.97029e-07
1.97012e-07
1.96996e-07
1.96979e-07
1.96963e-07
1.96947e-07
1.96931e-07
1.96916e-07
1.96901e-07
1.96887e-07
1.96874e-07
1.96862e-07
1.9685e-07
1.96839e-07
1.96829e-07
1.9682e-07
1.96811e-07
1.96803e-07
1.96796e-07
1.9679e-07
1.96784e-07
3.45303e-08
1.0218e-10
3.44321e-08
2.1042e-10
3.42852e-08
3.38613e-10
3.4069e-08
5.11404e-10
3.37287e-08
7.92266e-10
3.30757e-08
1.42994e-09
3.36808e-09
3.58146e-08
1.57566e-10
3.57159e-08
3.09172e-10
3.55693e-08
4.85234e-10
3.53593e-08
7.21344e-10
3.50553e-08
1.0963e-09
3.46669e-08
1.81832e-09
3.35377e-09
3.71479e-08
2.12409e-10
3.705e-08
4.07108e-10
3.69075e-08
6.27735e-10
3.67127e-08
9.16196e-10
3.64614e-08
1.34757e-09
3.62203e-08
2.05939e-09
3.2086e-09
3.85313e-08
2.66206e-10
3.84356e-08
5.02739e-10
3.83e-08
7.63341e-10
3.81245e-08
1.09176e-09
3.79229e-08
1.54913e-09
3.77722e-08
2.21014e-09
3.07722e-09
3.99665e-08
3.18357e-10
3.98747e-08
5.94621e-10
3.97483e-08
8.89725e-10
3.95942e-08
1.24581e-09
3.94369e-08
1.7065e-09
3.93476e-08
2.29945e-09
2.96157e-09
4.14557e-08
3.68248e-10
4.13689e-08
6.81434e-10
4.12535e-08
1.00509e-09
4.11218e-08
1.37756e-09
4.10027e-08
1.82558e-09
4.09564e-08
2.34569e-09
2.85583e-09
4.30007e-08
4.15292e-10
4.29201e-08
7.62026e-10
4.2817e-08
1.10817e-09
4.27073e-08
1.4873e-09
4.26207e-08
1.91214e-09
4.2605e-08
2.36143e-09
2.75617e-09
4.46035e-08
4.58945e-10
4.45301e-08
8.35447e-10
4.44401e-08
1.1982e-09
4.43513e-08
1.57602e-09
4.4292e-08
1.97142e-09
4.42983e-08
2.3552e-09
2.66049e-09
4.62662e-08
4.98736e-10
4.62007e-08
9.00971e-10
4.6124e-08
1.27488e-09
4.60549e-08
1.6452e-09
4.60183e-08
2.00803e-09
4.60405e-08
2.33295e-09
2.56777e-09
4.7991e-08
5.34282e-10
4.79339e-08
9.58111e-10
4.78704e-08
1.3383e-09
4.78191e-08
1.69653e-09
4.78012e-08
2.0259e-09
4.78353e-08
2.29891e-09
2.47757e-09
4.97799e-08
5.65307e-10
4.97314e-08
1.00661e-09
4.96809e-08
1.38884e-09
4.96456e-08
1.73184e-09
4.96431e-08
2.02839e-09
4.96858e-08
2.25618e-09
2.38977e-09
5.16354e-08
5.91647e-10
5.15955e-08
1.04645e-09
5.15572e-08
1.42717e-09
5.1536e-08
1.75299e-09
5.15461e-08
2.01833e-09
5.15952e-08
2.2071e-09
2.30433e-09
5.35596e-08
6.13251e-10
5.35282e-08
1.07778e-09
5.35013e-08
1.45414e-09
5.34925e-08
1.76179e-09
5.35127e-08
1.99813e-09
5.35663e-08
2.15347e-09
2.22133e-09
5.55551e-08
6.30183e-10
5.55319e-08
1.10097e-09
5.55153e-08
1.47071e-09
5.55171e-08
1.75996e-09
5.55454e-08
1.96984e-09
5.56022e-08
2.09673e-09
2.14086e-09
5.76244e-08
6.42608e-10
5.76088e-08
1.11651e-09
5.76016e-08
1.47795e-09
5.76124e-08
1.74912e-09
5.7647e-08
1.9352e-09
5.77058e-08
2.03803e-09
2.06303e-09
5.97701e-08
6.50784e-10
5.97616e-08
1.12502e-09
5.97626e-08
1.47699e-09
5.97809e-08
1.73081e-09
5.98204e-08
1.89572e-09
5.98801e-08
1.9783e-09
1.98797e-09
6.19951e-08
6.55046e-10
6.19929e-08
1.12721e-09
6.20009e-08
1.46894e-09
6.20253e-08
1.70642e-09
6.20683e-08
1.85269e-09
6.21283e-08
1.91836e-09
1.9158e-09
6.43022e-08
6.55795e-10
6.43055e-08
1.12387e-09
6.43195e-08
1.45495e-09
6.43487e-08
1.67726e-09
6.43941e-08
1.80727e-09
6.44536e-08
1.85889e-09
1.84666e-09
6.66944e-08
6.53479e-10
6.67025e-08
1.1158e-09
6.67213e-08
1.43613e-09
6.67541e-08
1.64451e-09
6.68009e-08
1.76045e-09
6.68593e-08
1.8005e-09
1.78071e-09
6.9175e-08
6.48583e-10
6.91869e-08
1.10386e-09
6.92095e-08
1.41354e-09
6.92447e-08
1.60929e-09
6.9292e-08
1.71314e-09
6.93488e-08
1.7437e-09
1.7181e-09
9.83792e-08
6.38514e-10
9.84004e-08
1.08265e-09
9.84356e-08
1.37834e-09
9.84859e-08
1.55897e-09
9.85497e-08
1.64927e-09
9.86236e-08
1.66984e-09
1.63862e-09
1.10429e-07
6.24831e-10
1.10456e-07
1.05617e-09
1.10496e-07
1.33801e-09
1.1055e-07
1.50504e-09
1.10615e-07
1.58397e-09
1.10688e-07
1.59674e-09
1.56166e-09
1.23953e-07
6.08636e-10
1.23983e-07
1.02633e-09
1.24026e-07
1.29504e-09
1.24081e-07
1.45024e-09
1.24145e-07
1.51997e-09
1.24215e-07
1.52693e-09
1.48946e-09
1.39132e-07
5.91535e-10
1.39163e-07
9.95802e-10
1.39205e-07
1.2527e-09
1.39257e-07
1.39807e-09
1.39316e-07
1.46066e-09
1.3938e-07
1.46353e-09
1.42483e-09
1.56167e-07
5.75643e-10
1.56195e-07
9.68043e-10
1.56232e-07
1.21519e-09
1.56277e-07
1.35294e-09
1.56328e-07
1.41036e-09
1.56381e-07
1.41055e-09
1.37137e-09
1.75286e-07
5.63604e-10
1.75307e-07
9.47362e-10
1.75334e-07
1.18771e-09
1.75367e-07
1.3204e-09
1.75402e-07
1.37457e-09
1.7544e-07
1.37322e-09
1.33398e-09
1.96743e-07
1.96752e-07
1.96763e-07
1.96777e-07
1.96791e-07
1.96807e-07
)
;

boundaryField
{
    top
    {
        type            calculated;
        value           nonuniform List<scalar> 
107
(
9.79503e-10
1.03461e-09
1.08781e-09
1.13894e-09
1.18777e-09
1.23402e-09
1.2775e-09
1.31802e-09
1.35544e-09
1.38964e-09
1.42053e-09
1.44805e-09
1.47216e-09
1.49287e-09
1.51021e-09
1.52422e-09
1.53498e-09
1.54257e-09
1.54711e-09
1.54871e-09
1.54749e-09
1.54358e-09
1.53711e-09
1.52822e-09
1.51703e-09
1.50367e-09
1.48826e-09
1.47093e-09
1.45178e-09
1.43091e-09
1.40845e-09
1.38447e-09
1.35909e-09
1.33238e-09
1.30444e-09
1.27537e-09
1.24525e-09
1.21417e-09
1.18224e-09
1.14956e-09
1.11624e-09
1.0824e-09
1.04817e-09
1.01368e-09
9.79091e-10
9.44555e-10
9.1025e-10
8.7636e-10
8.43083e-10
8.1063e-10
7.79218e-10
7.49079e-10
7.20449e-10
6.93573e-10
6.68702e-10
6.46088e-10
6.25982e-10
6.08632e-10
5.94272e-10
5.8312e-10
5.75362e-10
5.71145e-10
5.70559e-10
5.73623e-10
5.80272e-10
5.90338e-10
6.03538e-10
6.19469e-10
6.37604e-10
6.57297e-10
6.77802e-10
6.98288e-10
7.17879e-10
7.35682e-10
7.50838e-10
7.62557e-10
7.70162e-10
7.7312e-10
7.71073e-10
7.63848e-10
7.51462e-10
7.34118e-10
7.1218e-10
6.86152e-10
6.56639e-10
6.24316e-10
5.8989e-10
5.54064e-10
5.17511e-10
4.80848e-10
4.4462e-10
4.09288e-10
3.75228e-10
3.42728e-10
3.11993e-10
2.83155e-10
2.56279e-10
2.31364e-10
2.08345e-10
1.87194e-10
5.58591e-10
9.38822e-10
1.17637e-09
1.30696e-09
1.35975e-09
1.35771e-09
1.31838e-09
)
;
    }
    inlet
    {
        type            calculated;
        value           nonuniform List<scalar> 
27
(
-9.83691e-08
-1.10416e-07
-1.23937e-07
-1.39115e-07
-1.56151e-07
-1.75274e-07
-1.96738e-07
-3.4585e-08
-3.587e-08
-3.72028e-08
-3.85851e-08
-4.00187e-08
-4.15056e-08
-4.30477e-08
-4.46472e-08
-4.6306e-08
-4.80265e-08
-4.9811e-08
-5.16617e-08
-5.35812e-08
-5.5572e-08
-5.76368e-08
-5.97783e-08
-6.19993e-08
-6.43029e-08
-6.66921e-08
-6.91701e-08
)
;
    }
    outlet
    {
        type            calculated;
        value           nonuniform List<scalar> 
27
(
9.84643e-08
1.10513e-07
1.24035e-07
1.39207e-07
1.56233e-07
1.75335e-07
1.9678e-07
3.80485e-09
1.16832e-08
1.94837e-08
2.66036e-08
3.26151e-08
3.73673e-08
4.09804e-08
4.37424e-08
4.59771e-08
4.7949e-08
4.98304e-08
5.17147e-08
5.36452e-08
5.56398e-08
5.77063e-08
5.98489e-08
6.20707e-08
6.43746e-08
6.67637e-08
6.92412e-08
)
;
    }
    plate
    {
        type            calculated;
        value           uniform 0;
    }
    symmBound
    {
        type            calculated;
        value           nonuniform List<scalar> 7(-4.74057e-11 -1.12284e-10 -1.91704e-10 -2.95229e-10 -4.51934e-10 -7.76984e-10 -1.72145e-09);
    }
    frontAndBack
    {
        type            empty;
        value           nonuniform 0();
    }
}


// ************************************************************************* //
