/*--------------------------------*- C++ -*----------------------------------*\
| =========                 |                                                 |
| \\      /  F ield         | OpenFOAM: The Open Source CFD Toolbox           |
|  \\    /   O peration     | Version:  2.3.0                                 |
|   \\  /    A nd           | Web:      www.OpenFOAM.org                      |
|    \\/     M anipulation  |                                                 |
\*---------------------------------------------------------------------------*/
FoamFile
{
    version     2.0;
    format      ascii;
    class       surfaceScalarField;
    location    "0.8";
    object      phi;
}
// * * * * * * * * * * * * * * * * * * * * * * * * * * * * * * * * * * * * * //

dimensions      [0 3 -1 0 0 0 0];

internalField   nonuniform List<scalar> 
3859
(
2.80018e-08
2.91597e-09
-3.09178e-08
2.51066e-08
2.89515e-09
2.23911e-08
2.71558e-09
1.98899e-08
2.50117e-09
1.76206e-08
2.26929e-09
1.55948e-08
2.02579e-09
1.38154e-08
1.77945e-09
1.22768e-08
1.5386e-09
1.09664e-08
1.31032e-09
9.86605e-09
1.10039e-09
8.95297e-09
9.13076e-10
8.20217e-09
7.508e-10
7.58804e-09
6.14138e-10
7.08599e-09
5.02042e-10
6.67375e-09
4.12246e-10
6.33201e-09
3.41738e-10
6.0448e-09
2.87215e-10
5.79935e-09
2.45445e-10
5.58583e-09
2.13518e-10
5.39686e-09
1.88972e-10
5.22703e-09
1.69831e-10
5.07245e-09
1.54582e-10
4.93034e-09
1.42107e-10
4.79873e-09
1.31612e-10
4.67618e-09
1.22549e-10
4.56163e-09
1.14551e-10
4.45425e-09
1.07376e-10
4.35339e-09
1.00864e-10
4.25847e-09
9.49138e-11
4.16902e-09
8.94528e-11
4.08459e-09
8.44306e-11
4.00478e-09
7.98075e-11
3.92923e-09
7.555e-11
3.85761e-09
7.16284e-11
3.78959e-09
6.80151e-11
3.72491e-09
6.46841e-11
3.6633e-09
6.16112e-11
3.60452e-09
5.87735e-11
3.54837e-09
5.61499e-11
3.49465e-09
5.37208e-11
3.44318e-09
5.14683e-11
3.39381e-09
4.93762e-11
3.34638e-09
4.74297e-11
3.30076e-09
4.56155e-11
3.25684e-09
4.39219e-11
3.2145e-09
4.23379e-11
3.17365e-09
4.08542e-11
3.13419e-09
3.9462e-11
3.09603e-09
3.81537e-11
3.05911e-09
3.69224e-11
3.02335e-09
3.57618e-11
2.98868e-09
3.46664e-11
2.95505e-09
3.36309e-11
2.9224e-09
3.26509e-11
2.89068e-09
3.17221e-11
2.85984e-09
3.08408e-11
2.82983e-09
3.00034e-11
2.80063e-09
2.92069e-11
2.77218e-09
2.84481e-11
2.74445e-09
2.77246e-11
2.71742e-09
2.70338e-11
2.69105e-09
2.63734e-11
2.6653e-09
2.57414e-11
2.64017e-09
2.51359e-11
2.61561e-09
2.45551e-11
2.59162e-09
2.39974e-11
2.56815e-09
2.34612e-11
2.54521e-09
2.29453e-11
2.52276e-09
2.24482e-11
2.50079e-09
2.19689e-11
2.47929e-09
2.15063e-11
2.45823e-09
2.10594e-11
2.4376e-09
2.06272e-11
2.41739e-09
2.02091e-11
2.39759e-09
1.98042e-11
2.37817e-09
1.94119e-11
2.35914e-09
1.90315e-11
2.34048e-09
1.86627e-11
2.32218e-09
1.8305e-11
2.30422e-09
1.79579e-11
2.2866e-09
1.76213e-11
2.2693e-09
1.72949e-11
2.25232e-09
1.69786e-11
2.23565e-09
1.66724e-11
2.21927e-09
1.63763e-11
2.20318e-09
1.60907e-11
2.18737e-09
1.58157e-11
2.17182e-09
1.5552e-11
2.15652e-09
1.53002e-11
2.14145e-09
1.50613e-11
2.12662e-09
1.48368e-11
2.11199e-09
1.46286e-11
2.09755e-09
1.44401e-11
2.08327e-09
1.42769e-11
2.06912e-09
1.415e-11
2.05504e-09
1.40849e-11
2.04089e-09
1.41477e-11
2.02645e-09
1.44419e-11
2.01029e-09
1.61532e-11
4.38899e-11
3.59109e-08
3.19939e-09
-3.61943e-08
3.53025e-08
3.5035e-09
3.44503e-08
3.56786e-09
3.34321e-08
3.51935e-09
3.2305e-08
3.39639e-09
3.11162e-08
3.21453e-09
2.99045e-08
2.9912e-09
2.86995e-08
2.74354e-09
2.75236e-08
2.48627e-09
2.63924e-08
2.23159e-09
2.53163e-08
1.98916e-09
2.43013e-08
1.76585e-09
2.33497e-08
1.56565e-09
2.24617e-08
1.39005e-09
2.16354e-08
1.23854e-09
2.08679e-08
1.10926e-09
2.01556e-08
9.99586e-10
1.94944e-08
9.0661e-10
1.88804e-08
8.27503e-10
1.83097e-08
7.59715e-10
1.77784e-08
7.01077e-10
1.72832e-08
6.49818e-10
1.68207e-08
6.0454e-10
1.63882e-08
5.64158e-10
1.59829e-08
5.27847e-10
1.56025e-08
4.94979e-10
1.52448e-08
4.65074e-10
1.49079e-08
4.37758e-10
1.45901e-08
4.12736e-10
1.42897e-08
3.89767e-10
1.40055e-08
3.68649e-10
1.37361e-08
3.49205e-10
1.34804e-08
3.31284e-10
1.32373e-08
3.14747e-10
1.30058e-08
2.9947e-10
1.27852e-08
2.8534e-10
1.25745e-08
2.72255e-10
1.23732e-08
2.60121e-10
1.21805e-08
2.48855e-10
1.19958e-08
2.38378e-10
1.18187e-08
2.28622e-10
1.16485e-08
2.19523e-10
1.14849e-08
2.11025e-10
1.13275e-08
2.03076e-10
1.11757e-08
1.9563e-10
1.10294e-08
1.88646e-10
1.08882e-08
1.82086e-10
1.07518e-08
1.75915e-10
1.06198e-08
1.70104e-10
1.04921e-08
1.64624e-10
1.03684e-08
1.5945e-10
1.02485e-08
1.54559e-10
1.01322e-08
1.4993e-10
1.00193e-08
1.45544e-10
9.90967e-09
1.41384e-10
9.80307e-09
1.37432e-10
9.6994e-09
1.33675e-10
9.59851e-09
1.30099e-10
9.50027e-09
1.26692e-10
9.40455e-09
1.23441e-10
9.31125e-09
1.20337e-10
9.22025e-09
1.17369e-10
9.13146e-09
1.14528e-10
9.04479e-09
1.11806e-10
8.96015e-09
1.09196e-10
8.87746e-09
1.06689e-10
8.79664e-09
1.04279e-10
8.71763e-09
1.01961e-10
8.64035e-09
9.97271e-11
8.56475e-09
9.75735e-11
8.49076e-09
9.5495e-11
8.41833e-09
9.3487e-11
8.34741e-09
9.15453e-11
8.27795e-09
8.96661e-11
8.20991e-09
8.78459e-11
8.14324e-09
8.60815e-11
8.0779e-09
8.43701e-11
8.01386e-09
8.27091e-11
7.95107e-09
8.10961e-11
7.8895e-09
7.95294e-11
7.82911e-09
7.80071e-11
7.76988e-09
7.6528e-11
7.71176e-09
7.50911e-11
7.65474e-09
7.36958e-11
7.59877e-09
7.23418e-11
7.54384e-09
7.10294e-11
7.48989e-09
6.97594e-11
7.43691e-09
6.8533e-11
7.38486e-09
6.73524e-11
7.3337e-09
6.62207e-11
7.28339e-09
6.51425e-11
7.2339e-09
6.41246e-11
7.18516e-09
6.31779e-11
7.13712e-09
6.23212e-11
7.08967e-09
6.15916e-11
7.04268e-09
6.10747e-11
6.99585e-09
6.0982e-11
6.94834e-09
6.19547e-11
6.89459e-09
6.9898e-11
1.19142e-10
4.05732e-08
3.02727e-09
-4.04011e-08
4.06627e-08
3.41401e-09
4.06248e-08
3.60575e-09
4.04613e-08
3.68282e-09
4.01801e-08
3.67763e-09
3.97933e-08
3.60133e-09
3.93174e-08
3.46712e-09
3.87701e-08
3.29086e-09
3.81685e-08
3.08784e-09
3.75284e-08
2.87171e-09
3.68635e-08
2.65406e-09
3.61853e-08
2.44396e-09
3.55033e-08
2.24772e-09
3.48243e-08
2.06898e-09
3.41538e-08
1.90913e-09
3.34952e-08
1.76785e-09
3.2851e-08
1.64375e-09
3.22228e-08
1.53482e-09
3.16114e-08
1.43887e-09
3.10173e-08
1.3538e-09
3.04407e-08
1.27773e-09
2.98815e-08
1.20906e-09
2.93395e-08
1.14653e-09
2.88145e-08
1.08911e-09
2.83063e-08
1.03605e-09
2.78145e-08
9.86747e-10
2.73389e-08
9.40756e-10
2.68789e-08
8.97729e-10
2.64342e-08
8.57396e-10
2.60045e-08
8.19536e-10
2.55891e-08
7.83963e-10
2.51878e-08
7.50519e-10
2.48001e-08
7.1906e-10
2.44253e-08
6.89456e-10
2.40632e-08
6.61589e-10
2.37132e-08
6.35346e-10
2.33749e-08
6.10622e-10
2.30477e-08
5.87319e-10
2.27312e-08
5.65344e-10
2.24249e-08
5.44613e-10
2.21285e-08
5.25042e-10
2.18415e-08
5.06557e-10
2.15634e-08
4.89087e-10
2.12939e-08
4.72565e-10
2.10326e-08
4.5693e-10
2.07791e-08
4.42125e-10
2.05331e-08
4.28096e-10
2.02943e-08
4.14793e-10
2.00622e-08
4.02169e-10
1.98366e-08
3.90182e-10
1.96173e-08
3.7879e-10
1.94039e-08
3.67956e-10
1.91962e-08
3.57645e-10
1.89939e-08
3.47824e-10
1.87968e-08
3.38462e-10
1.86047e-08
3.2953e-10
1.84174e-08
3.21001e-10
1.82347e-08
3.12852e-10
1.80563e-08
3.05057e-10
1.78821e-08
2.97595e-10
1.7712e-08
2.90445e-10
1.75458e-08
2.83589e-10
1.73833e-08
2.77008e-10
1.72244e-08
2.70686e-10
1.7069e-08
2.64606e-10
1.6917e-08
2.58754e-10
1.67681e-08
2.53116e-10
1.66224e-08
2.4768e-10
1.64797e-08
2.42433e-10
1.63399e-08
2.37364e-10
1.62029e-08
2.32463e-10
1.60687e-08
2.27719e-10
1.59371e-08
2.23124e-10
1.58081e-08
2.1867e-10
1.56816e-08
2.14348e-10
1.55576e-08
2.10152e-10
1.54359e-08
2.06074e-10
1.53165e-08
2.0211e-10
1.51993e-08
1.98253e-10
1.50843e-08
1.94499e-10
1.49715e-08
1.90844e-10
1.48607e-08
1.87285e-10
1.4752e-08
1.83818e-10
1.46453e-08
1.80442e-10
1.45405e-08
1.77156e-10
1.44375e-08
1.7396e-10
1.43364e-08
1.70854e-10
1.42371e-08
1.6784e-10
1.41395e-08
1.64924e-10
1.40437e-08
1.62109e-10
1.39494e-08
1.59405e-10
1.38567e-08
1.56825e-10
1.37655e-08
1.54391e-10
1.36757e-08
1.52138e-10
1.35871e-08
1.50141e-10
1.34996e-08
1.48566e-10
1.34128e-08
1.47846e-10
1.33252e-08
1.49546e-10
1.32321e-08
1.62927e-10
2.16801e-10
4.50676e-08
2.81495e-09
-4.48552e-08
4.52967e-08
3.18487e-09
4.5491e-08
3.41145e-09
4.56345e-08
3.53928e-09
4.57181e-08
3.59404e-09
4.5735e-08
3.58447e-09
4.56831e-08
3.51904e-09
4.55646e-08
3.40933e-09
4.53847e-08
3.26775e-09
4.51503e-08
3.10607e-09
4.48696e-08
2.93483e-09
4.45507e-08
2.76283e-09
4.42016e-08
2.59679e-09
4.38294e-08
2.44117e-09
4.34401e-08
2.29846e-09
4.30385e-08
2.16946e-09
4.26284e-08
2.05382e-09
4.22128e-08
1.95045e-09
4.17938e-08
1.8579e-09
4.1373e-08
1.77458e-09
4.09517e-08
1.69903e-09
4.05308e-08
1.62994e-09
4.01111e-08
1.56619e-09
3.96933e-08
1.50693e-09
3.92779e-08
1.45145e-09
3.88654e-08
1.39923e-09
3.84563e-08
1.34987e-09
3.8051e-08
1.30307e-09
3.76498e-08
1.25859e-09
3.72531e-08
1.21625e-09
3.68611e-08
1.17592e-09
3.64742e-08
1.13745e-09
3.60925e-08
1.10076e-09
3.57162e-08
1.06574e-09
3.53455e-08
1.0323e-09
3.49805e-08
1.00037e-09
3.46212e-08
9.69869e-10
3.42678e-08
9.40726e-10
3.39203e-08
9.12871e-10
3.35787e-08
8.86241e-10
3.32429e-08
8.60772e-10
3.29131e-08
8.36407e-10
3.25891e-08
8.13089e-10
3.22709e-08
7.90766e-10
3.19584e-08
7.69389e-10
3.16516e-08
7.48908e-10
3.13505e-08
7.2928e-10
3.10548e-08
7.10462e-10
3.07645e-08
6.92414e-10
3.04796e-08
6.75096e-10
3.02e-08
6.58474e-10
2.99254e-08
6.42511e-10
2.96559e-08
6.27175e-10
2.93913e-08
6.12434e-10
2.91315e-08
5.98259e-10
2.88764e-08
5.84622e-10
2.86259e-08
5.71494e-10
2.83799e-08
5.5885e-10
2.81383e-08
5.46666e-10
2.79009e-08
5.34918e-10
2.76678e-08
5.23584e-10
2.74388e-08
5.12641e-10
2.72137e-08
5.02071e-10
2.69925e-08
4.91853e-10
2.67752e-08
4.8197e-10
2.65615e-08
4.72403e-10
2.63515e-08
4.63137e-10
2.6145e-08
4.54155e-10
2.5942e-08
4.45441e-10
2.57424e-08
4.36983e-10
2.55461e-08
4.28767e-10
2.5353e-08
4.20779e-10
2.51631e-08
4.13009e-10
2.49764e-08
4.05444e-10
2.47926e-08
3.98074e-10
2.46119e-08
3.90889e-10
2.44341e-08
3.83881e-10
2.42592e-08
3.7704e-10
2.40871e-08
3.7036e-10
2.39177e-08
3.63834e-10
2.37511e-08
3.57456e-10
2.35872e-08
3.5122e-10
2.34259e-08
3.45124e-10
2.32671e-08
3.39164e-10
2.3111e-08
3.33339e-10
2.29573e-08
3.27648e-10
2.2806e-08
3.22094e-10
2.26572e-08
3.16679e-10
2.25107e-08
3.1141e-10
2.23665e-08
3.06296e-10
2.22246e-08
3.0135e-10
2.20848e-08
2.96594e-10
2.19471e-08
2.9206e-10
2.18115e-08
2.87807e-10
2.16777e-08
2.83946e-10
2.15455e-08
2.80732e-10
2.14145e-08
2.78835e-10
2.12835e-08
2.8055e-10
2.11515e-08
2.9497e-10
3.39304e-10
4.9941e-08
2.6311e-09
-4.97572e-08
5.01688e-08
2.95712e-09
5.03985e-08
3.18171e-09
5.06136e-08
3.3242e-09
5.08047e-08
3.403e-09
5.09627e-08
3.42645e-09
5.10807e-08
3.40098e-09
5.1155e-08
3.33507e-09
5.11844e-08
3.23836e-09
5.11701e-08
3.12035e-09
5.11152e-08
2.98975e-09
5.10239e-08
2.85415e-09
5.0901e-08
2.71964e-09
5.07516e-08
2.59063e-09
5.05801e-08
2.46993e-09
5.03906e-08
2.35893e-09
5.01865e-08
2.25796e-09
4.99704e-08
2.16659e-09
4.97443e-08
2.08397e-09
4.95099e-08
2.00902e-09
4.92683e-08
1.94063e-09
4.90204e-08
1.87778e-09
4.8767e-08
1.81955e-09
4.85088e-08
1.7652e-09
4.82461e-08
1.71411e-09
4.79795e-08
1.66582e-09
4.77094e-08
1.61996e-09
4.74363e-08
1.57624e-09
4.71604e-08
1.53446e-09
4.68822e-08
1.49446e-09
4.6602e-08
1.45609e-09
4.63202e-08
1.41926e-09
4.60371e-08
1.38388e-09
4.57529e-08
1.34987e-09
4.54681e-08
1.31717e-09
4.51827e-08
1.2857e-09
4.48972e-08
1.25542e-09
4.46116e-08
1.22627e-09
4.43263e-08
1.19819e-09
4.40414e-08
1.17115e-09
4.37571e-08
1.14508e-09
4.34736e-08
1.11994e-09
4.3191e-08
1.0957e-09
4.29094e-08
1.07232e-09
4.26291e-08
1.04974e-09
4.235e-08
1.02794e-09
4.20724e-08
1.00689e-09
4.17963e-08
9.86545e-10
4.15219e-08
9.66877e-10
4.12491e-08
9.47856e-10
4.09781e-08
9.29454e-10
4.0709e-08
9.11642e-10
4.04418e-08
8.94396e-10
4.01765e-08
8.77688e-10
3.99133e-08
8.61495e-10
3.96521e-08
8.45795e-10
3.9393e-08
8.30564e-10
3.91361e-08
8.15781e-10
3.88813e-08
8.01427e-10
3.86288e-08
7.8748e-10
3.83784e-08
7.73923e-10
3.81303e-08
7.60738e-10
3.78845e-08
7.47905e-10
3.7641e-08
7.3541e-10
3.73997e-08
7.23236e-10
3.71607e-08
7.11368e-10
3.69241e-08
6.9979e-10
3.66897e-08
6.88488e-10
3.64577e-08
6.7745e-10
3.6228e-08
6.66662e-10
3.60007e-08
6.56112e-10
3.57757e-08
6.45787e-10
3.5553e-08
6.35678e-10
3.53327e-08
6.25772e-10
3.51147e-08
6.16061e-10
3.48991e-08
6.06534e-10
3.46858e-08
5.97185e-10
3.44748e-08
5.88003e-10
3.42662e-08
5.78984e-10
3.40599e-08
5.70119e-10
3.38559e-08
5.61405e-10
3.36543e-08
5.52837e-10
3.3455e-08
5.44412e-10
3.32581e-08
5.36128e-10
3.30634e-08
5.27985e-10
3.28711e-08
5.19985e-10
3.26811e-08
5.12132e-10
3.24933e-08
5.04432e-10
3.23078e-08
4.96895e-10
3.21246e-08
4.89535e-10
3.19436e-08
4.82373e-10
3.17647e-08
4.75437e-10
3.1588e-08
4.68774e-10
3.14133e-08
4.62463e-10
3.12406e-08
4.56651e-10
3.10697e-08
4.51656e-10
3.09003e-08
4.48279e-10
3.0732e-08
4.48828e-10
3.05674e-08
4.59554e-10
4.8465e-10
5.5318e-08
2.4775e-09
-5.51644e-08
5.55195e-08
2.75561e-09
5.5737e-08
2.9642e-09
5.59537e-08
3.10748e-09
5.61606e-08
3.19612e-09
5.635e-08
3.23712e-09
5.65151e-08
3.23579e-09
5.66516e-08
3.19857e-09
5.6757e-08
3.13296e-09
5.68308e-08
3.0466e-09
5.68739e-08
2.94666e-09
5.68885e-08
2.83951e-09
5.68777e-08
2.73044e-09
5.68448e-08
2.62352e-09
5.67932e-08
2.52156e-09
5.67259e-08
2.42621e-09
5.66456e-08
2.33823e-09
5.65545e-08
2.25768e-09
5.64543e-08
2.18416e-09
5.63463e-08
2.11701e-09
5.62315e-08
2.05547e-09
5.61105e-08
1.99876e-09
5.59839e-08
1.94618e-09
5.5852e-08
1.8971e-09
5.57151e-08
1.851e-09
5.55734e-08
1.80746e-09
5.54273e-08
1.76615e-09
5.52767e-08
1.72679e-09
5.5122e-08
1.6892e-09
5.49632e-08
1.6532e-09
5.48007e-08
1.61867e-09
5.46344e-08
1.5855e-09
5.44647e-08
1.55361e-09
5.42916e-08
1.52293e-09
5.41154e-08
1.49339e-09
5.39362e-08
1.46494e-09
5.37541e-08
1.43751e-09
5.35693e-08
1.41106e-09
5.33819e-08
1.38555e-09
5.31922e-08
1.36092e-09
5.30001e-08
1.33713e-09
5.28059e-08
1.31415e-09
5.26096e-08
1.29194e-09
5.24115e-08
1.27046e-09
5.22116e-08
1.24967e-09
5.201e-08
1.22955e-09
5.18068e-08
1.21006e-09
5.16022e-08
1.19117e-09
5.13962e-08
1.17285e-09
5.1189e-08
1.15507e-09
5.09806e-08
1.13782e-09
5.07712e-08
1.12106e-09
5.05608e-08
1.10477e-09
5.03496e-08
1.08893e-09
5.01376e-08
1.07352e-09
4.99249e-08
1.05851e-09
4.97115e-08
1.04389e-09
4.94977e-08
1.02963e-09
4.92834e-08
1.01572e-09
4.90687e-08
1.00214e-09
4.88538e-08
9.88874e-10
4.86386e-08
9.75903e-10
4.84233e-08
9.63213e-10
4.82079e-08
9.50788e-10
4.79925e-08
9.38615e-10
4.77772e-08
9.26678e-10
4.75621e-08
9.14966e-10
4.73471e-08
9.03464e-10
4.71324e-08
8.92161e-10
4.6918e-08
8.81045e-10
4.6704e-08
8.70105e-10
4.64905e-08
8.59331e-10
4.62774e-08
8.48711e-10
4.6065e-08
8.38237e-10
4.58531e-08
8.27901e-10
4.5642e-08
8.17693e-10
4.54315e-08
8.07606e-10
4.52219e-08
7.97634e-10
4.50131e-08
7.8777e-10
4.48052e-08
7.78011e-10
4.45983e-08
7.68352e-10
4.43923e-08
7.5879e-10
4.41874e-08
7.49324e-10
4.39836e-08
7.39954e-10
4.37809e-08
7.30684e-10
4.35794e-08
7.21516e-10
4.3379e-08
7.12458e-10
4.31799e-08
7.0352e-10
4.29821e-08
6.94717e-10
4.27856e-08
6.86068e-10
4.25904e-08
6.776e-10
4.23964e-08
6.69351e-10
4.22038e-08
6.6138e-10
4.20125e-08
6.53779e-10
4.18225e-08
6.46714e-10
4.16336e-08
6.40514e-10
4.1446e-08
6.35898e-10
4.12604e-08
6.34456e-10
4.10814e-08
6.38519e-10
6.41776e-10
6.12601e-08
2.34699e-09
-6.11296e-08
6.14347e-08
2.58105e-09
6.16306e-08
2.76827e-09
6.18322e-08
2.90588e-09
6.20301e-08
2.99825e-09
6.22171e-08
3.05009e-09
6.23874e-08
3.06555e-09
6.25365e-08
3.04944e-09
6.2662e-08
3.00749e-09
6.27628e-08
2.94576e-09
6.28394e-08
2.87007e-09
6.28932e-08
2.78573e-09
6.29263e-08
2.69729e-09
6.29415e-08
2.60838e-09
6.29413e-08
2.52171e-09
6.29285e-08
2.43906e-09
6.29052e-08
2.36146e-09
6.28736e-08
2.28933e-09
6.28351e-08
2.22265e-09
6.2791e-08
2.16114e-09
6.27421e-08
2.10433e-09
6.26892e-08
2.05172e-09
6.26326e-08
2.00278e-09
6.25726e-08
1.95705e-09
6.25095e-08
1.91411e-09
6.24434e-08
1.87361e-09
6.23743e-08
1.83525e-09
6.23023e-08
1.7988e-09
6.22274e-08
1.76406e-09
6.21497e-08
1.7309e-09
6.20692e-08
1.69918e-09
6.19859e-08
1.6688e-09
6.18998e-08
1.63967e-09
6.1811e-08
1.61173e-09
6.17195e-08
1.5849e-09
6.16253e-08
1.55912e-09
6.15285e-08
1.53435e-09
6.1429e-08
1.51053e-09
6.1327e-08
1.48761e-09
6.12223e-08
1.46556e-09
6.11151e-08
1.44431e-09
6.10055e-08
1.42385e-09
6.08933e-08
1.40412e-09
6.07786e-08
1.38509e-09
6.06616e-08
1.36672e-09
6.05422e-08
1.34899e-09
6.04204e-08
1.33185e-09
6.02963e-08
1.31527e-09
6.01699e-08
1.29924e-09
6.00412e-08
1.28371e-09
5.99104e-08
1.26866e-09
5.97774e-08
1.25407e-09
5.96422e-08
1.23991e-09
5.9505e-08
1.22615e-09
5.93658e-08
1.21278e-09
5.92245e-08
1.19977e-09
5.90813e-08
1.18709e-09
5.89362e-08
1.17474e-09
5.87892e-08
1.16269e-09
5.86405e-08
1.15092e-09
5.84899e-08
1.13941e-09
5.83377e-08
1.12814e-09
5.81838e-08
1.11711e-09
5.80283e-08
1.10629e-09
5.78712e-08
1.09567e-09
5.77127e-08
1.08522e-09
5.75527e-08
1.07495e-09
5.73913e-08
1.06483e-09
5.72286e-08
1.05486e-09
5.70647e-08
1.04501e-09
5.68995e-08
1.03528e-09
5.67332e-08
1.02566e-09
5.65658e-08
1.01613e-09
5.63973e-08
1.00668e-09
5.62279e-08
9.97315e-10
5.60576e-08
9.88015e-10
5.58864e-08
9.78774e-10
5.57145e-08
9.69585e-10
5.55418e-08
9.60442e-10
5.53685e-08
9.51341e-10
5.51945e-08
9.42277e-10
5.50201e-08
9.33249e-10
5.48451e-08
9.24256e-10
5.46698e-08
9.15298e-10
5.44941e-08
9.06379e-10
5.43181e-08
8.97506e-10
5.41419e-08
8.88687e-10
5.39655e-08
8.79934e-10
5.37889e-08
8.71266e-10
5.36123e-08
8.62706e-10
5.34356e-08
8.54287e-10
5.32589e-08
8.46052e-10
5.30822e-08
8.38065e-10
5.29056e-08
8.30424e-10
5.2729e-08
8.23283e-10
5.25526e-08
8.16909e-10
5.23768e-08
8.11747e-10
5.22029e-08
8.08324e-10
5.20358e-08
8.05625e-10
7.92345e-10
6.78247e-08
2.23408e-09
-6.77118e-08
6.79753e-08
2.43049e-09
6.81483e-08
2.59525e-09
6.83307e-08
2.72352e-09
6.85131e-08
2.81578e-09
6.86889e-08
2.87438e-09
6.88522e-08
2.90218e-09
6.8999e-08
2.90263e-09
6.91266e-08
2.87993e-09
6.92337e-08
2.83872e-09
6.93201e-08
2.78359e-09
6.9387e-08
2.71888e-09
6.94359e-08
2.64841e-09
6.94689e-08
2.57535e-09
6.94884e-08
2.50222e-09
6.94966e-08
2.43082e-09
6.94957e-08
2.36234e-09
6.94876e-08
2.29746e-09
6.94738e-08
2.23648e-09
6.94555e-08
2.17941e-09
6.94338e-08
2.12607e-09
6.94093e-08
2.0762e-09
6.93826e-08
2.02948e-09
6.9354e-08
1.98559e-09
6.93239e-08
1.94424e-09
6.92924e-08
1.90516e-09
6.92595e-08
1.86812e-09
6.92253e-08
1.83294e-09
6.919e-08
1.79944e-09
6.91534e-08
1.76751e-09
6.91155e-08
1.73702e-09
6.90764e-08
1.70789e-09
6.90361e-08
1.68003e-09
6.89944e-08
1.65337e-09
6.89515e-08
1.62786e-09
6.89072e-08
1.60343e-09
6.88615e-08
1.58004e-09
6.88144e-08
1.55763e-09
6.87658e-08
1.53616e-09
6.87158e-08
1.51558e-09
6.86643e-08
1.49585e-09
6.86112e-08
1.47692e-09
6.85565e-08
1.45877e-09
6.85003e-08
1.44134e-09
6.84424e-08
1.42461e-09
6.83828e-08
1.40854e-09
6.83216e-08
1.3931e-09
6.82586e-08
1.37824e-09
6.81939e-08
1.36395e-09
6.81274e-08
1.35019e-09
6.80592e-08
1.33693e-09
6.79891e-08
1.32414e-09
6.79172e-08
1.3118e-09
6.78435e-08
1.29988e-09
6.77679e-08
1.28835e-09
6.76905e-08
1.2772e-09
6.76112e-08
1.26639e-09
6.753e-08
1.25591e-09
6.74469e-08
1.24574e-09
6.7362e-08
1.23585e-09
6.72752e-08
1.22622e-09
6.71865e-08
1.21683e-09
6.7096e-08
1.20767e-09
6.70035e-08
1.19871e-09
6.69093e-08
1.18994e-09
6.68131e-08
1.18135e-09
6.67152e-08
1.17291e-09
6.66154e-08
1.16461e-09
6.65138e-08
1.15644e-09
6.64105e-08
1.14837e-09
6.63053e-08
1.14041e-09
6.61985e-08
1.13253e-09
6.60899e-08
1.12471e-09
6.59796e-08
1.11696e-09
6.58676e-08
1.10926e-09
6.57541e-08
1.10159e-09
6.56389e-08
1.09395e-09
6.55221e-08
1.08633e-09
6.54039e-08
1.07872e-09
6.52841e-08
1.07112e-09
6.51628e-08
1.06352e-09
6.50402e-08
1.05592e-09
6.49161e-08
1.04831e-09
6.47907e-08
1.04071e-09
6.4664e-08
1.0331e-09
6.4536e-08
1.02549e-09
6.44068e-08
1.01791e-09
6.42764e-08
1.01035e-09
6.41448e-08
1.00284e-09
6.40121e-08
9.95401e-10
6.38783e-08
9.88073e-10
6.37435e-08
9.80898e-10
6.36076e-08
9.7394e-10
6.34707e-08
9.67285e-10
6.3333e-08
9.61052e-10
6.31945e-08
9.55392e-10
6.30558e-08
9.50413e-10
6.29184e-08
9.45747e-10
6.27853e-08
9.38681e-10
9.18539e-10
6.79878e-08
2.14377e-09
-6.78974e-08
6.81066e-08
2.31163e-09
6.82448e-08
2.45702e-09
6.83931e-08
2.57524e-09
6.85439e-08
2.66496e-09
6.86914e-08
2.72694e-09
6.88307e-08
2.7629e-09
6.8958e-08
2.77524e-09
6.9071e-08
2.767e-09
6.91681e-08
2.74165e-09
6.92488e-08
2.7028e-09
6.93138e-08
2.65395e-09
6.93639e-08
2.59827e-09
6.94008e-08
2.53851e-09
6.9426e-08
2.47694e-09
6.94416e-08
2.41529e-09
6.94491e-08
2.35483e-09
6.94501e-08
2.29639e-09
6.94461e-08
2.24047e-09
6.94383e-08
2.1873e-09
6.94274e-08
2.13692e-09
6.94143e-08
2.08927e-09
6.93996e-08
2.0442e-09
6.93836e-08
2.00154e-09
6.93668e-08
1.9611e-09
6.93492e-08
1.92271e-09
6.93312e-08
1.8862e-09
6.93127e-08
1.85143e-09
6.92938e-08
1.81828e-09
6.92747e-08
1.78664e-09
6.92553e-08
1.75643e-09
6.92356e-08
1.72756e-09
6.92157e-08
1.69996e-09
6.91955e-08
1.67358e-09
6.9175e-08
1.64836e-09
6.91542e-08
1.62424e-09
6.9133e-08
1.60118e-09
6.91115e-08
1.57914e-09
6.90896e-08
1.55806e-09
6.90673e-08
1.53791e-09
6.90445e-08
1.51864e-09
6.90212e-08
1.50023e-09
6.89973e-08
1.48261e-09
6.89729e-08
1.46577e-09
6.89479e-08
1.44966e-09
6.89221e-08
1.43426e-09
6.88957e-08
1.41951e-09
6.88686e-08
1.4054e-09
6.88406e-08
1.39188e-09
6.88119e-08
1.37894e-09
6.87823e-08
1.36653e-09
6.87518e-08
1.35464e-09
6.87204e-08
1.34322e-09
6.8688e-08
1.33226e-09
6.86546e-08
1.32173e-09
6.86202e-08
1.31161e-09
6.85847e-08
1.30186e-09
6.85482e-08
1.29247e-09
6.85105e-08
1.28341e-09
6.84717e-08
1.27466e-09
6.84317e-08
1.26619e-09
6.83905e-08
1.258e-09
6.83482e-08
1.25005e-09
6.83045e-08
1.24233e-09
6.82597e-08
1.23482e-09
6.82135e-08
1.2275e-09
6.81661e-08
1.22035e-09
6.81173e-08
1.21335e-09
6.80673e-08
1.2065e-09
6.80159e-08
1.19976e-09
6.79632e-08
1.19314e-09
6.79091e-08
1.1866e-09
6.78536e-08
1.18015e-09
6.77968e-08
1.17376e-09
6.77387e-08
1.16742e-09
6.76792e-08
1.16112e-09
6.76182e-08
1.15485e-09
6.7556e-08
1.1486e-09
6.74923e-08
1.14237e-09
6.74273e-08
1.13613e-09
6.7361e-08
1.12989e-09
6.72932e-08
1.12365e-09
6.72242e-08
1.11739e-09
6.71537e-08
1.11113e-09
6.7082e-08
1.10485e-09
6.70089e-08
1.09858e-09
6.69345e-08
1.09231e-09
6.68588e-08
1.08607e-09
6.67817e-08
1.07986e-09
6.67034e-08
1.07372e-09
6.66238e-08
1.06768e-09
6.65429e-08
1.06178e-09
6.64608e-08
1.05609e-09
6.63774e-08
1.05066e-09
6.62929e-08
1.04558e-09
6.62074e-08
1.04089e-09
6.61213e-08
1.03647e-09
6.60355e-08
1.03153e-09
6.59509e-08
1.0233e-09
1.00409e-09
7.52266e-08
2.06325e-09
-7.51461e-08
7.53308e-08
2.20749e-09
7.54523e-08
2.3355e-09
7.55842e-08
2.44331e-09
7.57202e-08
2.529e-09
7.58548e-08
2.59229e-09
7.59838e-08
2.63397e-09
7.61035e-08
2.65556e-09
7.62113e-08
2.65913e-09
7.63058e-08
2.6472e-09
7.63861e-08
2.62248e-09
7.64523e-08
2.5877e-09
7.65052e-08
2.54543e-09
7.65457e-08
2.49799e-09
7.65753e-08
2.44736e-09
7.65954e-08
2.39516e-09
7.66076e-08
2.34263e-09
7.66133e-08
2.2907e-09
7.66138e-08
2.23999e-09
7.66102e-08
2.19091e-09
7.66034e-08
2.14368e-09
7.65943e-08
2.0984e-09
7.65834e-08
2.05508e-09
7.65713e-08
2.01368e-09
7.65583e-08
1.97411e-09
7.65447e-08
1.9363e-09
7.65307e-08
1.90016e-09
7.65165e-08
1.8656e-09
7.65023e-08
1.83253e-09
7.6488e-08
1.80089e-09
7.64739e-08
1.77062e-09
7.64598e-08
1.74164e-09
7.64458e-08
1.71391e-09
7.6432e-08
1.68738e-09
7.64184e-08
1.662e-09
7.64049e-08
1.63773e-09
7.63916e-08
1.61453e-09
7.63783e-08
1.59235e-09
7.63652e-08
1.57115e-09
7.63523e-08
1.55091e-09
7.63393e-08
1.53157e-09
7.63265e-08
1.5131e-09
7.63136e-08
1.49547e-09
7.63007e-08
1.47864e-09
7.62878e-08
1.46257e-09
7.62748e-08
1.44724e-09
7.62618e-08
1.4326e-09
7.62485e-08
1.41862e-09
7.62351e-08
1.40528e-09
7.62215e-08
1.39254e-09
7.62077e-08
1.38037e-09
7.61936e-08
1.36874e-09
7.61792e-08
1.35763e-09
7.61645e-08
1.34701e-09
7.61493e-08
1.33685e-09
7.61338e-08
1.32712e-09
7.61179e-08
1.31781e-09
7.61015e-08
1.30888e-09
7.60846e-08
1.30031e-09
7.60671e-08
1.29208e-09
7.60492e-08
1.28418e-09
7.60306e-08
1.27656e-09
7.60114e-08
1.26923e-09
7.59916e-08
1.26215e-09
7.59711e-08
1.2553e-09
7.59499e-08
1.24867e-09
7.5928e-08
1.24224e-09
7.59054e-08
1.23599e-09
7.5882e-08
1.2299e-09
7.58578e-08
1.22396e-09
7.58328e-08
1.21815e-09
7.58069e-08
1.21245e-09
7.57802e-08
1.20685e-09
7.57527e-08
1.20134e-09
7.57242e-08
1.19589e-09
7.56948e-08
1.19051e-09
7.56645e-08
1.18518e-09
7.56332e-08
1.17988e-09
7.5601e-08
1.1746e-09
7.55677e-08
1.16935e-09
7.55335e-08
1.16411e-09
7.54983e-08
1.15888e-09
7.5462e-08
1.15365e-09
7.54248e-08
1.14842e-09
7.53864e-08
1.1432e-09
7.5347e-08
1.13799e-09
7.53065e-08
1.1328e-09
7.52649e-08
1.12765e-09
7.52222e-08
1.12255e-09
7.51784e-08
1.11753e-09
7.51335e-08
1.11262e-09
7.50874e-08
1.10785e-09
7.50402e-08
1.10329e-09
7.49919e-08
1.09899e-09
7.49425e-08
1.09497e-09
7.48922e-08
1.09121e-09
7.48411e-08
1.08749e-09
7.47897e-08
1.08302e-09
7.47372e-08
1.07579e-09
1.06193e-09
8.32221e-08
1.9922e-09
-8.3151e-08
8.33124e-08
2.11721e-09
8.34177e-08
2.23021e-09
8.35329e-08
2.32812e-09
8.36529e-08
2.40899e-09
8.37731e-08
2.47203e-09
8.38897e-08
2.51737e-09
8.39994e-08
2.54583e-09
8.40998e-08
2.55873e-09
8.41893e-08
2.5578e-09
8.42667e-08
2.54499e-09
8.43321e-08
2.52238e-09
8.43855e-08
2.49198e-09
8.44278e-08
2.45569e-09
8.446e-08
2.41519e-09
8.44832e-08
2.37193e-09
8.44987e-08
2.3271e-09
8.45078e-08
2.28162e-09
8.45116e-08
2.23622e-09
8.45111e-08
2.19141e-09
8.45072e-08
2.14755e-09
8.45008e-08
2.10487e-09
8.44923e-08
2.06351e-09
8.44825e-08
2.02355e-09
8.44715e-08
1.98502e-09
8.44599e-08
1.94791e-09
8.44479e-08
1.91221e-09
8.44356e-08
1.87789e-09
8.44232e-08
1.84491e-09
8.44109e-08
1.81324e-09
8.43987e-08
1.78284e-09
8.43866e-08
1.75368e-09
8.43748e-08
1.72572e-09
8.43633e-08
1.69892e-09
8.4352e-08
1.67325e-09
8.43411e-08
1.64868e-09
8.43304e-08
1.62516e-09
8.43201e-08
1.60266e-09
8.43101e-08
1.58116e-09
8.43004e-08
1.56061e-09
8.4291e-08
1.54097e-09
8.42819e-08
1.52223e-09
8.4273e-08
1.50433e-09
8.42644e-08
1.48725e-09
8.4256e-08
1.47095e-09
8.42479e-08
1.45541e-09
8.42399e-08
1.44058e-09
8.42321e-08
1.42644e-09
8.42244e-08
1.41295e-09
8.42168e-08
1.40009e-09
8.42094e-08
1.38782e-09
8.4202e-08
1.37612e-09
8.41947e-08
1.36496e-09
8.41874e-08
1.35431e-09
8.41801e-08
1.34414e-09
8.41728e-08
1.33443e-09
8.41654e-08
1.32516e-09
8.4158e-08
1.31629e-09
8.41505e-08
1.30781e-09
8.41429e-08
1.29969e-09
8.41351e-08
1.29192e-09
8.41272e-08
1.28446e-09
8.41192e-08
1.2773e-09
8.41109e-08
1.27041e-09
8.41024e-08
1.26379e-09
8.40937e-08
1.2574e-09
8.40847e-08
1.25123e-09
8.40754e-08
1.24526e-09
8.40659e-08
1.23947e-09
8.4056e-08
1.23385e-09
8.40457e-08
1.22839e-09
8.40351e-08
1.22305e-09
8.40242e-08
1.21784e-09
8.40128e-08
1.21273e-09
8.4001e-08
1.20771e-09
8.39887e-08
1.20277e-09
8.3976e-08
1.1979e-09
8.39628e-08
1.19308e-09
8.3949e-08
1.18832e-09
8.39348e-08
1.18359e-09
8.392e-08
1.17889e-09
8.39047e-08
1.17422e-09
8.38888e-08
1.16957e-09
8.38722e-08
1.16495e-09
8.38551e-08
1.16035e-09
8.38373e-08
1.15579e-09
8.38188e-08
1.15127e-09
8.37997e-08
1.1468e-09
8.37798e-08
1.14241e-09
8.37592e-08
1.13812e-09
8.37379e-08
1.13396e-09
8.37158e-08
1.12996e-09
8.36929e-08
1.12618e-09
8.36692e-08
1.12264e-09
8.36448e-08
1.11937e-09
8.36197e-08
1.11632e-09
8.35939e-08
1.11327e-09
8.35673e-08
1.1097e-09
8.35384e-08
1.1046e-09
1.09695e-09
9.20542e-08
1.93089e-09
-9.19929e-08
9.21309e-08
2.04056e-09
9.222e-08
2.14109e-09
9.2318e-08
2.23017e-09
9.24209e-08
2.30608e-09
9.25251e-08
2.36784e-09
9.26272e-08
2.4152e-09
9.27246e-08
2.44847e-09
9.28149e-08
2.46841e-09
9.28966e-08
2.47613e-09
9.29686e-08
2.473e-09
9.30304e-08
2.46051e-09
9.30822e-08
2.44023e-09
9.31242e-08
2.41365e-09
9.31573e-08
2.38217e-09
9.31822e-08
2.34704e-09
9.31999e-08
2.30937e-09
9.32115e-08
2.27005e-09
9.32179e-08
2.22982e-09
9.322e-08
2.18928e-09
9.32187e-08
2.14886e-09
9.32146e-08
2.10892e-09
9.32085e-08
2.06968e-09
9.32007e-08
2.03133e-09
9.31917e-08
1.99398e-09
9.31819e-08
1.95772e-09
9.31715e-08
1.92259e-09
9.31608e-08
1.88861e-09
9.31499e-08
1.85581e-09
9.3139e-08
1.82419e-09
9.31281e-08
1.79373e-09
9.31173e-08
1.76442e-09
9.31068e-08
1.73626e-09
9.30965e-08
1.7092e-09
9.30865e-08
1.68325e-09
9.30768e-08
1.65836e-09
9.30675e-08
1.63451e-09
9.30585e-08
1.61168e-09
9.30498e-08
1.58983e-09
9.30414e-08
1.56894e-09
9.30335e-08
1.54897e-09
9.30258e-08
1.52989e-09
9.30185e-08
1.51167e-09
9.30114e-08
1.49427e-09
9.30047e-08
1.47767e-09
9.29983e-08
1.46183e-09
9.29921e-08
1.44673e-09
9.29863e-08
1.43232e-09
9.29806e-08
1.41859e-09
9.29752e-08
1.40549e-09
9.297e-08
1.39301e-09
9.2965e-08
1.38111e-09
9.29602e-08
1.36976e-09
9.29556e-08
1.35893e-09
9.29511e-08
1.34861e-09
9.29468e-08
1.33876e-09
9.29426e-08
1.32936e-09
9.29385e-08
1.32039e-09
9.29345e-08
1.31181e-09
9.29306e-08
1.30362e-09
9.29267e-08
1.29577e-09
9.29229e-08
1.28826e-09
9.29192e-08
1.28106e-09
9.29154e-08
1.27416e-09
9.29117e-08
1.26752e-09
9.2908e-08
1.26113e-09
9.29042e-08
1.25498e-09
9.29004e-08
1.24905e-09
9.28966e-08
1.24331e-09
9.28927e-08
1.23775e-09
9.28887e-08
1.23235e-09
9.28847e-08
1.2271e-09
9.28805e-08
1.22199e-09
9.28763e-08
1.21699e-09
9.28719e-08
1.2121e-09
9.28673e-08
1.20731e-09
9.28626e-08
1.20259e-09
9.28578e-08
1.19795e-09
9.28527e-08
1.19337e-09
9.28475e-08
1.18884e-09
9.2842e-08
1.18436e-09
9.28363e-08
1.17993e-09
9.28303e-08
1.17553e-09
9.28241e-08
1.17118e-09
9.28176e-08
1.16687e-09
9.28107e-08
1.16261e-09
9.28036e-08
1.15841e-09
9.27961e-08
1.15429e-09
9.27883e-08
1.15027e-09
9.278e-08
1.14636e-09
9.27714e-08
1.1426e-09
9.27623e-08
1.13903e-09
9.27528e-08
1.13568e-09
9.27428e-08
1.13259e-09
9.27324e-08
1.12977e-09
9.27216e-08
1.1272e-09
9.27101e-08
1.12475e-09
9.26976e-08
1.12222e-09
9.26828e-08
1.11936e-09
1.11663e-09
1.01812e-07
1.88011e-09
-1.01761e-07
1.01875e-07
1.97789e-09
1.01947e-07
2.0685e-09
1.02027e-07
2.15018e-09
1.02112e-07
2.22151e-09
1.02198e-07
2.28149e-09
1.02284e-07
2.32968e-09
1.02366e-07
2.36607e-09
1.02443e-07
2.39103e-09
1.02514e-07
2.40521e-09
1.02578e-07
2.40954e-09
1.02633e-07
2.40507e-09
1.02681e-07
2.39297e-09
1.0272e-07
2.37441e-09
1.02751e-07
2.35053e-09
1.02776e-07
2.32241e-09
1.02794e-07
2.29101e-09
1.02807e-07
2.2572e-09
1.02815e-07
2.22171e-09
1.02819e-07
2.18514e-09
1.0282e-07
2.14802e-09
1.02819e-07
2.11073e-09
1.02815e-07
2.07361e-09
1.02809e-07
2.03691e-09
1.02802e-07
2.00082e-09
1.02794e-07
1.96548e-09
1.02786e-07
1.931e-09
1.02777e-07
1.89747e-09
1.02768e-07
1.86494e-09
1.02759e-07
1.83343e-09
1.0275e-07
1.80299e-09
1.0274e-07
1.77361e-09
1.02731e-07
1.7453e-09
1.02722e-07
1.71806e-09
1.02714e-07
1.69187e-09
1.02705e-07
1.66672e-09
1.02697e-07
1.6426e-09
1.0269e-07
1.61947e-09
1.02682e-07
1.59732e-09
1.02675e-07
1.57612e-09
1.02668e-07
1.55584e-09
1.02661e-07
1.53645e-09
1.02655e-07
1.51793e-09
1.02649e-07
1.50023e-09
1.02644e-07
1.48335e-09
1.02638e-07
1.46723e-09
1.02633e-07
1.45185e-09
1.02628e-07
1.43719e-09
1.02624e-07
1.4232e-09
1.02619e-07
1.40987e-09
1.02615e-07
1.39715e-09
1.02611e-07
1.38503e-09
1.02607e-07
1.37348e-09
1.02604e-07
1.36246e-09
1.02601e-07
1.35196e-09
1.02597e-07
1.34194e-09
1.02594e-07
1.33237e-09
1.02592e-07
1.32325e-09
1.02589e-07
1.31453e-09
1.02586e-07
1.3062e-09
1.02584e-07
1.29823e-09
1.02581e-07
1.29061e-09
1.02579e-07
1.28331e-09
1.02577e-07
1.27631e-09
1.02575e-07
1.26958e-09
1.02573e-07
1.26312e-09
1.02571e-07
1.2569e-09
1.02569e-07
1.25091e-09
1.02567e-07
1.24512e-09
1.02566e-07
1.23951e-09
1.02564e-07
1.23408e-09
1.02562e-07
1.22881e-09
1.0256e-07
1.22368e-09
1.02559e-07
1.21868e-09
1.02557e-07
1.21379e-09
1.02555e-07
1.209e-09
1.02554e-07
1.2043e-09
1.02552e-07
1.19969e-09
1.0255e-07
1.19514e-09
1.02548e-07
1.19066e-09
1.02546e-07
1.18624e-09
1.02545e-07
1.18188e-09
1.02543e-07
1.17756e-09
1.0254e-07
1.1733e-09
1.02538e-07
1.1691e-09
1.02536e-07
1.16496e-09
1.02533e-07
1.1609e-09
1.02531e-07
1.15693e-09
1.02528e-07
1.15306e-09
1.02525e-07
1.14934e-09
1.02522e-07
1.14578e-09
1.02518e-07
1.14241e-09
1.02515e-07
1.13929e-09
1.02511e-07
1.13644e-09
1.02507e-07
1.13389e-09
1.02502e-07
1.13166e-09
1.02497e-07
1.12975e-09
1.02491e-07
1.12818e-09
1.02484e-07
1.12713e-09
1.12744e-09
1.12594e-07
1.84119e-09
-1.12555e-07
1.12642e-07
1.9303e-09
1.12697e-07
2.0135e-09
1.12757e-07
2.08946e-09
1.12822e-07
2.15697e-09
1.12888e-07
2.21512e-09
1.12955e-07
2.26339e-09
1.13019e-07
2.30158e-09
1.1308e-07
2.3298e-09
1.13137e-07
2.34843e-09
1.13189e-07
2.35806e-09
1.13234e-07
2.35943e-09
1.13274e-07
2.35343e-09
1.13307e-07
2.34096e-09
1.13335e-07
2.32296e-09
1.13357e-07
2.30035e-09
1.13374e-07
2.27399e-09
1.13386e-07
2.24468e-09
1.13395e-07
2.21311e-09
1.134e-07
2.17991e-09
1.13403e-07
2.14562e-09
1.13403e-07
2.11067e-09
1.13401e-07
2.07544e-09
1.13397e-07
2.04025e-09
1.13393e-07
2.00533e-09
1.13388e-07
1.97089e-09
1.13381e-07
1.93707e-09
1.13375e-07
1.904e-09
1.13368e-07
1.87177e-09
1.13361e-07
1.84045e-09
1.13354e-07
1.81008e-09
1.13347e-07
1.78069e-09
1.1334e-07
1.75232e-09
1.13333e-07
1.72495e-09
1.13326e-07
1.69861e-09
1.1332e-07
1.67328e-09
1.13313e-07
1.64894e-09
1.13307e-07
1.62559e-09
1.13301e-07
1.60321e-09
1.13296e-07
1.58177e-09
1.1329e-07
1.56124e-09
1.13285e-07
1.54161e-09
1.1328e-07
1.52285e-09
1.13276e-07
1.50492e-09
1.13271e-07
1.4878e-09
1.13267e-07
1.47145e-09
1.13263e-07
1.45585e-09
1.13259e-07
1.44097e-09
1.13255e-07
1.42678e-09
1.13252e-07
1.41325e-09
1.13249e-07
1.40034e-09
1.13246e-07
1.38804e-09
1.13243e-07
1.37631e-09
1.1324e-07
1.36513e-09
1.13238e-07
1.35446e-09
1.13236e-07
1.34429e-09
1.13233e-07
1.33459e-09
1.13231e-07
1.32532e-09
1.13229e-07
1.31648e-09
1.13227e-07
1.30803e-09
1.13226e-07
1.29995e-09
1.13224e-07
1.29221e-09
1.13223e-07
1.28481e-09
1.13221e-07
1.27771e-09
1.1322e-07
1.2709e-09
1.13219e-07
1.26436e-09
1.13218e-07
1.25806e-09
1.13216e-07
1.25199e-09
1.13215e-07
1.24613e-09
1.13214e-07
1.24047e-09
1.13214e-07
1.23498e-09
1.13213e-07
1.22966e-09
1.13212e-07
1.22448e-09
1.13211e-07
1.21944e-09
1.1321e-07
1.21452e-09
1.1321e-07
1.2097e-09
1.13209e-07
1.20498e-09
1.13208e-07
1.20035e-09
1.13208e-07
1.1958e-09
1.13207e-07
1.19131e-09
1.13206e-07
1.18689e-09
1.13206e-07
1.18254e-09
1.13205e-07
1.17824e-09
1.13204e-07
1.17401e-09
1.13204e-07
1.16984e-09
1.13203e-07
1.16574e-09
1.13202e-07
1.16173e-09
1.13201e-07
1.15783e-09
1.132e-07
1.15404e-09
1.13199e-07
1.1504e-09
1.13198e-07
1.14694e-09
1.13197e-07
1.14368e-09
1.13195e-07
1.14068e-09
1.13194e-07
1.13798e-09
1.13192e-07
1.13562e-09
1.1319e-07
1.13367e-09
1.13188e-07
1.1322e-09
1.13184e-07
1.13139e-09
1.1318e-07
1.13158e-09
1.13352e-09
1.24512e-07
1.8164e-09
-1.24487e-07
1.24542e-07
1.89999e-09
1.24577e-07
1.97842e-09
1.24616e-07
2.05055e-09
1.24658e-07
2.11536e-09
1.24701e-07
2.17201e-09
1.24744e-07
2.21996e-09
1.24787e-07
2.25892e-09
1.24828e-07
2.28888e-09
1.24866e-07
2.31004e-09
1.24902e-07
2.32281e-09
1.24933e-07
2.32774e-09
1.24961e-07
2.32552e-09
1.24985e-07
2.31692e-09
1.25006e-07
2.30271e-09
1.25022e-07
2.28372e-09
1.25036e-07
2.26072e-09
1.25046e-07
2.23444e-09
1.25053e-07
2.20557e-09
1.25058e-07
2.17472e-09
1.25062e-07
2.14243e-09
1.25063e-07
2.10917e-09
1.25063e-07
2.07534e-09
1.25062e-07
2.04127e-09
1.2506e-07
2.00726e-09
1.25058e-07
1.97352e-09
1.25055e-07
1.94024e-09
1.25051e-07
1.90756e-09
1.25047e-07
1.87561e-09
1.25043e-07
1.84447e-09
1.25039e-07
1.81421e-09
1.25035e-07
1.78487e-09
1.25031e-07
1.75649e-09
1.25026e-07
1.72909e-09
1.25022e-07
1.70267e-09
1.25018e-07
1.67724e-09
1.25015e-07
1.65279e-09
1.25011e-07
1.62932e-09
1.25007e-07
1.6068e-09
1.25004e-07
1.58521e-09
1.25001e-07
1.56454e-09
1.24997e-07
1.54476e-09
1.24994e-07
1.52584e-09
1.24992e-07
1.50776e-09
1.24989e-07
1.49049e-09
1.24986e-07
1.474e-09
1.24984e-07
1.45826e-09
1.24982e-07
1.44324e-09
1.24979e-07
1.42892e-09
1.24977e-07
1.41526e-09
1.24976e-07
1.40223e-09
1.24974e-07
1.38981e-09
1.24972e-07
1.37796e-09
1.24971e-07
1.36667e-09
1.24969e-07
1.3559e-09
1.24968e-07
1.34563e-09
1.24967e-07
1.33583e-09
1.24965e-07
1.32647e-09
1.24964e-07
1.31754e-09
1.24963e-07
1.30901e-09
1.24963e-07
1.30085e-09
1.24962e-07
1.29304e-09
1.24961e-07
1.28557e-09
1.2496e-07
1.2784e-09
1.2496e-07
1.27153e-09
1.24959e-07
1.26493e-09
1.24959e-07
1.25857e-09
1.24958e-07
1.25245e-09
1.24958e-07
1.24655e-09
1.24957e-07
1.24084e-09
1.24957e-07
1.23531e-09
1.24957e-07
1.22995e-09
1.24956e-07
1.22474e-09
1.24956e-07
1.21966e-09
1.24956e-07
1.21471e-09
1.24956e-07
1.20987e-09
1.24956e-07
1.20513e-09
1.24956e-07
1.20047e-09
1.24955e-07
1.1959e-09
1.24955e-07
1.19141e-09
1.24955e-07
1.18698e-09
1.24955e-07
1.18262e-09
1.24955e-07
1.17833e-09
1.24955e-07
1.1741e-09
1.24955e-07
1.16994e-09
1.24955e-07
1.16587e-09
1.24955e-07
1.16188e-09
1.24954e-07
1.15801e-09
1.24954e-07
1.15426e-09
1.24954e-07
1.15066e-09
1.24954e-07
1.14725e-09
1.24953e-07
1.14406e-09
1.24953e-07
1.14113e-09
1.24952e-07
1.13853e-09
1.24952e-07
1.1363e-09
1.24951e-07
1.13455e-09
1.2495e-07
1.13341e-09
1.24948e-07
1.1331e-09
1.24945e-07
1.134e-09
1.1367e-09
1.37676e-07
-1.37669e-07
1.37685e-07
1.37697e-07
1.3771e-07
1.37724e-07
1.37739e-07
1.37755e-07
1.37771e-07
1.37787e-07
1.37803e-07
1.37817e-07
1.37831e-07
1.37843e-07
1.37855e-07
1.37865e-07
1.37874e-07
1.37881e-07
1.37888e-07
1.37893e-07
1.37898e-07
1.37902e-07
1.37905e-07
1.37908e-07
1.3791e-07
1.37911e-07
1.37913e-07
1.37913e-07
1.37914e-07
1.37915e-07
1.37915e-07
1.37915e-07
1.37916e-07
1.37916e-07
1.37916e-07
1.37916e-07
1.37916e-07
1.37916e-07
1.37916e-07
1.37915e-07
1.37915e-07
1.37915e-07
1.37915e-07
1.37915e-07
1.37915e-07
1.37915e-07
1.37915e-07
1.37915e-07
1.37915e-07
1.37915e-07
1.37915e-07
1.37915e-07
1.37915e-07
1.37916e-07
1.37916e-07
1.37916e-07
1.37916e-07
1.37916e-07
1.37916e-07
1.37917e-07
1.37917e-07
1.37917e-07
1.37917e-07
1.37918e-07
1.37918e-07
1.37918e-07
1.37919e-07
1.37919e-07
1.37919e-07
1.3792e-07
1.3792e-07
1.3792e-07
1.37921e-07
1.37921e-07
1.37922e-07
1.37922e-07
1.37922e-07
1.37923e-07
1.37923e-07
1.37924e-07
1.37924e-07
1.37924e-07
1.37925e-07
1.37925e-07
1.37926e-07
1.37926e-07
1.37926e-07
1.37927e-07
1.37927e-07
1.37928e-07
1.37928e-07
1.37928e-07
1.37928e-07
1.37929e-07
1.37929e-07
1.37929e-07
1.37929e-07
1.37929e-07
1.37929e-07
1.37928e-07
3.44588e-08
5.12238e-12
3.44535e-08
1.10687e-11
3.44458e-08
1.79017e-11
3.44358e-08
2.56478e-11
3.44233e-08
3.43584e-11
3.44082e-08
4.41048e-11
3.43903e-08
5.49741e-11
3.43694e-08
6.70665e-11
3.43451e-08
8.04976e-11
3.43171e-08
9.54051e-11
3.42851e-08
1.11957e-10
3.42485e-08
1.30368e-10
3.42068e-08
1.50915e-10
3.41591e-08
1.73977e-10
3.41047e-08
2.00082e-10
3.40421e-08
2.29987e-10
3.39696e-08
2.64827e-10
3.38846e-08
3.06362e-10
3.37832e-08
3.57474e-10
3.3659e-08
4.23221e-10
3.35006e-08
5.1335e-10
3.32857e-08
6.49258e-10
3.29613e-08
8.87722e-10
3.23619e-08
1.43534e-09
3.05871e-09
3.80456e-08
8.20524e-12
3.80399e-08
1.68181e-11
3.80315e-08
2.62569e-11
3.80205e-08
3.66253e-11
3.80069e-08
4.80466e-11
3.79903e-08
6.06588e-11
3.79707e-08
7.46049e-11
3.79477e-08
9.00355e-11
3.79211e-08
1.07117e-10
3.78904e-08
1.26044e-10
3.78554e-08
1.4705e-10
3.78153e-08
1.70434e-10
3.77696e-08
1.96589e-10
3.77175e-08
2.26047e-10
3.76581e-08
2.5956e-10
3.75898e-08
2.98216e-10
3.7511e-08
3.43647e-10
3.7419e-08
3.98394e-10
3.73098e-08
4.66618e-10
3.71775e-08
5.55551e-10
3.7012e-08
6.78811e-10
3.67966e-08
8.64664e-10
3.65062e-08
1.1782e-09
3.61604e-08
1.78112e-09
3.02478e-09
4.20059e-08
1.1512e-11
4.19996e-08
2.30758e-11
4.19905e-08
3.5358e-11
4.19785e-08
4.85943e-11
4.19636e-08
6.29818e-11
4.19455e-08
7.8727e-11
4.19241e-08
9.60333e-11
4.1899e-08
1.15106e-10
4.187e-08
1.36165e-10
4.18366e-08
1.59464e-10
4.17983e-08
1.85307e-10
4.17547e-08
2.14078e-10
4.1705e-08
2.46283e-10
4.16484e-08
2.8261e-10
4.1584e-08
3.24028e-10
4.15102e-08
3.71936e-10
4.14255e-08
4.28422e-10
4.13271e-08
4.96704e-10
4.12118e-08
5.81956e-10
4.10745e-08
6.92886e-10
4.09083e-08
8.44977e-10
4.07058e-08
1.06717e-09
4.04694e-08
1.4146e-09
4.02666e-08
1.98389e-09
2.89034e-09
4.63784e-08
1.506e-11
4.63716e-08
2.98532e-11
4.63617e-08
4.5231e-11
4.63487e-08
6.15881e-11
4.63325e-08
7.92051e-11
4.63129e-08
9.83587e-11
4.62896e-08
1.19316e-10
4.62623e-08
1.4234e-10
4.62308e-08
1.67708e-10
4.61945e-08
1.95733e-10
4.6153e-08
2.26787e-10
4.61058e-08
2.61339e-10
4.60521e-08
3.00003e-10
4.59911e-08
3.4361e-10
4.59218e-08
3.93322e-10
4.58429e-08
4.50803e-10
4.57528e-08
5.18503e-10
4.56494e-08
6.00121e-10
4.55299e-08
7.01412e-10
4.53912e-08
8.31598e-10
4.52304e-08
1.0058e-09
4.50487e-08
1.24889e-09
4.48639e-08
1.5994e-09
4.47433e-08
2.10452e-09
2.77835e-09
5.1206e-08
1.88566e-11
5.11987e-08
3.71519e-11
5.1188e-08
5.58856e-11
5.1174e-08
7.56208e-11
5.11565e-08
9.67338e-11
5.11352e-08
1.19574e-10
5.11101e-08
1.44474e-10
5.10807e-08
1.71757e-10
5.10466e-08
2.01758e-10
5.10075e-08
2.34849e-10
5.09628e-08
2.71467e-10
5.0912e-08
3.12158e-10
5.08544e-08
3.57627e-10
5.07892e-08
4.08825e-10
5.07154e-08
4.67062e-10
5.0632e-08
5.34187e-10
5.05377e-08
6.12862e-10
5.04308e-08
7.06987e-10
5.03099e-08
8.22365e-10
5.01738e-08
9.67695e-10
5.00237e-08
1.15592e-09
4.98672e-08
1.40536e-09
4.97281e-08
1.73843e-09
4.96614e-08
2.17123e-09
2.68259e-09
5.65361e-08
2.29007e-11
5.65283e-08
4.49598e-11
5.65169e-08
6.73076e-11
5.65018e-08
9.0675e-11
5.6483e-08
1.15545e-10
5.64603e-08
1.42342e-10
5.64333e-08
1.71467e-10
5.64017e-08
2.03304e-10
5.63652e-08
2.38243e-10
5.63234e-08
2.76711e-10
5.62756e-08
3.19202e-10
5.62215e-08
3.66322e-10
5.61603e-08
4.18847e-10
5.60913e-08
4.77803e-10
5.60138e-08
5.44581e-10
5.59268e-08
6.21101e-10
5.58297e-08
7.10046e-10
5.57215e-08
8.15185e-10
5.5602e-08
9.41815e-10
5.54725e-08
1.09725e-09
5.53372e-08
1.29117e-09
5.52076e-08
1.535e-09
5.51074e-08
1.83863e-09
5.50771e-08
2.20146e-09
2.59533e-09
6.24211e-08
2.71788e-11
6.24128e-08
5.32427e-11
6.24007e-08
7.94466e-11
6.23847e-08
1.06685e-10
6.23647e-08
1.35555e-10
6.23405e-08
1.6656e-10
6.23118e-08
2.00168e-10
6.22782e-08
2.36822e-10
6.22395e-08
2.76965e-10
6.21952e-08
3.21069e-10
6.21447e-08
3.6967e-10
6.20876e-08
4.23414e-10
6.20233e-08
4.83109e-10
6.19514e-08
5.49799e-10
6.18711e-08
6.2487e-10
6.1782e-08
7.10172e-10
6.16838e-08
8.08191e-10
6.15768e-08
9.22241e-10
6.1462e-08
1.05665e-09
6.13424e-08
1.21683e-09
6.12246e-08
1.40891e-09
6.11212e-08
1.63841e-09
6.10528e-08
1.90706e-09
6.10473e-08
2.20696e-09
2.513e-09
6.89188e-08
3.16599e-11
6.89101e-08
6.19332e-11
6.88973e-08
9.22021e-11
6.88805e-08
1.23519e-10
6.88594e-08
1.56598e-10
6.8834e-08
1.92023e-10
6.88038e-08
2.30327e-10
6.87686e-08
2.72009e-10
6.8728e-08
3.17557e-10
6.86816e-08
3.67475e-10
6.8629e-08
4.22323e-10
6.85696e-08
4.82752e-10
6.85032e-08
5.49555e-10
6.84293e-08
6.2373e-10
6.83476e-08
7.06548e-10
6.82581e-08
7.99643e-10
6.81612e-08
9.05099e-10
6.80579e-08
1.02551e-09
6.79506e-08
1.16395e-09
6.78437e-08
1.32377e-09
6.77447e-08
1.50794e-09
6.76654e-08
1.71769e-09
6.76222e-08
1.95024e-09
6.76334e-08
2.19574e-09
2.4346e-09
6.8919e-08
3.58693e-11
6.89109e-08
7.00975e-11
6.88989e-08
1.042e-10
6.8883e-08
1.39362e-10
6.88632e-08
1.76401e-10
6.88393e-08
2.15978e-10
6.88109e-08
2.5868e-10
6.87779e-08
3.05053e-10
6.87398e-08
3.55613e-10
6.86964e-08
4.10883e-10
6.86473e-08
4.71418e-10
6.85922e-08
5.37844e-10
6.85309e-08
6.10894e-10
6.84632e-08
6.91455e-10
6.83891e-08
7.80607e-10
6.83091e-08
8.79672e-10
6.82239e-08
9.90229e-10
6.81354e-08
1.11408e-09
6.80462e-08
1.2531e-09
6.79611e-08
1.4089e-09
6.78868e-08
1.5822e-09
6.78328e-08
1.77173e-09
6.78102e-08
1.97284e-09
6.78298e-08
2.17615e-09
2.36695e-09
7.60931e-08
4.01747e-11
7.60848e-08
7.84499e-11
7.60725e-08
1.16482e-10
7.60563e-08
1.55585e-10
7.6036e-08
1.96678e-10
7.60115e-08
2.40494e-10
7.59825e-08
2.87674e-10
7.59487e-08
3.38798e-10
7.59099e-08
3.94405e-10
7.58658e-08
4.55014e-10
7.58161e-08
5.21154e-10
7.57605e-08
5.9339e-10
7.56991e-08
6.72348e-10
7.56318e-08
7.58738e-10
7.5559e-08
8.53375e-10
7.54815e-08
9.57176e-10
7.54006e-08
1.07113e-09
7.53185e-08
1.19619e-09
7.52385e-08
1.33312e-09
7.51653e-08
1.48209e-09
7.51053e-08
1.64222e-09
7.50662e-08
1.81085e-09
7.50561e-08
1.98289e-09
7.50819e-08
2.15037e-09
2.3027e-09
8.40141e-08
4.44782e-11
8.40057e-08
8.6797e-11
8.39934e-08
1.2876e-10
8.39772e-08
1.71806e-10
8.39569e-08
2.16949e-10
8.39325e-08
2.64988e-10
8.39035e-08
3.16613e-10
8.38699e-08
3.72432e-10
8.38313e-08
4.32987e-10
8.37875e-08
4.98779e-10
8.37384e-08
5.70283e-10
8.36838e-08
6.4797e-10
8.36239e-08
7.32314e-10
8.35588e-08
8.23798e-10
8.34893e-08
9.22911e-10
8.34163e-08
1.03011e-09
8.33417e-08
1.14578e-09
8.32678e-08
1.27009e-09
8.31981e-08
1.40282e-09
8.31371e-08
1.5431e-09
8.30902e-08
1.68908e-09
8.30635e-08
1.83757e-09
8.30626e-08
1.98379e-09
8.30915e-08
2.12145e-09
2.24317e-09
9.27596e-08
4.86395e-11
9.27516e-08
9.48617e-11
9.27397e-08
1.40624e-10
9.2724e-08
1.87481e-10
9.27045e-08
2.36532e-10
9.26808e-08
2.88637e-10
9.26529e-08
3.44524e-10
9.26205e-08
4.04817e-10
9.25834e-08
4.70053e-10
9.25415e-08
5.40693e-10
9.24947e-08
6.17138e-10
9.24429e-08
6.99735e-10
9.23864e-08
7.88774e-10
9.23258e-08
8.84478e-10
9.22617e-08
9.86983e-10
9.21955e-08
1.09629e-09
9.21291e-08
1.21221e-09
9.2065e-08
1.33422e-09
9.20064e-08
1.4614e-09
9.19573e-08
1.5922e-09
9.1922e-08
1.72429e-09
9.19051e-08
1.85448e-09
9.19103e-08
1.97867e-09
9.19396e-08
2.09213e-09
2.18981e-09
1.02416e-07
5.2463e-11
1.02408e-07
1.02262e-10
1.02397e-07
1.5151e-10
1.02383e-07
2.01863e-10
1.02365e-07
2.54493e-10
1.02343e-07
3.10313e-10
1.02318e-07
3.70079e-10
1.02288e-07
4.34422e-10
1.02254e-07
5.0386e-10
1.02216e-07
5.78803e-10
1.02174e-07
6.59564e-10
1.02127e-07
7.4635e-10
1.02077e-07
8.39254e-10
1.02023e-07
9.38237e-10
1.01967e-07
1.04309e-09
1.0191e-07
1.1534e-09
1.01854e-07
1.26849e-09
1.018e-07
1.38733e-09
1.01753e-07
1.5085e-09
1.01715e-07
1.63009e-09
1.0169e-07
1.74964e-09
1.0168e-07
1.86422e-09
1.01689e-07
1.9705e-09
1.01716e-07
2.06499e-09
2.1443e-09
1.13077e-07
5.56853e-11
1.13071e-07
1.08485e-10
1.13062e-07
1.60662e-10
1.1305e-07
2.13953e-10
1.13035e-07
2.69589e-10
1.13016e-07
3.28521e-10
1.12995e-07
3.91526e-10
1.1297e-07
4.59236e-10
1.12942e-07
5.32142e-10
1.1291e-07
6.10601e-10
1.12875e-07
6.94835e-10
1.12836e-07
7.8492e-10
1.12795e-07
8.80766e-10
1.12751e-07
9.82097e-10
1.12705e-07
1.08842e-09
1.1266e-07
1.19898e-09
1.12616e-07
1.31273e-09
1.12575e-07
1.4283e-09
1.12539e-07
1.54397e-09
1.12512e-07
1.65767e-09
1.12494e-07
1.76702e-09
1.12489e-07
1.86942e-09
1.12497e-07
1.96218e-09
1.1252e-07
2.04273e-09
2.1088e-09
1.24849e-07
5.79605e-11
1.24844e-07
1.12863e-10
1.24838e-07
1.67098e-10
1.24829e-07
2.22457e-10
1.24819e-07
2.80208e-10
1.24806e-07
3.4133e-10
1.24791e-07
4.06611e-10
1.24773e-07
4.7668e-10
1.24753e-07
5.52007e-10
1.24731e-07
6.32906e-10
1.24706e-07
7.19528e-10
1.24679e-07
8.11847e-10
1.24651e-07
9.09641e-10
1.2462e-07
1.01246e-09
1.24589e-07
1.11961e-09
1.24558e-07
1.23012e-09
1.24528e-07
1.3427e-09
1.245e-07
1.45578e-09
1.24477e-07
1.56749e-09
1.24459e-07
1.67573e-09
1.24448e-07
1.7782e-09
1.24445e-07
1.87258e-09
1.2445e-07
1.95662e-09
1.24464e-07
2.02833e-09
2.08604e-09
1.37846e-07
1.37844e-07
1.37841e-07
1.37838e-07
1.37834e-07
1.37828e-07
1.37822e-07
1.37815e-07
1.37807e-07
1.37797e-07
1.37787e-07
1.37775e-07
1.37763e-07
1.37749e-07
1.37735e-07
1.37721e-07
1.37708e-07
1.37695e-07
1.37683e-07
1.37673e-07
1.37666e-07
1.37662e-07
1.37661e-07
1.37663e-07
)
;

boundaryField
{
    top
    {
        type            calculated;
        value           nonuniform List<scalar> 
125
(
1.8093e-09
1.89072e-09
1.96713e-09
2.03753e-09
2.10095e-09
2.15663e-09
2.20401e-09
2.24281e-09
2.27297e-09
2.29465e-09
2.30821e-09
2.31413e-09
2.31304e-09
2.30564e-09
2.29267e-09
2.2749e-09
2.25307e-09
2.22789e-09
2.20002e-09
2.17007e-09
2.13857e-09
2.10601e-09
2.07277e-09
2.03921e-09
2.00562e-09
1.97224e-09
1.93925e-09
1.90682e-09
1.87506e-09
1.84408e-09
1.81394e-09
1.78471e-09
1.7564e-09
1.72906e-09
1.70268e-09
1.67729e-09
1.65286e-09
1.62939e-09
1.60688e-09
1.58529e-09
1.56462e-09
1.54483e-09
1.5259e-09
1.50781e-09
1.49052e-09
1.47401e-09
1.45826e-09
1.44322e-09
1.42888e-09
1.41519e-09
1.40215e-09
1.38971e-09
1.37784e-09
1.36653e-09
1.35574e-09
1.34545e-09
1.33563e-09
1.32626e-09
1.31731e-09
1.30877e-09
1.30059e-09
1.29277e-09
1.28528e-09
1.27811e-09
1.27122e-09
1.26461e-09
1.25824e-09
1.25211e-09
1.24619e-09
1.24047e-09
1.23494e-09
1.22957e-09
1.22435e-09
1.21927e-09
1.21431e-09
1.20946e-09
1.20471e-09
1.20006e-09
1.19549e-09
1.19099e-09
1.18656e-09
1.1822e-09
1.17791e-09
1.17369e-09
1.16954e-09
1.16548e-09
1.1615e-09
1.15764e-09
1.15391e-09
1.15033e-09
1.14694e-09
1.14378e-09
1.14089e-09
1.13832e-09
1.13616e-09
1.13449e-09
1.13349e-09
1.13339e-09
1.13456e-09
1.13757e-09
5.88634e-11
1.14597e-10
1.69667e-10
2.25879e-10
2.84516e-10
3.46567e-10
4.12826e-10
4.83923e-10
5.60319e-10
6.42312e-10
7.30025e-10
8.23394e-10
9.2214e-10
1.02575e-09
1.13344e-09
1.24414e-09
1.35648e-09
1.4688e-09
1.57918e-09
1.68548e-09
1.78545e-09
1.87685e-09
1.9576e-09
2.0259e-09
2.08032e-09
)
;
    }
    inlet
    {
        type            calculated;
        value           nonuniform List<scalar> 
16
(
-6.89232e-08
-7.60974e-08
-8.40184e-08
-9.27638e-08
-1.0242e-07
-1.1308e-07
-1.24851e-07
-1.37846e-07
-3.44616e-08
-3.80487e-08
-4.20092e-08
-4.63819e-08
-5.12098e-08
-5.65402e-08
-6.24254e-08
-6.89232e-08
)
;
    }
    outlet
    {
        type            calculated;
        value           nonuniform List<scalar> 
16
(
6.58654e-08
7.46793e-08
8.35034e-08
9.26631e-08
1.02473e-07
1.13174e-07
1.24942e-07
1.37927e-07
1.9664e-09
6.81934e-09
1.31345e-08
2.1029e-08
3.04221e-08
4.09243e-08
5.18852e-08
6.26591e-08
)
;
    }
    plate
    {
        type            calculated;
        value           uniform 0;
    }
    symmBound
    {
        type            calculated;
        value           nonuniform List<scalar> 
25
(
-2.264e-12
-5.78993e-12
-1.02627e-11
-1.56274e-11
-2.18694e-11
-2.90042e-11
-3.70685e-11
-4.61154e-11
-5.62134e-11
-6.74478e-11
-7.99242e-11
-9.37759e-11
-1.09175e-10
-1.26348e-10
-1.45605e-10
-1.67384e-10
-1.92319e-10
-2.21372e-10
-2.56073e-10
-2.99019e-10
-3.55033e-10
-4.34326e-10
-5.63265e-10
-8.35953e-10
-1.6146e-09
)
;
    }
    frontAndBack
    {
        type            empty;
        value           nonuniform 0();
    }
}


// ************************************************************************* //
