/*--------------------------------*- C++ -*----------------------------------*\
| =========                 |                                                 |
| \\      /  F ield         | OpenFOAM: The Open Source CFD Toolbox           |
|  \\    /   O peration     | Version:  2.3.0                                 |
|   \\  /    A nd           | Web:      www.OpenFOAM.org                      |
|    \\/     M anipulation  |                                                 |
\*---------------------------------------------------------------------------*/
FoamFile
{
    version     2.0;
    format      ascii;
    class       volVectorField;
    location    "0.8";
    object      U;
}
// * * * * * * * * * * * * * * * * * * * * * * * * * * * * * * * * * * * * * //

dimensions      [0 1 -1 0 0 0 0];

internalField   nonuniform List<vector> 
2000
(
(0.170376 0.00604952 0)
(0.153676 0.00611303 0)
(0.137623 0.005684 0)
(0.122421 0.00507065 0)
(0.108486 0.00439117 0)
(0.0959939 0.00370054 0)
(0.0849616 0.00303743 0)
(0.0753561 0.00242899 0)
(0.0671192 0.00189201 0)
(0.0601605 0.00143512 0)
(0.0543586 0.00106028 0)
(0.0495716 0.000763742 0)
(0.0456494 0.000537451 0)
(0.0424446 0.000370821 0)
(0.0398204 0.00025246 0)
(0.037656 0.000171478 0)
(0.0358495 0.000118281 0)
(0.0343182 8.49051e-05 0)
(0.0329972 6.50619e-05 0)
(0.0318374 5.40026e-05 0)
(0.0308022 4.83029e-05 0)
(0.0298652 4.56149e-05 0)
(0.0290075 4.44182e-05 0)
(0.0282157 4.37955e-05 0)
(0.0274801 4.32433e-05 0)
(0.0267935 4.25248e-05 0)
(0.0261508 4.15628e-05 0)
(0.0255475 4.03664e-05 0)
(0.0249803 3.89842e-05 0)
(0.024446 3.74767e-05 0)
(0.0239422 3.59018e-05 0)
(0.0234662 3.43083e-05 0)
(0.023016 3.27332e-05 0)
(0.0225894 3.12032e-05 0)
(0.0221847 2.97354e-05 0)
(0.0218 2.83402e-05 0)
(0.0214339 2.70224e-05 0)
(0.021085 2.57832e-05 0)
(0.0207518 2.46211e-05 0)
(0.0204333 2.35332e-05 0)
(0.0201283 2.25155e-05 0)
(0.0198359 2.15636e-05 0)
(0.0195552 2.06728e-05 0)
(0.0192854 1.98388e-05 0)
(0.0190258 1.9057e-05 0)
(0.0187757 1.83235e-05 0)
(0.0185344 1.76343e-05 0)
(0.0183015 1.69859e-05 0)
(0.0180764 1.63752e-05 0)
(0.0178587 1.57991e-05 0)
(0.0176479 1.52549e-05 0)
(0.0174436 1.47402e-05 0)
(0.0172455 1.42527e-05 0)
(0.0170533 1.37903e-05 0)
(0.0168666 1.33513e-05 0)
(0.0166851 1.29339e-05 0)
(0.0165086 1.25366e-05 0)
(0.0163369 1.21578e-05 0)
(0.0161696 1.17965e-05 0)
(0.0160067 1.14512e-05 0)
(0.0158479 1.1121e-05 0)
(0.0156929 1.08049e-05 0)
(0.0155417 1.05019e-05 0)
(0.0153942 1.02112e-05 0)
(0.01525 9.93211e-06 0)
(0.0151092 9.66382e-06 0)
(0.0149715 9.40573e-06 0)
(0.0148369 9.15724e-06 0)
(0.0147052 8.91779e-06 0)
(0.0145763 8.68691e-06 0)
(0.0144502 8.46415e-06 0)
(0.0143267 8.2491e-06 0)
(0.0142058 8.0414e-06 0)
(0.0140873 7.84072e-06 0)
(0.0139712 7.64676e-06 0)
(0.0138574 7.45927e-06 0)
(0.0137459 7.278e-06 0)
(0.0136365 7.10279e-06 0)
(0.0135293 6.93346e-06 0)
(0.0134241 6.76988e-06 0)
(0.0133208 6.61195e-06 0)
(0.0132195 6.45964e-06 0)
(0.0131201 6.31292e-06 0)
(0.0130225 6.17178e-06 0)
(0.0129266 6.03632e-06 0)
(0.0128324 5.90666e-06 0)
(0.0127398 5.78287e-06 0)
(0.0126488 5.66532e-06 0)
(0.0125593 5.55428e-06 0)
(0.0124712 5.45019e-06 0)
(0.0123845 5.35377e-06 0)
(0.012299 5.266e-06 0)
(0.0122147 5.18846e-06 0)
(0.0121314 5.12397e-06 0)
(0.012049 5.0781e-06 0)
(0.0119671 5.06391e-06 0)
(0.0118853 5.11619e-06 0)
(0.0118024 5.2016e-06 0)
(0.0117279 5.55368e-06 0)
(0.0115036 3.0453e-05 0)
(0.189593 0.00957239 0)
(0.187387 0.010108 0)
(0.183616 0.00990719 0)
(0.178618 0.00942144 0)
(0.172872 0.00878929 0)
(0.166716 0.00805887 0)
(0.160366 0.00727037 0)
(0.153986 0.00646112 0)
(0.147708 0.00566281 0)
(0.14163 0.00490165 0)
(0.135821 0.00419829 0)
(0.130322 0.00356699 0)
(0.125153 0.00301534 0)
(0.120319 0.00254473 0)
(0.115816 0.00215148 0)
(0.111631 0.00182836 0)
(0.107745 0.00156609 0)
(0.10414 0.00135471 0)
(0.100793 0.00118462 0)
(0.0976844 0.00104721 0)
(0.0947928 0.000935198 0)
(0.0920995 0.000842715 0)
(0.0895867 0.000765194 0)
(0.0872384 0.000699183 0)
(0.0850399 0.00064213 0)
(0.082978 0.000592176 0)
(0.081041 0.00054797 0)
(0.0792181 0.000508527 0)
(0.0774997 0.000473115 0)
(0.0758773 0.000441179 0)
(0.0743429 0.000412279 0)
(0.0728896 0.00038606 0)
(0.0715111 0.000362222 0)
(0.0702014 0.00034051 0)
(0.0689554 0.000320698 0)
(0.0677684 0.000302585 0)
(0.0666359 0.000285996 0)
(0.0655541 0.000270772 0)
(0.0645193 0.000256773 0)
(0.0635284 0.000243873 0)
(0.0625782 0.00023196 0)
(0.0616661 0.000220936 0)
(0.0607896 0.000210713 0)
(0.0599464 0.000201215 0)
(0.0591344 0.000192372 0)
(0.0583516 0.000184123 0)
(0.0575963 0.000176415 0)
(0.056867 0.0001692 0)
(0.0561619 0.000162435 0)
(0.0554799 0.000156082 0)
(0.0548195 0.000150108 0)
(0.0541796 0.00014448 0)
(0.0535591 0.000139173 0)
(0.0529571 0.00013416 0)
(0.0523724 0.000129421 0)
(0.0518043 0.000124933 0)
(0.0512519 0.000120679 0)
(0.0507144 0.000116642 0)
(0.0501913 0.000112806 0)
(0.0496817 0.000109157 0)
(0.049185 0.000105681 0)
(0.0487008 0.000102368 0)
(0.0482285 9.92062e-05 0)
(0.0477675 9.61851e-05 0)
(0.0473174 9.32958e-05 0)
(0.0468777 9.05298e-05 0)
(0.0464481 8.78792e-05 0)
(0.0460281 8.53368e-05 0)
(0.0456174 8.28958e-05 0)
(0.0452157 8.05503e-05 0)
(0.0448226 7.82945e-05 0)
(0.0444379 7.61234e-05 0)
(0.0440613 7.40321e-05 0)
(0.0436924 7.20163e-05 0)
(0.0433311 7.00721e-05 0)
(0.0429771 6.81959e-05 0)
(0.0426302 6.63844e-05 0)
(0.0422902 6.46346e-05 0)
(0.0419569 6.2944e-05 0)
(0.0416302 6.13102e-05 0)
(0.0413097 5.97313e-05 0)
(0.0409953 5.82056e-05 0)
(0.040687 5.67318e-05 0)
(0.0403844 5.53087e-05 0)
(0.0400875 5.39358e-05 0)
(0.0397961 5.26128e-05 0)
(0.03951 5.13396e-05 0)
(0.039229 5.01172e-05 0)
(0.038953 4.89466e-05 0)
(0.0386818 4.78299e-05 0)
(0.0384152 4.67705e-05 0)
(0.038153 4.57736e-05 0)
(0.0378949 4.48479e-05 0)
(0.0376406 4.40092e-05 0)
(0.0373898 4.32896e-05 0)
(0.0371418 4.27646e-05 0)
(0.0368956 4.26262e-05 0)
(0.0366486 4.33613e-05 0)
(0.0364109 4.9877e-05 0)
(0.0359517 0.000110406 0)
(0.192592 0.00910133 0)
(0.193395 0.0100699 0)
(0.193648 0.0104407 0)
(0.193186 0.010485 0)
(0.192097 0.0102964 0)
(0.190478 0.00991122 0)
(0.188405 0.00937356 0)
(0.185951 0.00873372 0)
(0.183198 0.00803857 0)
(0.180226 0.00732829 0)
(0.177106 0.00663532 0)
(0.173897 0.00598351 0)
(0.17065 0.00538794 0)
(0.167403 0.00485575 0)
(0.164184 0.00438767 0)
(0.161016 0.00398002 0)
(0.157912 0.00362647 0)
(0.154881 0.00331962 0)
(0.151929 0.00305207 0)
(0.149059 0.00281712 0)
(0.146271 0.00260907 0)
(0.143568 0.00242325 0)
(0.140946 0.00225599 0)
(0.138407 0.00210442 0)
(0.135948 0.00196632 0)
(0.133568 0.00183997 0)
(0.131266 0.00172404 0)
(0.129039 0.00161742 0)
(0.126886 0.00151922 0)
(0.124806 0.00142868 0)
(0.122795 0.00134513 0)
(0.120851 0.00126797 0)
(0.118974 0.00119668 0)
(0.117159 0.00113075 0)
(0.115406 0.00106975 0)
(0.113711 0.00101326 0)
(0.112074 0.000960894 0)
(0.11049 0.000912313 0)
(0.108958 0.000867194 0)
(0.107476 0.000825247 0)
(0.106043 0.000786205 0)
(0.104654 0.000749823 0)
(0.10331 0.000715882 0)
(0.102007 0.000684179 0)
(0.100744 0.000654532 0)
(0.0995188 0.000626772 0)
(0.0983303 0.000600749 0)
(0.0971765 0.000576325 0)
(0.0960559 0.000553374 0)
(0.094967 0.000531782 0)
(0.0939083 0.000511444 0)
(0.0928786 0.000492266 0)
(0.0918765 0.00047416 0)
(0.0909009 0.000457048 0)
(0.0899505 0.000440856 0)
(0.0890244 0.000425518 0)
(0.0881215 0.000410973 0)
(0.0872408 0.000397164 0)
(0.0863815 0.000384041 0)
(0.0855426 0.000371556 0)
(0.0847233 0.000359665 0)
(0.0839229 0.000348328 0)
(0.0831407 0.000337508 0)
(0.0823759 0.000327171 0)
(0.0816279 0.000317286 0)
(0.0808962 0.000307823 0)
(0.0801801 0.000298756 0)
(0.079479 0.000290059 0)
(0.0787926 0.000281711 0)
(0.0781203 0.00027369 0)
(0.0774616 0.000265976 0)
(0.0768162 0.000258552 0)
(0.0761835 0.000251401 0)
(0.0755633 0.000244507 0)
(0.0749552 0.000237857 0)
(0.0743589 0.000231438 0)
(0.0737739 0.000225237 0)
(0.0732001 0.000219245 0)
(0.0726371 0.000213451 0)
(0.0720846 0.000207848 0)
(0.0715424 0.000202426 0)
(0.0710102 0.00019718 0)
(0.0704878 0.000192104 0)
(0.069975 0.000187193 0)
(0.0694714 0.000182443 0)
(0.068977 0.000177853 0)
(0.0684914 0.00017342 0)
(0.0680144 0.000169145 0)
(0.0675458 0.00016503 0)
(0.0670854 0.00016108 0)
(0.0666328 0.000157301 0)
(0.0661879 0.000153706 0)
(0.0657502 0.000150317 0)
(0.0653194 0.000147172 0)
(0.064895 0.000144351 0)
(0.0644762 0.000142042 0)
(0.0640618 0.000140733 0)
(0.063649 0.000142145 0)
(0.0632429 0.000157821 0)
(0.0626332 0.000233791 0)
(0.193704 0.00839515 0)
(0.194754 0.00942667 0)
(0.195767 0.0100039 0)
(0.196538 0.0102777 0)
(0.19703 0.010323 0)
(0.197244 0.0101707 0)
(0.197168 0.0098548 0)
(0.196799 0.0094163 0)
(0.19615 0.00889633 0)
(0.19525 0.00833198 0)
(0.194131 0.00775491 0)
(0.19283 0.00719028 0)
(0.191382 0.00665608 0)
(0.189819 0.00616333 0)
(0.188171 0.00571702 0)
(0.18646 0.00531757 0)
(0.184706 0.00496232 0)
(0.182922 0.0046468 0)
(0.18112 0.00436586 0)
(0.179307 0.00411432 0)
(0.17749 0.00388744 0)
(0.175673 0.00368113 0)
(0.17386 0.00349202 0)
(0.172054 0.0033174 0)
(0.170257 0.00315517 0)
(0.168472 0.00300369 0)
(0.1667 0.0028617 0)
(0.164943 0.00272823 0)
(0.163204 0.00260253 0)
(0.161484 0.00248398 0)
(0.159783 0.00237206 0)
(0.158103 0.00226634 0)
(0.156446 0.00216644 0)
(0.154812 0.00207201 0)
(0.153201 0.00198272 0)
(0.151615 0.00189828 0)
(0.150053 0.0018184 0)
(0.148517 0.00174283 0)
(0.147006 0.00167131 0)
(0.14552 0.00160361 0)
(0.144059 0.0015395 0)
(0.142624 0.00147878 0)
(0.141215 0.00142124 0)
(0.13983 0.0013667 0)
(0.138471 0.00131499 0)
(0.137136 0.00126592 0)
(0.135825 0.00121936 0)
(0.134538 0.00117515 0)
(0.133275 0.00113315 0)
(0.132035 0.00109323 0)
(0.130818 0.00105526 0)
(0.129623 0.00101915 0)
(0.128451 0.000984762 0)
(0.127299 0.000952009 0)
(0.126169 0.00092079 0)
(0.125059 0.000891016 0)
(0.123969 0.000862601 0)
(0.122898 0.000835465 0)
(0.121847 0.000809533 0)
(0.120815 0.000784735 0)
(0.119801 0.000761003 0)
(0.118804 0.000738276 0)
(0.117825 0.000716496 0)
(0.116863 0.000695607 0)
(0.115918 0.000675558 0)
(0.114989 0.000656302 0)
(0.114076 0.000637792 0)
(0.113178 0.000619987 0)
(0.112295 0.000602848 0)
(0.111427 0.000586336 0)
(0.110574 0.000570418 0)
(0.109734 0.000555062 0)
(0.108909 0.000540236 0)
(0.108097 0.000525914 0)
(0.107298 0.000512069 0)
(0.106512 0.000498677 0)
(0.105739 0.000485715 0)
(0.104979 0.000473163 0)
(0.104231 0.000461003 0)
(0.103495 0.000449217 0)
(0.10277 0.000437789 0)
(0.102058 0.000426708 0)
(0.101357 0.000415959 0)
(0.100667 0.000405535 0)
(0.0999879 0.000395426 0)
(0.0993199 0.000385626 0)
(0.0986625 0.000376133 0)
(0.0980156 0.000366945 0)
(0.097379 0.000358064 0)
(0.0967524 0.000349496 0)
(0.0961355 0.000341253 0)
(0.0955282 0.000333356 0)
(0.0949302 0.000325841 0)
(0.094341 0.000318772 0)
(0.0937602 0.000312284 0)
(0.0931871 0.000306686 0)
(0.0926204 0.000302807 0)
(0.0920584 0.000303555 0)
(0.091505 0.00032239 0)
(0.0907832 0.000391568 0)
(0.194559 0.00783961 0)
(0.195414 0.00877187 0)
(0.196368 0.00936358 0)
(0.197271 0.00969615 0)
(0.198074 0.00983099 0)
(0.19876 0.0097973 0)
(0.199304 0.00961969 0)
(0.199684 0.00932783 0)
(0.199888 0.00895318 0)
(0.199916 0.00852555 0)
(0.199778 0.00807154 0)
(0.199488 0.00761349 0)
(0.199065 0.00716858 0)
(0.198529 0.00674857 0)
(0.197897 0.00636022 0)
(0.197188 0.00600617 0)
(0.196416 0.00568604 0)
(0.195592 0.00539747 0)
(0.194726 0.00513705 0)
(0.193825 0.00490103 0)
(0.192894 0.00468573 0)
(0.191938 0.00448786 0)
(0.190958 0.00430464 0)
(0.189958 0.00413378 0)
(0.188941 0.00397347 0)
(0.187907 0.00382233 0)
(0.186858 0.00367928 0)
(0.185797 0.00354348 0)
(0.184724 0.00341431 0)
(0.183642 0.00329126 0)
(0.182551 0.0031739 0)
(0.181454 0.00306189 0)
(0.18035 0.00295493 0)
(0.179242 0.00285274 0)
(0.178131 0.00275508 0)
(0.177017 0.00266171 0)
(0.175902 0.00257241 0)
(0.174786 0.00248698 0)
(0.173672 0.00240522 0)
(0.172558 0.00232696 0)
(0.171446 0.00225201 0)
(0.170337 0.0021802 0)
(0.169231 0.00211139 0)
(0.16813 0.00204543 0)
(0.167032 0.00198217 0)
(0.16594 0.00192149 0)
(0.164853 0.00186325 0)
(0.163771 0.00180734 0)
(0.162696 0.00175365 0)
(0.161628 0.00170208 0)
(0.160566 0.00165251 0)
(0.159511 0.00160486 0)
(0.158464 0.00155904 0)
(0.157424 0.00151495 0)
(0.156392 0.00147253 0)
(0.155368 0.00143168 0)
(0.154352 0.00139233 0)
(0.153344 0.00135442 0)
(0.152345 0.00131787 0)
(0.151354 0.00128262 0)
(0.150372 0.00124861 0)
(0.149399 0.00121579 0)
(0.148434 0.00118408 0)
(0.147479 0.00115345 0)
(0.146532 0.00112385 0)
(0.145594 0.00109521 0)
(0.144665 0.00106751 0)
(0.143746 0.00104068 0)
(0.142835 0.00101471 0)
(0.141933 0.00098953 0)
(0.141041 0.00096512 0)
(0.140158 0.000941441 0)
(0.139284 0.000918459 0)
(0.138418 0.000896144 0)
(0.137563 0.000874465 0)
(0.136716 0.000853395 0)
(0.135878 0.000832907 0)
(0.13505 0.000812979 0)
(0.13423 0.000793586 0)
(0.13342 0.00077471 0)
(0.132619 0.000756332 0)
(0.131827 0.000738435 0)
(0.131044 0.000721005 0)
(0.130271 0.000704031 0)
(0.129506 0.000687503 0)
(0.12875 0.000671415 0)
(0.128004 0.000655763 0)
(0.127266 0.000640547 0)
(0.126537 0.000625772 0)
(0.125817 0.000611449 0)
(0.125106 0.000597595 0)
(0.124403 0.000584242 0)
(0.123709 0.00057144 0)
(0.123023 0.000559285 0)
(0.122345 0.00054796 0)
(0.121674 0.000537885 0)
(0.12101 0.000530141 0)
(0.120352 0.000528102 0)
(0.119708 0.00054272 0)
(0.118925 0.00058824 0)
(0.195316 0.0073602 0)
(0.195974 0.00815776 0)
(0.19675 0.00871394 0)
(0.197542 0.00906093 0)
(0.198302 0.00923862 0)
(0.199009 0.00927117 0)
(0.199641 0.00917795 0)
(0.200179 0.00898154 0)
(0.200609 0.00870685 0)
(0.200927 0.00837826 0)
(0.201133 0.008018 0)
(0.201233 0.00764519 0)
(0.201237 0.00727514 0)
(0.201156 0.00691901 0)
(0.201004 0.00658394 0)
(0.20079 0.00627367 0)
(0.200527 0.00598924 0)
(0.200221 0.00572982 0)
(0.199881 0.00549343 0)
(0.199512 0.00527754 0)
(0.199117 0.00507945 0)
(0.198699 0.00489663 0)
(0.19826 0.00472681 0)
(0.197803 0.00456806 0)
(0.197327 0.0044188 0)
(0.196834 0.00427778 0)
(0.196325 0.004144 0)
(0.1958 0.00401666 0)
(0.19526 0.00389515 0)
(0.194705 0.00377899 0)
(0.194137 0.00366777 0)
(0.193555 0.00356117 0)
(0.192961 0.00345891 0)
(0.192354 0.00336073 0)
(0.191736 0.00326643 0)
(0.191107 0.00317581 0)
(0.190468 0.00308867 0)
(0.189819 0.00300484 0)
(0.189161 0.00292418 0)
(0.188494 0.00284651 0)
(0.187818 0.0027717 0)
(0.187135 0.00269962 0)
(0.186444 0.00263013 0)
(0.185746 0.00256311 0)
(0.185042 0.00249844 0)
(0.184332 0.00243602 0)
(0.183616 0.00237575 0)
(0.182895 0.00231752 0)
(0.182168 0.00226124 0)
(0.181438 0.00220682 0)
(0.180702 0.00215419 0)
(0.179963 0.00210325 0)
(0.179221 0.00205393 0)
(0.178475 0.00200616 0)
(0.177726 0.00195987 0)
(0.176975 0.001915 0)
(0.176221 0.00187148 0)
(0.175466 0.00182925 0)
(0.174709 0.00178826 0)
(0.17395 0.00174845 0)
(0.17319 0.00170977 0)
(0.172429 0.00167217 0)
(0.171668 0.0016356 0)
(0.170906 0.00160002 0)
(0.170144 0.00156539 0)
(0.169382 0.00153166 0)
(0.168621 0.0014988 0)
(0.16786 0.00146677 0)
(0.1671 0.00143554 0)
(0.166341 0.00140506 0)
(0.165583 0.00137532 0)
(0.164827 0.00134627 0)
(0.164072 0.00131789 0)
(0.16332 0.00129016 0)
(0.162569 0.00126305 0)
(0.161821 0.00123653 0)
(0.161076 0.00121059 0)
(0.160333 0.00118519 0)
(0.159592 0.00116034 0)
(0.158855 0.001136 0)
(0.158122 0.00111216 0)
(0.157391 0.00108881 0)
(0.156665 0.00106595 0)
(0.155942 0.00104355 0)
(0.155223 0.00102162 0)
(0.154508 0.00100016 0)
(0.153797 0.000979169 0)
(0.153091 0.000958648 0)
(0.152389 0.000938612 0)
(0.151691 0.000919081 0)
(0.150998 0.000900083 0)
(0.15031 0.000881662 0)
(0.149626 0.000863889 0)
(0.148947 0.000846882 0)
(0.148273 0.000830865 0)
(0.147603 0.000816308 0)
(0.146937 0.000804314 0)
(0.146278 0.000797687 0)
(0.145633 0.000802375 0)
(0.144873 0.00081589 0)
(0.195995 0.00695247 0)
(0.196503 0.007623 0)
(0.197116 0.00812705 0)
(0.197769 0.00846811 0)
(0.198419 0.00866637 0)
(0.199042 0.00873936 0)
(0.199619 0.00870257 0)
(0.200134 0.00857366 0)
(0.200577 0.00837235 0)
(0.20094 0.00811847 0)
(0.201224 0.00783048 0)
(0.201432 0.00752456 0)
(0.20157 0.00721408 0)
(0.201645 0.00690926 0)
(0.201667 0.00661723 0)
(0.201643 0.00634231 0)
(0.201584 0.00608656 0)
(0.201494 0.00585032 0)
(0.20138 0.00563279 0)
(0.201247 0.00543247 0)
(0.201097 0.00524756 0)
(0.200933 0.00507621 0)
(0.200757 0.00491664 0)
(0.20057 0.00476731 0)
(0.200373 0.00462686 0)
(0.200166 0.00449418 0)
(0.199949 0.00436837 0)
(0.199723 0.0042487 0)
(0.199487 0.00413457 0)
(0.199243 0.00402551 0)
(0.198989 0.00392113 0)
(0.198727 0.00382109 0)
(0.198456 0.00372513 0)
(0.198176 0.003633 0)
(0.197887 0.00354449 0)
(0.197589 0.00345938 0)
(0.197283 0.00337752 0)
(0.196969 0.00329872 0)
(0.196646 0.00322283 0)
(0.196315 0.00314971 0)
(0.195975 0.00307921 0)
(0.195628 0.00301119 0)
(0.195272 0.00294554 0)
(0.194909 0.00288214 0)
(0.194538 0.00282087 0)
(0.194159 0.00276164 0)
(0.193772 0.00270432 0)
(0.193379 0.00264885 0)
(0.192977 0.00259511 0)
(0.192569 0.00254303 0)
(0.192153 0.00249253 0)
(0.19173 0.00244353 0)
(0.191301 0.00239596 0)
(0.190864 0.00234974 0)
(0.190421 0.00230482 0)
(0.189972 0.00226113 0)
(0.189516 0.00221861 0)
(0.189054 0.00217721 0)
(0.188586 0.00213686 0)
(0.188113 0.00209753 0)
(0.187633 0.00205916 0)
(0.187148 0.00202171 0)
(0.186658 0.00198513 0)
(0.186162 0.00194938 0)
(0.185661 0.00191443 0)
(0.185156 0.00188023 0)
(0.184645 0.00184675 0)
(0.18413 0.00181395 0)
(0.183611 0.00178181 0)
(0.183088 0.00175029 0)
(0.182561 0.00171937 0)
(0.182029 0.00168902 0)
(0.181495 0.00165921 0)
(0.180957 0.00162991 0)
(0.180415 0.00160112 0)
(0.179871 0.0015728 0)
(0.179324 0.00154494 0)
(0.178774 0.00151752 0)
(0.178222 0.00149053 0)
(0.177668 0.00146395 0)
(0.177112 0.00143778 0)
(0.176553 0.001412 0)
(0.175994 0.00138661 0)
(0.175433 0.0013616 0)
(0.17487 0.00133699 0)
(0.174307 0.00131276 0)
(0.173743 0.00128893 0)
(0.173178 0.00126551 0)
(0.172612 0.00124252 0)
(0.172046 0.00122 0)
(0.17148 0.00119797 0)
(0.170914 0.0011765 0)
(0.170348 0.00115568 0)
(0.169782 0.00113562 0)
(0.169216 0.00111658 0)
(0.168651 0.00109897 0)
(0.168086 0.00108363 0)
(0.167526 0.00107204 0)
(0.166978 0.00106489 0)
(0.166333 0.00104882 0)
(0.196604 0.0066029 0)
(0.197 0.00716232 0)
(0.197481 0.00760682 0)
(0.198006 0.00792797 0)
(0.198544 0.00813279 0)
(0.199069 0.00823204 0)
(0.199566 0.00823722 0)
(0.200019 0.00816156 0)
(0.200419 0.00802009 0)
(0.200761 0.00782839 0)
(0.201042 0.00760139 0)
(0.201264 0.00735255 0)
(0.201431 0.00709334 0)
(0.201548 0.00683295 0)
(0.201622 0.00657823 0)
(0.201661 0.0063338 0)
(0.20167 0.00610242 0)
(0.201655 0.00588532 0)
(0.201622 0.00568268 0)
(0.201575 0.00549392 0)
(0.201516 0.00531806 0)
(0.201448 0.00515392 0)
(0.201373 0.00500026 0)
(0.201293 0.00485595 0)
(0.201207 0.00471994 0)
(0.201118 0.00459133 0)
(0.201024 0.00446936 0)
(0.200927 0.00435339 0)
(0.200826 0.0042429 0)
(0.200722 0.00413744 0)
(0.200614 0.00403663 0)
(0.200502 0.00394018 0)
(0.200387 0.0038478 0)
(0.200268 0.00375926 0)
(0.200145 0.00367433 0)
(0.200018 0.00359282 0)
(0.199888 0.00351455 0)
(0.199753 0.00343934 0)
(0.199614 0.00336703 0)
(0.199471 0.00329749 0)
(0.199324 0.00323055 0)
(0.199172 0.00316609 0)
(0.199016 0.00310397 0)
(0.198855 0.00304408 0)
(0.19869 0.0029863 0)
(0.198519 0.00293052 0)
(0.198344 0.00287663 0)
(0.198164 0.00282453 0)
(0.197978 0.00277414 0)
(0.197788 0.00272536 0)
(0.197593 0.0026781 0)
(0.197392 0.00263229 0)
(0.197186 0.00258785 0)
(0.196975 0.0025447 0)
(0.196758 0.00250278 0)
(0.196536 0.00246202 0)
(0.196309 0.00242235 0)
(0.196076 0.00238372 0)
(0.195838 0.00234608 0)
(0.195594 0.00230936 0)
(0.195345 0.00227352 0)
(0.19509 0.00223851 0)
(0.19483 0.00220427 0)
(0.194564 0.00217078 0)
(0.194294 0.00213798 0)
(0.194017 0.00210584 0)
(0.193736 0.00207431 0)
(0.193449 0.00204337 0)
(0.193157 0.00201298 0)
(0.192859 0.00198311 0)
(0.192557 0.00195373 0)
(0.192249 0.0019248 0)
(0.191936 0.00189632 0)
(0.191619 0.00186824 0)
(0.191296 0.00184055 0)
(0.190969 0.00181322 0)
(0.190637 0.00178624 0)
(0.190301 0.0017596 0)
(0.18996 0.00173327 0)
(0.189614 0.00170724 0)
(0.189264 0.00168151 0)
(0.188911 0.00165607 0)
(0.188553 0.0016309 0)
(0.188191 0.00160602 0)
(0.187825 0.00158142 0)
(0.187455 0.00155712 0)
(0.187082 0.00153311 0)
(0.186705 0.00150943 0)
(0.186325 0.00148609 0)
(0.185942 0.00146314 0)
(0.185555 0.00144061 0)
(0.185165 0.00141857 0)
(0.184772 0.00139711 0)
(0.184377 0.00137636 0)
(0.183978 0.00135653 0)
(0.183577 0.00133789 0)
(0.183175 0.00132083 0)
(0.182774 0.0013054 0)
(0.18238 0.00128866 0)
(0.181907 0.00125431 0)
(0.197122 0.00631083 0)
(0.197436 0.00678128 0)
(0.197815 0.00717043 0)
(0.198237 0.00746692 0)
(0.198677 0.00767053 0)
(0.199115 0.00778652 0)
(0.199535 0.00782255 0)
(0.199925 0.00778814 0)
(0.200276 0.00769444 0)
(0.200582 0.00755344 0)
(0.20084 0.00737702 0)
(0.201051 0.00717625 0)
(0.201218 0.00696087 0)
(0.201343 0.00673901 0)
(0.201432 0.00651705 0)
(0.201489 0.00629966 0)
(0.201521 0.00608999 0)
(0.201533 0.00588991 0)
(0.201527 0.00570032 0)
(0.201509 0.00552139 0)
(0.201481 0.00535281 0)
(0.201446 0.00519401 0)
(0.201405 0.00504426 0)
(0.20136 0.0049028 0)
(0.201312 0.00476891 0)
(0.201262 0.00464191 0)
(0.20121 0.00452122 0)
(0.201157 0.00440631 0)
(0.201103 0.00429674 0)
(0.201048 0.00419213 0)
(0.200992 0.00409216 0)
(0.200935 0.00399654 0)
(0.200878 0.00390501 0)
(0.200819 0.00381735 0)
(0.20076 0.00373336 0)
(0.2007 0.00365284 0)
(0.20064 0.00357562 0)
(0.200578 0.00350154 0)
(0.200515 0.00343043 0)
(0.200451 0.00336215 0)
(0.200385 0.00329656 0)
(0.200318 0.00323351 0)
(0.20025 0.00317289 0)
(0.20018 0.00311456 0)
(0.200108 0.00305842 0)
(0.200034 0.00300434 0)
(0.199959 0.00295221 0)
(0.199881 0.00290194 0)
(0.199801 0.00285343 0)
(0.199719 0.00280658 0)
(0.199634 0.00276131 0)
(0.199547 0.00271752 0)
(0.199457 0.00267515 0)
(0.199365 0.0026341 0)
(0.199269 0.00259431 0)
(0.199171 0.0025557 0)
(0.19907 0.00251821 0)
(0.198965 0.00248178 0)
(0.198858 0.00244635 0)
(0.198747 0.00241185 0)
(0.198632 0.00237823 0)
(0.198515 0.00234543 0)
(0.198393 0.00231342 0)
(0.198269 0.00228213 0)
(0.19814 0.00225153 0)
(0.198008 0.00222157 0)
(0.197872 0.00219221 0)
(0.197733 0.00216342 0)
(0.19759 0.00213514 0)
(0.197442 0.00210736 0)
(0.197291 0.00208003 0)
(0.197136 0.00205312 0)
(0.196977 0.00202661 0)
(0.196815 0.00200047 0)
(0.196648 0.00197468 0)
(0.196477 0.0019492 0)
(0.196302 0.00192402 0)
(0.196124 0.00189912 0)
(0.195941 0.00187448 0)
(0.195754 0.00185009 0)
(0.195564 0.00182594 0)
(0.195369 0.00180202 0)
(0.19517 0.00177832 0)
(0.194968 0.00175484 0)
(0.194762 0.00173159 0)
(0.194552 0.00170856 0)
(0.194338 0.00168579 0)
(0.19412 0.00166327 0)
(0.193898 0.00164105 0)
(0.193673 0.00161915 0)
(0.193444 0.00159763 0)
(0.193211 0.00157655 0)
(0.192974 0.00155599 0)
(0.192734 0.00153607 0)
(0.19249 0.00151691 0)
(0.192244 0.00149866 0)
(0.191994 0.00148126 0)
(0.191745 0.00146381 0)
(0.191497 0.00144214 0)
(0.191188 0.00140279 0)
(0.197581 0.00606473 0)
(0.197832 0.00646341 0)
(0.198133 0.00680261 0)
(0.19847 0.00707189 0)
(0.198826 0.00726789 0)
(0.199186 0.00739222 0)
(0.199535 0.00744941 0)
(0.199865 0.00744599 0)
(0.200165 0.00739001 0)
(0.200433 0.00729047 0)
(0.200663 0.00715662 0)
(0.200856 0.00699734 0)
(0.201012 0.00682072 0)
(0.201134 0.00663374 0)
(0.201225 0.00644217 0)
(0.201289 0.00625049 0)
(0.201331 0.00606199 0)
(0.201353 0.00587891 0)
(0.20136 0.00570265 0)
(0.201355 0.00553393 0)
(0.201341 0.00537302 0)
(0.20132 0.00521983 0)
(0.201293 0.00507409 0)
(0.201262 0.00493542 0)
(0.201229 0.00480339 0)
(0.201194 0.00467757 0)
(0.201157 0.00455756 0)
(0.20112 0.00444297 0)
(0.201083 0.00433347 0)
(0.201045 0.00422876 0)
(0.201008 0.00412857 0)
(0.200971 0.00403266 0)
(0.200934 0.00394082 0)
(0.200897 0.00385283 0)
(0.200861 0.00376852 0)
(0.200826 0.00368771 0)
(0.20079 0.00361024 0)
(0.200756 0.00353596 0)
(0.200721 0.00346471 0)
(0.200687 0.00339634 0)
(0.200653 0.00333073 0)
(0.200619 0.00326774 0)
(0.200585 0.00320725 0)
(0.200551 0.00314912 0)
(0.200517 0.00309325 0)
(0.200483 0.00303951 0)
(0.200449 0.00298781 0)
(0.200415 0.00293804 0)
(0.20038 0.00289009 0)
(0.200344 0.00284388 0)
(0.200308 0.00279931 0)
(0.200271 0.00275629 0)
(0.200234 0.00271474 0)
(0.200196 0.00267458 0)
(0.200156 0.00263574 0)
(0.200116 0.00259814 0)
(0.200075 0.00256171 0)
(0.200032 0.00252639 0)
(0.199989 0.0024921 0)
(0.199944 0.0024588 0)
(0.199897 0.00242641 0)
(0.199849 0.0023949 0)
(0.199799 0.00236419 0)
(0.199748 0.00233425 0)
(0.199695 0.00230503 0)
(0.199641 0.00227647 0)
(0.199584 0.00224854 0)
(0.199525 0.00222118 0)
(0.199465 0.00219438 0)
(0.199402 0.00216807 0)
(0.199338 0.00214224 0)
(0.199271 0.00211684 0)
(0.199202 0.00209184 0)
(0.199131 0.00206722 0)
(0.199057 0.00204295 0)
(0.198981 0.002019 0)
(0.198902 0.00199534 0)
(0.198822 0.00197196 0)
(0.198738 0.00194883 0)
(0.198652 0.00192595 0)
(0.198563 0.0019033 0)
(0.198472 0.00188086 0)
(0.198378 0.00185863 0)
(0.198282 0.00183662 0)
(0.198182 0.00181481 0)
(0.19808 0.00179322 0)
(0.197975 0.00177185 0)
(0.197867 0.00175074 0)
(0.197756 0.0017299 0)
(0.197643 0.00170937 0)
(0.197526 0.0016892 0)
(0.197407 0.00166945 0)
(0.197284 0.00165019 0)
(0.197158 0.0016315 0)
(0.19703 0.00161346 0)
(0.196899 0.00159607 0)
(0.196766 0.00157902 0)
(0.196631 0.00156112 0)
(0.196494 0.00153879 0)
(0.196314 0.00150367 0)
(0.198002 0.00584554 0)
(0.1982 0.00618553 0)
(0.198436 0.00648123 0)
(0.1987 0.00672412 0)
(0.198983 0.00690982 0)
(0.199272 0.00703775 0)
(0.199557 0.00711007 0)
(0.199828 0.00713087 0)
(0.20008 0.00710568 0)
(0.200307 0.007041 0)
(0.200506 0.00694378 0)
(0.200677 0.00682096 0)
(0.200818 0.00667909 0)
(0.200931 0.00652403 0)
(0.20102 0.00636085 0)
(0.201085 0.00619369 0)
(0.20113 0.00602583 0)
(0.201159 0.00585969 0)
(0.201173 0.00569701 0)
(0.201176 0.00553895 0)
(0.201171 0.00538619 0)
(0.201158 0.0052391 0)
(0.20114 0.0050978 0)
(0.201117 0.00496224 0)
(0.201092 0.00483229 0)
(0.201065 0.00470776 0)
(0.201037 0.00458842 0)
(0.201008 0.00447406 0)
(0.200979 0.00436444 0)
(0.200949 0.00425937 0)
(0.20092 0.00415864 0)
(0.200891 0.00406206 0)
(0.200862 0.00396946 0)
(0.200835 0.00388066 0)
(0.200807 0.00379551 0)
(0.200781 0.00371385 0)
(0.200755 0.00363554 0)
(0.20073 0.00356042 0)
(0.200706 0.00348837 0)
(0.200683 0.00341924 0)
(0.20066 0.0033529 0)
(0.200638 0.00328924 0)
(0.200617 0.00322811 0)
(0.200596 0.00316942 0)
(0.200576 0.00311303 0)
(0.200556 0.00305883 0)
(0.200537 0.00300673 0)
(0.200518 0.00295661 0)
(0.200499 0.00290839 0)
(0.200481 0.00286195 0)
(0.200463 0.00281721 0)
(0.200446 0.00277409 0)
(0.200428 0.00273249 0)
(0.200411 0.00269234 0)
(0.200394 0.00265355 0)
(0.200376 0.00261606 0)
(0.200359 0.0025798 0)
(0.200341 0.00254468 0)
(0.200323 0.00251066 0)
(0.200305 0.00247767 0)
(0.200287 0.00244564 0)
(0.200269 0.00241453 0)
(0.20025 0.00238427 0)
(0.20023 0.00235481 0)
(0.20021 0.00232611 0)
(0.20019 0.00229812 0)
(0.200169 0.00227079 0)
(0.200147 0.00224407 0)
(0.200125 0.00221794 0)
(0.200101 0.00219234 0)
(0.200078 0.00216724 0)
(0.200053 0.00214261 0)
(0.200027 0.00211842 0)
(0.2 0.00209462 0)
(0.199973 0.0020712 0)
(0.199944 0.00204812 0)
(0.199914 0.00202537 0)
(0.199884 0.00200291 0)
(0.199852 0.00198073 0)
(0.199818 0.00195881 0)
(0.199784 0.00193715 0)
(0.199748 0.00191572 0)
(0.199711 0.00189451 0)
(0.199672 0.00187354 0)
(0.199632 0.00185279 0)
(0.19959 0.00183228 0)
(0.199547 0.00181201 0)
(0.199503 0.001792 0)
(0.199456 0.00177229 0)
(0.199408 0.0017529 0)
(0.199358 0.00173389 0)
(0.199306 0.00171529 0)
(0.199253 0.00169718 0)
(0.199197 0.00167962 0)
(0.19914 0.00166263 0)
(0.199081 0.00164613 0)
(0.199021 0.00162978 0)
(0.198958 0.00161257 0)
(0.198893 0.0015923 0)
(0.198799 0.00156556 0)
(0.198391 0.00565445 0)
(0.198545 0.0059471 0)
(0.198725 0.00620592 0)
(0.198928 0.00642435 0)
(0.199146 0.00659814 0)
(0.199372 0.00672566 0)
(0.199596 0.00680751 0)
(0.199813 0.00684598 0)
(0.200017 0.00684466 0)
(0.200203 0.00680805 0)
(0.200369 0.00674121 0)
(0.200514 0.0066494 0)
(0.200637 0.00653778 0)
(0.200737 0.00641115 0)
(0.200818 0.00627385 0)
(0.20088 0.00612959 0)
(0.200925 0.00598146 0)
(0.200956 0.00583194 0)
(0.200975 0.00568295 0)
(0.200984 0.00553592 0)
(0.200984 0.00539187 0)
(0.200978 0.00525149 0)
(0.200967 0.00511525 0)
(0.200951 0.00498339 0)
(0.200933 0.00485604 0)
(0.200913 0.00473324 0)
(0.200891 0.00461496 0)
(0.200868 0.00450112 0)
(0.200844 0.00439162 0)
(0.200821 0.00428636 0)
(0.200797 0.0041852 0)
(0.200774 0.00408803 0)
(0.200751 0.0039947 0)
(0.200728 0.0039051 0)
(0.200706 0.00381908 0)
(0.200685 0.00373652 0)
(0.200665 0.00365729 0)
(0.200645 0.00358125 0)
(0.200626 0.00350829 0)
(0.200607 0.00343826 0)
(0.20059 0.00337106 0)
(0.200573 0.00330655 0)
(0.200557 0.00324462 0)
(0.200541 0.00318516 0)
(0.200526 0.00312804 0)
(0.200512 0.00307317 0)
(0.200499 0.00302042 0)
(0.200486 0.00296971 0)
(0.200473 0.00292093 0)
(0.200461 0.00287398 0)
(0.20045 0.00282878 0)
(0.200439 0.00278523 0)
(0.200429 0.00274325 0)
(0.200418 0.00270275 0)
(0.200409 0.00266367 0)
(0.200399 0.00262592 0)
(0.20039 0.00258942 0)
(0.200381 0.00255412 0)
(0.200372 0.00251995 0)
(0.200364 0.00248684 0)
(0.200355 0.00245473 0)
(0.200347 0.00242356 0)
(0.200339 0.00239329 0)
(0.200331 0.00236384 0)
(0.200323 0.00233519 0)
(0.200315 0.00230727 0)
(0.200307 0.00228003 0)
(0.200299 0.00225345 0)
(0.20029 0.00222747 0)
(0.200282 0.00220206 0)
(0.200274 0.00217717 0)
(0.200265 0.00215277 0)
(0.200256 0.00212883 0)
(0.200247 0.00210532 0)
(0.200238 0.00208221 0)
(0.200228 0.00205946 0)
(0.200218 0.00203707 0)
(0.200208 0.00201499 0)
(0.200197 0.00199322 0)
(0.200186 0.00197173 0)
(0.200175 0.00195051 0)
(0.200163 0.00192955 0)
(0.20015 0.00190885 0)
(0.200137 0.0018884 0)
(0.200123 0.0018682 0)
(0.200109 0.00184826 0)
(0.200094 0.00182859 0)
(0.200078 0.00180921 0)
(0.200061 0.00179014 0)
(0.200044 0.00177143 0)
(0.200026 0.00175311 0)
(0.200007 0.00173523 0)
(0.199987 0.00171784 0)
(0.199966 0.00170099 0)
(0.199944 0.00168469 0)
(0.199921 0.00166886 0)
(0.199897 0.00165326 0)
(0.199871 0.0016373 0)
(0.199842 0.00162012 0)
(0.199797 0.00160149 0)
(0.198755 0.00549137 0)
(0.198869 0.00574671 0)
(0.199002 0.00597545 0)
(0.199152 0.00617266 0)
(0.199314 0.00633466 0)
(0.199482 0.00645946 0)
(0.199651 0.00654674 0)
(0.199817 0.00659757 0)
(0.199974 0.0066141 0)
(0.200119 0.00659933 0)
(0.200251 0.00655683 0)
(0.200367 0.00649047 0)
(0.200468 0.00640425 0)
(0.200552 0.00630202 0)
(0.200621 0.00618741 0)
(0.200676 0.00606366 0)
(0.200717 0.00593361 0)
(0.200748 0.00579967 0)
(0.200768 0.00566381 0)
(0.200779 0.00552763 0)
(0.200784 0.00539236 0)
(0.200782 0.00525897 0)
(0.200776 0.00512814 0)
(0.200767 0.0050004 0)
(0.200755 0.00487608 0)
(0.20074 0.00475543 0)
(0.200724 0.00463857 0)
(0.200707 0.0045256 0)
(0.20069 0.00441652 0)
(0.200672 0.00431133 0)
(0.200653 0.00420997 0)
(0.200635 0.00411239 0)
(0.200618 0.00401851 0)
(0.2006 0.00392823 0)
(0.200583 0.00384145 0)
(0.200566 0.00375807 0)
(0.20055 0.00367798 0)
(0.200535 0.00360106 0)
(0.20052 0.00352721 0)
(0.200506 0.0034563 0)
(0.200492 0.00338822 0)
(0.200479 0.00332286 0)
(0.200466 0.00326009 0)
(0.200454 0.00319981 0)
(0.200443 0.00314191 0)
(0.200432 0.00308628 0)
(0.200422 0.00303282 0)
(0.200412 0.00298142 0)
(0.200403 0.00293198 0)
(0.200394 0.00288441 0)
(0.200386 0.00283862 0)
(0.200378 0.00279452 0)
(0.20037 0.00275202 0)
(0.200363 0.00271104 0)
(0.200357 0.00267149 0)
(0.20035 0.00263331 0)
(0.200344 0.00259642 0)
(0.200339 0.00256076 0)
(0.200333 0.00252624 0)
(0.200328 0.00249282 0)
(0.200323 0.00246042 0)
(0.200318 0.00242899 0)
(0.200314 0.00239848 0)
(0.20031 0.00236882 0)
(0.200305 0.00233997 0)
(0.200302 0.00231188 0)
(0.200298 0.0022845 0)
(0.200294 0.00225779 0)
(0.20029 0.00223171 0)
(0.200287 0.00220621 0)
(0.200284 0.00218125 0)
(0.20028 0.00215681 0)
(0.200277 0.00213285 0)
(0.200274 0.00210933 0)
(0.20027 0.00208623 0)
(0.200267 0.00206351 0)
(0.200264 0.00204116 0)
(0.20026 0.00201915 0)
(0.200257 0.00199746 0)
(0.200253 0.00197608 0)
(0.20025 0.00195499 0)
(0.200246 0.00193418 0)
(0.200242 0.00191364 0)
(0.200238 0.00189338 0)
(0.200234 0.00187339 0)
(0.200229 0.00185368 0)
(0.200225 0.00183427 0)
(0.20022 0.00181517 0)
(0.200214 0.00179641 0)
(0.200209 0.00177802 0)
(0.200203 0.00176005 0)
(0.200196 0.00174254 0)
(0.20019 0.00172554 0)
(0.200182 0.00170908 0)
(0.200174 0.00169321 0)
(0.200166 0.00167788 0)
(0.200157 0.00166301 0)
(0.200146 0.00164844 0)
(0.200133 0.00163418 0)
(0.200111 0.0016213 0)
(0.199099 0.00536288 0)
(0.199178 0.0055902 0)
(0.19927 0.00579578 0)
(0.199372 0.00597588 0)
(0.199484 0.00612741 0)
(0.199601 0.00624839 0)
(0.199719 0.00633803 0)
(0.199835 0.00639663 0)
(0.199947 0.00642539 0)
(0.200052 0.00642623 0)
(0.200148 0.00640165 0)
(0.200234 0.00635449 0)
(0.20031 0.00628781 0)
(0.200375 0.00620471 0)
(0.200428 0.0061082 0)
(0.200472 0.0060011 0)
(0.200506 0.00588598 0)
(0.200532 0.00576512 0)
(0.200551 0.00564049 0)
(0.200563 0.00551374 0)
(0.200569 0.00538626 0)
(0.200571 0.00525915 0)
(0.200569 0.0051333 0)
(0.200565 0.00500941 0)
(0.200557 0.00488801 0)
(0.200549 0.00476949 0)
(0.200538 0.00465414 0)
(0.200527 0.00454215 0)
(0.200515 0.00443365 0)
(0.200503 0.0043287 0)
(0.20049 0.00422734 0)
(0.200478 0.00412957 0)
(0.200465 0.00403534 0)
(0.200453 0.00394461 0)
(0.200441 0.00385729 0)
(0.200429 0.00377333 0)
(0.200418 0.00369261 0)
(0.200407 0.00361505 0)
(0.200396 0.00354053 0)
(0.200386 0.00346896 0)
(0.200376 0.00340023 0)
(0.200367 0.00333421 0)
(0.200358 0.00327082 0)
(0.200349 0.00320993 0)
(0.200341 0.00315144 0)
(0.200333 0.00309524 0)
(0.200326 0.00304123 0)
(0.200319 0.00298931 0)
(0.200313 0.00293938 0)
(0.200307 0.00289134 0)
(0.200301 0.0028451 0)
(0.200295 0.00280058 0)
(0.20029 0.00275768 0)
(0.200285 0.00271632 0)
(0.200281 0.00267642 0)
(0.200276 0.00263791 0)
(0.200272 0.00260071 0)
(0.200269 0.00256475 0)
(0.200265 0.00252996 0)
(0.200262 0.00249629 0)
(0.200259 0.00246365 0)
(0.200256 0.002432 0)
(0.200253 0.00240128 0)
(0.20025 0.00237144 0)
(0.200248 0.00234241 0)
(0.200246 0.00231416 0)
(0.200244 0.00228664 0)
(0.200242 0.00225979 0)
(0.20024 0.00223359 0)
(0.200238 0.00220798 0)
(0.200236 0.00218293 0)
(0.200235 0.0021584 0)
(0.200233 0.00213436 0)
(0.200232 0.00211078 0)
(0.200231 0.00208762 0)
(0.200229 0.00206487 0)
(0.200228 0.00204249 0)
(0.200227 0.00202046 0)
(0.200226 0.00199877 0)
(0.200225 0.0019774 0)
(0.200224 0.00195633 0)
(0.200222 0.00193555 0)
(0.200221 0.00191506 0)
(0.20022 0.00189486 0)
(0.200219 0.00187495 0)
(0.200217 0.00185533 0)
(0.200216 0.00183603 0)
(0.200214 0.00181706 0)
(0.200213 0.00179844 0)
(0.200211 0.00178022 0)
(0.200209 0.00176243 0)
(0.200207 0.00174511 0)
(0.200205 0.00172832 0)
(0.200202 0.00171211 0)
(0.200199 0.00169653 0)
(0.200196 0.00168162 0)
(0.200192 0.00166744 0)
(0.200187 0.00165411 0)
(0.20018 0.00164206 0)
(0.200169 0.00163249 0)
(0.199434 0.00526611 0)
(0.199479 0.00547395 0)
(0.199532 0.0056632 0)
(0.199592 0.0058309 0)
(0.199656 0.00597444 0)
(0.199725 0.00609195 0)
(0.199795 0.00618247 0)
(0.199864 0.00624585 0)
(0.199931 0.0062827 0)
(0.199995 0.00629426 0)
(0.200055 0.00628229 0)
(0.200108 0.00624892 0)
(0.200156 0.00619656 0)
(0.200198 0.00612773 0)
(0.200233 0.00604496 0)
(0.200263 0.00595073 0)
(0.200287 0.00584735 0)
(0.200305 0.00573697 0)
(0.200319 0.00562149 0)
(0.20033 0.00550257 0)
(0.200336 0.00538167 0)
(0.20034 0.00525998 0)
(0.200341 0.00513853 0)
(0.20034 0.00501811 0)
(0.200338 0.0048994 0)
(0.200334 0.0047829 0)
(0.200329 0.00466901 0)
(0.200324 0.00455802 0)
(0.200318 0.00445014 0)
(0.200311 0.00434553 0)
(0.200305 0.00424426 0)
(0.200298 0.00414638 0)
(0.200291 0.0040519 0)
(0.200285 0.0039608 0)
(0.200278 0.00387304 0)
(0.200272 0.00378856 0)
(0.200265 0.00370729 0)
(0.200259 0.00362915 0)
(0.200253 0.00355403 0)
(0.200248 0.00348185 0)
(0.200242 0.0034125 0)
(0.200237 0.00334588 0)
(0.200232 0.00328189 0)
(0.200228 0.00322042 0)
(0.200223 0.00316136 0)
(0.200219 0.00310461 0)
(0.200215 0.00305007 0)
(0.200211 0.00299764 0)
(0.200208 0.00294722 0)
(0.200204 0.00289872 0)
(0.200201 0.00285204 0)
(0.200198 0.00280709 0)
(0.200196 0.00276379 0)
(0.200193 0.00272204 0)
(0.200191 0.00268179 0)
(0.200189 0.00264293 0)
(0.200186 0.00260541 0)
(0.200185 0.00256914 0)
(0.200183 0.00253407 0)
(0.200181 0.00250012 0)
(0.20018 0.00246723 0)
(0.200178 0.00243534 0)
(0.200177 0.00240439 0)
(0.200176 0.00237433 0)
(0.200175 0.00234511 0)
(0.200174 0.00231668 0)
(0.200173 0.00228898 0)
(0.200172 0.00226197 0)
(0.200171 0.00223561 0)
(0.200171 0.00220986 0)
(0.20017 0.00218468 0)
(0.20017 0.00216004 0)
(0.200169 0.00213589 0)
(0.200169 0.00211221 0)
(0.200169 0.00208896 0)
(0.200168 0.00206613 0)
(0.200168 0.00204368 0)
(0.200168 0.00202159 0)
(0.200168 0.00199985 0)
(0.200168 0.00197843 0)
(0.200167 0.00195733 0)
(0.200167 0.00193653 0)
(0.200167 0.00191603 0)
(0.200167 0.00189583 0)
(0.200167 0.00187593 0)
(0.200167 0.00185634 0)
(0.200166 0.00183707 0)
(0.200166 0.00181815 0)
(0.200166 0.00179959 0)
(0.200165 0.00178145 0)
(0.200165 0.00176374 0)
(0.200164 0.00174653 0)
(0.200164 0.00172986 0)
(0.200163 0.00171381 0)
(0.200162 0.00169845 0)
(0.200161 0.00168387 0)
(0.200159 0.00167024 0)
(0.200157 0.00165783 0)
(0.200154 0.00164718 0)
(0.200148 0.00163923 0)
(0.199746 0.00522463 0)
(0.199759 0.00542147 0)
(0.199774 0.00560103 0)
(0.199791 0.00576076 0)
(0.199811 0.00589834 0)
(0.199833 0.00601206 0)
(0.199856 0.00610094 0)
(0.199879 0.00616472 0)
(0.199903 0.00620376 0)
(0.199926 0.00621902 0)
(0.199947 0.00621192 0)
(0.199968 0.00618428 0)
(0.199987 0.00613817 0)
(0.200004 0.00607581 0)
(0.20002 0.00599949 0)
(0.200033 0.00591149 0)
(0.200045 0.00581396 0)
(0.200056 0.00570894 0)
(0.200064 0.00559828 0)
(0.200072 0.00548362 0)
(0.200078 0.00536642 0)
(0.200083 0.00524789 0)
(0.200087 0.00512911 0)
(0.20009 0.00501092 0)
(0.200093 0.00489404 0)
(0.200095 0.00477903 0)
(0.200097 0.00466635 0)
(0.200098 0.00455632 0)
(0.200099 0.0044492 0)
(0.200099 0.00434516 0)
(0.2001 0.00424434 0)
(0.2001 0.0041468 0)
(0.2001 0.00405256 0)
(0.200101 0.00396163 0)
(0.200101 0.00387398 0)
(0.2001 0.00378957 0)
(0.2001 0.00370832 0)
(0.2001 0.00363016 0)
(0.2001 0.00355502 0)
(0.2001 0.00348279 0)
(0.2001 0.00341338 0)
(0.2001 0.00334669 0)
(0.2001 0.00328261 0)
(0.2001 0.00322105 0)
(0.2001 0.00316191 0)
(0.2001 0.00310507 0)
(0.2001 0.00305044 0)
(0.2001 0.00299792 0)
(0.2001 0.00294741 0)
(0.2001 0.00289882 0)
(0.2001 0.00285205 0)
(0.2001 0.00280702 0)
(0.2001 0.00276364 0)
(0.2001 0.00272182 0)
(0.200101 0.00268149 0)
(0.200101 0.00264257 0)
(0.200101 0.00260498 0)
(0.200101 0.00256866 0)
(0.200102 0.00253353 0)
(0.200102 0.00249952 0)
(0.200102 0.00246658 0)
(0.200103 0.00243464 0)
(0.200103 0.00240365 0)
(0.200104 0.00237355 0)
(0.200104 0.00234429 0)
(0.200104 0.00231582 0)
(0.200105 0.00228809 0)
(0.200105 0.00226105 0)
(0.200106 0.00223467 0)
(0.200106 0.00220889 0)
(0.200107 0.00218369 0)
(0.200108 0.00215903 0)
(0.200108 0.00213486 0)
(0.200109 0.00211117 0)
(0.200109 0.00208791 0)
(0.20011 0.00206507 0)
(0.20011 0.00204261 0)
(0.200111 0.00202052 0)
(0.200112 0.00199878 0)
(0.200112 0.00197737 0)
(0.200113 0.00195627 0)
(0.200113 0.00193549 0)
(0.200114 0.00191501 0)
(0.200115 0.00189483 0)
(0.200115 0.00187496 0)
(0.200116 0.0018554 0)
(0.200116 0.00183617 0)
(0.200117 0.0018173 0)
(0.200117 0.0017988 0)
(0.200118 0.00178071 0)
(0.200118 0.00176307 0)
(0.200119 0.00174594 0)
(0.200119 0.00172937 0)
(0.20012 0.00171343 0)
(0.20012 0.00169823 0)
(0.20012 0.00168388 0)
(0.20012 0.00167062 0)
(0.20012 0.00165876 0)
(0.200119 0.00164884 0)
(0.200118 0.00164166 0)
(0.199993 3.66789e-06 0)
(0.199972 8.78003e-06 0)
(0.199935 1.53851e-05 0)
(0.199883 2.3554e-05 0)
(0.199818 3.34091e-05 0)
(0.199738 4.51159e-05 0)
(0.199643 5.88786e-05 0)
(0.19953 7.49406e-05 0)
(0.199399 9.35883e-05 0)
(0.199248 0.00011516 0)
(0.199075 0.00014006 0)
(0.198877 0.00016878 0)
(0.19865 0.000201935 0)
(0.198392 0.00024031 0)
(0.198097 0.000284949 0)
(0.197759 0.000337283 0)
(0.19737 0.000399358 0)
(0.196916 0.000474241 0)
(0.19638 0.000566799 0)
(0.195734 0.00068534 0)
(0.194927 0.000845515 0)
(0.193869 0.00108112 0)
(0.192348 0.0014816 0)
(0.189818 0.00237854 0)
(0.188926 0.00509218 0)
(0.199994 7.9792e-06 0)
(0.199972 1.73327e-05 0)
(0.199936 2.83539e-05 0)
(0.199885 4.12334e-05 0)
(0.19982 5.62163e-05 0)
(0.199741 7.36019e-05 0)
(0.199646 9.37324e-05 0)
(0.199534 0.000116996 0)
(0.199404 0.000143837 0)
(0.199254 0.000174777 0)
(0.199082 0.000210443 0)
(0.198886 0.000251603 0)
(0.198661 0.000299235 0)
(0.198405 0.000354618 0)
(0.198114 0.000419486 0)
(0.19778 0.000496279 0)
(0.197396 0.000588567 0)
(0.19695 0.000701823 0)
(0.196426 0.00084491 0)
(0.195799 0.00103321 0)
(0.195028 0.00129594 0)
(0.194047 0.00169543 0)
(0.19275 0.00238663 0)
(0.191039 0.00384991 0)
(0.190519 0.00761863 0)
(0.199994 1.18989e-05 0)
(0.199973 2.4819e-05 0)
(0.199937 3.94325e-05 0)
(0.199886 5.61062e-05 0)
(0.199822 7.52035e-05 0)
(0.199744 9.71385e-05 0)
(0.19965 0.000122364 0)
(0.19954 0.000151379 0)
(0.199412 0.000184747 0)
(0.199264 0.00022313 0)
(0.199094 0.000267319 0)
(0.198899 0.000318297 0)
(0.198678 0.000377319 0)
(0.198426 0.000446047 0)
(0.198139 0.00052675 0)
(0.197812 0.000622641 0)
(0.197437 0.000738448 0)
(0.197004 0.000881423 0)
(0.1965 0.00106325 0)
(0.195904 0.0013039 0)
(0.195189 0.00163999 0)
(0.194322 0.0021441 0)
(0.193283 0.00297111 0)
(0.19218 0.00446138 0)
(0.191904 0.00726354 0)
(0.199994 1.60097e-05 0)
(0.199974 3.28392e-05 0)
(0.199938 5.14473e-05 0)
(0.199889 7.23888e-05 0)
(0.199826 9.61468e-05 0)
(0.199748 0.000123252 0)
(0.199656 0.000154276 0)
(0.199548 0.000189844 0)
(0.199422 0.000230655 0)
(0.199276 0.000277525 0)
(0.199109 0.000331434 0)
(0.198918 0.000393594 0)
(0.198701 0.000465558 0)
(0.198455 0.000549379 0)
(0.198175 0.000647858 0)
(0.197857 0.000764952 0)
(0.197495 0.000906437 0)
(0.19708 0.00108106 0)
(0.196603 0.00130261 0)
(0.19605 0.00159377 0)
(0.195408 0.00199357 0)
(0.194671 0.00257148 0)
(0.193872 0.00345052 0)
(0.193163 0.00482309 0)
(0.193052 0.00685798 0)
(0.199994 2.04299e-05 0)
(0.199974 4.15702e-05 0)
(0.19994 6.4572e-05 0)
(0.199891 9.01881e-05 0)
(0.19983 0.000119036 0)
(0.199754 0.000151769 0)
(0.199664 0.000189087 0)
(0.199558 0.000231747 0)
(0.199434 0.00028059 0)
(0.199292 0.000336593 0)
(0.199129 0.000400919 0)
(0.198943 0.000475007 0)
(0.198732 0.00056069 0)
(0.198493 0.00066038 0)
(0.198223 0.00077735 0)
(0.197917 0.000916175 0)
(0.197571 0.00108343 0)
(0.19718 0.00128886 0)
(0.196737 0.00154728 0)
(0.196237 0.00188184 0)
(0.195679 0.00232922 0)
(0.195077 0.00294691 0)
(0.194485 0.00381828 0)
(0.194043 0.0050345 0)
(0.194047 0.00659587 0)
(0.199994 2.51512e-05 0)
(0.199975 5.09446e-05 0)
(0.199942 7.8681e-05 0)
(0.199895 0.000109323 0)
(0.199835 0.00014364 0)
(0.199761 0.000182419 0)
(0.199674 0.000226493 0)
(0.19957 0.000276754 0)
(0.199451 0.000334191 0)
(0.199312 0.000399937 0)
(0.199155 0.000475334 0)
(0.198975 0.000562031 0)
(0.198771 0.000662108 0)
(0.198542 0.00077828 0)
(0.198284 0.00091418 0)
(0.197994 0.0010748 0)
(0.197669 0.00126716 0)
(0.197307 0.00150131 0)
(0.196905 0.00179185 0)
(0.196465 0.00216013 0)
(0.195994 0.00263681 0)
(0.195519 0.00326355 0)
(0.195098 0.00408827 0)
(0.194838 0.00514101 0)
(0.194911 0.0063702 0)
(0.199994 3.01622e-05 0)
(0.199976 6.09308e-05 0)
(0.199944 9.37413e-05 0)
(0.199899 0.000129766 0)
(0.199841 0.000169941 0)
(0.19977 0.000215189 0)
(0.199686 0.000266478 0)
(0.199586 0.00032484 0)
(0.199471 0.000391406 0)
(0.199338 0.000467459 0)
(0.199187 0.000554504 0)
(0.199015 0.000654366 0)
(0.198821 0.000769319 0)
(0.198604 0.000902284 0)
(0.19836 0.0010571 0)
(0.19809 0.00123891 0)
(0.19779 0.00145471 0)
(0.197462 0.00171413 0)
(0.197106 0.00203034 0)
(0.196729 0.00242113 0)
(0.196346 0.00290928 0)
(0.195984 0.00352086 0)
(0.195696 0.00427744 0)
(0.195557 0.00517703 0)
(0.195667 0.00616089 0)
(0.199995 3.54364e-05 0)
(0.199977 7.14654e-05 0)
(0.199947 0.000109656 0)
(0.199904 0.000151386 0)
(0.199849 0.000197762 0)
(0.199781 0.000249848 0)
(0.199701 0.00030875 0)
(0.199606 0.000375635 0)
(0.199497 0.000451769 0)
(0.199371 0.000538569 0)
(0.199228 0.000637674 0)
(0.199066 0.000751036 0)
(0.198884 0.000881045 0)
(0.19868 0.0010307 0)
(0.198455 0.00120384 0)
(0.198207 0.00140544 0)
(0.197937 0.00164201 0)
(0.197646 0.00192202 0)
(0.197339 0.00225629 0)
(0.197026 0.00265804 0)
(0.196723 0.00314202 0)
(0.196458 0.00372143 0)
(0.19627 0.00440102 0)
(0.19621 0.00516515 0)
(0.196335 0.00596341 0)
(0.199995 4.06687e-05 0)
(0.199979 8.19237e-05 0)
(0.19995 0.000125471 0)
(0.199909 0.000172878 0)
(0.199858 0.000225415 0)
(0.199794 0.000284285 0)
(0.199719 0.000350718 0)
(0.19963 0.000426005 0)
(0.199527 0.000511528 0)
(0.199409 0.000608807 0)
(0.199275 0.00071957 0)
(0.199124 0.00084583 0)
(0.198956 0.000989994 0)
(0.198769 0.00115499 0)
(0.198563 0.00134446 0)
(0.19834 0.00156292 0)
(0.1981 0.00181599 0)
(0.197847 0.00211055 0)
(0.197588 0.00245465 0)
(0.197332 0.00285704 0)
(0.197097 0.00332571 0)
(0.196905 0.003865 0)
(0.196786 0.00447061 0)
(0.196773 0.00512338 0)
(0.196898 0.00578393 0)
(0.199995 4.5798e-05 0)
(0.19998 9.21873e-05 0)
(0.199953 0.000141012 0)
(0.199916 0.000194014 0)
(0.199868 0.000252615 0)
(0.199809 0.000318149 0)
(0.199739 0.000391965 0)
(0.199657 0.000475458 0)
(0.199562 0.000570104 0)
(0.199453 0.000677497 0)
(0.19933 0.000799405 0)
(0.199192 0.000937836 0)
(0.199039 0.00109511 0)
(0.198869 0.00127398 0)
(0.198685 0.00147767 0)
(0.198488 0.00171004 0)
(0.198279 0.00197558 0)
(0.198064 0.00227936 0)
(0.197849 0.00262672 0)
(0.197645 0.00302249 0)
(0.197466 0.00346963 0)
(0.197331 0.00396689 0)
(0.197261 0.00450587 0)
(0.197276 0.00506808 0)
(0.197395 0.00562367 0)
(0.199996 5.09831e-05 0)
(0.199982 0.000102573 0)
(0.199958 0.000156752 0)
(0.199924 0.000215428 0)
(0.19988 0.000280171 0)
(0.199827 0.000352438 0)
(0.199764 0.000433688 0)
(0.19969 0.00052541 0)
(0.199604 0.00062915 0)
(0.199506 0.000746539 0)
(0.199396 0.000879339 0)
(0.199272 0.00102948 0)
(0.199136 0.00119911 0)
(0.198987 0.00139064 0)
(0.198827 0.00160676 0)
(0.198657 0.00185046 0)
(0.198481 0.00212493 0)
(0.198303 0.00243338 0)
(0.19813 0.00277857 0)
(0.197972 0.00316213 0)
(0.197841 0.00358338 0)
(0.19775 0.00403791 0)
(0.197713 0.00451597 0)
(0.197743 0.0050016 0)
(0.19785 0.00547284 0)
(0.199996 5.6082e-05 0)
(0.199984 0.000112792 0)
(0.199963 0.000172247 0)
(0.199933 0.000236514 0)
(0.199895 0.000307299 0)
(0.199849 0.000386178 0)
(0.199793 0.000474704 0)
(0.199729 0.000574441 0)
(0.199654 0.000686982 0)
(0.199569 0.000813962 0)
(0.199473 0.000957085 0)
(0.199367 0.00111814 0)
(0.199251 0.00129901 0)
(0.199124 0.00150167 0)
(0.198989 0.00172816 0)
(0.198849 0.0019805 0)
(0.198705 0.00226056 0)
(0.198563 0.00256978 0)
(0.198429 0.00290877 0)
(0.198311 0.00327673 0)
(0.198218 0.00367069 0)
(0.198159 0.00408475 0)
(0.198144 0.00450943 0)
(0.198179 0.00493175 0)
(0.19827 0.00533579 0)
(0.199997 6.08927e-05 0)
(0.199987 0.000122437 0)
(0.199969 0.000186879 0)
(0.199945 0.000256429 0)
(0.199913 0.000332918 0)
(0.199874 0.00041802 0)
(0.199828 0.000513371 0)
(0.199775 0.00062059 0)
(0.199713 0.000741287 0)
(0.199643 0.00087707 0)
(0.199564 0.00102954 0)
(0.199477 0.00120029 0)
(0.199383 0.00139089 0)
(0.199281 0.00160281 0)
(0.199173 0.00183739 0)
(0.199062 0.0020957 0)
(0.198951 0.00237836 0)
(0.198843 0.00268533 0)
(0.198744 0.00301555 0)
(0.198659 0.0033666 0)
(0.198596 0.00373424 0)
(0.19856 0.00411219 0)
(0.198557 0.00449196 0)
(0.19859 0.00486331 0)
(0.198663 0.00521476 0)
(0.199998 6.51392e-05 0)
(0.19999 0.000130956 0)
(0.199977 0.00019981 0)
(0.199958 0.000274035 0)
(0.199934 0.000355565 0)
(0.199904 0.00044616 0)
(0.199869 0.000547517 0)
(0.199829 0.000661295 0)
(0.199782 0.000789101 0)
(0.199729 0.00093249 0)
(0.199669 0.00109294 0)
(0.199604 0.00127184 0)
(0.199533 0.0014704 0)
(0.199458 0.00168963 0)
(0.199378 0.00193019 0)
(0.199298 0.00219231 0)
(0.199218 0.00247559 0)
(0.199142 0.00277883 0)
(0.199073 0.00309983 0)
(0.199016 0.00343515 0)
(0.198975 0.00378005 0)
(0.198954 0.00412839 0)
(0.198956 0.00447285 0)
(0.198983 0.00480537 0)
(0.199035 0.00511754 0)
(0.199999 6.84546e-05 0)
(0.199994 0.000137616 0)
(0.199985 0.000209928 0)
(0.199973 0.000287814 0)
(0.199958 0.000373281 0)
(0.199939 0.000468149 0)
(0.199917 0.00057416 0)
(0.199891 0.000692988 0)
(0.199861 0.000826229 0)
(0.199827 0.000975376 0)
(0.19979 0.00114179 0)
(0.199748 0.00132665 0)
(0.199704 0.00153089 0)
(0.199656 0.0017551 0)
(0.199606 0.0019994 0)
(0.199556 0.00226337 0)
(0.199507 0.00254588 0)
(0.19946 0.00284493 0)
(0.199419 0.00315762 0)
(0.199385 0.00348002 0)
(0.199361 0.00380722 0)
(0.199349 0.00413347 0)
(0.19935 0.00445242 0)
(0.199366 0.00475755 0)
(0.199397 0.00504242 0)
(0.199999 7.03737e-05 0)
(0.199998 0.000141498 0)
(0.199995 0.000215871 0)
(0.19999 0.000295964 0)
(0.199985 0.000383833 0)
(0.199978 0.000481334 0)
(0.19997 0.000590238 0)
(0.19996 0.000712235 0)
(0.199949 0.000848913 0)
(0.199936 0.00100174 0)
(0.199921 0.001172 0)
(0.199905 0.00136076 0)
(0.199888 0.00156878 0)
(0.199869 0.0017964 0)
(0.199849 0.00204344 0)
(0.199829 0.00230911 0)
(0.199809 0.00259183 0)
(0.199789 0.0028892 0)
(0.199771 0.00319791 0)
(0.199755 0.00351378 0)
(0.199743 0.00383185 0)
(0.199734 0.00414657 0)
(0.19973 0.0044521 0)
(0.199731 0.00474268 0)
(0.199737 0.00501283 0)
)
;

boundaryField
{
    top
    {
        type            zeroGradient;
    }
    inlet
    {
        type            fixedValue;
        value           uniform (0.2 0 0);
    }
    outlet
    {
        type            zeroGradient;
    }
    plate
    {
        type            fixedValue;
        value           uniform (0 0 0);
    }
    symmBound
    {
        type            zeroGradient;
    }
    frontAndBack
    {
        type            empty;
    }
}


// ************************************************************************* //
