/*--------------------------------*- C++ -*----------------------------------*\
| =========                 |                                                 |
| \\      /  F ield         | OpenFOAM: The Open Source CFD Toolbox           |
|  \\    /   O peration     | Version:  2.3.0                                 |
|   \\  /    A nd           | Web:      www.OpenFOAM.org                      |
|    \\/     M anipulation  |                                                 |
\*---------------------------------------------------------------------------*/
FoamFile
{
    version     2.0;
    format      ascii;
    class       surfaceScalarField;
    location    "0.95";
    object      phi;
}
// * * * * * * * * * * * * * * * * * * * * * * * * * * * * * * * * * * * * * //

dimensions      [0 3 -1 0 0 0 0];

internalField   nonuniform List<scalar> 
6068
(
2.82981e-08
2.83266e-09
-3.11307e-08
2.54386e-08
2.85945e-09
2.27434e-08
2.69525e-09
2.02571e-08
2.48622e-09
1.79971e-08
2.26001e-09
1.59743e-08
2.02288e-09
1.41914e-08
1.78285e-09
1.26436e-08
1.54781e-09
1.13191e-08
1.32452e-09
1.02006e-08
1.11849e-09
9.26679e-09
9.3379e-10
8.494e-09
7.72789e-10
7.85783e-09
6.36172e-10
7.33472e-09
5.2311e-10
6.9031e-09
4.31616e-10
6.54413e-09
3.58973e-10
6.24199e-09
3.02138e-10
5.9839e-09
2.58092e-10
5.75983e-09
2.2407e-10
5.56213e-09
1.97699e-10
5.38509e-09
1.77042e-10
5.2245e-09
1.60589e-10
5.0773e-09
1.472e-10
4.94126e-09
1.36044e-10
4.81472e-09
1.26531e-10
4.69648e-09
1.18249e-10
4.58556e-09
1.10915e-10
4.48122e-09
1.04336e-10
4.38285e-09
9.83786e-11
4.2899e-09
9.29474e-11
4.20192e-09
8.79735e-11
4.11852e-09
8.34035e-11
4.03933e-09
7.91944e-11
3.96402e-09
7.53102e-11
3.8923e-09
7.17194e-11
3.8239e-09
6.83943e-11
3.75859e-09
6.53099e-11
3.69615e-09
6.24441e-11
3.63637e-09
5.97766e-11
3.57908e-09
5.72895e-11
3.52412e-09
5.49666e-11
3.47132e-09
5.27936e-11
3.42057e-09
5.07573e-11
3.37172e-09
4.88464e-11
3.32467e-09
4.70504e-11
3.27931e-09
4.53602e-11
3.23554e-09
4.37674e-11
3.19328e-09
4.22645e-11
3.15243e-09
4.08449e-11
3.11293e-09
3.95026e-11
3.0747e-09
3.82319e-11
3.03767e-09
3.7028e-11
3.00178e-09
3.58863e-11
2.96698e-09
3.48027e-11
2.93321e-09
3.37733e-11
2.90041e-09
3.27947e-11
2.86855e-09
3.18637e-11
2.83757e-09
3.09774e-11
2.80744e-09
3.0133e-11
2.77811e-09
2.9328e-11
2.74955e-09
2.85602e-11
2.72172e-09
2.78273e-11
2.6946e-09
2.71274e-11
2.66814e-09
2.64586e-11
2.64232e-09
2.58193e-11
2.61711e-09
2.52077e-11
2.59249e-09
2.46225e-11
2.56842e-09
2.40622e-11
2.5449e-09
2.35256e-11
2.52189e-09
2.30115e-11
2.49937e-09
2.25188e-11
2.47732e-09
2.20465e-11
2.45573e-09
2.15936e-11
2.43457e-09
2.11592e-11
2.41383e-09
2.07426e-11
2.39348e-09
2.0343e-11
2.37352e-09
1.99597e-11
2.35393e-09
1.95921e-11
2.33469e-09
1.92398e-11
2.31579e-09
1.8902e-11
2.29721e-09
1.85785e-11
2.27894e-09
1.82689e-11
2.26097e-09
1.79728e-11
2.24328e-09
1.76899e-11
2.22586e-09
1.74202e-11
2.2087e-09
1.71634e-11
2.19178e-09
1.69196e-11
2.17509e-09
1.66889e-11
2.15862e-09
1.64713e-11
2.14235e-09
1.62674e-11
2.12627e-09
1.6078e-11
2.11037e-09
1.59043e-11
2.09462e-09
1.57489e-11
2.079e-09
1.56166e-11
2.06348e-09
1.55178e-11
2.04801e-09
1.54777e-11
2.03244e-09
1.55675e-11
2.01651e-09
1.59323e-11
1.99946e-09
1.70416e-11
5.06117e-11
3.4006e-08
3.12091e-09
-3.42943e-08
3.34171e-08
3.44844e-09
3.25893e-08
3.523e-09
3.16018e-08
3.47378e-09
3.05114e-08
3.35035e-09
2.93641e-08
3.17023e-09
2.81971e-08
2.94988e-09
2.70392e-08
2.70569e-09
2.59118e-08
2.45191e-09
2.483e-08
2.20031e-09
2.38035e-08
1.96021e-09
2.28381e-08
1.73828e-09
2.19357e-08
1.53857e-09
2.1096e-08
1.36272e-09
2.03172e-08
1.21049e-09
1.95959e-08
1.08028e-09
1.89283e-08
9.69705e-10
1.83103e-08
8.76063e-10
1.77378e-08
7.96646e-10
1.72065e-08
7.28969e-10
1.67126e-08
6.70873e-10
1.62527e-08
6.20559e-10
1.58233e-08
5.76571e-10
1.54216e-08
5.37757e-10
1.50449e-08
5.03217e-10
1.46909e-08
4.7225e-10
1.43575e-08
4.44309e-10
1.40429e-08
4.18966e-10
1.37454e-08
3.95878e-10
1.34636e-08
3.74767e-10
1.31961e-08
3.55404e-10
1.29419e-08
3.37595e-10
1.27e-08
3.21177e-10
1.24693e-08
3.06005e-10
1.2249e-08
2.91955e-10
1.20385e-08
2.78918e-10
1.1837e-08
2.66797e-10
1.1644e-08
2.55505e-10
1.14588e-08
2.44967e-10
1.12809e-08
2.35115e-10
1.111e-08
2.25889e-10
1.09456e-08
2.17235e-10
1.07872e-08
2.09106e-10
1.06346e-08
2.01457e-10
1.04874e-08
1.94251e-10
1.03453e-08
1.87455e-10
1.02081e-08
1.81035e-10
1.00754e-08
1.74966e-10
9.94698e-09
1.69221e-10
9.8227e-09
1.63777e-10
9.70232e-09
1.58615e-10
9.58563e-09
1.53715e-10
9.47246e-09
1.49059e-10
9.36263e-09
1.44633e-10
9.25598e-09
1.40421e-10
9.15237e-09
1.3641e-10
9.05164e-09
1.32588e-10
8.95368e-09
1.28944e-10
8.85834e-09
1.25466e-10
8.76553e-09
1.22146e-10
8.67511e-09
1.18974e-10
8.587e-09
1.15942e-10
8.50108e-09
1.13043e-10
8.41727e-09
1.10268e-10
8.33548e-09
1.07612e-10
8.25562e-09
1.05068e-10
8.17761e-09
1.0263e-10
8.10138e-09
1.00292e-10
8.02686e-09
9.80506e-11
7.95397e-09
9.59e-11
7.88265e-09
9.38359e-11
7.81284e-09
9.18543e-11
7.74449e-09
8.99514e-11
7.67752e-09
8.81237e-11
7.6119e-09
8.63678e-11
7.54756e-09
8.46808e-11
7.48446e-09
8.30599e-11
7.42255e-09
8.15025e-11
7.36178e-09
8.00062e-11
7.30211e-09
7.85691e-11
7.2435e-09
7.71892e-11
7.18591e-09
7.58648e-11
7.12929e-09
7.45944e-11
7.0736e-09
7.3377e-11
7.01881e-09
7.22115e-11
6.96487e-09
7.10971e-11
6.91176e-09
7.00336e-11
6.85943e-09
6.90208e-11
6.80784e-09
6.80593e-11
6.75696e-09
6.71501e-11
6.70674e-09
6.62955e-11
6.65714e-09
6.54996e-11
6.60812e-09
6.47701e-11
6.55962e-09
6.41224e-11
6.51154e-09
6.35904e-11
6.46377e-09
6.3257e-11
6.41599e-09
6.33439e-11
6.36748e-09
6.44445e-11
6.31227e-09
7.22465e-11
1.30395e-10
3.60978e-08
2.98043e-09
-3.59573e-08
3.61646e-08
3.38161e-09
3.61066e-08
3.58103e-09
3.59249e-08
3.65545e-09
3.56305e-08
3.64477e-09
3.52373e-08
3.56342e-09
3.47624e-08
3.42478e-09
3.42236e-08
3.24452e-09
3.36377e-08
3.03781e-09
3.30198e-08
2.81815e-09
3.23831e-08
2.59695e-09
3.17382e-08
2.38317e-09
3.10937e-08
2.18312e-09
3.04559e-08
2.00054e-09
2.98294e-08
1.83697e-09
2.92174e-08
1.69229e-09
2.86218e-08
1.56527e-09
2.80438e-08
1.45405e-09
2.74839e-08
1.35652e-09
2.69423e-08
1.2706e-09
2.64188e-08
1.19442e-09
2.5913e-08
1.12632e-09
2.54246e-08
1.06498e-09
2.49531e-08
1.00928e-09
2.44979e-08
9.58375e-10
2.40586e-08
9.1157e-10
2.36346e-08
8.68332e-10
2.32253e-08
8.28231e-10
2.28303e-08
7.90926e-10
2.24489e-08
7.56133e-10
2.20807e-08
7.23618e-10
2.17251e-08
6.93178e-10
2.13816e-08
6.64638e-10
2.10498e-08
6.37843e-10
2.07291e-08
6.12656e-10
2.04191e-08
5.88951e-10
2.01192e-08
5.66618e-10
1.98292e-08
5.45554e-10
1.95485e-08
5.25665e-10
1.92767e-08
5.06868e-10
1.90135e-08
4.89084e-10
1.87585e-08
4.72245e-10
1.85114e-08
4.56284e-10
1.82717e-08
4.41143e-10
1.80392e-08
4.26767e-10
1.78135e-08
4.13108e-10
1.75944e-08
4.00119e-10
1.73816e-08
3.87759e-10
1.71749e-08
3.75988e-10
1.69739e-08
3.64772e-10
1.67784e-08
3.54076e-10
1.65882e-08
3.43872e-10
1.64032e-08
3.34129e-10
1.6223e-08
3.24823e-10
1.60475e-08
3.15928e-10
1.58765e-08
3.07422e-10
1.57098e-08
2.99283e-10
1.55472e-08
2.91493e-10
1.53887e-08
2.84032e-10
1.52339e-08
2.76884e-10
1.50829e-08
2.70031e-10
1.49353e-08
2.6346e-10
1.47912e-08
2.57155e-10
1.46504e-08
2.51104e-10
1.45127e-08
2.45293e-10
1.43781e-08
2.39712e-10
1.42463e-08
2.3435e-10
1.41174e-08
2.29195e-10
1.39913e-08
2.24239e-10
1.38677e-08
2.19472e-10
1.37466e-08
2.14885e-10
1.3628e-08
2.10472e-10
1.35117e-08
2.06224e-10
1.33977e-08
2.02134e-10
1.32859e-08
1.98196e-10
1.31762e-08
1.94403e-10
1.30685e-08
1.90751e-10
1.29628e-08
1.87234e-10
1.28589e-08
1.83847e-10
1.27569e-08
1.80586e-10
1.26566e-08
1.77447e-10
1.25581e-08
1.74427e-10
1.24612e-08
1.71522e-10
1.23658e-08
1.68731e-10
1.2272e-08
1.6605e-10
1.21796e-08
1.63478e-10
1.20886e-08
1.61014e-10
1.1999e-08
1.58659e-10
1.19106e-08
1.56411e-10
1.18235e-08
1.54275e-10
1.17375e-08
1.52253e-10
1.16527e-08
1.50353e-10
1.15689e-08
1.48591e-10
1.1486e-08
1.46994e-10
1.14039e-08
1.45628e-10
1.13226e-08
1.44652e-10
1.12414e-08
1.44501e-10
1.11592e-08
1.46632e-10
1.10704e-08
1.61069e-10
2.25894e-10
3.76646e-08
2.7969e-09
-3.74811e-08
3.78615e-08
3.18464e-09
3.80223e-08
3.42029e-09
3.81294e-08
3.5483e-09
3.81757e-08
3.59846e-09
3.81569e-08
3.58222e-09
3.80728e-08
3.50887e-09
3.7927e-08
3.39036e-09
3.77254e-08
3.23944e-09
3.74753e-08
3.0682e-09
3.71849e-08
2.88741e-09
3.6862e-08
2.70608e-09
3.6514e-08
2.5311e-09
3.61474e-08
2.3671e-09
3.57677e-08
2.21669e-09
3.53792e-08
2.08082e-09
3.49852e-08
1.95921e-09
3.45885e-08
1.85084e-09
3.41907e-08
1.75424e-09
3.37935e-08
1.66784e-09
3.33978e-08
1.5901e-09
3.30045e-08
1.51966e-09
3.26141e-08
1.45533e-09
3.22273e-08
1.39614e-09
3.18443e-08
1.34131e-09
3.14657e-08
1.29021e-09
3.10917e-08
1.24236e-09
3.07225e-08
1.19738e-09
3.03585e-08
1.15494e-09
2.99998e-08
1.11481e-09
2.96467e-08
1.07678e-09
2.92992e-08
1.04068e-09
2.89575e-08
1.00636e-09
2.86216e-08
9.73701e-10
2.82917e-08
9.42584e-10
2.79677e-08
9.12911e-10
2.76497e-08
8.84589e-10
2.73378e-08
8.57537e-10
2.70317e-08
8.31678e-10
2.67317e-08
8.06944e-10
2.64375e-08
7.83271e-10
2.61491e-08
7.606e-10
2.58665e-08
7.38878e-10
2.55896e-08
7.18053e-10
2.53183e-08
6.98081e-10
2.50525e-08
6.78917e-10
2.47921e-08
6.60522e-10
2.4537e-08
6.42857e-10
2.42871e-08
6.25888e-10
2.40423e-08
6.09582e-10
2.38025e-08
5.93908e-10
2.35675e-08
5.78836e-10
2.33373e-08
5.64339e-10
2.31117e-08
5.50392e-10
2.28907e-08
5.3697e-10
2.2674e-08
5.24049e-10
2.24617e-08
5.11608e-10
2.22536e-08
4.99625e-10
2.20495e-08
4.88082e-10
2.18495e-08
4.76959e-10
2.16533e-08
4.66238e-10
2.14608e-08
4.55903e-10
2.1272e-08
4.45936e-10
2.10868e-08
4.36324e-10
2.09051e-08
4.27051e-10
2.07267e-08
4.18103e-10
2.05515e-08
4.09467e-10
2.03796e-08
4.01131e-10
2.02108e-08
3.93083e-10
2.00449e-08
3.85311e-10
1.9882e-08
3.77806e-10
1.97219e-08
3.70555e-10
1.95646e-08
3.63551e-10
1.94099e-08
3.56784e-10
1.92579e-08
3.50246e-10
1.91084e-08
3.43928e-10
1.89613e-08
3.37824e-10
1.88166e-08
3.31926e-10
1.86742e-08
3.26229e-10
1.85341e-08
3.20725e-10
1.83961e-08
3.15411e-10
1.82603e-08
3.10282e-10
1.81265e-08
3.05333e-10
1.79946e-08
3.00561e-10
1.78647e-08
2.95963e-10
1.77367e-08
2.91537e-10
1.76104e-08
2.87282e-10
1.74858e-08
2.83198e-10
1.7363e-08
2.79286e-10
1.72417e-08
2.7555e-10
1.71219e-08
2.71996e-10
1.70037e-08
2.68637e-10
1.68868e-08
2.65493e-10
1.67711e-08
2.62612e-10
1.66567e-08
2.6009e-10
1.65432e-08
2.58169e-10
1.64302e-08
2.57515e-10
1.63163e-08
2.60437e-10
1.61995e-08
2.77963e-10
3.3652e-10
3.91907e-08
2.63462e-09
-3.90284e-08
3.9389e-08
2.98637e-09
3.9586e-08
3.22328e-09
3.97652e-08
3.36902e-09
3.99183e-08
3.44544e-09
4.00377e-08
3.46282e-09
4.0118e-08
3.42855e-09
4.01565e-08
3.35181e-09
4.01531e-08
3.2429e-09
4.01093e-08
3.11193e-09
4.00286e-08
2.96818e-09
3.99149e-08
2.81971e-09
3.97731e-08
2.67298e-09
3.96075e-08
2.53269e-09
3.94223e-08
2.40181e-09
3.92213e-08
2.28183e-09
3.90074e-08
2.1731e-09
3.87831e-08
2.07517e-09
3.85502e-08
1.98712e-09
3.83102e-08
1.9078e-09
3.80643e-08
1.836e-09
3.78134e-08
1.7706e-09
3.75582e-08
1.71057e-09
3.72992e-08
1.65508e-09
3.70371e-08
1.60342e-09
3.67723e-08
1.55501e-09
3.65053e-08
1.50941e-09
3.62364e-08
1.46625e-09
3.59661e-08
1.42526e-09
3.56947e-08
1.3862e-09
3.54226e-08
1.34889e-09
3.51501e-08
1.31318e-09
3.48775e-08
1.27894e-09
3.46051e-08
1.24606e-09
3.43333e-08
1.21446e-09
3.40621e-08
1.18405e-09
3.3792e-08
1.15475e-09
3.3523e-08
1.1265e-09
3.32554e-08
1.09925e-09
3.29894e-08
1.07294e-09
3.27252e-08
1.04753e-09
3.24628e-08
1.02296e-09
3.22025e-08
9.9921e-10
3.19443e-08
9.76234e-10
3.16884e-08
9.54e-10
3.14348e-08
9.32478e-10
3.11837e-08
9.1164e-10
3.09351e-08
8.91458e-10
3.06891e-08
8.71908e-10
3.04457e-08
8.52966e-10
3.0205e-08
8.34611e-10
2.9967e-08
8.16823e-10
2.97318e-08
7.9958e-10
2.94993e-08
7.82865e-10
2.92696e-08
7.6666e-10
2.90427e-08
7.50947e-10
2.88186e-08
7.35711e-10
2.85973e-08
7.20935e-10
2.83788e-08
7.06605e-10
2.8163e-08
6.92706e-10
2.795e-08
6.79224e-10
2.77398e-08
6.66145e-10
2.75323e-08
6.53457e-10
2.73274e-08
6.41147e-10
2.71253e-08
6.29204e-10
2.69258e-08
6.17614e-10
2.67289e-08
6.06368e-10
2.65346e-08
5.95455e-10
2.63428e-08
5.84863e-10
2.61535e-08
5.74584e-10
2.59667e-08
5.64608e-10
2.57823e-08
5.54925e-10
2.56004e-08
5.45527e-10
2.54207e-08
5.36406e-10
2.52434e-08
5.27554e-10
2.50684e-08
5.18964e-10
2.48956e-08
5.10629e-10
2.4725e-08
5.02543e-10
2.45565e-08
4.94699e-10
2.43901e-08
4.87093e-10
2.42258e-08
4.7972e-10
2.40635e-08
4.72575e-10
2.39032e-08
4.65655e-10
2.37448e-08
4.58958e-10
2.35883e-08
4.52481e-10
2.34336e-08
4.46223e-10
2.32807e-08
4.40185e-10
2.31295e-08
4.34367e-10
2.298e-08
4.28772e-10
2.28322e-08
4.23408e-10
2.26859e-08
4.18282e-10
2.25411e-08
4.13414e-10
2.23978e-08
4.08833e-10
2.22558e-08
4.04601e-10
2.2115e-08
4.00847e-10
2.19753e-08
3.97883e-10
2.18363e-08
3.96548e-10
2.16972e-08
3.99527e-10
2.15589e-08
4.16225e-10
4.6004e-10
4.07545e-08
2.49708e-09
-4.0617e-08
4.09314e-08
2.80946e-09
4.11193e-08
3.03542e-09
4.13034e-08
3.18488e-09
4.14762e-08
3.27264e-09
4.16314e-08
3.30768e-09
4.17635e-08
3.29648e-09
4.18688e-08
3.2465e-09
4.19454e-08
3.16628e-09
4.1993e-08
3.06433e-09
4.20125e-08
2.94864e-09
4.2006e-08
2.82623e-09
4.19761e-08
2.70292e-09
4.19256e-08
2.58312e-09
4.18576e-08
2.46984e-09
4.17747e-08
2.3648e-09
4.1679e-08
2.26872e-09
4.15727e-08
2.18154e-09
4.1457e-08
2.10274e-09
4.13333e-08
2.0315e-09
4.12024e-08
1.96689e-09
4.10651e-08
1.90799e-09
4.09217e-08
1.85395e-09
4.07727e-08
1.80401e-09
4.06186e-08
1.75754e-09
4.04596e-08
1.71401e-09
4.0296e-08
1.673e-09
4.01281e-08
1.63417e-09
3.99561e-08
1.59723e-09
3.97804e-08
1.56197e-09
3.96011e-08
1.5282e-09
3.94185e-08
1.49578e-09
3.92328e-08
1.46459e-09
3.90443e-08
1.43453e-09
3.88533e-08
1.4055e-09
3.86599e-08
1.37743e-09
3.84644e-08
1.35025e-09
3.8267e-08
1.32391e-09
3.80679e-08
1.29836e-09
3.78673e-08
1.27355e-09
3.76654e-08
1.24945e-09
3.74623e-08
1.22601e-09
3.72583e-08
1.2032e-09
3.70536e-08
1.18101e-09
3.68482e-08
1.15939e-09
3.66423e-08
1.13834e-09
3.64361e-08
1.11782e-09
3.62298e-08
1.09782e-09
3.60234e-08
1.07833e-09
3.5817e-08
1.05931e-09
3.56108e-08
1.04077e-09
3.5405e-08
1.02269e-09
3.51995e-08
1.00505e-09
3.49945e-08
9.87841e-10
3.47901e-08
9.71052e-10
3.45864e-08
9.54672e-10
3.43834e-08
9.38691e-10
3.41813e-08
9.23098e-10
3.398e-08
9.07884e-10
3.37797e-08
8.93039e-10
3.35803e-08
8.78554e-10
3.3382e-08
8.64421e-10
3.31849e-08
8.50631e-10
3.29888e-08
8.37176e-10
3.2794e-08
8.24049e-10
3.26004e-08
8.1124e-10
3.2408e-08
7.98744e-10
3.22169e-08
7.86552e-10
3.20271e-08
7.74658e-10
3.18386e-08
7.63056e-10
3.16515e-08
7.51737e-10
3.14657e-08
7.40697e-10
3.12813e-08
7.2993e-10
3.10983e-08
7.1943e-10
3.09167e-08
7.09191e-10
3.07364e-08
6.9921e-10
3.05576e-08
6.8948e-10
3.03801e-08
6.79999e-10
3.02041e-08
6.70763e-10
3.00294e-08
6.61767e-10
2.98561e-08
6.53011e-10
2.96842e-08
6.44491e-10
2.95136e-08
6.36207e-10
2.93444e-08
6.28157e-10
2.91766e-08
6.20342e-10
2.901e-08
6.12764e-10
2.88448e-08
6.05423e-10
2.86808e-08
5.98326e-10
2.85181e-08
5.91477e-10
2.83566e-08
5.84887e-10
2.81964e-08
5.78569e-10
2.80372e-08
5.72546e-10
2.78792e-08
5.66859e-10
2.77222e-08
5.61581e-10
2.75662e-08
5.56865e-10
2.7411e-08
5.53061e-10
2.72565e-08
5.51057e-10
2.71027e-08
5.53313e-10
2.69528e-08
5.6618e-10
5.91175e-10
4.23691e-08
2.37898e-09
-4.2251e-08
4.25243e-08
2.65431e-09
4.26949e-08
2.86483e-09
4.28676e-08
3.01216e-09
4.30351e-08
3.10516e-09
4.31918e-08
3.15095e-09
4.33331e-08
3.15515e-09
4.34557e-08
3.12397e-09
4.35574e-08
3.06454e-09
4.36376e-08
2.98416e-09
4.36965e-08
2.88972e-09
4.37353e-08
2.7874e-09
4.37558e-08
2.68241e-09
4.37601e-08
2.57885e-09
4.37503e-08
2.47964e-09
4.37285e-08
2.38661e-09
4.36965e-08
2.30073e-09
4.36558e-08
2.22223e-09
4.36076e-08
2.15089e-09
4.3553e-08
2.08616e-09
4.34925e-08
2.02737e-09
4.34267e-08
1.97378e-09
4.3356e-08
1.92468e-09
4.32806e-08
1.87942e-09
4.32007e-08
1.83743e-09
4.31165e-08
1.79823e-09
4.3028e-08
1.76143e-09
4.29355e-08
1.72668e-09
4.2839e-08
1.69373e-09
4.27386e-08
1.66235e-09
4.26345e-08
1.63236e-09
4.25267e-08
1.6036e-09
4.24153e-08
1.57596e-09
4.23005e-08
1.54933e-09
4.21824e-08
1.52361e-09
4.20611e-08
1.49874e-09
4.19367e-08
1.47464e-09
4.18093e-08
1.45126e-09
4.16791e-08
1.42854e-09
4.15463e-08
1.40644e-09
4.14108e-08
1.38492e-09
4.12728e-08
1.36395e-09
4.11326e-08
1.34349e-09
4.099e-08
1.32353e-09
4.08454e-08
1.30402e-09
4.06988e-08
1.28496e-09
4.05503e-08
1.26633e-09
4.04e-08
1.2481e-09
4.0248e-08
1.23027e-09
4.00945e-08
1.21281e-09
3.99396e-08
1.19572e-09
3.97833e-08
1.17899e-09
3.96258e-08
1.1626e-09
3.94671e-08
1.14654e-09
3.93073e-08
1.13081e-09
3.91466e-08
1.1154e-09
3.8985e-08
1.1003e-09
3.88226e-08
1.0855e-09
3.86595e-08
1.071e-09
3.84957e-08
1.05679e-09
3.83314e-08
1.04286e-09
3.81666e-08
1.02921e-09
3.80014e-08
1.01584e-09
3.78359e-08
1.00273e-09
3.767e-08
9.89881e-10
3.7504e-08
9.77292e-10
3.73378e-08
9.64956e-10
3.71714e-08
9.52868e-10
3.70051e-08
9.41024e-10
3.68387e-08
9.29419e-10
3.66724e-08
9.18051e-10
3.65062e-08
9.06915e-10
3.63401e-08
8.96008e-10
3.61742e-08
8.85327e-10
3.60085e-08
8.74869e-10
3.58431e-08
8.64632e-10
3.5678e-08
8.54613e-10
3.55132e-08
8.44811e-10
3.53487e-08
8.35225e-10
3.51846e-08
8.25853e-10
3.50209e-08
8.16696e-10
3.48577e-08
8.07754e-10
3.46948e-08
7.99028e-10
3.45325e-08
7.9052e-10
3.43706e-08
7.82233e-10
3.42092e-08
7.7417e-10
3.40483e-08
7.66338e-10
3.38879e-08
7.58743e-10
3.37279e-08
7.51396e-10
3.35685e-08
7.44308e-10
3.34096e-08
7.375e-10
3.32511e-08
7.30999e-10
3.30931e-08
7.24852e-10
3.29356e-08
7.19141e-10
3.27784e-08
7.14028e-10
3.26216e-08
7.09856e-10
3.24653e-08
7.07411e-10
3.23101e-08
7.08475e-10
3.21603e-08
7.15971e-10
7.22303e-10
4.40375e-08
2.2756e-09
-4.39342e-08
4.4174e-08
2.5179e-09
4.43273e-08
2.71146e-09
4.44859e-08
2.85359e-09
4.46424e-08
2.94864e-09
4.47917e-08
3.00168e-09
4.49295e-08
3.01736e-09
4.50526e-08
3.00081e-09
4.51592e-08
2.95794e-09
4.52484e-08
2.89495e-09
4.53203e-08
2.81781e-09
4.53758e-08
2.73195e-09
4.54162e-08
2.64204e-09
4.54432e-08
2.55185e-09
4.54586e-08
2.46419e-09
4.54643e-08
2.38096e-09
4.54617e-08
2.30327e-09
4.54524e-08
2.23161e-09
4.54372e-08
2.16599e-09
4.54173e-08
2.10613e-09
4.53931e-08
2.05155e-09
4.53652e-08
2.0017e-09
4.53338e-08
1.95601e-09
4.52993e-08
1.91395e-09
4.52617e-08
1.87501e-09
4.52212e-08
1.83877e-09
4.51778e-08
1.80487e-09
4.51315e-08
1.77299e-09
4.50823e-08
1.74288e-09
4.50303e-08
1.71432e-09
4.49756e-08
1.68713e-09
4.4918e-08
1.66116e-09
4.48577e-08
1.63629e-09
4.47946e-08
1.61241e-09
4.47288e-08
1.58942e-09
4.46603e-08
1.56724e-09
4.45891e-08
1.54581e-09
4.45153e-08
1.52505e-09
4.44389e-08
1.50493e-09
4.436e-08
1.48539e-09
4.42785e-08
1.46639e-09
4.41946e-08
1.4479e-09
4.41082e-08
1.42988e-09
4.40194e-08
1.41229e-09
4.39283e-08
1.39513e-09
4.38349e-08
1.37835e-09
4.37393e-08
1.36196e-09
4.36415e-08
1.34591e-09
4.35415e-08
1.3302e-09
4.34395e-08
1.31482e-09
4.33355e-08
1.29975e-09
4.32295e-08
1.28497e-09
4.31216e-08
1.27049e-09
4.30119e-08
1.25628e-09
4.29004e-08
1.24234e-09
4.27871e-08
1.22866e-09
4.26721e-08
1.21524e-09
4.25556e-08
1.20206e-09
4.24375e-08
1.18912e-09
4.23178e-08
1.17642e-09
4.21967e-08
1.16394e-09
4.20743e-08
1.15169e-09
4.19504e-08
1.13965e-09
4.18253e-08
1.12783e-09
4.1699e-08
1.11622e-09
4.15715e-08
1.10481e-09
4.14428e-08
1.0936e-09
4.13131e-08
1.08259e-09
4.11824e-08
1.07177e-09
4.10506e-08
1.06115e-09
4.0918e-08
1.05071e-09
4.07845e-08
1.04046e-09
4.06501e-08
1.03039e-09
4.05149e-08
1.0205e-09
4.0379e-08
1.01079e-09
4.02423e-08
1.00126e-09
4.0105e-08
9.91915e-10
3.99671e-08
9.82742e-10
3.98286e-08
9.73748e-10
3.96895e-08
9.64933e-10
3.95499e-08
9.56299e-10
3.94098e-08
9.47846e-10
3.92693e-08
9.39579e-10
3.91283e-08
9.31502e-10
3.89869e-08
9.23618e-10
3.88451e-08
9.15935e-10
3.8703e-08
9.0846e-10
3.85605e-08
9.01203e-10
3.84178e-08
8.94176e-10
3.82747e-08
8.87396e-10
3.81313e-08
8.80886e-10
3.79876e-08
8.74676e-10
3.78437e-08
8.68818e-10
3.76994e-08
8.63394e-10
3.75549e-08
8.58557e-10
3.74101e-08
8.54599e-10
3.72655e-08
8.52083e-10
3.7122e-08
8.51909e-10
3.6984e-08
8.54e-10
8.45268e-10
4.57617e-08
2.18354e-09
-4.56696e-08
4.58824e-08
2.39712e-09
4.60202e-08
2.57372e-09
4.61649e-08
2.70883e-09
4.63098e-08
2.80377e-09
4.64498e-08
2.86174e-09
4.65808e-08
2.88634e-09
4.66998e-08
2.88174e-09
4.6805e-08
2.85276e-09
4.68954e-08
2.8046e-09
4.69708e-08
2.74238e-09
4.70319e-08
2.67083e-09
4.70798e-08
2.59412e-09
4.7116e-08
2.5157e-09
4.71419e-08
2.43823e-09
4.71593e-08
2.36362e-09
4.71695e-08
2.2931e-09
4.71738e-08
2.22731e-09
4.71733e-08
2.16648e-09
4.71688e-08
2.11055e-09
4.71612e-08
2.05922e-09
4.71508e-08
2.01212e-09
4.71379e-08
1.96882e-09
4.7123e-08
1.92888e-09
4.71061e-08
1.8919e-09
4.70874e-08
1.8575e-09
4.70669e-08
1.82536e-09
4.70447e-08
1.79522e-09
4.70207e-08
1.76681e-09
4.69951e-08
1.73996e-09
4.69677e-08
1.71448e-09
4.69387e-08
1.69022e-09
4.69079e-08
1.66708e-09
4.68754e-08
1.64493e-09
4.68411e-08
1.62369e-09
4.68051e-08
1.60328e-09
4.67672e-08
1.58362e-09
4.67276e-08
1.56466e-09
4.66862e-08
1.54633e-09
4.6643e-08
1.5286e-09
4.6598e-08
1.51142e-09
4.65512e-08
1.49475e-09
4.65025e-08
1.47856e-09
4.6452e-08
1.46281e-09
4.63996e-08
1.44748e-09
4.63454e-08
1.43254e-09
4.62894e-08
1.41798e-09
4.62315e-08
1.40376e-09
4.61719e-08
1.38988e-09
4.61104e-08
1.37632e-09
4.6047e-08
1.36306e-09
4.59819e-08
1.35008e-09
4.5915e-08
1.33739e-09
4.58464e-08
1.32495e-09
4.57759e-08
1.31278e-09
4.57038e-08
1.30084e-09
4.56299e-08
1.28915e-09
4.55542e-08
1.27768e-09
4.54769e-08
1.26643e-09
4.5398e-08
1.25539e-09
4.53173e-08
1.24456e-09
4.52351e-08
1.23393e-09
4.51512e-08
1.2235e-09
4.50658e-08
1.21326e-09
4.49788e-08
1.20319e-09
4.48903e-08
1.19331e-09
4.48003e-08
1.18361e-09
4.47089e-08
1.17407e-09
4.46159e-08
1.1647e-09
4.45216e-08
1.1555e-09
4.44258e-08
1.14645e-09
4.43287e-08
1.13757e-09
4.42303e-08
1.12884e-09
4.41305e-08
1.12026e-09
4.40295e-08
1.11184e-09
4.39272e-08
1.10356e-09
4.38236e-08
1.09544e-09
4.37189e-08
1.08747e-09
4.3613e-08
1.07965e-09
4.3506e-08
1.07198e-09
4.33978e-08
1.06447e-09
4.32885e-08
1.05712e-09
4.31782e-08
1.04992e-09
4.30668e-08
1.0429e-09
4.29544e-08
1.03604e-09
4.28409e-08
1.02936e-09
4.27265e-08
1.02288e-09
4.26111e-08
1.01659e-09
4.24948e-08
1.01052e-09
4.23775e-08
1.00468e-09
4.22593e-08
9.99094e-10
4.21402e-08
9.93801e-10
4.20201e-08
9.88848e-10
4.18992e-08
9.84313e-10
4.17775e-08
9.8032e-10
4.1655e-08
9.77077e-10
4.15322e-08
9.74869e-10
4.14103e-08
9.73754e-10
4.12928e-08
9.71559e-10
9.53315e-10
4.75436e-08
2.10046e-09
-4.74606e-08
4.76514e-08
2.28934e-09
4.77753e-08
2.4498e-09
4.79072e-08
2.57693e-09
4.80408e-08
2.67018e-09
4.81713e-08
2.73126e-09
4.82949e-08
2.76278e-09
4.84086e-08
2.76801e-09
4.85105e-08
2.75083e-09
4.85996e-08
2.71555e-09
4.86755e-08
2.66649e-09
4.87385e-08
2.60776e-09
4.87896e-08
2.54302e-09
4.883e-08
2.47539e-09
4.88608e-08
2.40736e-09
4.88836e-08
2.34081e-09
4.88997e-08
2.277e-09
4.89103e-08
2.21673e-09
4.89164e-08
2.16039e-09
4.89189e-08
2.10807e-09
4.89184e-08
2.05966e-09
4.89156e-08
2.01493e-09
4.89109e-08
1.97358e-09
4.89045e-08
1.93528e-09
4.88966e-08
1.89971e-09
4.88876e-08
1.86656e-09
4.88774e-08
1.83556e-09
4.88661e-08
1.80647e-09
4.88539e-08
1.77907e-09
4.88407e-08
1.75318e-09
4.88265e-08
1.72865e-09
4.88114e-08
1.70534e-09
4.87953e-08
1.68313e-09
4.87783e-08
1.66192e-09
4.87604e-08
1.64164e-09
4.87415e-08
1.62219e-09
4.87216e-08
1.60351e-09
4.87007e-08
1.58554e-09
4.86788e-08
1.56823e-09
4.86559e-08
1.55154e-09
4.86319e-08
1.53541e-09
4.86068e-08
1.51982e-09
4.85807e-08
1.50472e-09
4.85534e-08
1.49009e-09
4.85249e-08
1.4759e-09
4.84954e-08
1.46213e-09
4.84646e-08
1.44875e-09
4.84326e-08
1.43574e-09
4.83994e-08
1.42308e-09
4.8365e-08
1.41076e-09
4.83293e-08
1.39875e-09
4.82923e-08
1.38706e-09
4.8254e-08
1.37565e-09
4.82145e-08
1.36452e-09
4.81736e-08
1.35367e-09
4.81314e-08
1.34306e-09
4.80878e-08
1.33271e-09
4.80429e-08
1.3226e-09
4.79966e-08
1.31271e-09
4.79489e-08
1.30304e-09
4.78999e-08
1.29359e-09
4.78495e-08
1.28434e-09
4.77977e-08
1.2753e-09
4.77445e-08
1.26644e-09
4.76899e-08
1.25777e-09
4.7634e-08
1.24929e-09
4.75766e-08
1.24097e-09
4.75178e-08
1.23283e-09
4.74577e-08
1.22486e-09
4.73961e-08
1.21704e-09
4.73332e-08
1.20939e-09
4.72689e-08
1.20188e-09
4.72032e-08
1.19453e-09
4.71361e-08
1.18733e-09
4.70677e-08
1.18027e-09
4.69979e-08
1.17336e-09
4.69267e-08
1.16659e-09
4.68542e-08
1.15997e-09
4.67804e-08
1.15349e-09
4.67052e-08
1.14716e-09
4.66287e-08
1.14097e-09
4.65509e-08
1.13493e-09
4.64718e-08
1.12904e-09
4.63914e-08
1.12332e-09
4.63097e-08
1.11775e-09
4.62267e-08
1.11236e-09
4.61424e-08
1.10716e-09
4.60568e-08
1.10214e-09
4.597e-08
1.09734e-09
4.58819e-08
1.09276e-09
4.57926e-08
1.08844e-09
4.5702e-08
1.0844e-09
4.56101e-08
1.0807e-09
4.5517e-08
1.07739e-09
4.54228e-08
1.07456e-09
4.53276e-08
1.07233e-09
4.52317e-08
1.07071e-09
4.51364e-08
1.06912e-09
4.50436e-08
1.06433e-09
1.04239e-09
4.93858e-08
2.0247e-09
-4.93101e-08
4.94828e-08
2.19243e-09
4.95945e-08
2.33802e-09
4.97147e-08
2.4568e-09
4.98376e-08
2.54726e-09
4.99589e-08
2.60999e-09
5.00749e-08
2.64673e-09
5.01829e-08
2.65997e-09
5.0281e-08
2.6528e-09
5.03678e-08
2.6287e-09
5.0443e-08
2.59129e-09
5.05067e-08
2.54409e-09
5.05594e-08
2.49028e-09
5.06022e-08
2.43268e-09
5.0636e-08
2.37356e-09
5.06621e-08
2.31471e-09
5.06816e-08
2.25744e-09
5.06958e-08
2.2026e-09
5.07054e-08
2.15071e-09
5.07115e-08
2.10199e-09
5.07147e-08
2.0565e-09
5.07155e-08
2.01411e-09
5.07144e-08
1.97466e-09
5.07118e-08
1.9379e-09
5.07079e-08
1.90359e-09
5.0703e-08
1.8715e-09
5.06972e-08
1.8414e-09
5.06905e-08
1.81309e-09
5.06832e-08
1.78639e-09
5.06753e-08
1.76112e-09
5.06668e-08
1.73717e-09
5.06577e-08
1.71439e-09
5.06481e-08
1.69269e-09
5.06381e-08
1.67198e-09
5.06275e-08
1.65217e-09
5.06165e-08
1.6332e-09
5.0605e-08
1.61499e-09
5.05931e-08
1.5975e-09
5.05806e-08
1.58068e-09
5.05677e-08
1.56447e-09
5.05543e-08
1.54885e-09
5.05403e-08
1.53377e-09
5.05258e-08
1.51921e-09
5.05108e-08
1.50514e-09
5.04952e-08
1.49152e-09
5.0479e-08
1.47834e-09
5.04621e-08
1.46557e-09
5.04447e-08
1.45319e-09
5.04266e-08
1.44119e-09
5.04078e-08
1.42955e-09
5.03883e-08
1.41824e-09
5.03681e-08
1.40727e-09
5.03471e-08
1.39661e-09
5.03254e-08
1.38626e-09
5.03029e-08
1.37619e-09
5.02795e-08
1.36641e-09
5.02553e-08
1.3569e-09
5.02303e-08
1.34764e-09
5.02043e-08
1.33864e-09
5.01775e-08
1.32987e-09
5.01498e-08
1.32135e-09
5.01211e-08
1.31304e-09
5.00914e-08
1.30496e-09
5.00608e-08
1.29709e-09
5.00291e-08
1.28942e-09
4.99965e-08
1.28195e-09
4.99628e-08
1.27467e-09
4.9928e-08
1.26758e-09
4.98922e-08
1.26067e-09
4.98553e-08
1.25393e-09
4.98173e-08
1.24737e-09
4.97782e-08
1.24098e-09
4.9738e-08
1.23475e-09
4.96967e-08
1.22868e-09
4.96542e-08
1.22277e-09
4.96105e-08
1.21701e-09
4.95657e-08
1.21141e-09
4.95197e-08
1.20596e-09
4.94725e-08
1.20067e-09
4.94242e-08
1.19553e-09
4.93746e-08
1.19055e-09
4.93238e-08
1.18572e-09
4.92718e-08
1.18106e-09
4.92185e-08
1.17656e-09
4.9164e-08
1.17224e-09
4.91083e-08
1.16809e-09
4.90513e-08
1.16414e-09
4.89931e-08
1.16039e-09
4.89336e-08
1.15686e-09
4.88728e-08
1.15356e-09
4.88107e-08
1.15053e-09
4.87473e-08
1.14779e-09
4.86826e-08
1.14537e-09
4.86167e-08
1.14334e-09
4.85495e-08
1.14174e-09
4.84813e-08
1.14057e-09
4.84123e-08
1.13966e-09
4.83433e-08
1.13808e-09
4.82753e-08
1.13241e-09
1.11149e-09
5.12908e-08
1.95507e-09
-5.12211e-08
5.13785e-08
2.10472e-09
5.14796e-08
2.23685e-09
5.15891e-08
2.34737e-09
5.1702e-08
2.43431e-09
5.18145e-08
2.49754e-09
5.19231e-08
2.53808e-09
5.20253e-08
2.55776e-09
5.21192e-08
2.55897e-09
5.22034e-08
2.54451e-09
5.22773e-08
2.51737e-09
5.23409e-08
2.4805e-09
5.23945e-08
2.43667e-09
5.24388e-08
2.38836e-09
5.24747e-08
2.33764e-09
5.25032e-08
2.28619e-09
5.25254e-08
2.2353e-09
5.25421e-08
2.18585e-09
5.25544e-08
2.13845e-09
5.25629e-08
2.09345e-09
5.25684e-08
2.05097e-09
5.25715e-08
2.01105e-09
5.25726e-08
1.97358e-09
5.2572e-08
1.93844e-09
5.25702e-08
1.90545e-09
5.25672e-08
1.87445e-09
5.25634e-08
1.84524e-09
5.25588e-08
1.81767e-09
5.25536e-08
1.79158e-09
5.25479e-08
1.76685e-09
5.25417e-08
1.74334e-09
5.25352e-08
1.72095e-09
5.25283e-08
1.6996e-09
5.25211e-08
1.67919e-09
5.25136e-08
1.65965e-09
5.25059e-08
1.64092e-09
5.24979e-08
1.62294e-09
5.24897e-08
1.60567e-09
5.24814e-08
1.58905e-09
5.24728e-08
1.57304e-09
5.2464e-08
1.55762e-09
5.24551e-08
1.54274e-09
5.24459e-08
1.52839e-09
5.24365e-08
1.51452e-09
5.24269e-08
1.50112e-09
5.24171e-08
1.48816e-09
5.2407e-08
1.47563e-09
5.23967e-08
1.46351e-09
5.23861e-08
1.45177e-09
5.23753e-08
1.44041e-09
5.23641e-08
1.42941e-09
5.23526e-08
1.41875e-09
5.23408e-08
1.40843e-09
5.23286e-08
1.39843e-09
5.23161e-08
1.38874e-09
5.23031e-08
1.37935e-09
5.22898e-08
1.37025e-09
5.2276e-08
1.36143e-09
5.22618e-08
1.35288e-09
5.2247e-08
1.3446e-09
5.22318e-08
1.33657e-09
5.22161e-08
1.32879e-09
5.21998e-08
1.32125e-09
5.21829e-08
1.31394e-09
5.21655e-08
1.30686e-09
5.21474e-08
1.3e-09
5.21287e-08
1.29335e-09
5.21094e-08
1.28691e-09
5.20894e-08
1.28067e-09
5.20687e-08
1.27463e-09
5.20473e-08
1.26878e-09
5.20252e-08
1.26313e-09
5.20022e-08
1.25765e-09
5.19786e-08
1.25236e-09
5.19541e-08
1.24724e-09
5.19288e-08
1.2423e-09
5.19027e-08
1.23754e-09
5.18757e-08
1.23295e-09
5.18478e-08
1.22853e-09
5.18191e-08
1.22428e-09
5.17894e-08
1.22021e-09
5.17588e-08
1.21632e-09
5.17273e-08
1.2126e-09
5.16948e-08
1.20907e-09
5.16613e-08
1.20574e-09
5.16267e-08
1.2026e-09
5.15912e-08
1.19968e-09
5.15546e-08
1.19697e-09
5.1517e-08
1.19451e-09
5.14782e-08
1.19229e-09
5.14384e-08
1.19036e-09
5.13975e-08
1.18873e-09
5.13554e-08
1.18744e-09
5.13122e-08
1.18652e-09
5.1268e-08
1.18598e-09
5.12228e-08
1.18576e-09
5.11769e-08
1.18556e-09
5.11306e-08
1.18434e-09
5.10839e-08
1.17912e-09
1.16222e-09
5.3261e-08
1.89074e-09
-5.31967e-08
5.33408e-08
2.0249e-09
5.34327e-08
2.14501e-09
5.35325e-08
2.2476e-09
5.36361e-08
2.33062e-09
5.37402e-08
2.39346e-09
5.38417e-08
2.43663e-09
5.39381e-08
2.46138e-09
5.40275e-08
2.46955e-09
5.41087e-08
2.46333e-09
5.41809e-08
2.44516e-09
5.42439e-08
2.4175e-09
5.42978e-08
2.38272e-09
5.43432e-08
2.34297e-09
5.43807e-08
2.30013e-09
5.44112e-08
2.25574e-09
5.44354e-08
2.21103e-09
5.44544e-08
2.16692e-09
5.44688e-08
2.12405e-09
5.44794e-08
2.08283e-09
5.44869e-08
2.04351e-09
5.44917e-08
2.00618e-09
5.44944e-08
1.97085e-09
5.44954e-08
1.93746e-09
5.4495e-08
1.90591e-09
5.44933e-08
1.87608e-09
5.44907e-08
1.84784e-09
5.44873e-08
1.82107e-09
5.44833e-08
1.79565e-09
5.44787e-08
1.77146e-09
5.44736e-08
1.7484e-09
5.44681e-08
1.72639e-09
5.44624e-08
1.70535e-09
5.44564e-08
1.68519e-09
5.44502e-08
1.66587e-09
5.44438e-08
1.64731e-09
5.44373e-08
1.62947e-09
5.44306e-08
1.61231e-09
5.44239e-08
1.59579e-09
5.4417e-08
1.57986e-09
5.44102e-08
1.5645e-09
5.44032e-08
1.54968e-09
5.43962e-08
1.53537e-09
5.43892e-08
1.52154e-09
5.43821e-08
1.50818e-09
5.4375e-08
1.49527e-09
5.43679e-08
1.48278e-09
5.43607e-08
1.4707e-09
5.43534e-08
1.45902e-09
5.43461e-08
1.44772e-09
5.43388e-08
1.43678e-09
5.43313e-08
1.4262e-09
5.43238e-08
1.41597e-09
5.43161e-08
1.40607e-09
5.43084e-08
1.39649e-09
5.43005e-08
1.38722e-09
5.42925e-08
1.37826e-09
5.42843e-08
1.36959e-09
5.4276e-08
1.36121e-09
5.42675e-08
1.35311e-09
5.42588e-08
1.34528e-09
5.42499e-08
1.33772e-09
5.42407e-08
1.33041e-09
5.42313e-08
1.32335e-09
5.42216e-08
1.31654e-09
5.42116e-08
1.30997e-09
5.42014e-08
1.30362e-09
5.41908e-08
1.29751e-09
5.41798e-08
1.29162e-09
5.41685e-08
1.28594e-09
5.41568e-08
1.28048e-09
5.41447e-08
1.27522e-09
5.41322e-08
1.27017e-09
5.41192e-08
1.26532e-09
5.41058e-08
1.26067e-09
5.40919e-08
1.25622e-09
5.40775e-08
1.25196e-09
5.40625e-08
1.24789e-09
5.4047e-08
1.24402e-09
5.4031e-08
1.24034e-09
5.40143e-08
1.23686e-09
5.3997e-08
1.23358e-09
5.39791e-08
1.2305e-09
5.39606e-08
1.22763e-09
5.39414e-08
1.22498e-09
5.39214e-08
1.22254e-09
5.39007e-08
1.22034e-09
5.38793e-08
1.21839e-09
5.38571e-08
1.21669e-09
5.38342e-08
1.21528e-09
5.38104e-08
1.21416e-09
5.37857e-08
1.21337e-09
5.37602e-08
1.21292e-09
5.37339e-08
1.21284e-09
5.37068e-08
1.21312e-09
5.36789e-08
1.21364e-09
5.36504e-08
1.21405e-09
5.36214e-08
1.21341e-09
5.3591e-08
1.20948e-09
1.1978e-09
5.52993e-08
1.83107e-09
-5.52396e-08
5.53722e-08
1.95194e-09
5.54559e-08
2.0614e-09
5.55469e-08
2.15656e-09
5.5642e-08
2.23547e-09
5.57382e-08
2.29729e-09
5.58327e-08
2.34212e-09
5.59233e-08
2.3708e-09
5.60082e-08
2.38467e-09
5.60861e-08
2.38543e-09
5.61562e-08
2.37503e-09
5.62182e-08
2.35551e-09
5.6272e-08
2.32887e-09
5.6318e-08
2.29697e-09
5.63567e-08
2.26146e-09
5.63887e-08
2.22375e-09
5.64147e-08
2.185e-09
5.64356e-08
2.14611e-09
5.64519e-08
2.10775e-09
5.64643e-08
2.07037e-09
5.64735e-08
2.03429e-09
5.648e-08
1.99969e-09
5.64843e-08
1.96663e-09
5.64866e-08
1.93512e-09
5.64874e-08
1.90513e-09
5.64869e-08
1.8766e-09
5.64853e-08
1.84944e-09
5.64828e-08
1.82356e-09
5.64795e-08
1.79887e-09
5.64757e-08
1.7753e-09
5.64714e-08
1.75275e-09
5.64666e-08
1.73115e-09
5.64615e-08
1.71044e-09
5.64561e-08
1.69056e-09
5.64506e-08
1.67145e-09
5.64448e-08
1.65307e-09
5.64389e-08
1.63536e-09
5.64329e-08
1.6183e-09
5.64269e-08
1.60184e-09
5.64208e-08
1.58596e-09
5.64147e-08
1.57062e-09
5.64085e-08
1.5558e-09
5.64024e-08
1.54148e-09
5.63963e-08
1.52764e-09
5.63903e-08
1.51425e-09
5.63842e-08
1.5013e-09
5.63782e-08
1.48877e-09
5.63723e-08
1.47665e-09
5.63664e-08
1.46492e-09
5.63605e-08
1.45358e-09
5.63547e-08
1.4426e-09
5.6349e-08
1.43198e-09
5.63432e-08
1.42171e-09
5.63375e-08
1.41177e-09
5.63318e-08
1.40217e-09
5.63262e-08
1.39288e-09
5.63205e-08
1.38391e-09
5.63149e-08
1.37524e-09
5.63092e-08
1.36686e-09
5.63035e-08
1.35878e-09
5.62979e-08
1.35097e-09
5.62921e-08
1.34345e-09
5.62863e-08
1.33619e-09
5.62805e-08
1.32919e-09
5.62746e-08
1.32245e-09
5.62686e-08
1.31596e-09
5.62625e-08
1.30972e-09
5.62563e-08
1.30371e-09
5.625e-08
1.29795e-09
5.62435e-08
1.29241e-09
5.62369e-08
1.2871e-09
5.62301e-08
1.28202e-09
5.62231e-08
1.27716e-09
5.62159e-08
1.27251e-09
5.62085e-08
1.26808e-09
5.62009e-08
1.26386e-09
5.6193e-08
1.25985e-09
5.61848e-08
1.25606e-09
5.61763e-08
1.25248e-09
5.61676e-08
1.24911e-09
5.61585e-08
1.24596e-09
5.6149e-08
1.24302e-09
5.61392e-08
1.24031e-09
5.6129e-08
1.23783e-09
5.61184e-08
1.23558e-09
5.61074e-08
1.23358e-09
5.60959e-08
1.23183e-09
5.60839e-08
1.23035e-09
5.60715e-08
1.22915e-09
5.60585e-08
1.22826e-09
5.6045e-08
1.22768e-09
5.60309e-08
1.22745e-09
5.60162e-08
1.22757e-09
5.6001e-08
1.22806e-09
5.59853e-08
1.22889e-09
5.5969e-08
1.22993e-09
5.59522e-08
1.23085e-09
5.59347e-08
1.23089e-09
5.59156e-08
1.22861e-09
1.22203e-09
5.74083e-08
1.77558e-09
-5.73528e-08
5.74752e-08
1.88501e-09
5.75515e-08
1.98507e-09
5.76347e-08
2.07339e-09
5.77219e-08
2.1482e-09
5.78107e-08
2.20854e-09
5.78985e-08
2.25429e-09
5.79834e-08
2.28593e-09
5.80637e-08
2.3044e-09
5.81381e-08
2.31101e-09
5.82058e-08
2.3073e-09
5.82664e-08
2.29493e-09
5.83197e-08
2.27556e-09
5.83659e-08
2.25078e-09
5.84053e-08
2.22204e-09
5.84385e-08
2.1906e-09
5.84659e-08
2.15754e-09
5.84883e-08
2.12371e-09
5.85063e-08
2.08978e-09
5.85204e-08
2.05625e-09
5.85312e-08
2.02348e-09
5.85392e-08
1.99168e-09
5.85449e-08
1.96099e-09
5.85485e-08
1.93149e-09
5.85505e-08
1.90319e-09
5.8551e-08
1.87606e-09
5.85504e-08
1.85008e-09
5.85487e-08
1.82519e-09
5.85463e-08
1.80133e-09
5.85431e-08
1.77844e-09
5.85394e-08
1.75646e-09
5.85352e-08
1.73533e-09
5.85307e-08
1.71501e-09
5.85258e-08
1.69544e-09
5.85207e-08
1.67658e-09
5.85153e-08
1.65839e-09
5.85099e-08
1.64084e-09
5.85043e-08
1.62389e-09
5.84986e-08
1.60751e-09
5.84929e-08
1.59167e-09
5.84871e-08
1.57636e-09
5.84814e-08
1.56154e-09
5.84757e-08
1.5472e-09
5.847e-08
1.53332e-09
5.84644e-08
1.51989e-09
5.84588e-08
1.50688e-09
5.84533e-08
1.49429e-09
5.84478e-08
1.48209e-09
5.84425e-08
1.47028e-09
5.84372e-08
1.45886e-09
5.8432e-08
1.44779e-09
5.84269e-08
1.43709e-09
5.84219e-08
1.42673e-09
5.84169e-08
1.41671e-09
5.84121e-08
1.40702e-09
5.84073e-08
1.39765e-09
5.84026e-08
1.3886e-09
5.8398e-08
1.37985e-09
5.83935e-08
1.37141e-09
5.8389e-08
1.36326e-09
5.83846e-08
1.3554e-09
5.83802e-08
1.34782e-09
5.83759e-08
1.34051e-09
5.83716e-08
1.33347e-09
5.83673e-08
1.3267e-09
5.83631e-08
1.32019e-09
5.83589e-08
1.31393e-09
5.83547e-08
1.30793e-09
5.83505e-08
1.30216e-09
5.83462e-08
1.29664e-09
5.8342e-08
1.29136e-09
5.83377e-08
1.28631e-09
5.83333e-08
1.28149e-09
5.8329e-08
1.2769e-09
5.83245e-08
1.27254e-09
5.83199e-08
1.26841e-09
5.83153e-08
1.2645e-09
5.83105e-08
1.26081e-09
5.83057e-08
1.25736e-09
5.83007e-08
1.25412e-09
5.82955e-08
1.25112e-09
5.82902e-08
1.24836e-09
5.82846e-08
1.24583e-09
5.82789e-08
1.24354e-09
5.8273e-08
1.24151e-09
5.82668e-08
1.23975e-09
5.82604e-08
1.23825e-09
5.82537e-08
1.23704e-09
5.82467e-08
1.23613e-09
5.82394e-08
1.23555e-09
5.82318e-08
1.2353e-09
5.82239e-08
1.2354e-09
5.82156e-08
1.23588e-09
5.82069e-08
1.23673e-09
5.81979e-08
1.23791e-09
5.81885e-08
1.23931e-09
5.81787e-08
1.24064e-09
5.81682e-08
1.24139e-09
5.8156e-08
1.24078e-09
1.23844e-09
5.95908e-08
1.72391e-09
-5.95391e-08
5.96523e-08
1.82347e-09
5.97221e-08
1.91527e-09
5.97981e-08
1.99736e-09
5.98782e-08
2.06817e-09
5.99599e-08
2.12676e-09
6.00414e-08
2.17284e-09
6.01207e-08
2.20662e-09
6.01963e-08
2.22877e-09
6.02671e-08
2.24024e-09
6.03322e-08
2.24224e-09
6.0391e-08
2.23609e-09
6.04434e-08
2.22317e-09
6.04894e-08
2.20481e-09
6.05291e-08
2.18227e-09
6.05631e-08
2.15666e-09
6.05916e-08
2.12897e-09
6.06153e-08
2.1e-09
6.06347e-08
2.0704e-09
6.06503e-08
2.04068e-09
6.06626e-08
2.01121e-09
6.0672e-08
1.98227e-09
6.06789e-08
1.95404e-09
6.06838e-08
1.92663e-09
6.06868e-08
1.90011e-09
6.06884e-08
1.87449e-09
6.06887e-08
1.84979e-09
6.06879e-08
1.82597e-09
6.06862e-08
1.80302e-09
6.06838e-08
1.78089e-09
6.06807e-08
1.75954e-09
6.06771e-08
1.73895e-09
6.0673e-08
1.71906e-09
6.06686e-08
1.69985e-09
6.06639e-08
1.68129e-09
6.0659e-08
1.66333e-09
6.06538e-08
1.64596e-09
6.06486e-08
1.62915e-09
6.06432e-08
1.61287e-09
6.06378e-08
1.5971e-09
6.06324e-08
1.58182e-09
6.06269e-08
1.56701e-09
6.06214e-08
1.55266e-09
6.0616e-08
1.53876e-09
6.06106e-08
1.52528e-09
6.06053e-08
1.51221e-09
6.06e-08
1.49955e-09
6.05948e-08
1.48728e-09
6.05897e-08
1.47538e-09
6.05847e-08
1.46386e-09
6.05798e-08
1.4527e-09
6.0575e-08
1.4419e-09
6.05703e-08
1.43144e-09
6.05657e-08
1.42131e-09
6.05612e-08
1.41152e-09
6.05568e-08
1.40205e-09
6.05525e-08
1.39289e-09
6.05483e-08
1.38405e-09
6.05442e-08
1.3755e-09
6.05402e-08
1.36726e-09
6.05363e-08
1.3593e-09
6.05325e-08
1.35163e-09
6.05288e-08
1.34424e-09
6.05251e-08
1.33712e-09
6.05215e-08
1.33027e-09
6.0518e-08
1.32369e-09
6.05146e-08
1.31737e-09
6.05112e-08
1.3113e-09
6.05079e-08
1.30548e-09
6.05046e-08
1.29992e-09
6.05014e-08
1.29459e-09
6.04982e-08
1.28951e-09
6.0495e-08
1.28467e-09
6.04919e-08
1.28007e-09
6.04887e-08
1.2757e-09
6.04855e-08
1.27157e-09
6.04824e-08
1.26767e-09
6.04792e-08
1.264e-09
6.0476e-08
1.26058e-09
6.04727e-08
1.25739e-09
6.04694e-08
1.25444e-09
6.0466e-08
1.25174e-09
6.04626e-08
1.24928e-09
6.0459e-08
1.24709e-09
6.04554e-08
1.24516e-09
6.04516e-08
1.24351e-09
6.04477e-08
1.24214e-09
6.04437e-08
1.24108e-09
6.04395e-08
1.24033e-09
6.04351e-08
1.23992e-09
6.04305e-08
1.23986e-09
6.04258e-08
1.24017e-09
6.04208e-08
1.24086e-09
6.04156e-08
1.24192e-09
6.04102e-08
1.24333e-09
6.04045e-08
1.24499e-09
6.03984e-08
1.24669e-09
6.03917e-08
1.24812e-09
6.03835e-08
1.249e-09
1.24984e-09
6.18496e-08
1.67578e-09
-6.18015e-08
6.19063e-08
1.7668e-09
6.19702e-08
1.85134e-09
6.20398e-08
1.9278e-09
6.21131e-08
1.99482e-09
6.21884e-08
2.0515e-09
6.22638e-08
2.09746e-09
6.23377e-08
2.13275e-09
6.24087e-08
2.15777e-09
6.24757e-08
2.17324e-09
6.25378e-08
2.18007e-09
6.25946e-08
2.1793e-09
6.26457e-08
2.17205e-09
6.26911e-08
2.15943e-09
6.27309e-08
2.14253e-09
6.27652e-08
2.12231e-09
6.27945e-08
2.09965e-09
6.28193e-08
2.07529e-09
6.28398e-08
2.04987e-09
6.28566e-08
2.02387e-09
6.28701e-08
1.99768e-09
6.28808e-08
1.97162e-09
6.28889e-08
1.94588e-09
6.28949e-08
1.92063e-09
6.28991e-08
1.89596e-09
6.29017e-08
1.87193e-09
6.29029e-08
1.84858e-09
6.29029e-08
1.82592e-09
6.2902e-08
1.80394e-09
6.29002e-08
1.78264e-09
6.28978e-08
1.762e-09
6.28947e-08
1.74199e-09
6.28912e-08
1.7226e-09
6.28873e-08
1.70379e-09
6.2883e-08
1.68556e-09
6.28785e-08
1.66787e-09
6.28737e-08
1.65072e-09
6.28688e-08
1.63407e-09
6.28637e-08
1.61791e-09
6.28586e-08
1.60223e-09
6.28534e-08
1.587e-09
6.28482e-08
1.57223e-09
6.2843e-08
1.55788e-09
6.28378e-08
1.54396e-09
6.28326e-08
1.53045e-09
6.28275e-08
1.51733e-09
6.28224e-08
1.50461e-09
6.28174e-08
1.49226e-09
6.28125e-08
1.48029e-09
6.28077e-08
1.46868e-09
6.2803e-08
1.45743e-09
6.27984e-08
1.44652e-09
6.27938e-08
1.43596e-09
6.27894e-08
1.42573e-09
6.27851e-08
1.41583e-09
6.27809e-08
1.40625e-09
6.27768e-08
1.39699e-09
6.27728e-08
1.38803e-09
6.2769e-08
1.37938e-09
6.27652e-08
1.37102e-09
6.27615e-08
1.36296e-09
6.2758e-08
1.35519e-09
6.27545e-08
1.3477e-09
6.27511e-08
1.34049e-09
6.27479e-08
1.33355e-09
6.27447e-08
1.32687e-09
6.27416e-08
1.32047e-09
6.27386e-08
1.31432e-09
6.27356e-08
1.30843e-09
6.27327e-08
1.30279e-09
6.27299e-08
1.2974e-09
6.27272e-08
1.29226e-09
6.27245e-08
1.28736e-09
6.27219e-08
1.28271e-09
6.27193e-08
1.2783e-09
6.27167e-08
1.27413e-09
6.27142e-08
1.27021e-09
6.27116e-08
1.26652e-09
6.27091e-08
1.26308e-09
6.27066e-08
1.25989e-09
6.27041e-08
1.25695e-09
6.27016e-08
1.25426e-09
6.26991e-08
1.25183e-09
6.26965e-08
1.24967e-09
6.26939e-08
1.24778e-09
6.26912e-08
1.24618e-09
6.26884e-08
1.24489e-09
6.26856e-08
1.2439e-09
6.26827e-08
1.24324e-09
6.26797e-08
1.24293e-09
6.26766e-08
1.24298e-09
6.26733e-08
1.24341e-09
6.26699e-08
1.24424e-09
6.26664e-08
1.24545e-09
6.26627e-08
1.24703e-09
6.26588e-08
1.2489e-09
6.26546e-08
1.25094e-09
6.26497e-08
1.253e-09
6.26436e-08
1.25514e-09
1.25816e-09
6.41878e-08
1.63095e-09
-6.4143e-08
6.42401e-08
1.71459e-09
6.42986e-08
1.79276e-09
6.43623e-08
1.86416e-09
6.44295e-08
1.92763e-09
6.44986e-08
1.98234e-09
6.45682e-08
2.02786e-09
6.46368e-08
2.06413e-09
6.47032e-08
2.09138e-09
6.47664e-08
2.1101e-09
6.48255e-08
2.12097e-09
6.488e-08
2.12481e-09
6.49295e-08
2.12252e-09
6.49739e-08
2.11501e-09
6.50133e-08
2.10318e-09
6.50477e-08
2.08789e-09
6.50774e-08
2.0699e-09
6.51028e-08
2.04989e-09
6.51242e-08
2.02845e-09
6.51421e-08
2.00605e-09
6.51567e-08
1.98309e-09
6.51684e-08
1.95987e-09
6.51776e-08
1.93664e-09
6.51847e-08
1.91358e-09
6.51898e-08
1.89081e-09
6.51933e-08
1.86843e-09
6.51954e-08
1.8465e-09
6.51963e-08
1.82505e-09
6.51961e-08
1.80412e-09
6.51951e-08
1.78371e-09
6.51932e-08
1.76382e-09
6.51908e-08
1.74445e-09
6.51878e-08
1.72559e-09
6.51843e-08
1.70724e-09
6.51805e-08
1.68938e-09
6.51764e-08
1.67199e-09
6.5172e-08
1.65508e-09
6.51675e-08
1.63863e-09
6.51628e-08
1.62262e-09
6.51579e-08
1.60705e-09
6.5153e-08
1.5919e-09
6.51481e-08
1.57717e-09
6.51431e-08
1.56285e-09
6.51382e-08
1.54892e-09
6.51332e-08
1.53539e-09
6.51283e-08
1.52224e-09
6.51235e-08
1.50946e-09
6.51187e-08
1.49706e-09
6.5114e-08
1.48501e-09
6.51093e-08
1.47332e-09
6.51048e-08
1.46198e-09
6.51003e-08
1.45098e-09
6.5096e-08
1.44032e-09
6.50917e-08
1.42999e-09
6.50876e-08
1.41998e-09
6.50835e-08
1.41029e-09
6.50796e-08
1.40092e-09
6.50757e-08
1.39186e-09
6.5072e-08
1.3831e-09
6.50684e-08
1.37464e-09
6.50649e-08
1.36647e-09
6.50615e-08
1.3586e-09
6.50582e-08
1.351e-09
6.5055e-08
1.34369e-09
6.50519e-08
1.33665e-09
6.50489e-08
1.32989e-09
6.50459e-08
1.32339e-09
6.50431e-08
1.31715e-09
6.50404e-08
1.31118e-09
6.50377e-08
1.30546e-09
6.50351e-08
1.3e-09
6.50326e-08
1.29479e-09
6.50301e-08
1.28983e-09
6.50277e-08
1.28512e-09
6.50253e-08
1.28065e-09
6.5023e-08
1.27644e-09
6.50208e-08
1.27247e-09
6.50185e-08
1.26875e-09
6.50163e-08
1.26528e-09
6.50142e-08
1.26206e-09
6.5012e-08
1.2591e-09
6.50099e-08
1.2564e-09
6.50077e-08
1.25398e-09
6.50056e-08
1.25182e-09
6.50034e-08
1.24996e-09
6.50012e-08
1.24838e-09
6.4999e-08
1.24712e-09
6.49967e-08
1.24618e-09
6.49943e-08
1.24558e-09
6.49919e-08
1.24534e-09
6.49895e-08
1.24547e-09
6.49869e-08
1.24598e-09
6.49842e-08
1.24691e-09
6.49814e-08
1.24824e-09
6.49785e-08
1.24995e-09
6.49754e-08
1.25203e-09
6.49719e-08
1.25439e-09
6.49679e-08
1.25704e-09
6.49628e-08
1.26017e-09
1.26462e-09
6.66084e-08
1.58926e-09
-6.65667e-08
6.66565e-08
1.6665e-09
6.67102e-08
1.73909e-09
6.67683e-08
1.80597e-09
6.68298e-08
1.86615e-09
6.68933e-08
1.91889e-09
6.69574e-08
1.96376e-09
6.70209e-08
2.0006e-09
6.70827e-08
2.02953e-09
6.7142e-08
2.05086e-09
6.71978e-08
2.0651e-09
6.72498e-08
2.07287e-09
6.72974e-08
2.07487e-09
6.73406e-08
2.07186e-09
6.73792e-08
2.06458e-09
6.74133e-08
2.05376e-09
6.74432e-08
2.04007e-09
6.74689e-08
2.02412e-09
6.74909e-08
2.00644e-09
6.75095e-08
1.98748e-09
6.7525e-08
1.96764e-09
6.75376e-08
1.94722e-09
6.75478e-08
1.92648e-09
6.75557e-08
1.90561e-09
6.75618e-08
1.88476e-09
6.75662e-08
1.86406e-09
6.75691e-08
1.84359e-09
6.75707e-08
1.82341e-09
6.75713e-08
1.80357e-09
6.75709e-08
1.7841e-09
6.75697e-08
1.76501e-09
6.75678e-08
1.74632e-09
6.75653e-08
1.72805e-09
6.75624e-08
1.71018e-09
6.7559e-08
1.69272e-09
6.75554e-08
1.67568e-09
6.75514e-08
1.65904e-09
6.75472e-08
1.64281e-09
6.75429e-08
1.62697e-09
6.75384e-08
1.61153e-09
6.75338e-08
1.59648e-09
6.75291e-08
1.58182e-09
6.75245e-08
1.56753e-09
6.75198e-08
1.55362e-09
6.75151e-08
1.54008e-09
6.75104e-08
1.52691e-09
6.75058e-08
1.51409e-09
6.75012e-08
1.50163e-09
6.74967e-08
1.48952e-09
6.74922e-08
1.47776e-09
6.74879e-08
1.46634e-09
6.74836e-08
1.45525e-09
6.74794e-08
1.4445e-09
6.74753e-08
1.43407e-09
6.74713e-08
1.42397e-09
6.74675e-08
1.41418e-09
6.74637e-08
1.4047e-09
6.746e-08
1.39554e-09
6.74564e-08
1.38667e-09
6.7453e-08
1.37811e-09
6.74496e-08
1.36984e-09
6.74463e-08
1.36186e-09
6.74432e-08
1.35417e-09
6.74401e-08
1.34676e-09
6.74371e-08
1.33962e-09
6.74342e-08
1.33277e-09
6.74315e-08
1.32618e-09
6.74288e-08
1.31986e-09
6.74261e-08
1.3138e-09
6.74236e-08
1.308e-09
6.74211e-08
1.30246e-09
6.74187e-08
1.29718e-09
6.74164e-08
1.29215e-09
6.74141e-08
1.28738e-09
6.74119e-08
1.28286e-09
6.74098e-08
1.27859e-09
6.74077e-08
1.27457e-09
6.74056e-08
1.27081e-09
6.74036e-08
1.26731e-09
6.74016e-08
1.26406e-09
6.73996e-08
1.26108e-09
6.73977e-08
1.25837e-09
6.73957e-08
1.25593e-09
6.73937e-08
1.25378e-09
6.73918e-08
1.25191e-09
6.73898e-08
1.25036e-09
6.73878e-08
1.24912e-09
6.73858e-08
1.24821e-09
6.73837e-08
1.24766e-09
6.73816e-08
1.24746e-09
6.73794e-08
1.24766e-09
6.73771e-08
1.24825e-09
6.73748e-08
1.24926e-09
6.73723e-08
1.25069e-09
6.73697e-08
1.25255e-09
6.73669e-08
1.25483e-09
6.73638e-08
1.25751e-09
6.73602e-08
1.26067e-09
6.73558e-08
1.26457e-09
1.26994e-09
6.91145e-08
1.55059e-09
-6.90758e-08
6.91587e-08
1.62227e-09
6.92078e-08
1.68997e-09
6.92609e-08
1.75284e-09
6.93171e-08
1.81002e-09
6.93751e-08
1.86085e-09
6.9434e-08
1.90491e-09
6.94926e-08
1.94201e-09
6.95499e-08
1.97217e-09
6.96052e-08
1.99558e-09
6.96577e-08
2.01259e-09
6.97069e-08
2.02367e-09
6.97524e-08
2.02937e-09
6.9794e-08
2.0303e-09
6.98315e-08
2.02705e-09
6.9865e-08
2.02026e-09
6.98946e-08
2.01049e-09
6.99204e-08
1.99829e-09
6.99427e-08
1.98413e-09
6.99618e-08
1.96844e-09
6.99778e-08
1.95158e-09
6.99912e-08
1.93387e-09
7.00021e-08
1.91556e-09
7.00108e-08
1.89686e-09
7.00176e-08
1.87794e-09
7.00228e-08
1.85894e-09
7.00264e-08
1.83995e-09
7.00287e-08
1.82107e-09
7.003e-08
1.80235e-09
7.00302e-08
1.78385e-09
7.00296e-08
1.76561e-09
7.00283e-08
1.74764e-09
7.00264e-08
1.72998e-09
7.00239e-08
1.71263e-09
7.0021e-08
1.69561e-09
7.00178e-08
1.67893e-09
7.00142e-08
1.6626e-09
7.00104e-08
1.64661e-09
7.00064e-08
1.63097e-09
7.00023e-08
1.61568e-09
6.9998e-08
1.60075e-09
6.99937e-08
1.58616e-09
6.99893e-08
1.57193e-09
6.99849e-08
1.55805e-09
6.99804e-08
1.54451e-09
6.9976e-08
1.53133e-09
6.99716e-08
1.51848e-09
6.99673e-08
1.50598e-09
6.9963e-08
1.49382e-09
6.99588e-08
1.48199e-09
6.99546e-08
1.47049e-09
6.99505e-08
1.45933e-09
6.99465e-08
1.44849e-09
6.99426e-08
1.43797e-09
6.99388e-08
1.42777e-09
6.99351e-08
1.41789e-09
6.99315e-08
1.40832e-09
6.9928e-08
1.39905e-09
6.99246e-08
1.39009e-09
6.99213e-08
1.38142e-09
6.99181e-08
1.37306e-09
6.99149e-08
1.36498e-09
6.99119e-08
1.35719e-09
6.9909e-08
1.34968e-09
6.99062e-08
1.34246e-09
6.99034e-08
1.33551e-09
6.99008e-08
1.32883e-09
6.98982e-08
1.32243e-09
6.98957e-08
1.31629e-09
6.98933e-08
1.31041e-09
6.98909e-08
1.3048e-09
6.98887e-08
1.29945e-09
6.98865e-08
1.29436e-09
6.98843e-08
1.28952e-09
6.98822e-08
1.28494e-09
6.98802e-08
1.28062e-09
6.98782e-08
1.27656e-09
6.98763e-08
1.27275e-09
6.98744e-08
1.26921e-09
6.98725e-08
1.26593e-09
6.98707e-08
1.26293e-09
6.98688e-08
1.2602e-09
6.9867e-08
1.25775e-09
6.98652e-08
1.25559e-09
6.98634e-08
1.25373e-09
6.98615e-08
1.25219e-09
6.98597e-08
1.25097e-09
6.98578e-08
1.25009e-09
6.98559e-08
1.24957e-09
6.98539e-08
1.24943e-09
6.98519e-08
1.24968e-09
6.98498e-08
1.25034e-09
6.98476e-08
1.25144e-09
6.98453e-08
1.25298e-09
6.98429e-08
1.25498e-09
6.98403e-08
1.25746e-09
6.98374e-08
1.26044e-09
6.9834e-08
1.26404e-09
6.983e-08
1.26854e-09
1.27449e-09
9.83344e-08
1.50266e-09
-9.82865e-08
9.83887e-08
1.56798e-09
9.84486e-08
1.63005e-09
9.85133e-08
1.6882e-09
9.85815e-08
1.74176e-09
9.86522e-08
1.79017e-09
9.87241e-08
1.83303e-09
9.8796e-08
1.87013e-09
9.88667e-08
1.90141e-09
9.89354e-08
1.92694e-09
9.9001e-08
1.94692e-09
9.90631e-08
1.96165e-09
9.91209e-08
1.97152e-09
9.91742e-08
1.97696e-09
9.92229e-08
1.97844e-09
9.92667e-08
1.97642e-09
9.93058e-08
1.97138e-09
9.93403e-08
1.96376e-09
9.93705e-08
1.95396e-09
9.93966e-08
1.94237e-09
9.94188e-08
1.92932e-09
9.94376e-08
1.91509e-09
9.94532e-08
1.89996e-09
9.9466e-08
1.88411e-09
9.94762e-08
1.86775e-09
9.94841e-08
1.85103e-09
9.949e-08
1.83405e-09
9.94941e-08
1.81694e-09
9.94967e-08
1.79978e-09
9.94979e-08
1.78263e-09
9.94979e-08
1.76556e-09
9.9497e-08
1.7486e-09
9.94951e-08
1.73181e-09
9.94926e-08
1.71521e-09
9.94894e-08
1.69882e-09
9.94856e-08
1.68267e-09
9.94815e-08
1.66677e-09
9.94769e-08
1.65114e-09
9.94721e-08
1.6358e-09
9.9467e-08
1.62074e-09
9.94618e-08
1.60599e-09
9.94564e-08
1.59154e-09
9.94509e-08
1.5774e-09
9.94454e-08
1.56357e-09
9.94399e-08
1.55006e-09
9.94343e-08
1.53687e-09
9.94288e-08
1.524e-09
9.94233e-08
1.51146e-09
9.94179e-08
1.49923e-09
9.94126e-08
1.48733e-09
9.94073e-08
1.47575e-09
9.94022e-08
1.46449e-09
9.93971e-08
1.45354e-09
9.93922e-08
1.44291e-09
9.93873e-08
1.4326e-09
9.93826e-08
1.42259e-09
9.93781e-08
1.41289e-09
9.93736e-08
1.4035e-09
9.93693e-08
1.39441e-09
9.93651e-08
1.38562e-09
9.9361e-08
1.37712e-09
9.93571e-08
1.36892e-09
9.93533e-08
1.36101e-09
9.93496e-08
1.35338e-09
9.9346e-08
1.34603e-09
9.93425e-08
1.33897e-09
9.93392e-08
1.33218e-09
9.9336e-08
1.32566e-09
9.93328e-08
1.31942e-09
9.93298e-08
1.31344e-09
9.93269e-08
1.30773e-09
9.9324e-08
1.30229e-09
9.93213e-08
1.29711e-09
9.93186e-08
1.29219e-09
9.9316e-08
1.28754e-09
9.93135e-08
1.28315e-09
9.9311e-08
1.27902e-09
9.93086e-08
1.27517e-09
9.93062e-08
1.27158e-09
9.93039e-08
1.26826e-09
9.93016e-08
1.26522e-09
9.92993e-08
1.26247e-09
9.92971e-08
1.26e-09
9.92948e-08
1.25784e-09
9.92926e-08
1.25599e-09
9.92903e-08
1.25446e-09
9.9288e-08
1.25326e-09
9.92857e-08
1.25242e-09
9.92833e-08
1.25195e-09
9.92809e-08
1.25187e-09
9.92784e-08
1.25219e-09
9.92758e-08
1.25295e-09
9.9273e-08
1.25417e-09
9.92702e-08
1.25586e-09
9.92671e-08
1.25806e-09
9.92637e-08
1.2608e-09
9.926e-08
1.26416e-09
9.92558e-08
1.26826e-09
9.9251e-08
1.27334e-09
1.27981e-09
1.10418e-07
1.45737e-09
-1.10373e-07
1.10469e-07
1.51714e-09
1.10525e-07
1.57425e-09
1.10585e-07
1.62818e-09
1.10648e-07
1.67841e-09
1.10714e-07
1.72446e-09
1.10781e-07
1.766e-09
1.10848e-07
1.80279e-09
1.10915e-07
1.83473e-09
1.1098e-07
1.86181e-09
1.11043e-07
1.88412e-09
1.11103e-07
1.90183e-09
1.11159e-07
1.91521e-09
1.11211e-07
1.92453e-09
1.1126e-07
1.93014e-09
1.11304e-07
1.93239e-09
1.11344e-07
1.93164e-09
1.11379e-07
1.92824e-09
1.1141e-07
1.92254e-09
1.11438e-07
1.91485e-09
1.11462e-07
1.90547e-09
1.11482e-07
1.89466e-09
1.115e-07
1.88266e-09
1.11514e-07
1.86969e-09
1.11526e-07
1.85594e-09
1.11535e-07
1.84155e-09
1.11543e-07
1.82667e-09
1.11548e-07
1.81142e-09
1.11552e-07
1.7959e-09
1.11555e-07
1.7802e-09
1.11556e-07
1.76439e-09
1.11556e-07
1.74854e-09
1.11555e-07
1.7327e-09
1.11553e-07
1.71692e-09
1.11551e-07
1.70123e-09
1.11548e-07
1.68568e-09
1.11544e-07
1.67029e-09
1.1154e-07
1.65508e-09
1.11536e-07
1.64008e-09
1.11531e-07
1.6253e-09
1.11527e-07
1.61077e-09
1.11522e-07
1.59648e-09
1.11517e-07
1.58247e-09
1.11511e-07
1.56873e-09
1.11506e-07
1.55528e-09
1.11501e-07
1.54211e-09
1.11496e-07
1.52924e-09
1.11491e-07
1.51667e-09
1.11485e-07
1.5044e-09
1.1148e-07
1.49244e-09
1.11475e-07
1.48078e-09
1.1147e-07
1.46943e-09
1.11465e-07
1.45839e-09
1.11461e-07
1.44766e-09
1.11456e-07
1.43723e-09
1.11452e-07
1.42712e-09
1.11447e-07
1.4173e-09
1.11443e-07
1.40779e-09
1.11439e-07
1.39857e-09
1.11435e-07
1.38966e-09
1.11431e-07
1.38104e-09
1.11427e-07
1.37272e-09
1.11423e-07
1.36468e-09
1.1142e-07
1.35693e-09
1.11416e-07
1.34947e-09
1.11413e-07
1.34229e-09
1.1141e-07
1.33539e-09
1.11407e-07
1.32877e-09
1.11404e-07
1.32242e-09
1.11401e-07
1.31634e-09
1.11398e-07
1.31054e-09
1.11395e-07
1.305e-09
1.11393e-07
1.29974e-09
1.1139e-07
1.29474e-09
1.11388e-07
1.29002e-09
1.11385e-07
1.28556e-09
1.11383e-07
1.28137e-09
1.1138e-07
1.27746e-09
1.11378e-07
1.27382e-09
1.11376e-07
1.27046e-09
1.11374e-07
1.26739e-09
1.11372e-07
1.26462e-09
1.1137e-07
1.26214e-09
1.11367e-07
1.25997e-09
1.11365e-07
1.25812e-09
1.11363e-07
1.25661e-09
1.11361e-07
1.25544e-09
1.11359e-07
1.25463e-09
1.11357e-07
1.25421e-09
1.11354e-07
1.2542e-09
1.11352e-07
1.25461e-09
1.11349e-07
1.25547e-09
1.11347e-07
1.25681e-09
1.11344e-07
1.25866e-09
1.11341e-07
1.26107e-09
1.11338e-07
1.26408e-09
1.11334e-07
1.26777e-09
1.1133e-07
1.27228e-09
1.11325e-07
1.27779e-09
1.28457e-09
1.23973e-07
1.4158e-09
-1.23932e-07
1.2402e-07
1.47088e-09
1.2407e-07
1.52374e-09
1.24124e-07
1.57403e-09
1.24181e-07
1.62129e-09
1.24241e-07
1.66517e-09
1.24301e-07
1.70535e-09
1.24362e-07
1.74162e-09
1.24423e-07
1.77385e-09
1.24483e-07
1.80198e-09
1.24541e-07
1.82602e-09
1.24597e-07
1.84607e-09
1.2465e-07
1.86226e-09
1.247e-07
1.87478e-09
1.24746e-07
1.88387e-09
1.24789e-07
1.88978e-09
1.24828e-07
1.89277e-09
1.24863e-07
1.89311e-09
1.24894e-07
1.89109e-09
1.24922e-07
1.88695e-09
1.24946e-07
1.88097e-09
1.24968e-07
1.87336e-09
1.24986e-07
1.86435e-09
1.25002e-07
1.85414e-09
1.25015e-07
1.84291e-09
1.25025e-07
1.83082e-09
1.25034e-07
1.81802e-09
1.25041e-07
1.80464e-09
1.25046e-07
1.79079e-09
1.2505e-07
1.77657e-09
1.25052e-07
1.76206e-09
1.25053e-07
1.74736e-09
1.25053e-07
1.73252e-09
1.25053e-07
1.7176e-09
1.25051e-07
1.70267e-09
1.25049e-07
1.68775e-09
1.25046e-07
1.6729e-09
1.25043e-07
1.65816e-09
1.2504e-07
1.64354e-09
1.25036e-07
1.62908e-09
1.25032e-07
1.6148e-09
1.25028e-07
1.60072e-09
1.25023e-07
1.58686e-09
1.25019e-07
1.57324e-09
1.25014e-07
1.55986e-09
1.2501e-07
1.54674e-09
1.25005e-07
1.53389e-09
1.25e-07
1.52131e-09
1.24996e-07
1.50902e-09
1.24991e-07
1.49702e-09
1.24987e-07
1.4853e-09
1.24982e-07
1.47389e-09
1.24978e-07
1.46277e-09
1.24974e-07
1.45195e-09
1.24969e-07
1.44142e-09
1.24965e-07
1.4312e-09
1.24961e-07
1.42128e-09
1.24958e-07
1.41166e-09
1.24954e-07
1.40234e-09
1.2495e-07
1.39331e-09
1.24947e-07
1.38458e-09
1.24943e-07
1.37614e-09
1.2494e-07
1.36799e-09
1.24937e-07
1.36013e-09
1.24934e-07
1.35256e-09
1.24931e-07
1.34528e-09
1.24928e-07
1.33827e-09
1.24925e-07
1.33155e-09
1.24922e-07
1.3251e-09
1.2492e-07
1.31893e-09
1.24917e-07
1.31304e-09
1.24915e-07
1.30742e-09
1.24912e-07
1.30208e-09
1.2491e-07
1.297e-09
1.24908e-07
1.29221e-09
1.24906e-07
1.28769e-09
1.24904e-07
1.28344e-09
1.24902e-07
1.27948e-09
1.249e-07
1.2758e-09
1.24898e-07
1.27241e-09
1.24896e-07
1.26931e-09
1.24894e-07
1.26651e-09
1.24892e-07
1.26402e-09
1.2489e-07
1.26184e-09
1.24888e-07
1.26e-09
1.24886e-07
1.2585e-09
1.24885e-07
1.25736e-09
1.24883e-07
1.2566e-09
1.24881e-07
1.25623e-09
1.24878e-07
1.25628e-09
1.24876e-07
1.25678e-09
1.24874e-07
1.25774e-09
1.24872e-07
1.25922e-09
1.24869e-07
1.26123e-09
1.24866e-07
1.26384e-09
1.24863e-07
1.26709e-09
1.2486e-07
1.27108e-09
1.24856e-07
1.27592e-09
1.24852e-07
1.28175e-09
1.28876e-09
1.39175e-07
1.37929e-09
-1.39139e-07
1.39216e-07
1.43052e-09
1.3926e-07
1.4799e-09
1.39306e-07
1.52713e-09
1.39356e-07
1.57189e-09
1.39407e-07
1.61384e-09
1.3946e-07
1.65274e-09
1.39513e-07
1.68839e-09
1.39566e-07
1.72064e-09
1.39619e-07
1.74942e-09
1.3967e-07
1.77467e-09
1.3972e-07
1.79644e-09
1.39767e-07
1.81479e-09
1.39812e-07
1.82982e-09
1.39854e-07
1.8417e-09
1.39894e-07
1.85058e-09
1.3993e-07
1.85666e-09
1.39963e-07
1.86015e-09
1.39992e-07
1.86126e-09
1.40019e-07
1.8602e-09
1.40043e-07
1.85718e-09
1.40064e-07
1.8524e-09
1.40082e-07
1.84607e-09
1.40098e-07
1.83836e-09
1.40112e-07
1.82945e-09
1.40123e-07
1.81949e-09
1.40132e-07
1.80863e-09
1.4014e-07
1.79701e-09
1.40146e-07
1.78474e-09
1.40151e-07
1.77194e-09
1.40154e-07
1.75869e-09
1.40156e-07
1.74511e-09
1.40157e-07
1.73125e-09
1.40158e-07
1.71719e-09
1.40157e-07
1.703e-09
1.40157e-07
1.68873e-09
1.40155e-07
1.67444e-09
1.40153e-07
1.66016e-09
1.40151e-07
1.64594e-09
1.40148e-07
1.63181e-09
1.40145e-07
1.6178e-09
1.40142e-07
1.60394e-09
1.40138e-07
1.59026e-09
1.40135e-07
1.57677e-09
1.40131e-07
1.56349e-09
1.40127e-07
1.55044e-09
1.40124e-07
1.53763e-09
1.4012e-07
1.52507e-09
1.40116e-07
1.51277e-09
1.40112e-07
1.50074e-09
1.40109e-07
1.48899e-09
1.40105e-07
1.47753e-09
1.40101e-07
1.46635e-09
1.40098e-07
1.45545e-09
1.40095e-07
1.44486e-09
1.40091e-07
1.43455e-09
1.40088e-07
1.42454e-09
1.40085e-07
1.41483e-09
1.40082e-07
1.40541e-09
1.40079e-07
1.39629e-09
1.40076e-07
1.38746e-09
1.40073e-07
1.37892e-09
1.4007e-07
1.37068e-09
1.40068e-07
1.36272e-09
1.40065e-07
1.35505e-09
1.40063e-07
1.34767e-09
1.40061e-07
1.34058e-09
1.40058e-07
1.33376e-09
1.40056e-07
1.32723e-09
1.40054e-07
1.32098e-09
1.40052e-07
1.31501e-09
1.4005e-07
1.30932e-09
1.40048e-07
1.3039e-09
1.40047e-07
1.29877e-09
1.40045e-07
1.29391e-09
1.40043e-07
1.28933e-09
1.40042e-07
1.28504e-09
1.4004e-07
1.28103e-09
1.40039e-07
1.27731e-09
1.40037e-07
1.27389e-09
1.40036e-07
1.27077e-09
1.40034e-07
1.26795e-09
1.40033e-07
1.26545e-09
1.40031e-07
1.26328e-09
1.4003e-07
1.26145e-09
1.40029e-07
1.25997e-09
1.40027e-07
1.25885e-09
1.40026e-07
1.25813e-09
1.40024e-07
1.25781e-09
1.40022e-07
1.25793e-09
1.40021e-07
1.25851e-09
1.40019e-07
1.25958e-09
1.40017e-07
1.26117e-09
1.40015e-07
1.26334e-09
1.40012e-07
1.26613e-09
1.4001e-07
1.26961e-09
1.40007e-07
1.27384e-09
1.40004e-07
1.27894e-09
1.40001e-07
1.28499e-09
1.29212e-09
1.56222e-07
1.34955e-09
-1.56192e-07
1.56254e-07
1.39784e-09
1.5629e-07
1.44452e-09
1.56328e-07
1.48938e-09
1.56367e-07
1.53214e-09
1.56409e-07
1.57252e-09
1.56451e-07
1.61032e-09
1.56494e-07
1.64534e-09
1.56537e-07
1.67745e-09
1.5658e-07
1.70654e-09
1.56622e-07
1.73256e-09
1.56663e-07
1.75549e-09
1.56703e-07
1.77535e-09
1.5674e-07
1.79219e-09
1.56776e-07
1.80611e-09
1.56809e-07
1.81722e-09
1.5684e-07
1.82566e-09
1.56869e-07
1.83157e-09
1.56895e-07
1.83513e-09
1.56919e-07
1.8365e-09
1.5694e-07
1.83586e-09
1.56959e-07
1.83338e-09
1.56976e-07
1.82924e-09
1.56991e-07
1.8236e-09
1.57003e-07
1.81662e-09
1.57014e-07
1.80846e-09
1.57024e-07
1.79926e-09
1.57032e-07
1.78915e-09
1.57038e-07
1.77825e-09
1.57043e-07
1.76669e-09
1.57048e-07
1.75455e-09
1.57051e-07
1.74196e-09
1.57053e-07
1.72897e-09
1.57054e-07
1.71569e-09
1.57055e-07
1.70218e-09
1.57055e-07
1.6885e-09
1.57055e-07
1.67472e-09
1.57054e-07
1.66088e-09
1.57053e-07
1.64703e-09
1.57052e-07
1.63322e-09
1.5705e-07
1.61947e-09
1.57048e-07
1.60583e-09
1.57046e-07
1.59232e-09
1.57044e-07
1.57897e-09
1.57042e-07
1.5658e-09
1.57039e-07
1.55283e-09
1.57037e-07
1.54007e-09
1.57035e-07
1.52754e-09
1.57032e-07
1.51526e-09
1.5703e-07
1.50323e-09
1.57027e-07
1.49146e-09
1.57025e-07
1.47997e-09
1.57022e-07
1.46875e-09
1.5702e-07
1.45781e-09
1.57018e-07
1.44716e-09
1.57015e-07
1.43679e-09
1.57013e-07
1.42672e-09
1.57011e-07
1.41694e-09
1.57009e-07
1.40745e-09
1.57007e-07
1.39825e-09
1.57005e-07
1.38934e-09
1.57003e-07
1.38073e-09
1.57002e-07
1.37241e-09
1.57e-07
1.36438e-09
1.56998e-07
1.35664e-09
1.56997e-07
1.34918e-09
1.56995e-07
1.34202e-09
1.56994e-07
1.33513e-09
1.56993e-07
1.32853e-09
1.56992e-07
1.32222e-09
1.5699e-07
1.31618e-09
1.56989e-07
1.31043e-09
1.56988e-07
1.30496e-09
1.56987e-07
1.29978e-09
1.56986e-07
1.29487e-09
1.56985e-07
1.29025e-09
1.56984e-07
1.28592e-09
1.56984e-07
1.28188e-09
1.56983e-07
1.27813e-09
1.56982e-07
1.27468e-09
1.56981e-07
1.27154e-09
1.5698e-07
1.26871e-09
1.5698e-07
1.26621e-09
1.56979e-07
1.26404e-09
1.56978e-07
1.26222e-09
1.56977e-07
1.26075e-09
1.56977e-07
1.25967e-09
1.56976e-07
1.25898e-09
1.56975e-07
1.25871e-09
1.56974e-07
1.25889e-09
1.56973e-07
1.25954e-09
1.56972e-07
1.2607e-09
1.5697e-07
1.26241e-09
1.56969e-07
1.26471e-09
1.56968e-07
1.26765e-09
1.56966e-07
1.2713e-09
1.56964e-07
1.27573e-09
1.56962e-07
1.28102e-09
1.5696e-07
1.28725e-09
1.29453e-09
1.75334e-07
1.32901e-09
-1.75313e-07
1.75356e-07
1.37533e-09
1.75381e-07
1.4202e-09
1.75407e-07
1.46345e-09
1.75434e-07
1.50482e-09
1.75462e-07
1.54409e-09
1.75492e-07
1.58105e-09
1.75522e-07
1.61554e-09
1.75552e-07
1.64743e-09
1.75582e-07
1.67659e-09
1.75611e-07
1.70298e-09
1.7564e-07
1.72653e-09
1.75668e-07
1.74726e-09
1.75695e-07
1.76518e-09
1.75721e-07
1.78034e-09
1.75745e-07
1.79284e-09
1.75768e-07
1.80276e-09
1.7579e-07
1.81023e-09
1.75809e-07
1.81538e-09
1.75827e-07
1.81835e-09
1.75844e-07
1.8193e-09
1.75859e-07
1.81837e-09
1.75873e-07
1.81572e-09
1.75885e-07
1.8115e-09
1.75895e-07
1.80587e-09
1.75905e-07
1.79896e-09
1.75913e-07
1.79093e-09
1.7592e-07
1.78189e-09
1.75927e-07
1.77198e-09
1.75932e-07
1.76131e-09
1.75937e-07
1.74999e-09
1.75941e-07
1.73812e-09
1.75944e-07
1.72579e-09
1.75946e-07
1.71309e-09
1.75948e-07
1.70009e-09
1.7595e-07
1.68686e-09
1.75951e-07
1.67347e-09
1.75952e-07
1.65997e-09
1.75953e-07
1.64642e-09
1.75953e-07
1.63286e-09
1.75953e-07
1.61933e-09
1.75953e-07
1.60587e-09
1.75953e-07
1.59251e-09
1.75953e-07
1.57928e-09
1.75952e-07
1.56621e-09
1.75952e-07
1.55332e-09
1.75951e-07
1.54062e-09
1.75951e-07
1.52814e-09
1.7595e-07
1.51589e-09
1.75949e-07
1.50387e-09
1.75949e-07
1.49211e-09
1.75948e-07
1.48061e-09
1.75948e-07
1.46938e-09
1.75947e-07
1.45843e-09
1.75946e-07
1.44775e-09
1.75946e-07
1.43735e-09
1.75945e-07
1.42725e-09
1.75945e-07
1.41743e-09
1.75944e-07
1.4079e-09
1.75944e-07
1.39866e-09
1.75944e-07
1.38971e-09
1.75943e-07
1.38106e-09
1.75943e-07
1.37269e-09
1.75943e-07
1.36462e-09
1.75943e-07
1.35683e-09
1.75942e-07
1.34933e-09
1.75942e-07
1.34212e-09
1.75942e-07
1.33519e-09
1.75942e-07
1.32855e-09
1.75942e-07
1.3222e-09
1.75942e-07
1.31613e-09
1.75942e-07
1.31034e-09
1.75942e-07
1.30484e-09
1.75943e-07
1.29962e-09
1.75943e-07
1.29468e-09
1.75943e-07
1.29004e-09
1.75943e-07
1.28568e-09
1.75944e-07
1.28162e-09
1.75944e-07
1.27786e-09
1.75944e-07
1.2744e-09
1.75944e-07
1.27125e-09
1.75945e-07
1.26842e-09
1.75945e-07
1.26591e-09
1.75945e-07
1.26375e-09
1.75946e-07
1.26193e-09
1.75946e-07
1.26049e-09
1.75946e-07
1.25942e-09
1.75946e-07
1.25876e-09
1.75946e-07
1.25853e-09
1.75947e-07
1.25876e-09
1.75947e-07
1.25946e-09
1.75947e-07
1.26069e-09
1.75947e-07
1.26247e-09
1.75946e-07
1.26487e-09
1.75946e-07
1.26792e-09
1.75946e-07
1.27169e-09
1.75945e-07
1.27625e-09
1.75945e-07
1.28167e-09
1.75944e-07
1.28802e-09
1.29533e-09
1.96763e-07
-1.96755e-07
1.96772e-07
1.96782e-07
1.96793e-07
1.96804e-07
1.96816e-07
1.96828e-07
1.96841e-07
1.96854e-07
1.96867e-07
1.9688e-07
1.96893e-07
1.96906e-07
1.96919e-07
1.96931e-07
1.96943e-07
1.96955e-07
1.96966e-07
1.96976e-07
1.96986e-07
1.96996e-07
1.97005e-07
1.97013e-07
1.97021e-07
1.97029e-07
1.97036e-07
1.97042e-07
1.97049e-07
1.97054e-07
1.9706e-07
1.97065e-07
1.9707e-07
1.97074e-07
1.97079e-07
1.97083e-07
1.97087e-07
1.9709e-07
1.97094e-07
1.97097e-07
1.971e-07
1.97103e-07
1.97106e-07
1.97109e-07
1.97112e-07
1.97115e-07
1.97118e-07
1.9712e-07
1.97123e-07
1.97125e-07
1.97128e-07
1.9713e-07
1.97133e-07
1.97135e-07
1.97137e-07
1.9714e-07
1.97142e-07
1.97144e-07
1.97147e-07
1.97149e-07
1.97151e-07
1.97154e-07
1.97156e-07
1.97158e-07
1.9716e-07
1.97163e-07
1.97165e-07
1.97167e-07
1.97169e-07
1.97172e-07
1.97174e-07
1.97176e-07
1.97178e-07
1.9718e-07
1.97183e-07
1.97185e-07
1.97187e-07
1.97189e-07
1.97192e-07
1.97194e-07
1.97196e-07
1.97198e-07
1.972e-07
1.97202e-07
1.97205e-07
1.97207e-07
1.97209e-07
1.97211e-07
1.97213e-07
1.97215e-07
1.97217e-07
1.97219e-07
1.97221e-07
1.97223e-07
1.97225e-07
1.97227e-07
1.97229e-07
1.9723e-07
1.97232e-07
1.97233e-07
3.45735e-08
2.11763e-11
3.45526e-08
4.4844e-11
3.45231e-08
7.08549e-11
3.44851e-08
9.93469e-11
3.44382e-08
1.30652e-10
3.43818e-08
1.65416e-10
3.43145e-08
2.04746e-10
3.42337e-08
2.50443e-10
3.41358e-08
3.05504e-10
3.40144e-08
3.7521e-10
3.38579e-08
4.69762e-10
3.36433e-08
6.11634e-10
3.33156e-08
8.61167e-10
3.26961e-08
1.4485e-09
3.2839e-09
3.58583e-08
3.29328e-11
3.58369e-08
6.62037e-11
3.58066e-08
1.01196e-10
3.57675e-08
1.38457e-10
3.57193e-08
1.78774e-10
3.56615e-08
2.23307e-10
3.55924e-08
2.73793e-10
3.55099e-08
3.32913e-10
3.54104e-08
4.05019e-10
3.5288e-08
4.97667e-10
3.51326e-08
6.25152e-10
3.49266e-08
8.17657e-10
3.46403e-08
1.14741e-09
3.42813e-08
1.80751e-09
3.2709e-09
3.71909e-08
4.48343e-11
3.7169e-08
8.80715e-11
3.7138e-08
1.32259e-10
3.70979e-08
1.7849e-10
3.70487e-08
2.27983e-10
3.69896e-08
2.82387e-10
3.69194e-08
3.44032e-10
3.68359e-08
4.16384e-10
3.6736e-08
5.04934e-10
3.66147e-08
6.18948e-10
3.64647e-08
7.75202e-10
3.62759e-08
1.00639e-09
3.60439e-08
1.37947e-09
3.58255e-08
2.02588e-09
3.13909e-09
3.8573e-08
5.68926e-11
3.85507e-08
1.1039e-10
3.8519e-08
1.63969e-10
3.84781e-08
2.19324e-10
3.8428e-08
2.7809e-10
3.8368e-08
3.42372e-10
3.82971e-08
4.15023e-10
3.82133e-08
5.00167e-10
3.81141e-08
6.04135e-10
3.79958e-08
7.37208e-10
3.78541e-08
9.16945e-10
3.76861e-08
1.17436e-09
3.75023e-08
1.56326e-09
3.73658e-08
2.16235e-09
3.02387e-09
4.00065e-08
6.90978e-11
3.99838e-08
1.33096e-10
3.99515e-08
1.96236e-10
3.991e-08
2.6082e-10
3.98592e-08
3.28889e-10
3.97986e-08
4.0295e-10
3.97274e-08
4.863e-10
3.9644e-08
5.83547e-10
3.95466e-08
7.0152e-10
3.9433e-08
8.50798e-10
3.93017e-08
1.04822e-09
3.91557e-08
1.32043e-09
3.90128e-08
1.70611e-09
3.893e-08
2.24514e-09
2.9255e-09
4.14933e-08
8.14318e-11
4.14702e-08
1.56124e-10
4.14375e-08
2.28958e-10
4.13955e-08
3.02824e-10
4.13442e-08
3.80148e-10
4.12834e-08
4.63783e-10
4.12123e-08
5.57364e-10
4.11301e-08
6.65796e-10
4.10356e-08
7.96048e-10
4.0928e-08
9.5833e-10
4.08086e-08
1.16763e-09
4.06841e-08
1.44492e-09
4.05753e-08
1.81488e-09
4.05291e-08
2.29139e-09
2.83761e-09
4.30353e-08
9.38698e-11
4.3012e-08
1.79399e-10
4.2979e-08
2.62016e-10
4.29366e-08
3.45159e-10
4.28852e-08
4.31612e-10
4.28244e-08
5.24506e-10
4.27541e-08
6.27698e-10
4.26737e-08
7.46194e-10
4.2583e-08
8.86766e-10
4.24826e-08
1.05871e-09
4.23758e-08
1.27447e-09
4.22716e-08
1.54909e-09
4.21907e-08
1.89576e-09
4.21697e-08
2.31244e-09
2.75625e-09
4.46347e-08
1.06379e-10
4.46112e-08
2.02837e-10
4.4578e-08
2.95276e-10
4.45355e-08
3.87631e-10
4.44841e-08
4.83003e-10
4.44239e-08
5.84731e-10
4.43548e-08
6.96776e-10
4.42769e-08
8.24053e-10
4.41909e-08
9.72848e-10
4.40984e-08
1.15116e-09
4.40043e-08
1.36857e-09
4.39187e-08
1.63465e-09
4.38605e-08
1.95398e-09
4.38572e-08
2.31575e-09
2.6793e-09
4.62935e-08
1.18921e-10
4.627e-08
2.26347e-10
4.62367e-08
3.2859e-10
4.61943e-08
4.30026e-10
4.61433e-08
5.34027e-10
4.60839e-08
6.44063e-10
4.60166e-08
7.64081e-10
4.59419e-08
8.9874e-10
4.58612e-08
1.05361e-09
4.57771e-08
1.23518e-09
4.56955e-08
1.45018e-09
4.56266e-08
1.70354e-09
4.55867e-08
1.9939e-09
4.55961e-08
2.30642e-09
2.60574e-09
4.8014e-08
1.3145e-10
4.79905e-08
2.49827e-10
4.79573e-08
3.61799e-10
4.79152e-08
4.72119e-10
4.78649e-08
5.84377e-10
4.78068e-08
7.02101e-10
4.77418e-08
8.2912e-10
4.76708e-08
9.69694e-10
4.75959e-08
1.12854e-09
4.75206e-08
1.31054e-09
4.74509e-08
1.51984e-09
4.73967e-08
1.75773e-09
4.73715e-08
2.01909e-09
4.73899e-08
2.28799e-09
2.53514e-09
4.97985e-08
1.43913e-10
4.97752e-08
2.73169e-10
4.97422e-08
3.94732e-10
4.97007e-08
5.13672e-10
4.96513e-08
6.33741e-10
4.9595e-08
7.58456e-10
4.95326e-08
8.91436e-10
4.94659e-08
1.03644e-09
4.93972e-08
1.19726e-09
4.93305e-08
1.37724e-09
4.9272e-08
1.57831e-09
4.92306e-08
1.79911e-09
4.92172e-08
2.03245e-09
4.92422e-08
2.26303e-09
2.46727e-09
5.16494e-08
1.56255e-10
5.16263e-08
2.96256e-10
5.15938e-08
4.27211e-10
5.1553e-08
5.54443e-10
5.15049e-08
6.81811e-10
5.14506e-08
8.12757e-10
5.13915e-08
9.50621e-10
5.13293e-08
1.09861e-09
5.1267e-08
1.25957e-09
5.12088e-08
1.43548e-09
5.11606e-08
1.62648e-09
5.11302e-08
1.82945e-09
5.11263e-08
2.03636e-09
5.11559e-08
2.23341e-09
2.40207e-09
5.3569e-08
1.68414e-10
5.35463e-08
3.18967e-10
5.35145e-08
4.59054e-10
5.34747e-08
5.94189e-10
5.34283e-08
7.28284e-10
5.33764e-08
8.6466e-10
5.33206e-08
1.00633e-09
5.32633e-08
1.15592e-09
5.32075e-08
1.3154e-09
5.31574e-08
1.48558e-09
5.31186e-08
1.66529e-09
5.30977e-08
1.85036e-09
5.31013e-08
2.03275e-09
5.31341e-08
2.20058e-09
2.33951e-09
5.55601e-08
1.80328e-10
5.55379e-08
3.41178e-10
5.55069e-08
4.90074e-10
5.54684e-08
6.32668e-10
5.54238e-08
7.72878e-10
5.53746e-08
9.1386e-10
5.53226e-08
1.05828e-09
5.52704e-08
1.20819e-09
5.52209e-08
1.36481e-09
5.51785e-08
1.528e-09
5.51481e-08
1.6957e-09
5.51352e-08
1.86328e-09
5.51447e-08
2.02322e-09
5.51797e-08
2.16562e-09
2.27958e-09
5.76252e-08
1.91932e-10
5.76036e-08
3.62763e-10
5.75736e-08
5.20092e-10
5.75366e-08
6.69654e-10
5.74941e-08
8.15332e-10
5.74479e-08
9.60094e-10
5.73999e-08
1.10625e-09
5.73528e-08
1.25536e-09
5.73096e-08
1.40797e-09
5.72743e-08
1.56327e-09
5.72514e-08
1.71867e-09
5.72451e-08
1.86951e-09
5.72593e-08
2.00909e-09
5.72955e-08
2.12939e-09
2.22231e-09
5.9767e-08
2.03159e-10
5.97462e-08
3.83598e-10
5.97174e-08
5.48931e-10
5.96821e-08
7.04931e-10
5.9642e-08
8.55415e-10
5.9599e-08
1.00315e-09
5.95551e-08
1.15012e-09
5.9513e-08
1.29744e-09
5.94758e-08
1.44514e-09
5.94471e-08
1.59197e-09
5.94307e-08
1.73511e-09
5.943e-08
1.87018e-09
5.94477e-08
1.99144e-09
5.94845e-08
2.09258e-09
2.1677e-09
6.19886e-08
2.13948e-10
6.19686e-08
4.03563e-10
6.19411e-08
5.76428e-10
6.19077e-08
7.38308e-10
6.18702e-08
8.92933e-10
6.18305e-08
1.04288e-09
6.17908e-08
1.18982e-09
6.17537e-08
1.33452e-09
6.17222e-08
1.47665e-09
6.16994e-08
1.61471e-09
6.16886e-08
1.74592e-09
6.16925e-08
1.86633e-09
6.17127e-08
1.9712e-09
6.17496e-08
2.05574e-09
2.11577e-09
6.42926e-08
2.24239e-10
6.42737e-08
4.22546e-10
6.42477e-08
6.02431e-10
6.42163e-08
7.69618e-10
6.41815e-08
9.27731e-10
6.41453e-08
1.07916e-09
6.41097e-08
1.22535e-09
6.40775e-08
1.36678e-09
6.40512e-08
1.5029e-09
6.40338e-08
1.63214e-09
6.40278e-08
1.75191e-09
6.40353e-08
1.85883e-09
6.40574e-08
1.94914e-09
6.40938e-08
2.01931e-09
2.06655e-09
6.66824e-08
2.33978e-10
6.66645e-08
4.40442e-10
6.66401e-08
6.26809e-10
6.6611e-08
7.98721e-10
6.6579e-08
9.59697e-10
6.65462e-08
1.11197e-09
6.65148e-08
1.25679e-09
6.64871e-08
1.39445e-09
6.64657e-08
1.52431e-09
6.6453e-08
1.64487e-09
6.6451e-08
1.75385e-09
6.64614e-08
1.84848e-09
6.64846e-08
1.92591e-09
6.65202e-08
1.98368e-09
2.02006e-09
6.91609e-08
2.43117e-10
6.91442e-08
4.57164e-10
6.91215e-08
6.49453e-10
6.90948e-08
8.25514e-10
6.90657e-08
9.88763e-10
6.90364e-08
1.14131e-09
6.90089e-08
1.28425e-09
6.89855e-08
1.41781e-09
6.89685e-08
1.54135e-09
6.89598e-08
1.65353e-09
6.89612e-08
1.75245e-09
6.89737e-08
1.83599e-09
6.89975e-08
1.90208e-09
6.90321e-08
1.94916e-09
1.97633e-09
9.83577e-08
2.54492e-10
9.8337e-08
4.77905e-10
9.83091e-08
6.77309e-10
9.82765e-08
8.5809e-10
9.82418e-08
1.02354e-09
9.82074e-08
1.17565e-09
9.81762e-08
1.31543e-09
9.8151e-08
1.44308e-09
9.81342e-08
1.55813e-09
9.81281e-08
1.65958e-09
9.81345e-08
1.74613e-09
9.8154e-08
1.81644e-09
9.81867e-08
1.8694e-09
9.82315e-08
1.90438e-09
1.9213e-09
1.10405e-07
2.65173e-10
1.10386e-07
4.97286e-10
1.1036e-07
7.03112e-10
1.1033e-07
8.87863e-10
1.10299e-07
1.05474e-09
1.10269e-07
1.20566e-09
1.10243e-07
1.34164e-09
1.10223e-07
1.46301e-09
1.10211e-07
1.56954e-09
1.1021e-07
1.6607e-09
1.1022e-07
1.7358e-09
1.10243e-07
1.79425e-09
1.10276e-07
1.83574e-09
1.1032e-07
1.86036e-09
1.86864e-09
1.23928e-07
2.74802e-10
1.2391e-07
5.14671e-10
1.23887e-07
7.26035e-10
1.23861e-07
9.13926e-10
1.23835e-07
1.08148e-09
1.2381e-07
1.23062e-09
1.23789e-07
1.36245e-09
1.23774e-07
1.47751e-09
1.23768e-07
1.57592e-09
1.23771e-07
1.65763e-09
1.23784e-07
1.72254e-09
1.23808e-07
1.77072e-09
1.23841e-07
1.80249e-09
1.23883e-07
1.81853e-09
1.81975e-09
1.39107e-07
2.83021e-10
1.39092e-07
5.2943e-10
1.39073e-07
7.45296e-10
1.39051e-07
9.35486e-10
1.39029e-07
1.1031e-09
1.3901e-07
1.25013e-09
1.38995e-07
1.37783e-09
1.38985e-07
1.487e-09
1.38983e-07
1.57812e-09
1.38989e-07
1.65161e-09
1.39004e-07
1.70791e-09
1.39027e-07
1.7476e-09
1.39058e-07
1.77151e-09
1.39095e-07
1.78069e-09
1.77637e-09
1.56145e-07
2.89469e-10
1.56133e-07
5.40943e-10
1.56118e-07
7.60172e-10
1.56102e-07
9.51881e-10
1.56086e-07
1.11917e-09
1.56072e-07
1.26412e-09
1.56062e-07
1.38816e-09
1.56056e-07
1.49234e-09
1.56057e-07
1.57749e-09
1.56064e-07
1.64442e-09
1.56078e-07
1.69397e-09
1.56098e-07
1.72715e-09
1.56125e-07
1.74511e-09
1.56156e-07
1.74919e-09
1.74077e-09
1.75269e-07
2.93766e-10
1.75262e-07
5.48562e-10
1.75252e-07
7.69928e-10
1.75242e-07
9.6249e-10
1.75231e-07
1.12936e-09
1.75223e-07
1.2727e-09
1.75217e-07
1.39407e-09
1.75214e-07
1.49474e-09
1.75216e-07
1.57578e-09
1.75222e-07
1.63827e-09
1.75233e-07
1.68333e-09
1.75248e-07
1.71222e-09
1.75267e-07
1.72631e-09
1.75289e-07
1.7271e-09
1.71606e-09
1.96737e-07
1.96734e-07
1.9673e-07
1.96726e-07
1.96722e-07
1.96719e-07
1.96716e-07
1.96716e-07
1.96716e-07
1.96719e-07
1.96723e-07
1.96729e-07
1.96736e-07
1.96745e-07
)
;

boundaryField
{
    top
    {
        type            calculated;
        value           nonuniform List<scalar> 
115
(
1.32076e-09
1.36622e-09
1.4103e-09
1.45281e-09
1.49352e-09
1.53222e-09
1.56872e-09
1.60285e-09
1.63447e-09
1.6635e-09
1.68984e-09
1.71346e-09
1.73435e-09
1.75251e-09
1.768e-09
1.78088e-09
1.79124e-09
1.79918e-09
1.80483e-09
1.80832e-09
1.80979e-09
1.80938e-09
1.80725e-09
1.80353e-09
1.79838e-09
1.79194e-09
1.78434e-09
1.77571e-09
1.76618e-09
1.75586e-09
1.74487e-09
1.7333e-09
1.72124e-09
1.70879e-09
1.69602e-09
1.68299e-09
1.66979e-09
1.65646e-09
1.64306e-09
1.62963e-09
1.61622e-09
1.60287e-09
1.58961e-09
1.57646e-09
1.56347e-09
1.55064e-09
1.538e-09
1.52557e-09
1.51336e-09
1.50139e-09
1.48967e-09
1.4782e-09
1.46699e-09
1.45606e-09
1.4454e-09
1.43503e-09
1.42494e-09
1.41513e-09
1.40561e-09
1.39638e-09
1.38744e-09
1.37879e-09
1.37043e-09
1.36236e-09
1.35458e-09
1.34708e-09
1.33988e-09
1.33295e-09
1.32631e-09
1.31996e-09
1.31389e-09
1.30811e-09
1.30261e-09
1.29739e-09
1.29246e-09
1.28782e-09
1.28347e-09
1.27941e-09
1.27565e-09
1.2722e-09
1.26906e-09
1.26624e-09
1.26374e-09
1.26159e-09
1.25979e-09
1.25836e-09
1.25732e-09
1.25668e-09
1.25647e-09
1.25672e-09
1.25746e-09
1.25872e-09
1.26055e-09
1.26298e-09
1.26609e-09
1.26992e-09
1.27456e-09
1.28009e-09
1.28662e-09
1.29431e-09
2.95409e-10
5.51464e-10
7.73651e-10
9.66547e-10
1.13326e-09
1.27598e-09
1.39633e-09
1.49563e-09
1.57507e-09
1.63582e-09
1.67912e-09
1.7063e-09
1.71884e-09
1.71827e-09
1.70612e-09
)
;
    }
    inlet
    {
        type            calculated;
        value           nonuniform List<scalar> 
27
(
-9.83691e-08
-1.10416e-07
-1.23937e-07
-1.39115e-07
-1.56151e-07
-1.75274e-07
-1.96738e-07
-3.4585e-08
-3.587e-08
-3.72028e-08
-3.85851e-08
-4.00187e-08
-4.15056e-08
-4.30477e-08
-4.46472e-08
-4.6306e-08
-4.80265e-08
-4.9811e-08
-5.16617e-08
-5.35812e-08
-5.5572e-08
-5.76368e-08
-5.97783e-08
-6.19993e-08
-6.43029e-08
-6.66921e-08
-6.91701e-08
)
;
    }
    outlet
    {
        type            calculated;
        value           nonuniform List<scalar> 
27
(
9.92457e-08
1.11321e-07
1.24848e-07
1.39997e-07
1.56957e-07
1.75943e-07
1.97234e-07
1.94885e-09
6.23249e-09
1.09749e-08
1.60888e-08
2.14354e-08
2.68216e-08
3.20292e-08
3.6861e-08
4.11847e-08
4.49545e-08
4.82062e-08
5.10332e-08
5.35554e-08
5.58913e-08
5.81396e-08
6.03721e-08
6.26352e-08
6.49564e-08
6.73505e-08
6.98255e-08
)
;
    }
    plate
    {
        type            calculated;
        value           uniform 0;
    }
    symmBound
    {
        type            calculated;
        value           nonuniform List<scalar> 
15
(
-9.63788e-12
-2.39666e-11
-4.13313e-11
-6.13208e-11
-8.38306e-11
-1.0902e-10
-1.37353e-10
-1.69708e-10
-2.07612e-10
-2.53763e-10
-3.13262e-10
-3.97008e-10
-5.33501e-10
-8.29042e-10
-1.7185e-09
)
;
    }
    frontAndBack
    {
        type            empty;
        value           nonuniform 0();
    }
}


// ************************************************************************* //
