/*--------------------------------*- C++ -*----------------------------------*\
| =========                 |                                                 |
| \\      /  F ield         | OpenFOAM: The Open Source CFD Toolbox           |
|  \\    /   O peration     | Version:  2.3.0                                 |
|   \\  /    A nd           | Web:      www.OpenFOAM.org                      |
|    \\/     M anipulation  |                                                 |
\*---------------------------------------------------------------------------*/
FoamFile
{
    version     2.0;
    format      ascii;
    class       volVectorField;
    location    "0.95";
    object      U;
}
// * * * * * * * * * * * * * * * * * * * * * * * * * * * * * * * * * * * * * //

dimensions      [0 1 -1 0 0 0 0];

internalField   nonuniform List<vector> 
3105
(
(0.171529 0.00584559 0)
(0.154903 0.00598861 0)
(0.139082 0.00560999 0)
(0.124076 0.00502397 0)
(0.110267 0.00436658 0)
(0.0978492 0.00369688 0)
(0.0868515 0.00305253 0)
(0.0772424 0.00245971 0)
(0.0689656 0.00193467 0)
(0.0619361 0.00148579 0)
(0.0560404 0.00111504 0)
(0.0511451 0.000819135 0)
(0.0471083 0.000590729 0)
(0.0437894 0.000420062 0)
(0.0410572 0.000296508 0)
(0.0387946 0.000209811 0)
(0.0369018 0.000150855 0)
(0.0352965 0.00011202 0)
(0.0339137 8.72388e-05 0)
(0.0327027 7.18876e-05 0)
(0.0316255 6.2586e-05 0)
(0.0306541 5.69678e-05 0)
(0.0297677 5.34527e-05 0)
(0.0289514 5.10403e-05 0)
(0.0281943 4.9136e-05 0)
(0.0274882 4.7415e-05 0)
(0.0268269 4.57209e-05 0)
(0.0262056 4.39958e-05 0)
(0.0256204 4.22339e-05 0)
(0.025068 4.04532e-05 0)
(0.0245456 3.86791e-05 0)
(0.0240507 3.69362e-05 0)
(0.0235811 3.52441e-05 0)
(0.0231349 3.36169e-05 0)
(0.0227102 3.20634e-05 0)
(0.0223055 3.05881e-05 0)
(0.0219192 2.91923e-05 0)
(0.0215502 2.78751e-05 0)
(0.0211971 2.66337e-05 0)
(0.0208589 2.54649e-05 0)
(0.0205345 2.43646e-05 0)
(0.0202232 2.33288e-05 0)
(0.019924 2.23533e-05 0)
(0.0196362 2.14342e-05 0)
(0.0193591 2.05677e-05 0)
(0.019092 1.97502e-05 0)
(0.0188345 1.89784e-05 0)
(0.0185859 1.82493e-05 0)
(0.0183457 1.756e-05 0)
(0.0181135 1.69078e-05 0)
(0.0178889 1.62904e-05 0)
(0.0176714 1.57054e-05 0)
(0.0174606 1.51508e-05 0)
(0.0172563 1.46247e-05 0)
(0.0170581 1.41253e-05 0)
(0.0168657 1.3651e-05 0)
(0.0166789 1.32001e-05 0)
(0.0164972 1.27714e-05 0)
(0.0163206 1.23633e-05 0)
(0.0161487 1.19748e-05 0)
(0.0159814 1.16047e-05 0)
(0.0158184 1.1252e-05 0)
(0.0156596 1.09155e-05 0)
(0.0155047 1.05945e-05 0)
(0.0153536 1.0288e-05 0)
(0.0152061 9.99525e-06 0)
(0.0150621 9.71553e-06 0)
(0.0149213 9.44814e-06 0)
(0.0147838 9.19242e-06 0)
(0.0146492 8.94779e-06 0)
(0.0145176 8.71371e-06 0)
(0.0143888 8.48964e-06 0)
(0.0142627 8.2751e-06 0)
(0.0141391 8.06969e-06 0)
(0.014018 7.87296e-06 0)
(0.0138992 7.68455e-06 0)
(0.0137827 7.50416e-06 0)
(0.0136683 7.33142e-06 0)
(0.0135561 7.16609e-06 0)
(0.0134458 7.00789e-06 0)
(0.0133375 6.85662e-06 0)
(0.013231 6.71205e-06 0)
(0.0131262 6.57403e-06 0)
(0.0130231 6.44241e-06 0)
(0.0129216 6.31709e-06 0)
(0.0128216 6.19798e-06 0)
(0.0127231 6.08504e-06 0)
(0.0126259 5.97829e-06 0)
(0.0125301 5.87781e-06 0)
(0.0124354 5.78377e-06 0)
(0.0123419 5.69654e-06 0)
(0.0122495 5.61677e-06 0)
(0.012158 5.54571e-06 0)
(0.0120673 5.48583e-06 0)
(0.0119774 5.44242e-06 0)
(0.0118878 5.42795e-06 0)
(0.0117983 5.48019e-06 0)
(0.0117067 5.61781e-06 0)
(0.0116297 5.10077e-06 0)
(0.0113745 3.53228e-05 0)
(0.190555 0.00926529 0)
(0.188182 0.00988423 0)
(0.184292 0.00972216 0)
(0.179165 0.00924382 0)
(0.173267 0.0086184 0)
(0.166955 0.00790119 0)
(0.160459 0.00713055 0)
(0.153948 0.00634166 0)
(0.147555 0.00556455 0)
(0.141382 0.00482386 0)
(0.135497 0.00413889 0)
(0.12994 0.00352299 0)
(0.124733 0.00298334 0)
(0.119878 0.00252139 0)
(0.11537 0.00213386 0)
(0.111192 0.00181411 0)
(0.107324 0.00155355 0)
(0.103746 0.00134289 0)
(0.100432 0.00117305 0)
(0.09736 0.00103582 0)
(0.0945072 0.000924171 0)
(0.091853 0.000832366 0)
(0.0893781 0.000755864 0)
(0.0870652 0.000691179 0)
(0.0848988 0.000635689 0)
(0.0828651 0.000587447 0)
(0.0809517 0.000545016 0)
(0.0791477 0.000507333 0)
(0.0774435 0.000473604 0)
(0.0758305 0.000443225 0)
(0.0743012 0.000415725 0)
(0.0728486 0.00039073 0)
(0.0714669 0.000367933 0)
(0.0701504 0.000347078 0)
(0.0688945 0.000327947 0)
(0.0676947 0.000310353 0)
(0.0665471 0.000294135 0)
(0.065448 0.000279149 0)
(0.0643943 0.000265271 0)
(0.063383 0.000252393 0)
(0.0624115 0.000240419 0)
(0.0614772 0.000229264 0)
(0.0605778 0.000218853 0)
(0.0597115 0.00020912 0)
(0.0588761 0.000200007 0)
(0.0580701 0.000191462 0)
(0.0572917 0.000183438 0)
(0.0565394 0.000175893 0)
(0.055812 0.000168791 0)
(0.055108 0.000162097 0)
(0.0544262 0.000155782 0)
(0.0537656 0.000149818 0)
(0.0531251 0.00014418 0)
(0.0525036 0.000138845 0)
(0.0519004 0.000133793 0)
(0.0513144 0.000129005 0)
(0.050745 0.000124464 0)
(0.0501913 0.000120152 0)
(0.0496526 0.000116057 0)
(0.0491282 0.000112163 0)
(0.0486176 0.000108459 0)
(0.04812 0.000104933 0)
(0.047635 0.000101575 0)
(0.047162 9.83738e-05 0)
(0.0467005 9.5321e-05 0)
(0.0462499 9.2408e-05 0)
(0.0458099 8.96267e-05 0)
(0.0453801 8.697e-05 0)
(0.0449599 8.44308e-05 0)
(0.0445491 8.2003e-05 0)
(0.0441471 7.96806e-05 0)
(0.0437538 7.74581e-05 0)
(0.0433687 7.53303e-05 0)
(0.0429915 7.32927e-05 0)
(0.042622 7.13408e-05 0)
(0.0422598 6.94706e-05 0)
(0.0419046 6.76782e-05 0)
(0.0415561 6.59603e-05 0)
(0.0412142 6.43136e-05 0)
(0.0408785 6.27352e-05 0)
(0.0405488 6.12223e-05 0)
(0.040225 5.97727e-05 0)
(0.0399066 5.83841e-05 0)
(0.0395936 5.70545e-05 0)
(0.0392856 5.57822e-05 0)
(0.0389826 5.45659e-05 0)
(0.0386842 5.34043e-05 0)
(0.0383903 5.22968e-05 0)
(0.0381006 5.12428e-05 0)
(0.037815 5.02427e-05 0)
(0.0375332 4.92976e-05 0)
(0.037255 4.84106e-05 0)
(0.0369802 4.75878e-05 0)
(0.0367084 4.68423e-05 0)
(0.0364393 4.62039e-05 0)
(0.0361723 4.57461e-05 0)
(0.0359064 4.56707e-05 0)
(0.0356379 4.64666e-05 0)
(0.0353862 5.2072e-05 0)
(0.0348681 0.000123724 0)
(0.19353 0.00893255 0)
(0.194272 0.00995626 0)
(0.194422 0.0103417 0)
(0.193797 0.0103683 0)
(0.192485 0.0101579 0)
(0.190604 0.00975641 0)
(0.188246 0.00920789 0)
(0.1855 0.00856121 0)
(0.182458 0.00786203 0)
(0.179204 0.00714931 0)
(0.175817 0.00645435 0)
(0.17236 0.00580025 0)
(0.168884 0.00520181 0)
(0.16543 0.00466633 0)
(0.162026 0.00419499 0)
(0.158693 0.00378464 0)
(0.155444 0.00342949 0)
(0.152288 0.00312254 0)
(0.149229 0.00285662 0)
(0.146267 0.00262509 0)
(0.143404 0.00242215 0)
(0.140638 0.00224295 0)
(0.137966 0.00208352 0)
(0.135387 0.00194074 0)
(0.132897 0.00181207 0)
(0.130493 0.00169555 0)
(0.128174 0.00158956 0)
(0.125935 0.00149283 0)
(0.123773 0.00140429 0)
(0.121687 0.00132303 0)
(0.119673 0.00124831 0)
(0.117729 0.00117945 0)
(0.11585 0.00111589 0)
(0.114036 0.00105711 0)
(0.112283 0.00100266 0)
(0.110588 0.000952143 0)
(0.108949 0.000905196 0)
(0.107365 0.000861498 0)
(0.105831 0.000820763 0)
(0.104347 0.000782732 0)
(0.102909 0.000747175 0)
(0.101517 0.000713884 0)
(0.100168 0.000682673 0)
(0.0988596 0.000653374 0)
(0.0975908 0.000625836 0)
(0.0963597 0.000599924 0)
(0.0951647 0.000575513 0)
(0.0940043 0.000552492 0)
(0.0928769 0.000530761 0)
(0.0917813 0.000510227 0)
(0.090716 0.000490806 0)
(0.0896798 0.000472421 0)
(0.0886715 0.000455004 0)
(0.08769 0.000438488 0)
(0.0867342 0.000422817 0)
(0.0858031 0.000407934 0)
(0.0848956 0.000393791 0)
(0.0840109 0.000380342 0)
(0.083148 0.000367543 0)
(0.0823061 0.000355356 0)
(0.0814843 0.000343744 0)
(0.080682 0.000332674 0)
(0.0798983 0.000322113 0)
(0.0791326 0.000312033 0)
(0.0783841 0.000302406 0)
(0.0776523 0.000293208 0)
(0.0769365 0.000284414 0)
(0.0762361 0.000276004 0)
(0.0755506 0.000267956 0)
(0.0748794 0.000260251 0)
(0.074222 0.000252872 0)
(0.0735779 0.000245801 0)
(0.0729467 0.000239025 0)
(0.0723278 0.000232527 0)
(0.0717209 0.000226295 0)
(0.0711255 0.000220317 0)
(0.0705412 0.00021458 0)
(0.0699677 0.000209074 0)
(0.0694044 0.000203789 0)
(0.0688512 0.000198715 0)
(0.0683076 0.000193845 0)
(0.0677733 0.000189171 0)
(0.0672479 0.000184684 0)
(0.0667312 0.00018038 0)
(0.0662227 0.000176252 0)
(0.0657222 0.000172295 0)
(0.0652295 0.000168506 0)
(0.0647441 0.000164881 0)
(0.0642657 0.000161418 0)
(0.0637941 0.000158116 0)
(0.063329 0.000154978 0)
(0.0628699 0.000152009 0)
(0.0624167 0.000149224 0)
(0.0619687 0.000146654 0)
(0.0615256 0.000144368 0)
(0.0610867 0.000142547 0)
(0.0606504 0.00014168 0)
(0.0602132 0.000143346 0)
(0.0597872 0.000159512 0)
(0.0591105 0.000249804 0)
(0.194566 0.00831377 0)
(0.195675 0.00939836 0)
(0.196708 0.00999412 0)
(0.197445 0.0102591 0)
(0.197845 0.0102853 0)
(0.197912 0.0101116 0)
(0.197642 0.00977314 0)
(0.197041 0.00931181 0)
(0.196133 0.0087693 0)
(0.194954 0.00818312 0)
(0.193543 0.0075852 0)
(0.191944 0.00700088 0)
(0.190196 0.00644837 0)
(0.188336 0.00593892 0)
(0.186395 0.0054778 0)
(0.184398 0.00506568 0)
(0.182366 0.00470004 0)
(0.180313 0.00437654 0)
(0.178251 0.00409 0)
(0.176189 0.00383517 0)
(0.174133 0.00360718 0)
(0.172087 0.00340175 0)
(0.170055 0.00321529 0)
(0.16804 0.00304485 0)
(0.166044 0.00288808 0)
(0.16407 0.00274311 0)
(0.162119 0.00260846 0)
(0.160193 0.00248294 0)
(0.158292 0.00236561 0)
(0.156419 0.00225569 0)
(0.154574 0.00215252 0)
(0.152758 0.00205556 0)
(0.150972 0.00196431 0)
(0.149216 0.00187835 0)
(0.14749 0.00179729 0)
(0.145795 0.00172081 0)
(0.144132 0.00164857 0)
(0.142499 0.00158029 0)
(0.140898 0.00151571 0)
(0.139327 0.00145458 0)
(0.137787 0.00139669 0)
(0.136277 0.00134182 0)
(0.134798 0.00128978 0)
(0.133348 0.0012404 0)
(0.131927 0.00119352 0)
(0.130535 0.00114898 0)
(0.129172 0.00110664 0)
(0.127836 0.00106637 0)
(0.126527 0.00102805 0)
(0.125245 0.000991573 0)
(0.12399 0.000956823 0)
(0.122759 0.000923706 0)
(0.121554 0.000892129 0)
(0.120373 0.000862008 0)
(0.119215 0.000833262 0)
(0.118081 0.000805815 0)
(0.11697 0.000779598 0)
(0.11588 0.000754544 0)
(0.114812 0.000730591 0)
(0.113765 0.000707681 0)
(0.112738 0.00068576 0)
(0.111731 0.000664777 0)
(0.110743 0.000644683 0)
(0.109774 0.000625433 0)
(0.108823 0.000606984 0)
(0.10789 0.000589297 0)
(0.106974 0.000572333 0)
(0.106075 0.000556057 0)
(0.105192 0.000540437 0)
(0.104324 0.00052544 0)
(0.103472 0.000511037 0)
(0.102635 0.0004972 0)
(0.101813 0.000483904 0)
(0.101005 0.000471123 0)
(0.10021 0.000458835 0)
(0.0994283 0.000447018 0)
(0.0986598 0.000435652 0)
(0.0979037 0.000424718 0)
(0.0971598 0.000414199 0)
(0.0964277 0.000404079 0)
(0.0957071 0.000394342 0)
(0.0949975 0.000384974 0)
(0.0942988 0.000375962 0)
(0.0936104 0.000367296 0)
(0.0929322 0.000358964 0)
(0.0922637 0.000350958 0)
(0.0916046 0.00034327 0)
(0.0909547 0.000335893 0)
(0.0903136 0.000328823 0)
(0.0896809 0.00032206 0)
(0.0890564 0.000315604 0)
(0.0884396 0.000309466 0)
(0.0878302 0.000303668 0)
(0.0872277 0.000298261 0)
(0.0866317 0.000293361 0)
(0.0860412 0.000289262 0)
(0.0854549 0.000286785 0)
(0.0848699 0.000288766 0)
(0.0842946 0.000310772 0)
(0.0835065 0.000398484 0)
(0.195303 0.00782347 0)
(0.19628 0.00882589 0)
(0.197338 0.00944848 0)
(0.198314 0.00978542 0)
(0.199156 0.00991039 0)
(0.19984 0.00985825 0)
(0.200344 0.00965584 0)
(0.200644 0.00933457 0)
(0.200732 0.00892761 0)
(0.200612 0.00846637 0)
(0.200297 0.00797878 0)
(0.199806 0.0074883 0)
(0.199162 0.00701293 0)
(0.198388 0.00656507 0)
(0.197506 0.00615185 0)
(0.196536 0.00577613 0)
(0.195495 0.00543758 0)
(0.194397 0.00513379 0)
(0.193252 0.00486121 0)
(0.192068 0.00461589 0)
(0.190852 0.00439391 0)
(0.18961 0.00419174 0)
(0.188344 0.00400629 0)
(0.187058 0.00383501 0)
(0.185755 0.00367582 0)
(0.184438 0.00352706 0)
(0.183109 0.0033874 0)
(0.181769 0.0032558 0)
(0.180421 0.00313142 0)
(0.179067 0.00301358 0)
(0.177708 0.00290171 0)
(0.176347 0.00279535 0)
(0.174985 0.00269409 0)
(0.173623 0.00259758 0)
(0.172262 0.00250551 0)
(0.170905 0.0024176 0)
(0.169552 0.00233359 0)
(0.168205 0.00225326 0)
(0.166864 0.00217641 0)
(0.16553 0.00210284 0)
(0.164205 0.00203238 0)
(0.162889 0.00196486 0)
(0.161583 0.00190014 0)
(0.160287 0.00183808 0)
(0.159002 0.00177854 0)
(0.157729 0.00172141 0)
(0.156468 0.00166657 0)
(0.155219 0.00161392 0)
(0.153983 0.00156336 0)
(0.15276 0.00151479 0)
(0.15155 0.00146813 0)
(0.150354 0.00142328 0)
(0.149172 0.00138018 0)
(0.148003 0.00133874 0)
(0.146848 0.00129889 0)
(0.145707 0.00126057 0)
(0.14458 0.00122371 0)
(0.143467 0.00118824 0)
(0.142368 0.00115411 0)
(0.141283 0.00112126 0)
(0.140212 0.00108964 0)
(0.139154 0.00105919 0)
(0.13811 0.00102987 0)
(0.13708 0.00100163 0)
(0.136063 0.000974418 0)
(0.13506 0.000948199 0)
(0.134069 0.000922929 0)
(0.133092 0.00089857 0)
(0.132127 0.000875084 0)
(0.131175 0.000852437 0)
(0.130235 0.000830595 0)
(0.129308 0.000809524 0)
(0.128392 0.000789196 0)
(0.127489 0.000769582 0)
(0.126597 0.000750652 0)
(0.125716 0.000732383 0)
(0.124847 0.000714749 0)
(0.123989 0.000697728 0)
(0.123142 0.000681297 0)
(0.122305 0.000665437 0)
(0.121479 0.000650128 0)
(0.120663 0.000635353 0)
(0.119857 0.000621097 0)
(0.119061 0.000607343 0)
(0.118274 0.00059408 0)
(0.117496 0.000581295 0)
(0.116728 0.000568979 0)
(0.115968 0.000557124 0)
(0.115217 0.000545724 0)
(0.114474 0.00053478 0)
(0.113739 0.000524294 0)
(0.113012 0.000514281 0)
(0.112292 0.000504773 0)
(0.111579 0.000495841 0)
(0.110873 0.000487646 0)
(0.110172 0.000480592 0)
(0.109476 0.000475788 0)
(0.108784 0.000476919 0)
(0.108104 0.000498787 0)
(0.107245 0.000568983 0)
(0.195931 0.0073976 0)
(0.19674 0.0082882 0)
(0.197665 0.00888879 0)
(0.198588 0.00924847 0)
(0.19946 0.00942039 0)
(0.200255 0.0094348 0)
(0.200953 0.00931412 0)
(0.201529 0.00908356 0)
(0.20197 0.00877053 0)
(0.20227 0.00840161 0)
(0.202431 0.00800094 0)
(0.20246 0.00758924 0)
(0.202368 0.00718305 0)
(0.202171 0.00679432 0)
(0.201882 0.00643066 0)
(0.201515 0.00609592 0)
(0.201081 0.00579103 0)
(0.200592 0.00551492 0)
(0.200055 0.00526525 0)
(0.199477 0.00503911 0)
(0.198862 0.00483341 0)
(0.198215 0.00464523 0)
(0.197538 0.00447196 0)
(0.196833 0.00431135 0)
(0.196102 0.00416154 0)
(0.195347 0.004021 0)
(0.19457 0.00388851 0)
(0.193771 0.00376309 0)
(0.192951 0.00364393 0)
(0.192113 0.00353041 0)
(0.191257 0.00342199 0)
(0.190385 0.00331826 0)
(0.189498 0.00321883 0)
(0.188596 0.0031234 0)
(0.187681 0.00303171 0)
(0.186755 0.0029435 0)
(0.185818 0.00285859 0)
(0.184871 0.00277677 0)
(0.183915 0.00269788 0)
(0.182952 0.00262177 0)
(0.181982 0.0025483 0)
(0.181006 0.00247735 0)
(0.180025 0.0024088 0)
(0.17904 0.00234255 0)
(0.178051 0.00227851 0)
(0.17706 0.00221657 0)
(0.176068 0.00215666 0)
(0.175073 0.00209869 0)
(0.174079 0.00204261 0)
(0.173084 0.00198832 0)
(0.17209 0.00193578 0)
(0.171097 0.00188492 0)
(0.170106 0.00183568 0)
(0.169117 0.00178801 0)
(0.168131 0.00174184 0)
(0.167147 0.00169714 0)
(0.166167 0.00165384 0)
(0.165191 0.00161191 0)
(0.164219 0.0015713 0)
(0.163251 0.00153195 0)
(0.162288 0.00149384 0)
(0.16133 0.00145692 0)
(0.160378 0.00142115 0)
(0.15943 0.0013865 0)
(0.158488 0.00135291 0)
(0.157552 0.00132037 0)
(0.156622 0.00128884 0)
(0.155699 0.00125828 0)
(0.154781 0.00122866 0)
(0.153869 0.00119995 0)
(0.152964 0.00117212 0)
(0.152066 0.00114514 0)
(0.151174 0.00111899 0)
(0.150289 0.00109365 0)
(0.14941 0.00106907 0)
(0.148538 0.00104525 0)
(0.147673 0.00102216 0)
(0.146815 0.000999771 0)
(0.145963 0.000978072 0)
(0.145118 0.000957043 0)
(0.14428 0.000936664 0)
(0.143448 0.00091692 0)
(0.142623 0.000897796 0)
(0.141804 0.000879278 0)
(0.140992 0.000861353 0)
(0.140187 0.000844012 0)
(0.139387 0.000827247 0)
(0.138594 0.000811051 0)
(0.137807 0.000795421 0)
(0.137026 0.00078036 0)
(0.136251 0.000765876 0)
(0.135482 0.000751989 0)
(0.134718 0.000738742 0)
(0.133959 0.000726226 0)
(0.133205 0.000714641 0)
(0.132455 0.000704465 0)
(0.13171 0.000696963 0)
(0.130968 0.000695882 0)
(0.130243 0.000712477 0)
(0.129365 0.000756476 0)
(0.196481 0.00703053 0)
(0.197153 0.00781434 0)
(0.19794 0.00837837 0)
(0.198758 0.00874114 0)
(0.199559 0.00893701 0)
(0.200319 0.00899086 0)
(0.201016 0.00892236 0)
(0.201633 0.00875285 0)
(0.202157 0.00850559 0)
(0.202581 0.00820354 0)
(0.202903 0.00786773 0)
(0.203129 0.00751644 0)
(0.203265 0.00716459 0)
(0.20332 0.00682339 0)
(0.203304 0.00650042 0)
(0.203228 0.00620003 0)
(0.203101 0.00592398 0)
(0.20293 0.00567213 0)
(0.202722 0.00544307 0)
(0.202482 0.00523471 0)
(0.202213 0.00504466 0)
(0.201919 0.00487051 0)
(0.201602 0.00471004 0)
(0.201262 0.00456126 0)
(0.200901 0.00442249 0)
(0.200519 0.00429231 0)
(0.200118 0.00416957 0)
(0.199698 0.00405332 0)
(0.199258 0.00394279 0)
(0.198801 0.00383734 0)
(0.198325 0.00373648 0)
(0.197833 0.00363976 0)
(0.197324 0.00354683 0)
(0.196798 0.00345739 0)
(0.196257 0.00337117 0)
(0.1957 0.00328795 0)
(0.195129 0.00320754 0)
(0.194545 0.00312976 0)
(0.193946 0.00305445 0)
(0.193335 0.00298148 0)
(0.192711 0.00291073 0)
(0.192076 0.00284209 0)
(0.19143 0.00277545 0)
(0.190772 0.00271074 0)
(0.190105 0.00264786 0)
(0.189428 0.00258674 0)
(0.188743 0.00252732 0)
(0.188048 0.00246954 0)
(0.187346 0.00241333 0)
(0.186637 0.00235864 0)
(0.18592 0.00230543 0)
(0.185197 0.00225364 0)
(0.184468 0.00220323 0)
(0.183733 0.00215417 0)
(0.182993 0.0021064 0)
(0.182248 0.0020599 0)
(0.181499 0.00201462 0)
(0.180747 0.00197054 0)
(0.17999 0.00192761 0)
(0.179231 0.00188581 0)
(0.178469 0.00184511 0)
(0.177704 0.00180548 0)
(0.176938 0.00176688 0)
(0.176169 0.00172929 0)
(0.175399 0.00169268 0)
(0.174628 0.00165703 0)
(0.173856 0.00162231 0)
(0.173084 0.00158849 0)
(0.172311 0.00155556 0)
(0.171538 0.00152349 0)
(0.170765 0.00149225 0)
(0.169993 0.00146183 0)
(0.169221 0.00143221 0)
(0.168449 0.00140336 0)
(0.167679 0.00137526 0)
(0.16691 0.00134791 0)
(0.166142 0.00132128 0)
(0.165375 0.00129535 0)
(0.164611 0.00127012 0)
(0.163847 0.00124556 0)
(0.163086 0.00122166 0)
(0.162326 0.00119841 0)
(0.161569 0.00117581 0)
(0.160813 0.00115384 0)
(0.16006 0.00113249 0)
(0.159309 0.00111175 0)
(0.15856 0.00109163 0)
(0.157814 0.00107213 0)
(0.15707 0.00105324 0)
(0.156328 0.00103497 0)
(0.155588 0.00101733 0)
(0.154851 0.00100036 0)
(0.154116 0.000984114 0)
(0.153383 0.00096869 0)
(0.152652 0.000954313 0)
(0.151923 0.000941483 0)
(0.151196 0.000931414 0)
(0.150472 0.000927164 0)
(0.149766 0.000935241 0)
(0.148928 0.00095046 0)
(0.196965 0.00671233 0)
(0.197532 0.00739978 0)
(0.198201 0.00792013 0)
(0.198914 0.00827435 0)
(0.19963 0.0084822 0)
(0.200321 0.00856273 0)
(0.200969 0.00853267 0)
(0.201557 0.00840999 0)
(0.202074 0.00821431 0)
(0.202514 0.00796533 0)
(0.202875 0.00768141 0)
(0.20316 0.00737876 0)
(0.203373 0.00707084 0)
(0.203522 0.00676814 0)
(0.203614 0.00647808 0)
(0.20366 0.00620533 0)
(0.203665 0.00595225 0)
(0.203636 0.00571947 0)
(0.20358 0.00550634 0)
(0.2035 0.00531149 0)
(0.2034 0.00513314 0)
(0.203283 0.00496938 0)
(0.20315 0.00481835 0)
(0.203002 0.00467835 0)
(0.20284 0.00454788 0)
(0.202665 0.00442566 0)
(0.202477 0.00431059 0)
(0.202276 0.00420179 0)
(0.202062 0.00409849 0)
(0.201836 0.00400009 0)
(0.201597 0.00390606 0)
(0.201345 0.00381598 0)
(0.201081 0.00372948 0)
(0.200804 0.00364624 0)
(0.200516 0.00356602 0)
(0.200215 0.00348856 0)
(0.199902 0.00341368 0)
(0.199577 0.00334118 0)
(0.199241 0.00327093 0)
(0.198893 0.00320278 0)
(0.198533 0.0031366 0)
(0.198163 0.00307228 0)
(0.197781 0.00300974 0)
(0.197389 0.00294888 0)
(0.196986 0.00288961 0)
(0.196572 0.00283188 0)
(0.196149 0.00277561 0)
(0.195716 0.00272075 0)
(0.195273 0.00266723 0)
(0.19482 0.00261502 0)
(0.194359 0.00256407 0)
(0.193888 0.00251434 0)
(0.193409 0.00246578 0)
(0.192922 0.00241836 0)
(0.192426 0.00237204 0)
(0.191922 0.0023268 0)
(0.191411 0.0022826 0)
(0.190893 0.00223942 0)
(0.190367 0.00219723 0)
(0.189834 0.00215599 0)
(0.189295 0.0021157 0)
(0.188749 0.00207632 0)
(0.188198 0.00203782 0)
(0.18764 0.0020002 0)
(0.187077 0.00196342 0)
(0.186508 0.00192747 0)
(0.185934 0.00189233 0)
(0.185356 0.00185798 0)
(0.184772 0.0018244 0)
(0.184184 0.00179157 0)
(0.183592 0.00175948 0)
(0.182996 0.00172811 0)
(0.182396 0.00169744 0)
(0.181792 0.00166747 0)
(0.181185 0.00163817 0)
(0.180574 0.00160954 0)
(0.17996 0.00158156 0)
(0.179344 0.00155422 0)
(0.178725 0.00152752 0)
(0.178103 0.00150144 0)
(0.177479 0.00147597 0)
(0.176852 0.0014511 0)
(0.176223 0.00142684 0)
(0.175593 0.00140318 0)
(0.17496 0.00138011 0)
(0.174326 0.00135763 0)
(0.17369 0.00133575 0)
(0.173053 0.00131447 0)
(0.172414 0.00129379 0)
(0.171774 0.00127373 0)
(0.171132 0.00125432 0)
(0.170489 0.00123558 0)
(0.169845 0.00121758 0)
(0.169199 0.00120043 0)
(0.168552 0.00118435 0)
(0.167905 0.00116981 0)
(0.167256 0.00115776 0)
(0.16661 0.00115011 0)
(0.16598 0.00114871 0)
(0.165234 0.00113808 0)
(0.197391 0.00643125 0)
(0.197876 0.00703371 0)
(0.198448 0.00750825 0)
(0.199068 0.00784718 0)
(0.199702 0.00805989 0)
(0.200324 0.0081597 0)
(0.200913 0.00816012 0)
(0.201457 0.00807594 0)
(0.201944 0.00792349 0)
(0.202367 0.00771953 0)
(0.202726 0.00747997 0)
(0.20302 0.00721912 0)
(0.203254 0.00694914 0)
(0.203434 0.00667974 0)
(0.203566 0.00641811 0)
(0.203658 0.00616909 0)
(0.203716 0.00593551 0)
(0.203745 0.00571856 0)
(0.203752 0.00551829 0)
(0.203741 0.00533394 0)
(0.203714 0.00516431 0)
(0.203674 0.00500794 0)
(0.203623 0.00486337 0)
(0.203563 0.00472918 0)
(0.203494 0.00460407 0)
(0.203417 0.00448691 0)
(0.203332 0.00437672 0)
(0.20324 0.00427266 0)
(0.20314 0.00417403 0)
(0.203033 0.00408022 0)
(0.202919 0.00399074 0)
(0.202797 0.00390517 0)
(0.202668 0.00382313 0)
(0.202531 0.00374432 0)
(0.202387 0.00366846 0)
(0.202235 0.00359533 0)
(0.202075 0.00352472 0)
(0.201908 0.00345644 0)
(0.201733 0.00339033 0)
(0.20155 0.00332626 0)
(0.20136 0.00326408 0)
(0.201161 0.0032037 0)
(0.200955 0.003145 0)
(0.200741 0.00308789 0)
(0.200519 0.00303229 0)
(0.200289 0.00297813 0)
(0.200051 0.00292534 0)
(0.199805 0.00287385 0)
(0.199551 0.00282362 0)
(0.199289 0.00277457 0)
(0.19902 0.00272668 0)
(0.198742 0.0026799 0)
(0.198457 0.00263418 0)
(0.198164 0.00258949 0)
(0.197864 0.00254579 0)
(0.197556 0.00250306 0)
(0.19724 0.00246126 0)
(0.196917 0.00242035 0)
(0.196587 0.00238033 0)
(0.19625 0.00234115 0)
(0.195905 0.0023028 0)
(0.195553 0.00226525 0)
(0.195195 0.00222849 0)
(0.194829 0.00219248 0)
(0.194457 0.00215722 0)
(0.194078 0.00212267 0)
(0.193692 0.00208884 0)
(0.1933 0.00205569 0)
(0.192902 0.00202321 0)
(0.192497 0.00199138 0)
(0.192087 0.0019602 0)
(0.19167 0.00192965 0)
(0.191248 0.00189972 0)
(0.19082 0.00187038 0)
(0.190386 0.00184164 0)
(0.189947 0.00181349 0)
(0.189502 0.0017859 0)
(0.189053 0.00175888 0)
(0.188598 0.00173242 0)
(0.188138 0.00170651 0)
(0.187673 0.00168114 0)
(0.187203 0.00165632 0)
(0.186729 0.00163204 0)
(0.18625 0.0016083 0)
(0.185767 0.00158509 0)
(0.185279 0.00156243 0)
(0.184787 0.00154032 0)
(0.184291 0.00151877 0)
(0.18379 0.00149778 0)
(0.183286 0.00147738 0)
(0.182777 0.0014576 0)
(0.182265 0.00143847 0)
(0.181748 0.00142006 0)
(0.181228 0.00140247 0)
(0.180704 0.00138591 0)
(0.180176 0.00137072 0)
(0.179646 0.00135751 0)
(0.179117 0.00134691 0)
(0.1786 0.00133711 0)
(0.177981 0.00130747 0)
(0.197768 0.00617908 0)
(0.198187 0.00670794 0)
(0.198679 0.00713784 0)
(0.199218 0.0074577 0)
(0.199778 0.00767011 0)
(0.200334 0.00778345 0)
(0.200867 0.0078081 0)
(0.201365 0.00775597 0)
(0.201816 0.00764049 0)
(0.202215 0.00747573 0)
(0.202559 0.00727535 0)
(0.202848 0.00705188 0)
(0.203085 0.00681618 0)
(0.203274 0.00657716 0)
(0.203421 0.00634168 0)
(0.203531 0.0061146 0)
(0.203611 0.00589905 0)
(0.203665 0.00569669 0)
(0.203698 0.00550809 0)
(0.203715 0.00533306 0)
(0.203718 0.00517087 0)
(0.203711 0.00502053 0)
(0.203695 0.00488092 0)
(0.203671 0.00475091 0)
(0.203641 0.00462944 0)
(0.203606 0.00451553 0)
(0.203566 0.00440832 0)
(0.203521 0.00430706 0)
(0.203472 0.0042111 0)
(0.203419 0.0041199 0)
(0.203362 0.00403298 0)
(0.203301 0.00394993 0)
(0.203236 0.00387041 0)
(0.203167 0.00379412 0)
(0.203094 0.00372078 0)
(0.203018 0.00365018 0)
(0.202937 0.0035821 0)
(0.202852 0.00351636 0)
(0.202763 0.00345281 0)
(0.202669 0.00339131 0)
(0.202572 0.00333171 0)
(0.20247 0.00327392 0)
(0.202363 0.00321781 0)
(0.202252 0.00316331 0)
(0.202136 0.00311031 0)
(0.202015 0.00305875 0)
(0.201889 0.00300855 0)
(0.201759 0.00295965 0)
(0.201623 0.00291199 0)
(0.201482 0.00286551 0)
(0.201336 0.00282016 0)
(0.201185 0.0027759 0)
(0.201028 0.00273268 0)
(0.200866 0.00269046 0)
(0.200699 0.0026492 0)
(0.200526 0.00260888 0)
(0.200347 0.00256945 0)
(0.200163 0.00253089 0)
(0.199973 0.00249316 0)
(0.199777 0.00245624 0)
(0.199576 0.0024201 0)
(0.199369 0.00238471 0)
(0.199156 0.00235006 0)
(0.198937 0.00231613 0)
(0.198713 0.00228288 0)
(0.198483 0.0022503 0)
(0.198247 0.00221838 0)
(0.198005 0.00218709 0)
(0.197757 0.00215641 0)
(0.197504 0.00212634 0)
(0.197245 0.00209685 0)
(0.19698 0.00206794 0)
(0.196709 0.00203958 0)
(0.196433 0.00201177 0)
(0.19615 0.0019845 0)
(0.195863 0.00195775 0)
(0.195569 0.00193152 0)
(0.19527 0.00190581 0)
(0.194965 0.00188059 0)
(0.194655 0.00185587 0)
(0.194339 0.00183165 0)
(0.194018 0.00180791 0)
(0.193691 0.00178467 0)
(0.193359 0.00176191 0)
(0.193021 0.00173965 0)
(0.192678 0.00171789 0)
(0.19233 0.00169663 0)
(0.191976 0.00167589 0)
(0.191617 0.00165568 0)
(0.191253 0.00163603 0)
(0.190884 0.00161695 0)
(0.190509 0.00159849 0)
(0.190129 0.00158072 0)
(0.189744 0.00156373 0)
(0.189354 0.00154766 0)
(0.188959 0.00153274 0)
(0.188561 0.00151915 0)
(0.188162 0.00150647 0)
(0.18777 0.00149061 0)
(0.187292 0.00145047 0)
(0.198101 0.0059502 0)
(0.198466 0.0064159 0)
(0.198892 0.00680403 0)
(0.199362 0.00710294 0)
(0.199856 0.00731118 0)
(0.200351 0.00743334 0)
(0.200832 0.00747694 0)
(0.201285 0.0074514 0)
(0.201701 0.00736757 0)
(0.202073 0.00723711 0)
(0.202399 0.00707163 0)
(0.202678 0.00688197 0)
(0.202911 0.00667774 0)
(0.203102 0.00646702 0)
(0.203254 0.00625623 0)
(0.203373 0.00605017 0)
(0.203464 0.00585209 0)
(0.20353 0.00566401 0)
(0.203577 0.00548692 0)
(0.203608 0.00532107 0)
(0.203625 0.00516616 0)
(0.203633 0.00502159 0)
(0.203632 0.00488658 0)
(0.203624 0.00476029 0)
(0.203611 0.00464185 0)
(0.203593 0.00453047 0)
(0.203571 0.00442541 0)
(0.203546 0.00432603 0)
(0.203518 0.00423176 0)
(0.203487 0.00414209 0)
(0.203454 0.0040566 0)
(0.203418 0.0039749 0)
(0.203381 0.00389668 0)
(0.203342 0.00382165 0)
(0.2033 0.00374955 0)
(0.203257 0.00368018 0)
(0.203212 0.00361334 0)
(0.203165 0.00354884 0)
(0.203116 0.00348655 0)
(0.203065 0.00342632 0)
(0.203012 0.00336802 0)
(0.202957 0.00331155 0)
(0.2029 0.00325679 0)
(0.202841 0.00320366 0)
(0.202779 0.00315207 0)
(0.202715 0.00310195 0)
(0.202649 0.00305322 0)
(0.20258 0.00300581 0)
(0.202509 0.00295967 0)
(0.202435 0.00291475 0)
(0.202358 0.00287098 0)
(0.202278 0.00282832 0)
(0.202195 0.00278672 0)
(0.20211 0.00274615 0)
(0.202021 0.00270657 0)
(0.201929 0.00266792 0)
(0.201833 0.00263019 0)
(0.201735 0.00259334 0)
(0.201632 0.00255733 0)
(0.201526 0.00252214 0)
(0.201417 0.00248773 0)
(0.201303 0.00245409 0)
(0.201186 0.00242118 0)
(0.201065 0.00238899 0)
(0.20094 0.00235748 0)
(0.200811 0.00232664 0)
(0.200678 0.00229644 0)
(0.200541 0.00226687 0)
(0.200399 0.00223791 0)
(0.200253 0.00220954 0)
(0.200103 0.00218174 0)
(0.199948 0.0021545 0)
(0.199789 0.0021278 0)
(0.199625 0.00210163 0)
(0.199457 0.00207598 0)
(0.199284 0.00205084 0)
(0.199106 0.00202619 0)
(0.198924 0.00200203 0)
(0.198737 0.00197836 0)
(0.198545 0.00195515 0)
(0.198348 0.00193242 0)
(0.198147 0.00191016 0)
(0.19794 0.00188837 0)
(0.197729 0.00186704 0)
(0.197513 0.00184618 0)
(0.197291 0.0018258 0)
(0.197065 0.0018059 0)
(0.196834 0.0017865 0)
(0.196597 0.00176761 0)
(0.196356 0.00174925 0)
(0.196109 0.00173145 0)
(0.195857 0.00171425 0)
(0.1956 0.0016977 0)
(0.195338 0.00168188 0)
(0.195071 0.00166687 0)
(0.194799 0.00165276 0)
(0.194523 0.00163938 0)
(0.194245 0.00162559 0)
(0.193971 0.00160644 0)
(0.193624 0.00156374 0)
(0.198396 0.00574062 0)
(0.198717 0.0061523 0)
(0.199088 0.00650229 0)
(0.199498 0.00677976 0)
(0.199933 0.00698116 0)
(0.200374 0.00710834 0)
(0.200805 0.00716647 0)
(0.201216 0.00716273 0)
(0.201598 0.00710581 0)
(0.201944 0.00700524 0)
(0.202251 0.00687073 0)
(0.202517 0.00671159 0)
(0.202744 0.00653623 0)
(0.202932 0.00635191 0)
(0.203087 0.00616455 0)
(0.203211 0.00597875 0)
(0.203308 0.00579782 0)
(0.203382 0.00562399 0)
(0.203437 0.00545857 0)
(0.203476 0.00530214 0)
(0.203503 0.00515479 0)
(0.203519 0.00501626 0)
(0.203526 0.00488606 0)
(0.203527 0.00476359 0)
(0.203522 0.00464822 0)
(0.203512 0.00453931 0)
(0.203499 0.00443627 0)
(0.203483 0.00433855 0)
(0.203464 0.00424565 0)
(0.203442 0.00415715 0)
(0.203419 0.00407264 0)
(0.203395 0.0039918 0)
(0.203368 0.00391433 0)
(0.203341 0.00383997 0)
(0.203313 0.00376848 0)
(0.203283 0.00369967 0)
(0.203253 0.00363335 0)
(0.203222 0.00356937 0)
(0.20319 0.00350757 0)
(0.203157 0.00344782 0)
(0.203123 0.00339001 0)
(0.203089 0.00333404 0)
(0.203054 0.00327979 0)
(0.203018 0.00322719 0)
(0.202981 0.00317615 0)
(0.202944 0.00312661 0)
(0.202905 0.00307847 0)
(0.202866 0.0030317 0)
(0.202825 0.00298622 0)
(0.202784 0.00294199 0)
(0.202741 0.00289894 0)
(0.202697 0.00285704 0)
(0.202652 0.00281623 0)
(0.202606 0.00277649 0)
(0.202558 0.00273775 0)
(0.202509 0.0027 0)
(0.202458 0.00266319 0)
(0.202405 0.00262729 0)
(0.202351 0.00259226 0)
(0.202295 0.00255808 0)
(0.202237 0.00252472 0)
(0.202177 0.00249215 0)
(0.202115 0.00246034 0)
(0.202051 0.00242926 0)
(0.201985 0.0023989 0)
(0.201916 0.00236922 0)
(0.201845 0.00234022 0)
(0.201771 0.00231186 0)
(0.201695 0.00228412 0)
(0.201616 0.00225699 0)
(0.201535 0.00223045 0)
(0.20145 0.00220449 0)
(0.201363 0.00217908 0)
(0.201273 0.00215421 0)
(0.20118 0.00212987 0)
(0.201084 0.00210605 0)
(0.200984 0.00208274 0)
(0.200881 0.00205992 0)
(0.200775 0.00203758 0)
(0.200666 0.00201573 0)
(0.200553 0.00199436 0)
(0.200436 0.00197346 0)
(0.200316 0.00195302 0)
(0.200192 0.00193306 0)
(0.200064 0.00191357 0)
(0.199932 0.00189456 0)
(0.199797 0.00187604 0)
(0.199657 0.00185801 0)
(0.199513 0.0018405 0)
(0.199366 0.00182352 0)
(0.199214 0.00180709 0)
(0.199057 0.00179126 0)
(0.198896 0.00177607 0)
(0.198731 0.00176156 0)
(0.198562 0.00174777 0)
(0.198389 0.00173465 0)
(0.198212 0.0017218 0)
(0.198034 0.00170775 0)
(0.197854 0.0016878 0)
(0.197618 0.00164837 0)
(0.198657 0.00554748 0)
(0.19894 0.00591296 0)
(0.199265 0.00622869 0)
(0.199624 0.0064852 0)
(0.200007 0.00667805 0)
(0.200398 0.0068073 0)
(0.200785 0.00687621 0)
(0.201157 0.00689014 0)
(0.201506 0.00685587 0)
(0.201825 0.00678112 0)
(0.202112 0.00667393 0)
(0.202365 0.00654219 0)
(0.202583 0.00639319 0)
(0.202768 0.00623336 0)
(0.202922 0.00606812 0)
(0.203048 0.00590178 0)
(0.20315 0.00573763 0)
(0.203229 0.00557799 0)
(0.203291 0.00542439 0)
(0.203337 0.00527769 0)
(0.20337 0.00513828 0)
(0.203392 0.00500617 0)
(0.203406 0.00488115 0)
(0.203413 0.00476286 0)
(0.203413 0.00465084 0)
(0.203409 0.00454463 0)
(0.203401 0.00444377 0)
(0.203389 0.00434781 0)
(0.203375 0.00425633 0)
(0.203359 0.00416898 0)
(0.203341 0.0040854 0)
(0.203321 0.00400532 0)
(0.2033 0.00392845 0)
(0.203278 0.00385458 0)
(0.203255 0.00378348 0)
(0.203232 0.00371498 0)
(0.203208 0.00364891 0)
(0.203183 0.00358512 0)
(0.203158 0.00352347 0)
(0.203133 0.00346385 0)
(0.203107 0.00340615 0)
(0.203081 0.00335026 0)
(0.203055 0.00329609 0)
(0.203029 0.00324357 0)
(0.203003 0.00319261 0)
(0.202976 0.00314315 0)
(0.20295 0.00309512 0)
(0.202923 0.00304846 0)
(0.202896 0.00300311 0)
(0.202869 0.00295902 0)
(0.202842 0.00291615 0)
(0.202814 0.00287444 0)
(0.202786 0.00283386 0)
(0.202758 0.00279435 0)
(0.202729 0.0027559 0)
(0.2027 0.00271845 0)
(0.20267 0.00268197 0)
(0.20264 0.00264643 0)
(0.202609 0.00261179 0)
(0.202578 0.00257803 0)
(0.202546 0.00254512 0)
(0.202513 0.00251303 0)
(0.202479 0.00248173 0)
(0.202444 0.0024512 0)
(0.202409 0.00242141 0)
(0.202372 0.00239234 0)
(0.202334 0.00236396 0)
(0.202295 0.00233626 0)
(0.202255 0.00230921 0)
(0.202214 0.0022828 0)
(0.202171 0.002257 0)
(0.202126 0.00223181 0)
(0.20208 0.00220719 0)
(0.202033 0.00218315 0)
(0.201984 0.00215965 0)
(0.201933 0.0021367 0)
(0.20188 0.00211428 0)
(0.201825 0.00209238 0)
(0.201768 0.00207098 0)
(0.201709 0.00205009 0)
(0.201648 0.0020297 0)
(0.201585 0.0020098 0)
(0.201519 0.00199039 0)
(0.201451 0.00197147 0)
(0.201381 0.00195305 0)
(0.201308 0.00193512 0)
(0.201232 0.0019177 0)
(0.201153 0.00190079 0)
(0.201072 0.00188441 0)
(0.200988 0.00186859 0)
(0.2009 0.00185333 0)
(0.20081 0.00183868 0)
(0.200717 0.00182466 0)
(0.20062 0.0018113 0)
(0.20052 0.00179858 0)
(0.200417 0.00178637 0)
(0.200312 0.00177415 0)
(0.200205 0.00176044 0)
(0.200095 0.00174146 0)
(0.199941 0.00170851 0)
(0.198888 0.00536865 0)
(0.199139 0.00569458 0)
(0.199424 0.00597986 0)
(0.199739 0.00621648 0)
(0.200076 0.00639984 0)
(0.200424 0.00652892 0)
(0.20077 0.00660554 0)
(0.201105 0.00663356 0)
(0.201422 0.00661818 0)
(0.201717 0.00656556 0)
(0.201984 0.00648229 0)
(0.202222 0.00637498 0)
(0.20243 0.00624988 0)
(0.20261 0.00611264 0)
(0.202762 0.00596812 0)
(0.202888 0.00582034 0)
(0.202992 0.00567245 0)
(0.203076 0.00552681 0)
(0.203142 0.00538509 0)
(0.203193 0.00524834 0)
(0.203231 0.00511719 0)
(0.203259 0.00499188 0)
(0.203278 0.00487243 0)
(0.203289 0.00475868 0)
(0.203295 0.00465036 0)
(0.203295 0.00454717 0)
(0.203291 0.00444875 0)
(0.203283 0.00435477 0)
(0.203273 0.0042649 0)
(0.20326 0.00417884 0)
(0.203245 0.0040963 0)
(0.203229 0.00401704 0)
(0.203211 0.00394083 0)
(0.203192 0.00386745 0)
(0.203172 0.00379673 0)
(0.203152 0.00372851 0)
(0.203131 0.00366262 0)
(0.203109 0.00359894 0)
(0.203088 0.00353735 0)
(0.203066 0.00347773 0)
(0.203044 0.00341999 0)
(0.203022 0.00336404 0)
(0.203 0.00330978 0)
(0.202978 0.00325715 0)
(0.202956 0.00320607 0)
(0.202934 0.00315648 0)
(0.202912 0.00310831 0)
(0.202891 0.00306152 0)
(0.20287 0.00301604 0)
(0.202848 0.00297183 0)
(0.202827 0.00292884 0)
(0.202807 0.00288703 0)
(0.202786 0.00284636 0)
(0.202765 0.00280679 0)
(0.202745 0.00276827 0)
(0.202724 0.00273078 0)
(0.202704 0.00269429 0)
(0.202684 0.00265875 0)
(0.202663 0.00262414 0)
(0.202643 0.00259043 0)
(0.202623 0.00255759 0)
(0.202602 0.00252559 0)
(0.202581 0.00249441 0)
(0.20256 0.00246402 0)
(0.202539 0.0024344 0)
(0.202518 0.00240552 0)
(0.202496 0.00237737 0)
(0.202474 0.00234991 0)
(0.202451 0.00232314 0)
(0.202428 0.00229703 0)
(0.202405 0.00227155 0)
(0.202381 0.00224671 0)
(0.202356 0.00222247 0)
(0.20233 0.00219883 0)
(0.202304 0.00217577 0)
(0.202277 0.00215327 0)
(0.202249 0.00213133 0)
(0.20222 0.00210994 0)
(0.20219 0.00208908 0)
(0.202159 0.00206875 0)
(0.202127 0.00204894 0)
(0.202094 0.00202966 0)
(0.202059 0.00201089 0)
(0.202023 0.00199263 0)
(0.201986 0.0019749 0)
(0.201947 0.00195769 0)
(0.201906 0.00194101 0)
(0.201864 0.00192488 0)
(0.20182 0.00190929 0)
(0.201775 0.00189429 0)
(0.201727 0.00187988 0)
(0.201677 0.00186608 0)
(0.201626 0.00185292 0)
(0.201572 0.00184041 0)
(0.201516 0.00182849 0)
(0.201458 0.00181698 0)
(0.201399 0.00180537 0)
(0.201337 0.00179237 0)
(0.201272 0.00177534 0)
(0.201175 0.00174976 0)
(0.199091 0.00520256 0)
(0.199314 0.00549455 0)
(0.199565 0.00575294 0)
(0.199842 0.00597108 0)
(0.20014 0.0061446 0)
(0.200448 0.00627187 0)
(0.200756 0.00635372 0)
(0.201058 0.00639279 0)
(0.201346 0.00639301 0)
(0.201616 0.00635921 0)
(0.201863 0.00629673 0)
(0.202086 0.00621105 0)
(0.202284 0.00610747 0)
(0.202457 0.0059909 0)
(0.202605 0.00586565 0)
(0.20273 0.00573541 0)
(0.202835 0.00560315 0)
(0.202921 0.00547119 0)
(0.20299 0.00534126 0)
(0.203045 0.00521457 0)
(0.203088 0.00509189 0)
(0.20312 0.00497367 0)
(0.203144 0.00486012 0)
(0.203159 0.00475125 0)
(0.203169 0.00464697 0)
(0.203173 0.00454709 0)
(0.203172 0.00445139 0)
(0.203168 0.00435964 0)
(0.203161 0.00427159 0)
(0.203151 0.00418701 0)
(0.203139 0.00410568 0)
(0.203125 0.00402738 0)
(0.20311 0.00395192 0)
(0.203094 0.00387914 0)
(0.203076 0.00380886 0)
(0.203058 0.00374096 0)
(0.203039 0.0036753 0)
(0.20302 0.00361175 0)
(0.203 0.00355022 0)
(0.202981 0.0034906 0)
(0.202961 0.00343281 0)
(0.202941 0.00337676 0)
(0.202921 0.00332237 0)
(0.202901 0.00326958 0)
(0.202881 0.00321832 0)
(0.202862 0.00316852 0)
(0.202843 0.00312014 0)
(0.202824 0.00307313 0)
(0.202805 0.00302742 0)
(0.202786 0.00298298 0)
(0.202768 0.00293976 0)
(0.20275 0.00289772 0)
(0.202733 0.00285683 0)
(0.202716 0.00281704 0)
(0.202699 0.00277831 0)
(0.202682 0.00274063 0)
(0.202666 0.00270395 0)
(0.202649 0.00266824 0)
(0.202633 0.00263347 0)
(0.202618 0.00259961 0)
(0.202602 0.00256664 0)
(0.202587 0.00253453 0)
(0.202572 0.00250326 0)
(0.202557 0.00247279 0)
(0.202542 0.00244311 0)
(0.202528 0.00241419 0)
(0.202513 0.00238601 0)
(0.202498 0.00235856 0)
(0.202484 0.0023318 0)
(0.202469 0.00230572 0)
(0.202454 0.00228031 0)
(0.20244 0.00225555 0)
(0.202425 0.00223141 0)
(0.202409 0.0022079 0)
(0.202394 0.00218498 0)
(0.202379 0.00216265 0)
(0.202363 0.0021409 0)
(0.202346 0.00211972 0)
(0.20233 0.0020991 0)
(0.202312 0.00207903 0)
(0.202295 0.00205951 0)
(0.202277 0.00204053 0)
(0.202258 0.00202209 0)
(0.202238 0.0020042 0)
(0.202218 0.00198685 0)
(0.202197 0.00197005 0)
(0.202175 0.00195381 0)
(0.202153 0.00193813 0)
(0.202129 0.00192304 0)
(0.202104 0.00190854 0)
(0.202078 0.00189466 0)
(0.202051 0.00188142 0)
(0.202023 0.00186882 0)
(0.201994 0.00185686 0)
(0.201963 0.00184547 0)
(0.201931 0.00183447 0)
(0.201898 0.00182339 0)
(0.201863 0.00181127 0)
(0.201824 0.00179655 0)
(0.201763 0.00177766 0)
(0.199269 0.005048 0)
(0.199468 0.00531082 0)
(0.19969 0.00554555 0)
(0.199934 0.00574677 0)
(0.200196 0.00591048 0)
(0.200469 0.00603483 0)
(0.200744 0.00611993 0)
(0.201015 0.00616752 0)
(0.201275 0.00618048 0)
(0.201521 0.00616256 0)
(0.201749 0.00611802 0)
(0.201957 0.00605136 0)
(0.202143 0.00596702 0)
(0.202308 0.00586922 0)
(0.202451 0.00576177 0)
(0.202574 0.00564797 0)
(0.202678 0.00553059 0)
(0.202765 0.00541187 0)
(0.202837 0.00529354 0)
(0.202895 0.00517687 0)
(0.202941 0.00506278 0)
(0.202977 0.00495186 0)
(0.203004 0.00484446 0)
(0.203023 0.00474076 0)
(0.203036 0.00464079 0)
(0.203044 0.00454451 0)
(0.203047 0.0044518 0)
(0.203046 0.00436252 0)
(0.203041 0.00427652 0)
(0.203034 0.00419361 0)
(0.203025 0.00411365 0)
(0.203014 0.00403645 0)
(0.203001 0.00396189 0)
(0.202986 0.0038898 0)
(0.202971 0.00382007 0)
(0.202955 0.00375258 0)
(0.202938 0.0036872 0)
(0.202921 0.00362385 0)
(0.202903 0.00356242 0)
(0.202885 0.00350284 0)
(0.202867 0.00344502 0)
(0.202848 0.00338889 0)
(0.20283 0.00333438 0)
(0.202812 0.00328143 0)
(0.202794 0.00322998 0)
(0.202776 0.00317998 0)
(0.202758 0.00313137 0)
(0.202741 0.00308411 0)
(0.202723 0.00303815 0)
(0.202706 0.00299345 0)
(0.20269 0.00294996 0)
(0.202674 0.00290765 0)
(0.202658 0.00286649 0)
(0.202642 0.00282643 0)
(0.202627 0.00278744 0)
(0.202612 0.0027495 0)
(0.202597 0.00271256 0)
(0.202583 0.00267661 0)
(0.202569 0.0026416 0)
(0.202556 0.00260752 0)
(0.202543 0.00257433 0)
(0.20253 0.00254202 0)
(0.202517 0.00251055 0)
(0.202505 0.0024799 0)
(0.202493 0.00245005 0)
(0.202481 0.00242098 0)
(0.202469 0.00239266 0)
(0.202458 0.00236508 0)
(0.202447 0.00233821 0)
(0.202436 0.00231204 0)
(0.202425 0.00228655 0)
(0.202414 0.00226172 0)
(0.202403 0.00223754 0)
(0.202393 0.00221399 0)
(0.202382 0.00219106 0)
(0.202372 0.00216874 0)
(0.202361 0.00214701 0)
(0.20235 0.00212587 0)
(0.20234 0.0021053 0)
(0.202329 0.00208531 0)
(0.202318 0.00206589 0)
(0.202307 0.00204703 0)
(0.202295 0.00202873 0)
(0.202284 0.00201099 0)
(0.202271 0.00199382 0)
(0.202259 0.00197722 0)
(0.202246 0.0019612 0)
(0.202233 0.00194577 0)
(0.202219 0.00193095 0)
(0.202205 0.00191674 0)
(0.20219 0.00190317 0)
(0.202174 0.00189025 0)
(0.202158 0.00187798 0)
(0.202141 0.00186636 0)
(0.202123 0.00185532 0)
(0.202105 0.00184468 0)
(0.202085 0.00183408 0)
(0.202064 0.00182289 0)
(0.20204 0.0018104 0)
(0.201999 0.00179681 0)
(0.199425 0.00490402 0)
(0.199603 0.00514171 0)
(0.199799 0.0053557 0)
(0.200014 0.00554158 0)
(0.200245 0.00569583 0)
(0.200487 0.00581652 0)
(0.200731 0.00590336 0)
(0.200973 0.00595737 0)
(0.201208 0.00598064 0)
(0.201432 0.005976 0)
(0.201641 0.00594683 0)
(0.201833 0.00589677 0)
(0.202008 0.00582952 0)
(0.202163 0.00574865 0)
(0.202301 0.00565749 0)
(0.20242 0.00555897 0)
(0.202522 0.00545562 0)
(0.202609 0.00534957 0)
(0.202682 0.00524249 0)
(0.202742 0.0051357 0)
(0.20279 0.0050302 0)
(0.202829 0.00492666 0)
(0.202859 0.00482558 0)
(0.202881 0.00472725 0)
(0.202897 0.00463182 0)
(0.202908 0.00453937 0)
(0.202914 0.00444987 0)
(0.202916 0.00436329 0)
(0.202914 0.00427952 0)
(0.20291 0.00419848 0)
(0.202903 0.00412005 0)
(0.202894 0.00404412 0)
(0.202883 0.00397057 0)
(0.202871 0.00389931 0)
(0.202858 0.00383023 0)
(0.202843 0.00376323 0)
(0.202828 0.00369823 0)
(0.202813 0.00363514 0)
(0.202797 0.00357388 0)
(0.20278 0.00351439 0)
(0.202764 0.00345659 0)
(0.202747 0.00340043 0)
(0.20273 0.00334583 0)
(0.202713 0.00329276 0)
(0.202696 0.00324115 0)
(0.20268 0.00319096 0)
(0.202663 0.00314214 0)
(0.202647 0.00309464 0)
(0.202631 0.00304843 0)
(0.202615 0.00300347 0)
(0.2026 0.00295972 0)
(0.202585 0.00291714 0)
(0.20257 0.0028757 0)
(0.202556 0.00283537 0)
(0.202542 0.00279611 0)
(0.202528 0.00275789 0)
(0.202515 0.00272068 0)
(0.202501 0.00268446 0)
(0.202489 0.00264919 0)
(0.202476 0.00261486 0)
(0.202465 0.00258143 0)
(0.202453 0.00254887 0)
(0.202442 0.00251718 0)
(0.202431 0.00248631 0)
(0.20242 0.00245625 0)
(0.202409 0.00242698 0)
(0.202399 0.00239847 0)
(0.202389 0.00237071 0)
(0.20238 0.00234368 0)
(0.20237 0.00231736 0)
(0.202361 0.00229172 0)
(0.202352 0.00226677 0)
(0.202344 0.00224247 0)
(0.202335 0.00221882 0)
(0.202326 0.0021958 0)
(0.202318 0.0021734 0)
(0.20231 0.00215161 0)
(0.202302 0.00213042 0)
(0.202294 0.00210983 0)
(0.202286 0.00208982 0)
(0.202278 0.0020704 0)
(0.202269 0.00205155 0)
(0.202261 0.00203328 0)
(0.202253 0.0020156 0)
(0.202245 0.00199849 0)
(0.202236 0.00198198 0)
(0.202227 0.00196606 0)
(0.202218 0.00195076 0)
(0.202209 0.00193607 0)
(0.2022 0.00192202 0)
(0.20219 0.00190863 0)
(0.20218 0.00189589 0)
(0.202169 0.00188383 0)
(0.202158 0.00187243 0)
(0.202146 0.00186161 0)
(0.202134 0.00185126 0)
(0.202121 0.00184112 0)
(0.202106 0.00183084 0)
(0.202089 0.00182029 0)
(0.20206 0.0018105 0)
(0.19956 0.00476993 0)
(0.199719 0.00498592 0)
(0.199892 0.00518174 0)
(0.200082 0.00535381 0)
(0.200286 0.00549908 0)
(0.200499 0.00561571 0)
(0.200716 0.00570312 0)
(0.200933 0.00576186 0)
(0.201144 0.00579336 0)
(0.201346 0.00579976 0)
(0.201537 0.00578367 0)
(0.201714 0.00574803 0)
(0.201876 0.00569587 0)
(0.202022 0.0056302 0)
(0.202152 0.00555387 0)
(0.202267 0.00546946 0)
(0.202367 0.00537927 0)
(0.202452 0.00528525 0)
(0.202525 0.00518903 0)
(0.202585 0.0050919 0)
(0.202635 0.00499488 0)
(0.202676 0.00489876 0)
(0.202708 0.00480409 0)
(0.202733 0.00471127 0)
(0.202752 0.00462055 0)
(0.202765 0.00453211 0)
(0.202774 0.00444601 0)
(0.202778 0.00436229 0)
(0.202779 0.00428094 0)
(0.202777 0.00420192 0)
(0.202773 0.00412517 0)
(0.202766 0.00405062 0)
(0.202757 0.00397822 0)
(0.202747 0.00390788 0)
(0.202736 0.00383953 0)
(0.202723 0.00377311 0)
(0.20271 0.00370855 0)
(0.202696 0.00364579 0)
(0.202682 0.00358476 0)
(0.202667 0.0035254 0)
(0.202652 0.00346767 0)
(0.202636 0.0034115 0)
(0.202621 0.00335685 0)
(0.202606 0.00330368 0)
(0.20259 0.00325194 0)
(0.202575 0.00320158 0)
(0.20256 0.00315256 0)
(0.202545 0.00310485 0)
(0.20253 0.00305841 0)
(0.202515 0.0030132 0)
(0.202501 0.0029692 0)
(0.202487 0.00292635 0)
(0.202473 0.00288464 0)
(0.20246 0.00284404 0)
(0.202447 0.0028045 0)
(0.202434 0.00276601 0)
(0.202422 0.00272854 0)
(0.20241 0.00269205 0)
(0.202398 0.00265652 0)
(0.202386 0.00262193 0)
(0.202375 0.00258824 0)
(0.202365 0.00255544 0)
(0.202354 0.00252351 0)
(0.202344 0.00249241 0)
(0.202334 0.00246213 0)
(0.202325 0.00243265 0)
(0.202315 0.00240394 0)
(0.202306 0.00237599 0)
(0.202298 0.00234877 0)
(0.202289 0.00232227 0)
(0.202281 0.00229648 0)
(0.202273 0.00227137 0)
(0.202265 0.00224693 0)
(0.202258 0.00222315 0)
(0.20225 0.00220001 0)
(0.202243 0.0021775 0)
(0.202236 0.00215562 0)
(0.202229 0.00213435 0)
(0.202222 0.00211368 0)
(0.202216 0.00209362 0)
(0.202209 0.00207415 0)
(0.202202 0.00205527 0)
(0.202195 0.00203699 0)
(0.202189 0.0020193 0)
(0.202182 0.00200221 0)
(0.202175 0.00198573 0)
(0.202168 0.00196986 0)
(0.202161 0.00195461 0)
(0.202154 0.00194 0)
(0.202147 0.00192604 0)
(0.202139 0.00191275 0)
(0.202131 0.00190014 0)
(0.202123 0.00188822 0)
(0.202115 0.00187696 0)
(0.202106 0.00186634 0)
(0.202096 0.00185625 0)
(0.202086 0.00184655 0)
(0.202075 0.00183712 0)
(0.202061 0.00182816 0)
(0.202039 0.00182092 0)
(0.199675 0.00464516 0)
(0.199817 0.00484243 0)
(0.199971 0.0050224 0)
(0.200138 0.00518214 0)
(0.200318 0.00531906 0)
(0.200506 0.00543143 0)
(0.200699 0.00551855 0)
(0.200891 0.00558062 0)
(0.20108 0.0056186 0)
(0.201262 0.00563403 0)
(0.201436 0.00562895 0)
(0.201598 0.00560567 0)
(0.201747 0.00556666 0)
(0.201884 0.00551445 0)
(0.202006 0.00545144 0)
(0.202115 0.0053799 0)
(0.202211 0.00530186 0)
(0.202294 0.00521912 0)
(0.202366 0.0051332 0)
(0.202426 0.00504536 0)
(0.202477 0.00495664 0)
(0.202519 0.00486783 0)
(0.202553 0.00477958 0)
(0.20258 0.00469234 0)
(0.202601 0.00460645 0)
(0.202616 0.00452216 0)
(0.202627 0.00443963 0)
(0.202633 0.00435895 0)
(0.202636 0.00428018 0)
(0.202637 0.00420334 0)
(0.202634 0.00412842 0)
(0.202629 0.00405541 0)
(0.202623 0.00398428 0)
(0.202615 0.00391499 0)
(0.202605 0.0038475 0)
(0.202595 0.00378176 0)
(0.202583 0.00371774 0)
(0.202571 0.00365538 0)
(0.202558 0.00359465 0)
(0.202545 0.0035355 0)
(0.202531 0.00347789 0)
(0.202517 0.00342178 0)
(0.202503 0.00336714 0)
(0.202489 0.00331391 0)
(0.202475 0.00326207 0)
(0.202461 0.00321158 0)
(0.202447 0.0031624 0)
(0.202433 0.0031145 0)
(0.202419 0.00306786 0)
(0.202406 0.00302243 0)
(0.202393 0.00297818 0)
(0.20238 0.0029351 0)
(0.202367 0.00289314 0)
(0.202355 0.00285227 0)
(0.202343 0.00281248 0)
(0.202331 0.00277373 0)
(0.202319 0.00273599 0)
(0.202308 0.00269925 0)
(0.202297 0.00266347 0)
(0.202287 0.00262862 0)
(0.202277 0.0025947 0)
(0.202267 0.00256166 0)
(0.202257 0.00252949 0)
(0.202248 0.00249817 0)
(0.202239 0.00246767 0)
(0.20223 0.00243798 0)
(0.202221 0.00240907 0)
(0.202213 0.00238092 0)
(0.202205 0.00235352 0)
(0.202197 0.00232685 0)
(0.20219 0.00230088 0)
(0.202183 0.00227562 0)
(0.202176 0.00225103 0)
(0.202169 0.00222712 0)
(0.202162 0.00220385 0)
(0.202155 0.00218123 0)
(0.202149 0.00215924 0)
(0.202143 0.00213788 0)
(0.202137 0.00211713 0)
(0.202131 0.002097 0)
(0.202125 0.00207747 0)
(0.202119 0.00205855 0)
(0.202113 0.00204023 0)
(0.202107 0.00202252 0)
(0.202101 0.00200543 0)
(0.202095 0.00198895 0)
(0.202089 0.0019731 0)
(0.202083 0.00195789 0)
(0.202077 0.00194333 0)
(0.202071 0.00192943 0)
(0.202064 0.00191622 0)
(0.202058 0.00190371 0)
(0.202051 0.00189189 0)
(0.202044 0.00188078 0)
(0.202036 0.00187033 0)
(0.202028 0.00186051 0)
(0.202019 0.00185125 0)
(0.202009 0.00184259 0)
(0.201997 0.00183489 0)
(0.201979 0.00182926 0)
(0.199774 0.00452902 0)
(0.1999 0.00471005 0)
(0.200036 0.00487615 0)
(0.200183 0.00502494 0)
(0.200342 0.0051542 0)
(0.200507 0.00526239 0)
(0.200677 0.00534872 0)
(0.200848 0.00541317 0)
(0.201016 0.00545633 0)
(0.20118 0.00547929 0)
(0.201336 0.00548358 0)
(0.201484 0.00547102 0)
(0.201621 0.0054436 0)
(0.201747 0.00540338 0)
(0.201861 0.00535241 0)
(0.201964 0.00529262 0)
(0.202055 0.00522581 0)
(0.202135 0.00515361 0)
(0.202205 0.00507741 0)
(0.202264 0.00499844 0)
(0.202315 0.00491769 0)
(0.202357 0.00483601 0)
(0.202392 0.00475404 0)
(0.20242 0.00467232 0)
(0.202442 0.00459125 0)
(0.202459 0.00451114 0)
(0.202472 0.0044322 0)
(0.20248 0.00435461 0)
(0.202485 0.00427848 0)
(0.202487 0.00420388 0)
(0.202487 0.00413086 0)
(0.202484 0.00405944 0)
(0.202479 0.00398964 0)
(0.202473 0.00392145 0)
(0.202465 0.00385485 0)
(0.202456 0.00378985 0)
(0.202446 0.0037264 0)
(0.202436 0.00366449 0)
(0.202424 0.0036041 0)
(0.202412 0.00354519 0)
(0.2024 0.00348774 0)
(0.202388 0.00343171 0)
(0.202375 0.00337709 0)
(0.202362 0.00332383 0)
(0.20235 0.00327192 0)
(0.202337 0.00322131 0)
(0.202324 0.003172 0)
(0.202311 0.00312393 0)
(0.202299 0.0030771 0)
(0.202287 0.00303146 0)
(0.202274 0.002987 0)
(0.202263 0.00294368 0)
(0.202251 0.00290148 0)
(0.202239 0.00286037 0)
(0.202228 0.00282033 0)
(0.202217 0.00278133 0)
(0.202207 0.00274335 0)
(0.202197 0.00270635 0)
(0.202187 0.00267033 0)
(0.202177 0.00263524 0)
(0.202167 0.00260108 0)
(0.202158 0.00256781 0)
(0.202149 0.00253541 0)
(0.202141 0.00250387 0)
(0.202132 0.00247316 0)
(0.202124 0.00244326 0)
(0.202117 0.00241415 0)
(0.202109 0.00238581 0)
(0.202102 0.00235823 0)
(0.202095 0.00233138 0)
(0.202088 0.00230525 0)
(0.202081 0.00227983 0)
(0.202075 0.0022551 0)
(0.202068 0.00223104 0)
(0.202062 0.00220765 0)
(0.202056 0.00218491 0)
(0.20205 0.00216282 0)
(0.202045 0.00214136 0)
(0.202039 0.00212052 0)
(0.202034 0.00210031 0)
(0.202028 0.00208072 0)
(0.202023 0.00206175 0)
(0.202018 0.00204339 0)
(0.202013 0.00202565 0)
(0.202007 0.00200854 0)
(0.202002 0.00199206 0)
(0.201997 0.00197622 0)
(0.201991 0.00196103 0)
(0.201986 0.00194651 0)
(0.20198 0.00193267 0)
(0.201974 0.00191952 0)
(0.201969 0.00190709 0)
(0.201962 0.00189538 0)
(0.201956 0.0018844 0)
(0.201949 0.00187413 0)
(0.201942 0.00186458 0)
(0.201934 0.00185575 0)
(0.201925 0.00184776 0)
(0.201914 0.00184101 0)
(0.201899 0.00183641 0)
(0.199873 0.00440232 0)
(0.199982 0.00456666 0)
(0.200099 0.00471829 0)
(0.200225 0.00485536 0)
(0.200361 0.00497606 0)
(0.200502 0.00507905 0)
(0.200648 0.00516357 0)
(0.200795 0.00522942 0)
(0.20094 0.0052769 0)
(0.201083 0.00530672 0)
(0.20122 0.00531995 0)
(0.20135 0.00531793 0)
(0.201472 0.00530216 0)
(0.201585 0.00527427 0)
(0.201689 0.00523588 0)
(0.201783 0.00518861 0)
(0.201867 0.00513397 0)
(0.201942 0.00507336 0)
(0.202008 0.00500805 0)
(0.202065 0.00493913 0)
(0.202114 0.00486758 0)
(0.202155 0.0047942 0)
(0.20219 0.00471967 0)
(0.202219 0.00464456 0)
(0.202242 0.00456933 0)
(0.20226 0.00449433 0)
(0.202274 0.00441985 0)
(0.202284 0.00434613 0)
(0.202291 0.00427333 0)
(0.202295 0.00420159 0)
(0.202296 0.00413101 0)
(0.202295 0.00406167 0)
(0.202292 0.00399361 0)
(0.202287 0.00392688 0)
(0.202281 0.0038615 0)
(0.202274 0.00379748 0)
(0.202266 0.00373484 0)
(0.202257 0.00367357 0)
(0.202248 0.00361367 0)
(0.202238 0.00355513 0)
(0.202227 0.00349794 0)
(0.202216 0.00344208 0)
(0.202205 0.00338755 0)
(0.202194 0.00333431 0)
(0.202183 0.00328236 0)
(0.202171 0.00323167 0)
(0.20216 0.00318222 0)
(0.202149 0.003134 0)
(0.202138 0.00308697 0)
(0.202127 0.00304112 0)
(0.202116 0.00299643 0)
(0.202106 0.00295286 0)
(0.202095 0.00291041 0)
(0.202085 0.00286903 0)
(0.202075 0.00282872 0)
(0.202065 0.00278944 0)
(0.202056 0.00275118 0)
(0.202047 0.00271391 0)
(0.202038 0.00267761 0)
(0.202029 0.00264225 0)
(0.202021 0.00260782 0)
(0.202013 0.00257429 0)
(0.202005 0.00254164 0)
(0.201997 0.00250985 0)
(0.20199 0.0024789 0)
(0.201983 0.00244877 0)
(0.201976 0.00241943 0)
(0.201969 0.00239088 0)
(0.201963 0.00236309 0)
(0.201956 0.00233605 0)
(0.20195 0.00230974 0)
(0.201944 0.00228414 0)
(0.201939 0.00225925 0)
(0.201933 0.00223504 0)
(0.201928 0.00221151 0)
(0.201923 0.00218864 0)
(0.201918 0.00216642 0)
(0.201913 0.00214486 0)
(0.201908 0.00212393 0)
(0.201903 0.00210364 0)
(0.201898 0.00208398 0)
(0.201894 0.00206495 0)
(0.201889 0.00204655 0)
(0.201884 0.00202878 0)
(0.20188 0.00201166 0)
(0.201875 0.00199517 0)
(0.201871 0.00197935 0)
(0.201866 0.00196419 0)
(0.201861 0.00194972 0)
(0.201856 0.00193594 0)
(0.201851 0.00192288 0)
(0.201846 0.00191056 0)
(0.201841 0.00189898 0)
(0.201835 0.00188817 0)
(0.201829 0.00187814 0)
(0.201822 0.00186891 0)
(0.201815 0.00186056 0)
(0.201807 0.00185324 0)
(0.201798 0.00184733 0)
(0.201785 0.00184349 0)
(0.199957 0.00426713 0)
(0.200049 0.00441552 0)
(0.200146 0.00455332 0)
(0.200251 0.00467912 0)
(0.200362 0.00479148 0)
(0.20048 0.00488928 0)
(0.2006 0.00497179 0)
(0.200723 0.00503869 0)
(0.200845 0.00509006 0)
(0.200964 0.00512626 0)
(0.201081 0.00514797 0)
(0.201192 0.0051561 0)
(0.201297 0.00515171 0)
(0.201396 0.005136 0)
(0.201487 0.00511021 0)
(0.201571 0.00507561 0)
(0.201647 0.00503344 0)
(0.201715 0.00498484 0)
(0.201776 0.00493093 0)
(0.201829 0.00487268 0)
(0.201875 0.00481098 0)
(0.201915 0.00474661 0)
(0.201949 0.00468024 0)
(0.201978 0.00461245 0)
(0.202002 0.00454373 0)
(0.202021 0.0044745 0)
(0.202036 0.00440509 0)
(0.202047 0.0043358 0)
(0.202056 0.00426686 0)
(0.202062 0.00419845 0)
(0.202065 0.00413073 0)
(0.202066 0.00406383 0)
(0.202065 0.00399785 0)
(0.202062 0.00393286 0)
(0.202059 0.00386894 0)
(0.202054 0.00380613 0)
(0.202048 0.00374448 0)
(0.202041 0.003684 0)
(0.202033 0.00362472 0)
(0.202025 0.00356665 0)
(0.202017 0.0035098 0)
(0.202008 0.00345418 0)
(0.201999 0.00339979 0)
(0.20199 0.00334661 0)
(0.20198 0.00329465 0)
(0.201971 0.00324389 0)
(0.201961 0.00319432 0)
(0.201952 0.00314593 0)
(0.201942 0.00309871 0)
(0.201933 0.00305263 0)
(0.201924 0.00300769 0)
(0.201915 0.00296385 0)
(0.201906 0.00292111 0)
(0.201897 0.00287944 0)
(0.201889 0.00283882 0)
(0.201881 0.00279924 0)
(0.201872 0.00276067 0)
(0.201865 0.00272309 0)
(0.201857 0.00268647 0)
(0.201849 0.00265081 0)
(0.201842 0.00261608 0)
(0.201835 0.00258225 0)
(0.201829 0.00254931 0)
(0.201822 0.00251723 0)
(0.201816 0.002486 0)
(0.20181 0.0024556 0)
(0.201804 0.00242601 0)
(0.201798 0.00239721 0)
(0.201792 0.00236918 0)
(0.201787 0.00234191 0)
(0.201782 0.00231539 0)
(0.201777 0.00228959 0)
(0.201772 0.0022645 0)
(0.201767 0.00224011 0)
(0.201763 0.0022164 0)
(0.201758 0.00219338 0)
(0.201754 0.00217102 0)
(0.20175 0.00214932 0)
(0.201746 0.00212828 0)
(0.201742 0.00210789 0)
(0.201738 0.00208814 0)
(0.201734 0.00206903 0)
(0.20173 0.00205058 0)
(0.201726 0.00203277 0)
(0.201722 0.00201562 0)
(0.201718 0.00199913 0)
(0.201714 0.00198331 0)
(0.20171 0.00196818 0)
(0.201706 0.00195375 0)
(0.201702 0.00194004 0)
(0.201698 0.00192707 0)
(0.201694 0.00191486 0)
(0.201689 0.00190344 0)
(0.201684 0.00189282 0)
(0.201679 0.00188306 0)
(0.201673 0.0018742 0)
(0.201667 0.00186633 0)
(0.20166 0.00185963 0)
(0.201652 0.0018544 0)
(0.201642 0.00185109 0)
(0.200019 0.00414116 0)
(0.200094 0.00427578 0)
(0.200173 0.00440146 0)
(0.200257 0.00451715 0)
(0.200346 0.00462173 0)
(0.200441 0.00471426 0)
(0.200538 0.00479409 0)
(0.200637 0.00486089 0)
(0.200735 0.00491456 0)
(0.200833 0.00495527 0)
(0.200929 0.00498341 0)
(0.201021 0.00499956 0)
(0.201109 0.00500446 0)
(0.201192 0.00499894 0)
(0.201269 0.00498395 0)
(0.201341 0.00496043 0)
(0.201407 0.00492935 0)
(0.201467 0.00489167 0)
(0.20152 0.00484828 0)
(0.201568 0.00480005 0)
(0.20161 0.00474776 0)
(0.201647 0.00469213 0)
(0.201679 0.00463379 0)
(0.201706 0.00457332 0)
(0.201729 0.00451121 0)
(0.201748 0.0044479 0)
(0.201764 0.00438378 0)
(0.201776 0.00431916 0)
(0.201786 0.00425432 0)
(0.201793 0.00418951 0)
(0.201797 0.00412492 0)
(0.2018 0.00406072 0)
(0.201801 0.00399706 0)
(0.201801 0.00393406 0)
(0.201799 0.00387182 0)
(0.201796 0.00381042 0)
(0.201792 0.00374993 0)
(0.201788 0.00369042 0)
(0.201782 0.00363192 0)
(0.201776 0.00357447 0)
(0.20177 0.00351811 0)
(0.201763 0.00346285 0)
(0.201756 0.00340871 0)
(0.201749 0.00335569 0)
(0.201742 0.00330382 0)
(0.201734 0.00325308 0)
(0.201727 0.00320347 0)
(0.201719 0.003155 0)
(0.201712 0.00310765 0)
(0.201705 0.00306141 0)
(0.201697 0.00301628 0)
(0.20169 0.00297223 0)
(0.201683 0.00292926 0)
(0.201676 0.00288735 0)
(0.201669 0.00284649 0)
(0.201662 0.00280664 0)
(0.201656 0.00276781 0)
(0.201649 0.00272996 0)
(0.201643 0.00269308 0)
(0.201637 0.00265715 0)
(0.201631 0.00262215 0)
(0.201626 0.00258807 0)
(0.20162 0.00255487 0)
(0.201615 0.00252255 0)
(0.20161 0.00249109 0)
(0.201605 0.00246045 0)
(0.2016 0.00243064 0)
(0.201596 0.00240163 0)
(0.201591 0.00237339 0)
(0.201587 0.00234593 0)
(0.201583 0.00231922 0)
(0.201579 0.00229324 0)
(0.201575 0.00226799 0)
(0.201572 0.00224345 0)
(0.201568 0.00221961 0)
(0.201565 0.00219646 0)
(0.201561 0.00217399 0)
(0.201558 0.00215219 0)
(0.201555 0.00213105 0)
(0.201551 0.00211058 0)
(0.201548 0.00209077 0)
(0.201545 0.00207162 0)
(0.201542 0.00205313 0)
(0.201539 0.00203531 0)
(0.201536 0.00201815 0)
(0.201533 0.00200168 0)
(0.20153 0.00198589 0)
(0.201527 0.00197081 0)
(0.201524 0.00195645 0)
(0.20152 0.00194283 0)
(0.201517 0.00192998 0)
(0.201513 0.00191792 0)
(0.20151 0.00190668 0)
(0.201506 0.00189629 0)
(0.201501 0.00188682 0)
(0.201497 0.00187833 0)
(0.201492 0.00187091 0)
(0.201486 0.00186473 0)
(0.20148 0.00186001 0)
(0.201472 0.00185704 0)
(0.200057 0.00402771 0)
(0.200115 0.00415096 0)
(0.200176 0.00426659 0)
(0.200241 0.00437383 0)
(0.20031 0.00447179 0)
(0.200383 0.00455971 0)
(0.200458 0.00463702 0)
(0.200534 0.00470336 0)
(0.200611 0.00475858 0)
(0.200687 0.0048027 0)
(0.200762 0.0048359 0)
(0.200835 0.00485852 0)
(0.200905 0.00487105 0)
(0.200971 0.00487406 0)
(0.201034 0.0048682 0)
(0.201092 0.00485421 0)
(0.201147 0.0048328 0)
(0.201196 0.00480475 0)
(0.201241 0.00477078 0)
(0.201282 0.00473162 0)
(0.201318 0.00468795 0)
(0.201351 0.00464041 0)
(0.201379 0.0045896 0)
(0.201403 0.00453605 0)
(0.201424 0.00448027 0)
(0.201442 0.00442269 0)
(0.201457 0.00436372 0)
(0.201469 0.0043037 0)
(0.201479 0.00424294 0)
(0.201486 0.00418172 0)
(0.201492 0.00412029 0)
(0.201496 0.00405884 0)
(0.201498 0.00399755 0)
(0.201499 0.00393659 0)
(0.201499 0.00387609 0)
(0.201498 0.00381617 0)
(0.201497 0.00375692 0)
(0.201494 0.00369843 0)
(0.201491 0.00364077 0)
(0.201487 0.003584 0)
(0.201483 0.00352817 0)
(0.201478 0.00347331 0)
(0.201474 0.00341946 0)
(0.201469 0.00336664 0)
(0.201464 0.00331488 0)
(0.201458 0.00326419 0)
(0.201453 0.00321457 0)
(0.201447 0.00316602 0)
(0.201442 0.00311856 0)
(0.201437 0.00307217 0)
(0.201431 0.00302686 0)
(0.201426 0.00298261 0)
(0.201421 0.00293942 0)
(0.201416 0.00289726 0)
(0.201411 0.00285614 0)
(0.201406 0.00281603 0)
(0.201401 0.00277693 0)
(0.201397 0.0027388 0)
(0.201392 0.00270165 0)
(0.201388 0.00266544 0)
(0.201384 0.00263017 0)
(0.201379 0.00259581 0)
(0.201376 0.00256235 0)
(0.201372 0.00252977 0)
(0.201368 0.00249804 0)
(0.201365 0.00246716 0)
(0.201361 0.0024371 0)
(0.201358 0.00240786 0)
(0.201355 0.0023794 0)
(0.201352 0.00235172 0)
(0.201349 0.0023248 0)
(0.201346 0.00229863 0)
(0.201343 0.0022732 0)
(0.201341 0.00224848 0)
(0.201338 0.00222448 0)
(0.201336 0.00220118 0)
(0.201334 0.00217857 0)
(0.201331 0.00215664 0)
(0.201329 0.00213539 0)
(0.201327 0.00211482 0)
(0.201325 0.00209493 0)
(0.201323 0.0020757 0)
(0.201321 0.00205716 0)
(0.201319 0.00203929 0)
(0.201317 0.0020221 0)
(0.201315 0.00200562 0)
(0.201312 0.00198984 0)
(0.20131 0.00197478 0)
(0.201308 0.00196047 0)
(0.201306 0.00194691 0)
(0.201303 0.00193415 0)
(0.201301 0.00192221 0)
(0.201298 0.00191112 0)
(0.201295 0.00190094 0)
(0.201292 0.00189172 0)
(0.201289 0.00188353 0)
(0.201285 0.00187647 0)
(0.201281 0.00187067 0)
(0.201276 0.00186628 0)
(0.20127 0.00186349 0)
(0.200069 0.00393123 0)
(0.200111 0.00404542 0)
(0.200154 0.00415297 0)
(0.200201 0.00425331 0)
(0.200251 0.00434571 0)
(0.200303 0.00442954 0)
(0.200356 0.00450432 0)
(0.200411 0.00456971 0)
(0.200467 0.0046255 0)
(0.200522 0.00467163 0)
(0.200577 0.00470816 0)
(0.20063 0.00473528 0)
(0.200682 0.00475329 0)
(0.200731 0.00476257 0)
(0.200778 0.00476359 0)
(0.200822 0.00475687 0)
(0.200863 0.00474298 0)
(0.200902 0.00472251 0)
(0.200937 0.00469607 0)
(0.200969 0.00466425 0)
(0.200997 0.00462765 0)
(0.201023 0.00458683 0)
(0.201046 0.00454233 0)
(0.201066 0.00449467 0)
(0.201084 0.00444431 0)
(0.201099 0.0043917 0)
(0.201112 0.00433723 0)
(0.201123 0.00428128 0)
(0.201132 0.00422417 0)
(0.20114 0.0041662 0)
(0.201146 0.00410764 0)
(0.20115 0.00404871 0)
(0.201154 0.00398964 0)
(0.201156 0.00393061 0)
(0.201158 0.00387177 0)
(0.201158 0.00381328 0)
(0.201158 0.00375525 0)
(0.201158 0.00369779 0)
(0.201156 0.00364099 0)
(0.201155 0.00358494 0)
(0.201153 0.00352969 0)
(0.20115 0.00347531 0)
(0.201148 0.00342184 0)
(0.201145 0.00336932 0)
(0.201142 0.00331777 0)
(0.201139 0.00326723 0)
(0.201136 0.0032177 0)
(0.201133 0.00316921 0)
(0.20113 0.00312175 0)
(0.201127 0.00307534 0)
(0.201123 0.00302997 0)
(0.20112 0.00298565 0)
(0.201117 0.00294235 0)
(0.201114 0.00290009 0)
(0.201111 0.00285884 0)
(0.201108 0.0028186 0)
(0.201105 0.00277935 0)
(0.201103 0.00274108 0)
(0.2011 0.00270377 0)
(0.201097 0.00266741 0)
(0.201095 0.00263198 0)
(0.201093 0.00259747 0)
(0.20109 0.00256386 0)
(0.201088 0.00253113 0)
(0.201086 0.00249926 0)
(0.201084 0.00246824 0)
(0.201082 0.00243805 0)
(0.20108 0.00240868 0)
(0.201079 0.0023801 0)
(0.201077 0.00235231 0)
(0.201076 0.00232529 0)
(0.201074 0.00229902 0)
(0.201073 0.00227349 0)
(0.201071 0.00224869 0)
(0.20107 0.00222461 0)
(0.201069 0.00220125 0)
(0.201068 0.00217858 0)
(0.201067 0.00215661 0)
(0.201066 0.00213533 0)
(0.201065 0.00211473 0)
(0.201064 0.00209482 0)
(0.201063 0.00207559 0)
(0.201062 0.00205705 0)
(0.201061 0.0020392 0)
(0.20106 0.00202205 0)
(0.201059 0.00200561 0)
(0.201058 0.00198989 0)
(0.201057 0.00197491 0)
(0.201055 0.00196069 0)
(0.201054 0.00194725 0)
(0.201053 0.00193463 0)
(0.201052 0.00192285 0)
(0.20105 0.00191195 0)
(0.201048 0.001902 0)
(0.201047 0.00189303 0)
(0.201045 0.00188514 0)
(0.201042 0.00187841 0)
(0.20104 0.00187294 0)
(0.201037 0.00186884 0)
(0.201033 0.00186624 0)
(0.200055 0.00385748 0)
(0.200081 0.00396525 0)
(0.200108 0.00406708 0)
(0.200137 0.00416251 0)
(0.200167 0.00425095 0)
(0.200199 0.00433185 0)
(0.200232 0.0044048 0)
(0.200266 0.00446946 0)
(0.2003 0.00452562 0)
(0.200334 0.00457318 0)
(0.200368 0.00461211 0)
(0.200402 0.00464251 0)
(0.200434 0.00466455 0)
(0.200466 0.00467849 0)
(0.200496 0.00468467 0)
(0.200525 0.00468347 0)
(0.200552 0.00467534 0)
(0.200577 0.00466075 0)
(0.2006 0.0046402 0)
(0.200622 0.00461419 0)
(0.200642 0.00458322 0)
(0.20066 0.00454782 0)
(0.200676 0.00450846 0)
(0.200691 0.00446563 0)
(0.200704 0.00441976 0)
(0.200715 0.0043713 0)
(0.200725 0.00432063 0)
(0.200734 0.00426812 0)
(0.200742 0.00421412 0)
(0.200748 0.00415894 0)
(0.200754 0.00410285 0)
(0.200759 0.00404611 0)
(0.200763 0.00398896 0)
(0.200766 0.0039316 0)
(0.200769 0.00387421 0)
(0.200771 0.00381696 0)
(0.200773 0.00375999 0)
(0.200774 0.00370342 0)
(0.200775 0.00364737 0)
(0.200775 0.00359192 0)
(0.200775 0.00353717 0)
(0.200775 0.00348317 0)
(0.200775 0.00343 0)
(0.200775 0.00337769 0)
(0.200775 0.00332629 0)
(0.200774 0.00327583 0)
(0.200773 0.00322634 0)
(0.200773 0.00317783 0)
(0.200772 0.00313033 0)
(0.200771 0.00308383 0)
(0.200771 0.00303836 0)
(0.20077 0.00299389 0)
(0.200769 0.00295045 0)
(0.200768 0.00290802 0)
(0.200768 0.00286659 0)
(0.200767 0.00282616 0)
(0.200766 0.00278671 0)
(0.200766 0.00274824 0)
(0.200765 0.00271073 0)
(0.200765 0.00267417 0)
(0.200764 0.00263854 0)
(0.200764 0.00260382 0)
(0.200764 0.00257001 0)
(0.200763 0.00253708 0)
(0.200763 0.00250502 0)
(0.200763 0.00247381 0)
(0.200763 0.00244343 0)
(0.200763 0.00241388 0)
(0.200763 0.00238513 0)
(0.200763 0.00235717 0)
(0.200763 0.00232999 0)
(0.200763 0.00230357 0)
(0.200763 0.00227789 0)
(0.200763 0.00225296 0)
(0.200763 0.00222876 0)
(0.200764 0.00220527 0)
(0.200764 0.00218249 0)
(0.200764 0.00216042 0)
(0.200764 0.00213904 0)
(0.200765 0.00211836 0)
(0.200765 0.00209838 0)
(0.200765 0.00207909 0)
(0.200766 0.00206049 0)
(0.200766 0.0020426 0)
(0.200766 0.00202542 0)
(0.200767 0.00200896 0)
(0.200767 0.00199324 0)
(0.200767 0.00197827 0)
(0.200768 0.00196407 0)
(0.200768 0.00195067 0)
(0.200768 0.0019381 0)
(0.200768 0.0019264 0)
(0.200768 0.00191561 0)
(0.200768 0.00190578 0)
(0.200767 0.00189698 0)
(0.200767 0.00188926 0)
(0.200767 0.00188272 0)
(0.200766 0.00187744 0)
(0.200765 0.0018735 0)
(0.200764 0.00187095 0)
(0.200021 0.00381383 0)
(0.20003 0.00391755 0)
(0.20004 0.00401566 0)
(0.20005 0.00410776 0)
(0.200061 0.00419333 0)
(0.200073 0.00427187 0)
(0.200085 0.00434299 0)
(0.200098 0.00440641 0)
(0.200111 0.0044619 0)
(0.200124 0.00450933 0)
(0.200138 0.00454868 0)
(0.200151 0.00457999 0)
(0.200164 0.00460339 0)
(0.200177 0.00461907 0)
(0.20019 0.00462732 0)
(0.200203 0.00462845 0)
(0.200214 0.00462285 0)
(0.200226 0.00461092 0)
(0.200237 0.0045931 0)
(0.200247 0.00456986 0)
(0.200257 0.00454165 0)
(0.200267 0.00450895 0)
(0.200276 0.00447221 0)
(0.200284 0.00443189 0)
(0.200292 0.00438841 0)
(0.200299 0.00434219 0)
(0.200306 0.00429362 0)
(0.200313 0.00424307 0)
(0.200319 0.00419087 0)
(0.200324 0.00413734 0)
(0.20033 0.00408277 0)
(0.200335 0.00402741 0)
(0.20034 0.00397151 0)
(0.200344 0.00391528 0)
(0.200348 0.00385891 0)
(0.200352 0.00380257 0)
(0.200356 0.00374642 0)
(0.20036 0.00369059 0)
(0.200363 0.0036352 0)
(0.200367 0.00358034 0)
(0.20037 0.00352612 0)
(0.200373 0.00347259 0)
(0.200376 0.00341983 0)
(0.200379 0.0033679 0)
(0.200382 0.00331683 0)
(0.200384 0.00326667 0)
(0.200387 0.00321744 0)
(0.20039 0.00316917 0)
(0.200392 0.00312188 0)
(0.200395 0.00307558 0)
(0.200397 0.00303027 0)
(0.2004 0.00298596 0)
(0.200402 0.00294265 0)
(0.200405 0.00290034 0)
(0.200407 0.00285903 0)
(0.200409 0.0028187 0)
(0.200412 0.00277935 0)
(0.200414 0.00274096 0)
(0.200416 0.00270353 0)
(0.200419 0.00266704 0)
(0.200421 0.00263148 0)
(0.200423 0.00259683 0)
(0.200426 0.00256308 0)
(0.200428 0.0025302 0)
(0.20043 0.0024982 0)
(0.200433 0.00246704 0)
(0.200435 0.00243672 0)
(0.200437 0.00240722 0)
(0.200439 0.00237852 0)
(0.200442 0.00235061 0)
(0.200444 0.00232348 0)
(0.200446 0.00229711 0)
(0.200448 0.00227149 0)
(0.200451 0.00224661 0)
(0.200453 0.00222246 0)
(0.200455 0.00219903 0)
(0.200458 0.00217631 0)
(0.20046 0.00215429 0)
(0.200462 0.00213298 0)
(0.200464 0.00211236 0)
(0.200466 0.00209245 0)
(0.200469 0.00207323 0)
(0.200471 0.00205471 0)
(0.200473 0.00203689 0)
(0.200475 0.0020198 0)
(0.200477 0.00200343 0)
(0.20048 0.0019878 0)
(0.200482 0.00197292 0)
(0.200484 0.00195883 0)
(0.200486 0.00194555 0)
(0.200488 0.00193311 0)
(0.20049 0.00192154 0)
(0.200492 0.0019109 0)
(0.200494 0.00190124 0)
(0.200496 0.00189261 0)
(0.200498 0.00188509 0)
(0.200499 0.00187876 0)
(0.200501 0.00187371 0)
(0.200503 0.00187005 0)
(0.200504 0.0018679 0)
(0.199973 1.38528e-05 0)
(0.199887 3.31533e-05 0)
(0.199742 5.78604e-05 0)
(0.199546 8.83046e-05 0)
(0.1993 0.000125173 0)
(0.199003 0.000169602 0)
(0.198648 0.000223386 0)
(0.198223 0.000289348 0)
(0.197711 0.000372069 0)
(0.197085 0.000479448 0)
(0.196295 0.000626416 0)
(0.195248 0.000845298 0)
(0.193726 0.00122244 0)
(0.191138 0.00209273 0)
(0.190199 0.00489745 0)
(0.199974 2.91586e-05 0)
(0.199889 6.3381e-05 0)
(0.199746 0.000103549 0)
(0.199551 0.000150657 0)
(0.199308 0.000206189 0)
(0.199014 0.000272346 0)
(0.198662 0.00035244 0)
(0.198243 0.000451591 0)
(0.197741 0.000578119 0)
(0.19713 0.000746492 0)
(0.196368 0.000984298 0)
(0.195383 0.00135106 0)
(0.19405 0.00199855 0)
(0.192211 0.00342443 0)
(0.191626 0.00735647 0)
(0.199974 4.2284e-05 0)
(0.199891 8.82671e-05 0)
(0.19975 0.000140297 0)
(0.199558 0.000200062 0)
(0.199318 0.000269691 0)
(0.199028 0.000352222 0)
(0.198682 0.000452104 0)
(0.198272 0.000576135 0)
(0.197784 0.000735279 0)
(0.197195 0.000948407 0)
(0.196476 0.00125066 0)
(0.195579 0.00171401 0)
(0.194461 0.00250093 0)
(0.193189 0.0040034 0)
(0.192853 0.00708982 0)
(0.199975 5.52225e-05 0)
(0.199893 0.00011323 0)
(0.199754 0.000177534 0)
(0.199565 0.000250493 0)
(0.199329 0.000334835 0)
(0.199045 0.000434375 0)
(0.198708 0.000554611 0)
(0.198309 0.000703829 0)
(0.197838 0.000895177 0)
(0.19728 0.00115071 0)
(0.196612 0.00150976 0)
(0.195816 0.00204668 0)
(0.194901 0.00290648 0)
(0.194012 0.0043524 0)
(0.193853 0.00671345 0)
(0.199975 6.83761e-05 0)
(0.199896 0.000138897 0)
(0.199759 0.000215908 0)
(0.199574 0.000302425 0)
(0.199343 0.000401754 0)
(0.199066 0.00051842 0)
(0.198738 0.000658851 0)
(0.198353 0.000832559 0)
(0.197904 0.00105429 0)
(0.19738 0.00134794 0)
(0.196772 0.00175383 0)
(0.196079 0.00234148 0)
(0.195345 0.00322731 0)
(0.194729 0.00457333 0)
(0.1947 0.00646958 0)
(0.199976 8.1691e-05 0)
(0.199898 0.000164987 0)
(0.199765 0.000254878 0)
(0.199584 0.000355037 0)
(0.199359 0.000469323 0)
(0.199089 0.000602884 0)
(0.198773 0.00076291 0)
(0.198405 0.000959809 0)
(0.197981 0.00120925 0)
(0.197496 0.00153558 0)
(0.19695 0.00197731 0)
(0.196358 0.00259458 0)
(0.19578 0.00347326 0)
(0.195363 0.004702 0)
(0.195422 0.00626473 0)
(0.199977 9.51317e-05 0)
(0.199901 0.000191394 0)
(0.199771 0.000294306 0)
(0.199595 0.000408161 0)
(0.199376 0.000537319 0)
(0.199116 0.000687444 0)
(0.198813 0.000866286 0)
(0.198464 0.00108478 0)
(0.198067 0.00135884 0)
(0.197623 0.001712 0)
(0.197141 0.00217894 0)
(0.196644 0.00280827 0)
(0.196197 0.0036582 0)
(0.195926 0.00476779 0)
(0.196042 0.0060778 0)
(0.199977 0.000108667 0)
(0.199904 0.000218037 0)
(0.199778 0.00033406 0)
(0.199607 0.000461587 0)
(0.199396 0.000605413 0)
(0.199146 0.000771593 0)
(0.198857 0.000968221 0)
(0.198529 0.00120639 0)
(0.198162 0.0015016 0)
(0.197761 0.00187558 0)
(0.19734 0.0023579 0)
(0.19693 0.00298535 0)
(0.196592 0.00379346 0)
(0.196427 0.00479001 0)
(0.19658 0.00590354 0)
(0.199978 0.00012226 0)
(0.199907 0.000244814 0)
(0.199785 0.000373969 0)
(0.19962 0.000515052 0)
(0.199418 0.000673217 0)
(0.19918 0.000854776 0)
(0.198906 0.00106794 0)
(0.1986 0.00132359 0)
(0.198263 0.00163629 0)
(0.197906 0.00202521 0)
(0.197544 0.00251426 0)
(0.197211 0.0031293 0)
(0.196961 0.00388854 0)
(0.196875 0.00478149 0)
(0.197049 0.00573847 0)
(0.199979 0.000135862 0)
(0.19991 0.000271617 0)
(0.199793 0.000413849 0)
(0.199635 0.000568281 0)
(0.199442 0.000740334 0)
(0.199216 0.000936436 0)
(0.19896 0.0011647 0)
(0.198676 0.00143548 0)
(0.198371 0.00176194 0)
(0.198056 0.00216029 0)
(0.197749 0.00264876 0)
(0.197483 0.00324383 0)
(0.197305 0.00395126 0)
(0.197276 0.00475099 0)
(0.197461 0.00558077 0)
(0.19998 0.000149422 0)
(0.199914 0.000298325 0)
(0.199802 0.000453502 0)
(0.199651 0.00062098 0)
(0.199467 0.000806352 0)
(0.199255 0.00101602 0)
(0.199016 0.0012578 0)
(0.198756 0.00154125 0)
(0.198483 0.00187784 0)
(0.198208 0.00228063 0)
(0.197952 0.0027626 0)
(0.197744 0.0033326 0)
(0.197623 0.003988 0)
(0.197635 0.00470472 0)
(0.197825 0.00542955 0)
(0.199981 0.000162881 0)
(0.199918 0.000324808 0)
(0.199811 0.000492717 0)
(0.199668 0.000672847 0)
(0.199495 0.00087086 0)
(0.199296 0.00109301 0)
(0.199076 0.00134662 0)
(0.19884 0.00164025 0)
(0.198597 0.00198353 0)
(0.19836 0.0023864 0)
(0.198149 0.00285724 0)
(0.197991 0.00339905 0)
(0.197916 0.00400396 0)
(0.197957 0.00464718 0)
(0.198146 0.00528444 0)
(0.199982 0.000176174 0)
(0.199922 0.000350933 0)
(0.199821 0.000531278 0)
(0.199686 0.000723574 0)
(0.199524 0.000933452 0)
(0.199339 0.00116689 0)
(0.199138 0.0014306 0)
(0.198925 0.00173198 0)
(0.198712 0.00207878 0)
(0.198511 0.00247806 0)
(0.19834 0.00293433 0)
(0.198223 0.00344637 0)
(0.198184 0.00400337 0)
(0.198246 0.00458175 0)
(0.19843 0.00514525 0)
(0.199983 0.000189236 0)
(0.199926 0.000376558 0)
(0.199831 0.000568965 0)
(0.199705 0.000772857 0)
(0.199554 0.00099374 0)
(0.199384 0.00123721 0)
(0.199201 0.00150927 0)
(0.199012 0.00181609 0)
(0.198827 0.00216359 0)
(0.198658 0.00255627 0)
(0.198523 0.00299558 0)
(0.19844 0.00347742 0)
(0.198429 0.00398968 0)
(0.198504 0.00451097 0)
(0.198681 0.00501192 0)
(0.199984 0.000201995 0)
(0.199931 0.00040154 0)
(0.199842 0.000605558 0)
(0.199724 0.000820399 0)
(0.199585 0.00105136 0)
(0.19943 0.00130359 0)
(0.199265 0.00158227 0)
(0.199099 0.0018924 0)
(0.198939 0.00223815 0)
(0.1988 0.00262189 0)
(0.198696 0.00304272 0)
(0.198641 0.00349477 0)
(0.198651 0.00396575 0)
(0.198735 0.00443683 0)
(0.198903 0.00488441 0)
(0.199985 0.000214382 0)
(0.199936 0.000425736 0)
(0.199853 0.000640841 0)
(0.199744 0.00086592 0)
(0.199617 0.00110599 0)
(0.199477 0.00136568 0)
(0.19933 0.00164936 0)
(0.199184 0.00196084 0)
(0.199049 0.0023028 0)
(0.198936 0.00267585 0)
(0.198858 0.00307744 0)
(0.198826 0.00350072 0)
(0.198851 0.00393393 0)
(0.19894 0.0043609 0)
(0.199099 0.00476275 0)
(0.199986 0.000226327 0)
(0.19994 0.000449007 0)
(0.199864 0.000674611 0)
(0.199765 0.000909165 0)
(0.199649 0.00115735 0)
(0.199523 0.00142323 0)
(0.199393 0.00171037 0)
(0.199268 0.00202152 0)
(0.199155 0.00235804 0)
(0.199065 0.00271919 0)
(0.199008 0.00310132 0)
(0.198994 0.00349726 0)
(0.199031 0.00389618 0)
(0.199122 0.0042844 0)
(0.199271 0.00464693 0)
(0.199987 0.000237763 0)
(0.199945 0.00047122 0)
(0.199876 0.000706677 0)
(0.199785 0.000949904 0)
(0.199681 0.0012052 0)
(0.199569 0.00147606 0)
(0.199456 0.00176529 0)
(0.199349 0.00207466 0)
(0.199256 0.00240447 0)
(0.199186 0.00275298 0)
(0.199147 0.00311593 0)
(0.199147 0.00348622 0)
(0.199191 0.00385417 0)
(0.199282 0.00420839 0)
(0.19942 0.00453703 0)
(0.199988 0.000248631 0)
(0.19995 0.000492256 0)
(0.199887 0.000736868 0)
(0.199805 0.000987934 0)
(0.199712 0.00124934 0)
(0.199614 0.00152404 0)
(0.199516 0.00181411 0)
(0.199426 0.0021205 0)
(0.199351 0.00244267 0)
(0.199297 0.00277822 0)
(0.199274 0.00312259 0)
(0.199285 0.00346909 0)
(0.199334 0.00380923 0)
(0.199421 0.00413366 0)
(0.19955 0.00443304 0)
(0.199989 0.000258873 0)
(0.199955 0.000512037 0)
(0.199898 0.000765111 0)
(0.199825 0.00102321 0)
(0.199743 0.00128981 0)
(0.199658 0.00156732 0)
(0.199574 0.00185719 0)
(0.199499 0.00215967 0)
(0.199439 0.00247362 0)
(0.1994 0.0027962 0)
(0.199388 0.00312285 0)
(0.199407 0.00344743 0)
(0.199459 0.00376265 0)
(0.199543 0.00406089 0)
(0.199661 0.00433489 0)
(0.199991 0.000270018 0)
(0.199961 0.00053357 0)
(0.199911 0.000795722 0)
(0.199849 0.00106114 0)
(0.199779 0.00133278 0)
(0.199707 0.0016125 0)
(0.19964 0.00190107 0)
(0.199581 0.00219813 0)
(0.199537 0.00250201 0)
(0.199512 0.00280968 0)
(0.199511 0.00311677 0)
(0.199537 0.0034179 0)
(0.199589 0.00370709 0)
(0.199668 0.00397844 0)
(0.199773 0.00422656 0)
(0.199992 0.000281974 0)
(0.199967 0.000556532 0)
(0.199926 0.000828036 0)
(0.199875 0.0011006 0)
(0.199818 0.00137665 0)
(0.199762 0.00165741 0)
(0.19971 0.00194308 0)
(0.199667 0.00223278 0)
(0.199637 0.00252454 0)
(0.199625 0.00281535 0)
(0.199633 0.00310135 0)
(0.199661 0.00337811 0)
(0.199712 0.00364105 0)
(0.199782 0.00388591 0)
(0.199873 0.00410898 0)
(0.199994 0.000292994 0)
(0.199974 0.000577561 0)
(0.199941 0.000857343 0)
(0.199901 0.00113589 0)
(0.199857 0.0014151 0)
(0.199814 0.0016957 0)
(0.199777 0.00197742 0)
(0.199747 0.00225907 0)
(0.199729 0.00253861 0)
(0.199726 0.00281326 0)
(0.199739 0.00307977 0)
(0.199768 0.00333466 0)
(0.199814 0.00357455 0)
(0.199874 0.00379652 0)
(0.19995 0.0039981 0)
(0.199995 0.000302677 0)
(0.19998 0.000595938 0)
(0.199955 0.000882699 0)
(0.199925 0.00116595 0)
(0.199894 0.00144714 0)
(0.199863 0.00172658 0)
(0.199837 0.0020037 0)
(0.199819 0.00227716 0)
(0.19981 0.00254503 0)
(0.199812 0.00280489 0)
(0.199826 0.00305411 0)
(0.199853 0.00329009 0)
(0.199892 0.00351046 0)
(0.199942 0.00371331 0)
(0.200002 0.00389712 0)
(0.199997 0.000310634 0)
(0.199986 0.000610958 0)
(0.199969 0.000903215 0)
(0.199949 0.0011899 0)
(0.199927 0.00147208 0)
(0.199907 0.00174977 0)
(0.199891 0.00202224 0)
(0.199881 0.00228815 0)
(0.199877 0.00254573 0)
(0.199882 0.00279298 0)
(0.199895 0.00302785 0)
(0.199917 0.00324843 0)
(0.199947 0.00345313 0)
(0.199984 0.00364078 0)
(0.200029 0.00381053 0)
(0.199998 0.000316463 0)
(0.199992 0.000621914 0)
(0.199982 0.000918043 0)
(0.19997 0.00120695 0)
(0.199958 0.00148941 0)
(0.199947 0.00176528 0)
(0.199938 0.00203373 0)
(0.199933 0.00229351 0)
(0.199932 0.00254303 0)
(0.199937 0.00278065 0)
(0.199946 0.00300477 0)
(0.199961 0.00321402 0)
(0.19998 0.00340733 0)
(0.200003 0.00358407 0)
(0.200031 0.00374379 0)
(0.199999 0.000319687 0)
(0.199997 0.000627985 0)
(0.199994 0.000926259 0)
(0.19999 0.00121637 0)
(0.199986 0.00149893 0)
(0.199982 0.00177369 0)
(0.199979 0.00203979 0)
(0.199977 0.00229601 0)
(0.199977 0.00254089 0)
(0.199979 0.00277298 0)
(0.199982 0.00299093 0)
(0.199987 0.00319365 0)
(0.199994 0.00338037 0)
(0.200002 0.0035507 0)
(0.200012 0.00370443 0)
)
;

boundaryField
{
    top
    {
        type            zeroGradient;
    }
    inlet
    {
        type            fixedValue;
        value           uniform (0.2 0 0);
    }
    outlet
    {
        type            zeroGradient;
    }
    plate
    {
        type            fixedValue;
        value           uniform (0 0 0);
    }
    symmBound
    {
        type            zeroGradient;
    }
    frontAndBack
    {
        type            empty;
    }
}


// ************************************************************************* //
