/*--------------------------------*- C++ -*----------------------------------*\
| =========                 |                                                 |
| \\      /  F ield         | OpenFOAM: The Open Source CFD Toolbox           |
|  \\    /   O peration     | Version:  2.3.0                                 |
|   \\  /    A nd           | Web:      www.OpenFOAM.org                      |
|    \\/     M anipulation  |                                                 |
\*---------------------------------------------------------------------------*/
FoamFile
{
    version     2.0;
    format      ascii;
    class       surfaceScalarField;
    location    "0.15";
    object      phi;
}
// * * * * * * * * * * * * * * * * * * * * * * * * * * * * * * * * * * * * * //

dimensions      [0 3 -1 0 0 0 0];

internalField   nonuniform List<scalar> 
3859
(
2.88481e-08
2.74982e-09
-3.15979e-08
2.53919e-08
3.45615e-09
2.19518e-08
3.44014e-09
1.87667e-08
3.1851e-09
1.58733e-08
2.89334e-09
1.33464e-08
2.52692e-09
1.12759e-08
2.07055e-09
9.67536e-09
1.60051e-09
8.50811e-09
1.16725e-09
7.68968e-09
8.18427e-10
7.12333e-09
5.66358e-10
6.72503e-09
3.98294e-10
6.43201e-09
2.93018e-10
6.20198e-09
2.30034e-10
6.00717e-09
1.94813e-10
5.83095e-09
1.76214e-10
5.6654e-09
1.65555e-10
5.50848e-09
1.56915e-10
5.36056e-09
1.47921e-10
5.22216e-09
1.38406e-10
5.09374e-09
1.28421e-10
4.97573e-09
1.18001e-10
4.8682e-09
1.07532e-10
4.77079e-09
9.74161e-11
4.68302e-09
8.77706e-11
4.60437e-09
7.86447e-11
4.53417e-09
7.02023e-11
4.47171e-09
6.24597e-11
4.41653e-09
5.5174e-11
4.36827e-09
4.82631e-11
4.32641e-09
4.18619e-11
4.29055e-09
3.5861e-11
4.26056e-09
2.99885e-11
4.23632e-09
2.42398e-11
4.21756e-09
1.87563e-11
4.20408e-09
1.34859e-11
4.19576e-09
8.31759e-12
4.19262e-09
3.13568e-12
4.19411e-09
-1.48677e-12
4.19978e-09
-5.66702e-12
4.20883e-09
-9.05376e-12
4.22047e-09
-1.16409e-11
4.23373e-09
-1.32586e-11
4.24771e-09
-1.39791e-11
4.26165e-09
-1.39352e-11
4.27498e-09
-1.33384e-11
4.28738e-09
-1.2394e-11
4.29867e-09
-1.12954e-11
4.30883e-09
-1.01551e-11
4.31786e-09
-9.03586e-12
4.32585e-09
-7.98395e-12
4.33286e-09
-7.01217e-12
4.33899e-09
-6.12667e-12
4.34432e-09
-5.33233e-12
4.34895e-09
-4.62651e-12
4.35295e-09
-4.00194e-12
4.3564e-09
-3.44914e-12
4.35936e-09
-2.95745e-12
4.36187e-09
-2.51796e-12
4.364e-09
-2.12492e-12
4.36577e-09
-1.77534e-12
4.36724e-09
-1.46821e-12
4.36844e-09
-1.20285e-12
4.36942e-09
-9.7763e-13
4.37021e-09
-7.89908e-13
4.37085e-09
-6.36096e-13
4.37136e-09
-5.11618e-13
4.37177e-09
-4.11663e-13
4.3721e-09
-3.31678e-13
4.37237e-09
-2.67649e-13
4.37259e-09
-2.16202e-13
4.37276e-09
-1.74619e-13
4.3729e-09
-1.40909e-13
4.37302e-09
-1.13443e-13
4.37311e-09
-9.10267e-14
4.37318e-09
-7.268e-14
4.37324e-09
-5.77345e-14
4.37328e-09
-4.55505e-14
4.37332e-09
-3.56175e-14
4.37335e-09
-2.75462e-14
4.37337e-09
-2.1087e-14
4.37338e-09
-1.59044e-14
4.37339e-09
-1.18468e-14
4.3734e-09
-8.58307e-15
4.37341e-09
-6.16393e-15
4.37341e-09
-4.01011e-15
4.37342e-09
-2.99514e-15
4.37342e-09
-1.07234e-15
4.37342e-09
-1.52111e-15
4.37342e-09
6.7252e-16
4.37342e-09
-5.90554e-16
4.37342e-09
7.88591e-16
4.37342e-09
8.20305e-16
4.37342e-09
-1.53318e-16
4.37342e-09
1.25348e-15
4.37342e-09
2.54824e-16
4.37342e-09
-2.36328e-16
4.37342e-09
5.4741e-16
4.37341e-09
9.38819e-16
-4.26241e-15
3.62609e-08
2.43829e-09
-3.59494e-08
3.61073e-08
3.60978e-09
3.54092e-08
4.13815e-09
3.44248e-08
4.16954e-09
3.32728e-08
4.04539e-09
3.19776e-08
3.82211e-09
3.05621e-08
3.48602e-09
2.90976e-08
3.06496e-09
2.76564e-08
2.60847e-09
2.62947e-08
2.18014e-09
2.50394e-08
1.82165e-09
2.38939e-08
1.54383e-09
2.28537e-08
1.33319e-09
2.19175e-08
1.16628e-09
2.1076e-08
1.03631e-09
2.03186e-08
9.33616e-10
1.96354e-08
8.48773e-10
1.9018e-08
7.74289e-10
1.84591e-08
7.06837e-10
1.7952e-08
6.45506e-10
1.74912e-08
5.89208e-10
1.70723e-08
5.36862e-10
1.66917e-08
4.88168e-10
1.63461e-08
4.43021e-10
1.60328e-08
4.01043e-10
1.57496e-08
3.61899e-10
1.54942e-08
3.25587e-10
1.52647e-08
2.91901e-10
1.50598e-08
2.60147e-10
1.4878e-08
2.30019e-10
1.47182e-08
2.01643e-10
1.45793e-08
1.74758e-10
1.44605e-08
1.48781e-10
1.43611e-08
1.23624e-10
1.42803e-08
9.95939e-11
1.42172e-08
7.66263e-11
1.41709e-08
5.45916e-11
1.41403e-08
3.37486e-11
1.41244e-08
1.43938e-11
1.41209e-08
-2.17112e-12
1.41279e-08
-1.60759e-11
1.41432e-08
-2.69125e-11
1.41643e-08
-3.43566e-11
1.4189e-08
-3.86531e-11
1.42153e-08
-4.0268e-11
1.42418e-08
-3.98627e-11
1.42675e-08
-3.80927e-11
1.42918e-08
-3.55639e-11
1.43143e-08
-3.26544e-11
1.43349e-08
-2.96088e-11
1.43535e-08
-2.6606e-11
1.43702e-08
-2.37219e-11
1.43851e-08
-2.10051e-11
1.43982e-08
-1.84899e-11
1.44098e-08
-1.61863e-11
1.44199e-08
-1.40902e-11
1.44286e-08
-1.21902e-11
1.44361e-08
-1.04712e-11
1.44425e-08
-8.9205e-12
1.44479e-08
-7.53098e-12
1.44525e-08
-6.29926e-12
1.44562e-08
-5.22354e-12
1.44593e-08
-4.29973e-12
1.44619e-08
-3.51942e-12
1.44639e-08
-2.87054e-12
1.44656e-08
-2.33814e-12
1.4467e-08
-1.90517e-12
1.44682e-08
-1.55473e-12
1.44691e-08
-1.27132e-12
1.44699e-08
-1.0416e-12
1.44705e-08
-8.54512e-13
1.44711e-08
-7.01293e-13
1.44715e-08
-5.75378e-13
1.44718e-08
-4.71454e-13
1.44721e-08
-3.85522e-13
1.44724e-08
-3.14361e-13
1.44726e-08
-2.55583e-13
1.44727e-08
-2.0701e-13
1.44729e-08
-1.66878e-13
1.4473e-08
-1.33805e-13
1.44731e-08
-1.06778e-13
1.44731e-08
-8.47022e-14
1.44732e-08
-6.68513e-14
1.44732e-08
-5.23342e-14
1.44733e-08
-4.07846e-14
1.44733e-08
-3.11845e-14
1.44733e-08
-2.44554e-14
1.44733e-08
-1.7272e-14
1.44733e-08
-1.48692e-14
1.44734e-08
-8.29325e-15
1.44734e-08
-8.98774e-15
1.44734e-08
-4.00535e-15
1.44734e-08
-4.04407e-15
1.44734e-08
-3.16419e-15
1.44734e-08
-1.56095e-15
1.44734e-08
-1.41866e-15
1.44734e-08
-2.68393e-15
1.44734e-08
-4.4127e-16
1.44734e-08
2.69495e-15
-1.09193e-14
4.03032e-08
2.30751e-09
-4.01724e-08
4.07388e-08
3.17415e-09
4.10119e-08
3.86509e-09
4.10896e-08
4.09185e-09
4.10498e-08
4.08524e-09
4.08945e-08
3.97741e-09
4.05924e-08
3.78802e-09
4.01416e-08
3.51582e-09
3.95661e-08
3.18397e-09
3.89061e-08
2.84013e-09
3.81995e-08
2.52824e-09
3.74733e-08
2.27004e-09
3.67444e-08
2.06212e-09
3.60193e-08
1.8913e-09
3.53043e-08
1.75139e-09
3.46021e-08
1.63576e-09
3.39163e-08
1.53457e-09
3.32511e-08
1.43955e-09
3.26091e-08
1.34879e-09
3.19915e-08
1.26317e-09
3.13987e-08
1.18195e-09
3.08319e-08
1.10363e-09
3.02924e-08
1.0277e-09
2.97813e-08
9.54115e-10
2.92996e-08
8.82804e-10
2.88476e-08
8.13825e-10
2.84258e-08
7.47447e-10
2.80341e-08
6.83537e-10
2.76729e-08
6.21399e-10
2.7342e-08
5.60911e-10
2.70412e-08
5.02426e-10
2.67702e-08
4.45729e-10
2.65287e-08
3.90341e-10
2.63159e-08
3.36383e-10
2.61313e-08
2.84224e-10
2.59741e-08
2.33826e-10
2.58434e-08
1.85285e-10
2.57376e-08
1.39552e-10
2.56546e-08
9.73749e-11
2.5593e-08
5.94357e-11
2.55508e-08
2.61363e-11
2.5525e-08
-1.08801e-12
2.55128e-08
-2.22193e-11
2.55116e-08
-3.73857e-11
2.55185e-08
-4.72097e-11
2.55313e-08
-5.26471e-11
2.55479e-08
-5.47546e-11
2.5567e-08
-5.46055e-11
2.55873e-08
-5.29266e-11
2.56079e-08
-5.02709e-11
2.56284e-08
-4.70687e-11
2.56482e-08
-4.35514e-11
2.56671e-08
-3.98977e-11
2.56849e-08
-3.6238e-11
2.57013e-08
-3.26442e-11
2.57164e-08
-2.91549e-11
2.573e-08
-2.57928e-11
2.57421e-08
-2.25756e-11
2.57527e-08
-1.95289e-11
2.57619e-08
-1.6687e-11
2.57696e-08
-1.40875e-11
2.57762e-08
-1.17636e-11
2.57816e-08
-9.73415e-12
2.57861e-08
-8.0005e-12
2.57898e-08
-6.54847e-12
2.57928e-08
-5.3518e-12
2.57953e-08
-4.3763e-12
2.57973e-08
-3.58582e-12
2.5799e-08
-2.94618e-12
2.58004e-08
-2.42733e-12
2.58015e-08
-2.00433e-12
2.58025e-08
-1.65732e-12
2.58033e-08
-1.37127e-12
2.58039e-08
-1.13429e-12
2.58045e-08
-9.37319e-13
2.58049e-08
-7.733e-13
2.58053e-08
-6.36834e-13
2.58056e-08
-5.23195e-13
2.58059e-08
-4.28557e-13
2.58061e-08
-3.49866e-13
2.58063e-08
-2.8479e-13
2.58064e-08
-2.31068e-13
2.58065e-08
-1.86817e-13
2.58066e-08
-1.50663e-13
2.58067e-08
-1.20716e-13
2.58068e-08
-9.67341e-14
2.58068e-08
-7.70977e-14
2.58069e-08
-6.05022e-14
2.58069e-08
-4.95055e-14
2.58069e-08
-3.58942e-14
2.5807e-08
-3.25492e-14
2.5807e-08
-2.06062e-14
2.5807e-08
-2.04618e-14
2.5807e-08
-1.35754e-14
2.5807e-08
-1.20854e-14
2.5807e-08
-9.257e-15
2.5807e-08
-9.37308e-15
2.5807e-08
-6.4378e-15
2.5807e-08
-6.83922e-16
-1.61472e-14
4.47788e-08
2.2527e-09
-4.4724e-08
4.5099e-08
2.8539e-09
4.55067e-08
3.45742e-09
4.58243e-08
3.77426e-09
4.60669e-08
3.84262e-09
4.62636e-08
3.78073e-09
4.63971e-08
3.6545e-09
4.64425e-08
3.47036e-09
4.63876e-08
3.23894e-09
4.62423e-08
2.98537e-09
4.60301e-08
2.74045e-09
4.57724e-08
2.52778e-09
4.54845e-08
2.34999e-09
4.5175e-08
2.20079e-09
4.485e-08
2.0764e-09
4.45105e-08
1.97531e-09
4.41558e-08
1.8892e-09
4.37892e-08
1.80623e-09
4.3416e-08
1.72194e-09
4.30401e-08
1.63909e-09
4.26619e-08
1.56011e-09
4.22815e-08
1.48409e-09
4.19002e-08
1.40894e-09
4.15212e-08
1.33309e-09
4.11477e-08
1.25639e-09
4.07815e-08
1.18e-09
4.04241e-08
1.10488e-09
4.0077e-08
1.03059e-09
3.97424e-08
9.55967e-10
3.94222e-08
8.81104e-10
3.91179e-08
8.06754e-10
3.88308e-08
7.32803e-10
3.85622e-08
6.58977e-10
3.8313e-08
5.85633e-10
3.8084e-08
5.13181e-10
3.7876e-08
4.41779e-10
3.76892e-08
3.72153e-10
3.75232e-08
3.05555e-10
3.73778e-08
2.42724e-10
3.72526e-08
1.84629e-10
3.71464e-08
1.32403e-10
3.7058e-08
8.72328e-11
3.69863e-08
4.95596e-11
3.69295e-08
1.93869e-11
3.68859e-08
-3.64992e-12
3.68538e-08
-2.05128e-11
3.68314e-08
-3.23257e-11
3.68171e-08
-4.03507e-11
3.68096e-08
-4.53811e-11
3.68075e-08
-4.81618e-11
3.68097e-08
-4.9307e-11
3.68153e-08
-4.9183e-11
3.68236e-08
-4.81475e-11
3.68338e-08
-4.64729e-11
3.68455e-08
-4.43205e-11
3.68581e-08
-4.17702e-11
3.68712e-08
-3.88556e-11
3.68842e-08
-3.5604e-11
3.68967e-08
-3.20757e-11
3.69084e-08
-2.83771e-11
3.6919e-08
-2.46488e-11
3.69283e-08
-2.10433e-11
3.69362e-08
-1.76935e-11
3.69429e-08
-1.46933e-11
3.69485e-08
-1.20922e-11
3.6953e-08
-9.89767e-12
3.69567e-08
-8.08392e-12
3.69597e-08
-6.60589e-12
3.69622e-08
-5.41079e-12
3.69642e-08
-4.44647e-12
3.69659e-08
-3.66637e-12
3.69673e-08
-3.03188e-12
3.69684e-08
-2.51271e-12
3.69694e-08
-2.08513e-12
3.69701e-08
-1.73099e-12
3.69708e-08
-1.43653e-12
3.69714e-08
-1.19137e-12
3.69718e-08
-9.86718e-13
3.69722e-08
-8.15753e-13
3.69725e-08
-6.72939e-13
3.69728e-08
-5.54009e-13
3.6973e-08
-4.5531e-13
3.69732e-08
-3.729e-13
3.69734e-08
-3.05715e-13
3.69735e-08
-2.48198e-13
3.69736e-08
-2.03717e-13
3.69737e-08
-1.63584e-13
3.69738e-08
-1.33829e-13
3.69738e-08
-1.08514e-13
3.69739e-08
-8.44231e-14
3.69739e-08
-7.44961e-14
3.69739e-08
-5.12042e-14
3.6974e-08
-5.00962e-14
3.6974e-08
-3.47249e-14
3.6974e-08
-3.07282e-14
3.6974e-08
-2.52905e-14
3.6974e-08
-2.28589e-14
3.69741e-08
-1.80632e-14
3.69741e-08
-1.55776e-14
-2.02963e-14
4.97362e-08
2.19372e-09
-4.96772e-08
4.99531e-08
2.637e-09
5.03131e-08
3.09739e-09
5.06613e-08
3.42612e-09
5.09485e-08
3.55541e-09
5.11902e-08
3.53907e-09
5.14005e-08
3.44415e-09
5.15667e-08
3.30422e-09
5.16725e-08
3.13313e-09
5.17153e-08
2.94253e-09
5.17063e-08
2.74946e-09
5.16616e-08
2.57244e-09
5.15923e-08
2.41932e-09
5.15057e-08
2.28738e-09
5.14083e-08
2.1738e-09
5.13022e-08
2.08143e-09
5.11845e-08
2.00686e-09
5.10533e-08
1.93744e-09
5.09116e-08
1.86366e-09
5.07639e-08
1.78676e-09
5.06114e-08
1.71263e-09
5.04519e-08
1.64361e-09
5.02838e-08
1.57705e-09
5.01082e-08
1.50866e-09
4.99279e-08
1.43664e-09
4.9745e-08
1.36299e-09
4.95596e-08
1.29026e-09
4.93721e-08
1.21809e-09
4.91836e-08
1.14443e-09
4.89958e-08
1.06887e-09
4.88102e-08
9.92354e-10
4.8628e-08
9.15056e-10
4.84501e-08
8.36852e-10
4.82776e-08
7.58126e-10
4.81116e-08
6.79215e-10
4.7953e-08
6.00374e-10
4.78026e-08
5.22494e-10
4.76613e-08
4.46858e-10
4.75296e-08
3.74505e-10
4.74076e-08
3.06618e-10
4.72957e-08
2.44323e-10
4.71942e-08
1.88724e-10
4.71033e-08
1.40431e-10
4.70231e-08
9.95906e-11
4.69533e-08
6.61843e-11
4.68932e-08
3.95585e-11
4.68421e-08
1.87121e-11
4.67996e-08
2.20489e-12
4.67648e-08
-1.05829e-11
4.67371e-08
-2.04671e-11
4.67158e-08
-2.79947e-11
4.67e-08
-3.33915e-11
4.6689e-08
-3.71141e-11
4.6682e-08
-3.95519e-11
4.66787e-08
-4.10085e-11
4.66786e-08
-4.16566e-11
4.66813e-08
-4.15385e-11
4.66863e-08
-4.06159e-11
4.66931e-08
-3.88559e-11
4.6701e-08
-3.62965e-11
4.67094e-08
-3.30745e-11
4.67178e-08
-2.94116e-11
4.67257e-08
-2.55652e-11
4.67328e-08
-2.1779e-11
4.67389e-08
-1.82485e-11
4.67441e-08
-1.51001e-11
4.67484e-08
-1.23911e-11
4.67519e-08
-1.01231e-11
4.67548e-08
-8.26111e-12
4.67571e-08
-6.75097e-12
4.6759e-08
-5.53278e-12
4.67605e-08
-4.55024e-12
4.67617e-08
-3.75515e-12
4.67627e-08
-3.10796e-12
4.67636e-08
-2.57772e-12
4.67643e-08
-2.14064e-12
4.67649e-08
-1.77908e-12
4.67654e-08
-1.47839e-12
4.67658e-08
-1.22775e-12
4.67661e-08
-1.01846e-12
4.67664e-08
-8.43768e-13
4.67667e-08
-6.98671e-13
4.67669e-08
-5.76456e-13
4.6767e-08
-4.77236e-13
4.67672e-08
-3.90443e-13
4.67673e-08
-3.2461e-13
4.67674e-08
-2.62571e-13
4.67675e-08
-2.18244e-13
4.67676e-08
-1.78325e-13
4.67676e-08
-1.41431e-13
4.67677e-08
-1.25056e-13
4.67677e-08
-8.92868e-14
4.67677e-08
-8.52235e-14
4.67678e-08
-6.25561e-14
4.67678e-08
-5.39322e-14
4.67678e-08
-4.50243e-14
4.67678e-08
-4.14788e-14
4.67678e-08
-3.2262e-14
4.67679e-08
-3.61419e-14
-2.54902e-14
5.51878e-08
2.12314e-09
-5.51172e-08
5.53559e-08
2.46885e-09
5.5644e-08
2.80933e-09
5.5966e-08
3.10412e-09
5.62564e-08
3.26504e-09
5.64991e-08
3.29632e-09
5.67062e-08
3.23707e-09
5.68804e-08
3.13001e-09
5.70139e-08
2.99961e-09
5.71028e-08
2.85371e-09
5.71526e-08
2.69962e-09
5.71741e-08
2.55099e-09
5.71757e-08
2.41769e-09
5.71636e-08
2.2995e-09
5.71437e-08
2.19372e-09
5.71206e-08
2.10452e-09
5.70943e-08
2.03312e-09
5.70621e-08
1.96963e-09
5.70236e-08
1.90215e-09
5.69816e-08
1.82881e-09
5.69379e-08
1.75628e-09
5.68917e-08
1.68986e-09
5.68408e-08
1.628e-09
5.67844e-08
1.56497e-09
5.67239e-08
1.49719e-09
5.66603e-08
1.42658e-09
5.65937e-08
1.35683e-09
5.65237e-08
1.28812e-09
5.64501e-08
1.21802e-09
5.63735e-08
1.14552e-09
5.62944e-08
1.07137e-09
5.62135e-08
9.95979e-10
5.6131e-08
9.19327e-10
5.60473e-08
8.41844e-10
5.59627e-08
7.6379e-10
5.58779e-08
6.8527e-10
5.57932e-08
6.07126e-10
5.57094e-08
5.30662e-10
5.5627e-08
4.56929e-10
5.55466e-08
3.8704e-10
5.54687e-08
3.2219e-10
5.53941e-08
2.63339e-10
5.53236e-08
2.10951e-10
5.52579e-08
1.65255e-10
5.51976e-08
1.26437e-10
5.5143e-08
9.4219e-11
5.50939e-08
6.77622e-11
5.50502e-08
4.59207e-11
5.50118e-08
2.78736e-11
5.49784e-08
1.29355e-11
5.495e-08
4.15032e-13
5.49261e-08
-9.51621e-12
5.49063e-08
-1.73201e-11
5.48901e-08
-2.33462e-11
5.48771e-08
-2.80079e-11
5.4867e-08
-3.16171e-11
5.48598e-08
-3.4323e-11
5.48553e-08
-3.61017e-11
5.48533e-08
-3.68441e-11
5.48535e-08
-3.64612e-11
5.48554e-08
-3.49696e-11
5.48585e-08
-3.25223e-11
5.48623e-08
-2.9376e-11
5.48663e-08
-2.58378e-11
5.48703e-08
-2.22077e-11
5.48739e-08
-1.873e-11
5.48771e-08
-1.55695e-11
5.48798e-08
-1.28129e-11
5.4882e-08
-1.04822e-11
5.48838e-08
-8.55558e-12
5.48853e-08
-6.98588e-12
5.48864e-08
-5.71694e-12
5.48874e-08
-4.69375e-12
5.48881e-08
-3.86689e-12
5.48888e-08
-3.19584e-12
5.48893e-08
-2.64792e-12
5.48897e-08
-2.19873e-12
5.489e-08
-1.82771e-12
5.48903e-08
-1.52023e-12
5.48906e-08
-1.26441e-12
5.48908e-08
-1.0513e-12
5.4891e-08
-8.74467e-13
5.48911e-08
-7.25211e-13
5.48912e-08
-6.03925e-13
5.48913e-08
-4.97485e-13
5.48914e-08
-4.16085e-13
5.48915e-08
-3.3998e-13
5.48916e-08
-2.83678e-13
5.48916e-08
-2.3498e-13
5.48917e-08
-1.87567e-13
5.48917e-08
-1.66374e-13
5.48917e-08
-1.22632e-13
5.48918e-08
-1.1404e-13
5.48918e-08
-8.75208e-14
5.48918e-08
-7.47421e-14
5.48918e-08
-6.23101e-14
5.48919e-08
-5.86001e-14
5.48919e-08
-4.47074e-14
5.48919e-08
-5.21748e-14
-3.25855e-14
6.11852e-08
2.04756e-09
-6.11096e-08
6.13301e-08
2.32398e-09
6.15546e-08
2.58475e-09
6.18346e-08
2.8242e-09
6.21087e-08
2.99095e-09
6.23484e-08
3.05658e-09
6.25483e-08
3.03715e-09
6.27143e-08
2.96405e-09
6.2848e-08
2.86584e-09
6.2948e-08
2.75372e-09
6.30164e-08
2.63124e-09
6.30594e-08
2.50799e-09
6.30835e-08
2.3936e-09
6.30942e-08
2.2888e-09
6.30961e-08
2.19177e-09
6.30941e-08
2.10655e-09
6.30912e-08
2.036e-09
6.30875e-08
1.97331e-09
6.30813e-08
1.90836e-09
6.30719e-08
1.83821e-09
6.30608e-08
1.76741e-09
6.30494e-08
1.70124e-09
6.30375e-08
1.63988e-09
6.30241e-08
1.57843e-09
6.30085e-08
1.51279e-09
6.29908e-08
1.44425e-09
6.29713e-08
1.37636e-09
6.29499e-08
1.30946e-09
6.29265e-08
1.24148e-09
6.29005e-08
1.17149e-09
6.2872e-08
1.09991e-09
6.2841e-08
1.02694e-09
6.28076e-08
9.52768e-10
6.27715e-08
8.77906e-10
6.27329e-08
8.02431e-10
6.26918e-08
7.26376e-10
6.26483e-08
6.50605e-10
6.26027e-08
5.76283e-10
6.25554e-08
5.04241e-10
6.25069e-08
4.35471e-10
6.24579e-08
3.71204e-10
6.24089e-08
3.12314e-10
6.23608e-08
2.59108e-10
6.23143e-08
2.11728e-10
6.22703e-08
1.70415e-10
6.22294e-08
1.3519e-10
6.21916e-08
1.05546e-10
6.2157e-08
8.05449e-11
6.21255e-08
5.9292e-11
6.20974e-08
4.10539e-11
6.20724e-08
2.54664e-11
6.20503e-08
1.25126e-11
6.20311e-08
1.91966e-12
6.20144e-08
-6.6118e-12
6.19999e-08
-1.34908e-11
6.19873e-08
-1.90659e-11
6.19766e-08
-2.36232e-11
6.19677e-08
-2.72261e-11
6.19607e-08
-2.97951e-11
6.19554e-08
-3.12009e-11
6.19518e-08
-3.13799e-11
6.19497e-08
-3.03951e-11
6.19488e-08
-2.84326e-11
6.19487e-08
-2.57689e-11
6.19492e-08
-2.2716e-11
6.195e-08
-1.95612e-11
6.1951e-08
-1.65282e-11
6.19519e-08
-1.3766e-11
6.19528e-08
-1.13512e-11
6.19536e-08
-9.30409e-12
6.19542e-08
-7.60638e-12
6.19547e-08
-6.21842e-12
6.19551e-08
-5.09333e-12
6.19554e-08
-4.18344e-12
6.19556e-08
-3.44744e-12
6.19558e-08
-2.84964e-12
6.1956e-08
-2.36279e-12
6.19561e-08
-1.96306e-12
6.19563e-08
-1.63376e-12
6.19564e-08
-1.361e-12
6.19564e-08
-1.13475e-12
6.19565e-08
-9.47155e-13
6.19566e-08
-7.89327e-13
6.19566e-08
-6.60154e-13
6.19567e-08
-5.48019e-13
6.19567e-08
-4.59796e-13
6.19568e-08
-3.80328e-13
6.19568e-08
-3.17523e-13
6.19568e-08
-2.66792e-13
6.19569e-08
-2.14413e-13
6.19569e-08
-1.90085e-13
6.19569e-08
-1.44767e-13
6.19569e-08
-1.31479e-13
6.19569e-08
-1.04631e-13
6.1957e-08
-8.91319e-14
6.1957e-08
-7.46855e-14
6.1957e-08
-7.02702e-14
6.1957e-08
-5.42594e-14
6.1957e-08
-6.0884e-14
-4.04146e-14
6.779e-08
1.97172e-09
-6.77142e-08
6.79178e-08
2.19618e-09
6.80999e-08
2.40265e-09
6.83319e-08
2.59216e-09
6.85774e-08
2.74553e-09
6.88056e-08
2.82835e-09
6.90002e-08
2.8425e-09
6.91604e-08
2.80385e-09
6.92912e-08
2.73512e-09
6.93942e-08
2.65066e-09
6.94707e-08
2.55471e-09
6.95249e-08
2.45379e-09
6.95611e-08
2.35745e-09
6.95828e-08
2.26711e-09
6.95944e-08
2.18012e-09
6.96005e-08
2.10051e-09
6.96043e-08
2.03219e-09
6.96079e-08
1.9697e-09
6.96107e-08
1.90557e-09
6.96104e-08
1.83847e-09
6.96071e-08
1.77077e-09
6.96031e-08
1.70524e-09
6.95999e-08
1.64307e-09
6.95969e-08
1.58144e-09
6.95929e-08
1.51674e-09
6.95873e-08
1.44982e-09
6.95801e-08
1.38356e-09
6.95718e-08
1.31784e-09
6.95623e-08
1.25098e-09
6.95511e-08
1.1827e-09
6.95377e-08
1.11324e-09
6.95222e-08
1.04241e-09
6.95045e-08
9.70483e-10
6.94843e-08
8.98132e-10
6.94614e-08
8.25304e-10
6.94359e-08
7.51872e-10
6.94078e-08
6.78693e-10
6.93772e-08
6.06935e-10
6.93442e-08
5.3726e-10
6.93093e-08
4.70376e-10
6.9273e-08
4.07428e-10
6.92361e-08
3.4927e-10
6.91991e-08
2.96139e-10
6.91627e-08
2.48134e-10
6.91276e-08
2.05518e-10
6.90943e-08
1.68421e-10
6.90633e-08
1.36558e-10
6.90346e-08
1.09204e-10
6.90084e-08
8.55317e-11
6.89845e-08
6.49654e-11
6.89628e-08
4.71447e-11
6.89434e-08
3.1962e-11
6.8926e-08
1.92894e-11
6.89105e-08
8.92041e-12
6.88967e-08
3.07991e-13
6.88843e-08
-6.73616e-12
6.88733e-08
-1.26041e-11
6.88635e-08
-1.74173e-11
6.88549e-08
-2.11727e-11
6.88475e-08
-2.37781e-11
6.88413e-08
-2.51709e-11
6.88362e-08
-2.53809e-11
6.88323e-08
-2.45372e-11
6.88294e-08
-2.28659e-11
6.88274e-08
-2.06443e-11
6.8826e-08
-1.81457e-11
6.8825e-08
-1.56005e-11
6.88244e-08
-1.31793e-11
6.88241e-08
-1.09887e-11
6.88239e-08
-9.07997e-12
6.88237e-08
-7.4627e-12
6.88236e-08
-6.11861e-12
6.88235e-08
-5.01684e-12
6.88235e-08
-4.11954e-12
6.88234e-08
-3.39189e-12
6.88234e-08
-2.8012e-12
6.88233e-08
-2.32159e-12
6.88233e-08
-1.92906e-12
6.88233e-08
-1.60713e-12
6.88232e-08
-1.34147e-12
6.88232e-08
-1.12221e-12
6.88232e-08
-9.40333e-13
6.88232e-08
-7.88176e-13
6.88232e-08
-6.62269e-13
6.88232e-08
-5.54746e-13
6.88232e-08
-4.6709e-13
6.88233e-08
-3.91454e-13
6.88233e-08
-3.27545e-13
6.88233e-08
-2.78737e-13
6.88233e-08
-2.26475e-13
6.88233e-08
-2.00157e-13
6.88233e-08
-1.57589e-13
6.88233e-08
-1.40457e-13
6.88233e-08
-1.15181e-13
6.88233e-08
-9.83669e-14
6.88233e-08
-8.31772e-14
6.88234e-08
-7.77076e-14
6.88234e-08
-6.18649e-14
6.88234e-08
-6.54207e-14
-4.7794e-14
6.79836e-08
1.90633e-09
-6.79182e-08
6.80855e-08
2.09432e-09
6.82242e-08
2.2639e-09
6.83975e-08
2.41888e-09
6.85911e-08
2.55191e-09
6.8781e-08
2.63844e-09
6.89507e-08
2.67279e-09
6.90937e-08
2.66093e-09
6.92116e-08
2.61715e-09
6.93069e-08
2.55536e-09
6.93805e-08
2.48115e-09
6.94354e-08
2.39885e-09
6.94754e-08
2.31745e-09
6.95023e-08
2.24025e-09
6.95188e-08
2.16358e-09
6.95295e-08
2.08989e-09
6.95371e-08
2.0245e-09
6.95433e-08
1.9635e-09
6.95485e-08
1.90041e-09
6.95514e-08
1.83559e-09
6.95512e-08
1.77099e-09
6.95496e-08
1.70678e-09
6.95487e-08
1.64399e-09
6.95479e-08
1.58221e-09
6.95461e-08
1.51861e-09
6.95429e-08
1.453e-09
6.95386e-08
1.38779e-09
6.95334e-08
1.32306e-09
6.95272e-08
1.25721e-09
6.95196e-08
1.19032e-09
6.95101e-08
1.12277e-09
6.94986e-08
1.0539e-09
6.94853e-08
9.8376e-10
6.947e-08
9.1339e-10
6.94524e-08
8.42901e-10
6.94325e-08
7.71811e-10
6.94104e-08
7.00788e-10
6.93861e-08
6.31187e-10
6.93597e-08
5.63658e-10
6.93316e-08
4.98544e-10
6.93023e-08
4.36747e-10
6.92723e-08
3.79237e-10
6.92421e-08
3.26346e-10
6.92121e-08
2.78078e-10
6.91831e-08
2.34606e-10
6.91553e-08
1.96147e-10
6.91293e-08
1.62589e-10
6.91051e-08
1.33369e-10
6.90829e-08
1.07761e-10
6.90625e-08
8.53189e-11
6.9044e-08
6.57434e-11
6.9027e-08
4.88748e-11
6.90117e-08
3.4581e-11
6.8998e-08
2.26334e-11
6.89857e-08
1.2655e-11
6.89746e-08
4.33282e-12
6.89646e-08
-2.63593e-12
6.89557e-08
-8.41912e-12
6.89475e-08
-1.3061e-11
6.89403e-08
-1.65172e-11
6.89339e-08
-1.87713e-11
6.89284e-08
-1.98613e-11
6.89237e-08
-1.98945e-11
6.89199e-08
-1.90662e-11
6.89169e-08
-1.76193e-11
6.89145e-08
-1.5797e-11
6.89128e-08
-1.38139e-11
6.89114e-08
-1.18394e-11
6.89104e-08
-9.98997e-12
6.89097e-08
-8.33354e-12
6.89091e-08
-6.89856e-12
6.89087e-08
-5.68466e-12
6.89083e-08
-4.6763e-12
6.89081e-08
-3.84712e-12
6.89078e-08
-3.17101e-12
6.89077e-08
-2.62094e-12
6.89075e-08
-2.17437e-12
6.89074e-08
-1.80918e-12
6.89073e-08
-1.51045e-12
6.89072e-08
-1.26453e-12
6.89072e-08
-1.06253e-12
6.89071e-08
-8.94673e-13
6.89071e-08
-7.54972e-13
6.89071e-08
-6.38014e-13
6.8907e-08
-5.39512e-13
6.8907e-08
-4.56659e-13
6.8907e-08
-3.8734e-13
6.8907e-08
-3.2586e-13
6.8907e-08
-2.80067e-13
6.8907e-08
-2.30654e-13
6.8907e-08
-2.03264e-13
6.8907e-08
-1.64603e-13
6.8907e-08
-1.45223e-13
6.89071e-08
-1.21477e-13
6.89071e-08
-1.04711e-13
6.89071e-08
-8.89846e-14
6.89071e-08
-8.29426e-14
6.89071e-08
-6.78354e-14
6.89071e-08
-6.86237e-14
-5.3994e-14
7.5237e-08
1.84263e-09
-7.51733e-08
7.5329e-08
2.00236e-09
7.5449e-08
2.14382e-09
7.55956e-08
2.27236e-09
7.57623e-08
2.38522e-09
7.59312e-08
2.46951e-09
7.60888e-08
2.51519e-09
7.62265e-08
2.52326e-09
7.63425e-08
2.50116e-09
7.6438e-08
2.45979e-09
7.65137e-08
2.4055e-09
7.65717e-08
2.34083e-09
7.66164e-08
2.27274e-09
7.66494e-08
2.20722e-09
7.66715e-08
2.14152e-09
7.66867e-08
2.07473e-09
7.66986e-08
2.01256e-09
7.67077e-08
1.9544e-09
7.67144e-08
1.89376e-09
7.67192e-08
1.83078e-09
7.67213e-08
1.76887e-09
7.67212e-08
1.70685e-09
7.67213e-08
1.64395e-09
7.67216e-08
1.58188e-09
7.67205e-08
1.51972e-09
7.67177e-08
1.4558e-09
7.67139e-08
1.39157e-09
7.67091e-08
1.32791e-09
7.6703e-08
1.26332e-09
7.66957e-08
1.19758e-09
7.66868e-08
1.13163e-09
7.66758e-08
1.06489e-09
7.66628e-08
9.9679e-10
7.66479e-08
9.28306e-10
7.66308e-08
8.59972e-10
7.66115e-08
7.91126e-10
7.65902e-08
7.22071e-10
7.65671e-08
6.5435e-10
7.65419e-08
5.88802e-10
7.65151e-08
5.25409e-10
7.64871e-08
4.64715e-10
7.64585e-08
4.07778e-10
7.64298e-08
3.55086e-10
7.64013e-08
3.0659e-10
7.63735e-08
2.62409e-10
7.63468e-08
2.22826e-10
7.63216e-08
1.87809e-10
7.62981e-08
1.5689e-10
7.62763e-08
1.29517e-10
7.62563e-08
1.05325e-10
7.6238e-08
8.40739e-11
7.62212e-08
6.56148e-11
7.6206e-08
4.97734e-11
7.61923e-08
3.63391e-11
7.618e-08
2.50259e-11
7.61689e-08
1.54291e-11
7.61589e-08
7.3801e-12
7.61498e-08
6.41727e-13
7.61416e-08
-4.85051e-12
7.61342e-08
-9.09166e-12
7.61275e-08
-1.21228e-11
7.61216e-08
-1.39935e-11
7.61166e-08
-1.48092e-11
7.61122e-08
-1.47584e-11
7.61087e-08
-1.40539e-11
7.61058e-08
-1.29068e-11
7.61035e-08
-1.15132e-11
7.61017e-08
-1.00335e-11
7.61003e-08
-8.58351e-12
7.60992e-08
-7.24129e-12
7.60983e-08
-6.04774e-12
7.60977e-08
-5.01704e-12
7.60971e-08
-4.14738e-12
7.60967e-08
-3.42414e-12
7.60964e-08
-2.83021e-12
7.60961e-08
-2.34528e-12
7.60959e-08
-1.95102e-12
7.60957e-08
-1.62834e-12
7.60955e-08
-1.3649e-12
7.60954e-08
-1.14842e-12
7.60953e-08
-9.71485e-13
7.60953e-08
-8.2391e-13
7.60952e-08
-7.01614e-13
7.60952e-08
-5.97825e-13
7.60951e-08
-5.11293e-13
7.60951e-08
-4.36345e-13
7.60951e-08
-3.74802e-13
7.60951e-08
-3.18162e-13
7.60951e-08
-2.76048e-13
7.60951e-08
-2.30945e-13
7.60951e-08
-2.03393e-13
7.60951e-08
-1.68786e-13
7.60951e-08
-1.48507e-13
7.60951e-08
-1.25908e-13
7.60951e-08
-1.1012e-13
7.60951e-08
-9.37935e-14
7.60951e-08
-8.7629e-14
7.60951e-08
-7.31356e-14
7.60951e-08
-7.19686e-14
-5.98145e-14
8.32425e-08
1.78251e-09
-8.31824e-08
8.3325e-08
1.91987e-09
8.34287e-08
2.04019e-09
8.35523e-08
2.14877e-09
8.36932e-08
2.24425e-09
8.38396e-08
2.32316e-09
8.39806e-08
2.37421e-09
8.41083e-08
2.39549e-09
8.4219e-08
2.39052e-09
8.43122e-08
2.36661e-09
8.43879e-08
2.32978e-09
8.44471e-08
2.28158e-09
8.4494e-08
2.22581e-09
8.45312e-08
2.17011e-09
8.45577e-08
2.11498e-09
8.45763e-08
2.05612e-09
8.45917e-08
1.99714e-09
8.46041e-08
1.94201e-09
8.46124e-08
1.88541e-09
8.46185e-08
1.82471e-09
8.46228e-08
1.76458e-09
8.46245e-08
1.70516e-09
8.46251e-08
1.64329e-09
8.4626e-08
1.58098e-09
8.46257e-08
1.52002e-09
8.46236e-08
1.45798e-09
8.46204e-08
1.39467e-09
8.46162e-08
1.33215e-09
8.46101e-08
1.26944e-09
8.46025e-08
1.20515e-09
8.45937e-08
1.14042e-09
8.4583e-08
1.07558e-09
8.45703e-08
1.0095e-09
8.4556e-08
9.42648e-10
8.45397e-08
8.76264e-10
8.4521e-08
8.0985e-10
8.45002e-08
7.42897e-10
8.44778e-08
6.76735e-10
8.44539e-08
6.12716e-10
8.44284e-08
5.50853e-10
8.44019e-08
4.91234e-10
8.43749e-08
4.34809e-10
8.43477e-08
3.82295e-10
8.43206e-08
3.33685e-10
8.4294e-08
2.8896e-10
8.42685e-08
2.48375e-10
8.42443e-08
2.12014e-10
8.42216e-08
1.79552e-10
8.42006e-08
1.50553e-10
8.41811e-08
1.24732e-10
8.41633e-08
1.01926e-10
8.41469e-08
8.19834e-11
8.4132e-08
6.47201e-11
8.41184e-08
4.99073e-11
8.41062e-08
3.72683e-11
8.40951e-08
2.64937e-11
8.40852e-08
1.7319e-11
8.40762e-08
9.6292e-12
8.4068e-08
3.32373e-12
8.40606e-08
-1.67676e-12
8.40539e-08
-5.45416e-12
8.4048e-08
-8.04547e-12
8.40427e-08
-9.57398e-12
8.40382e-08
-1.02364e-11
8.40344e-08
-1.02228e-11
8.40312e-08
-9.71645e-12
8.40286e-08
-8.8984e-12
8.40265e-08
-7.91641e-12
8.40248e-08
-6.88506e-12
8.40234e-08
-5.88583e-12
8.40223e-08
-4.96778e-12
8.40215e-08
-4.1546e-12
8.40208e-08
-3.45588e-12
8.40202e-08
-2.86761e-12
8.40198e-08
-2.38122e-12
8.40194e-08
-1.98273e-12
8.40191e-08
-1.65819e-12
8.40189e-08
-1.39185e-12
8.40187e-08
-1.17502e-12
8.40185e-08
-9.97168e-13
8.40184e-08
-8.52651e-13
8.40183e-08
-7.31291e-13
8.40183e-08
-6.30929e-13
8.40182e-08
-5.44217e-13
8.40182e-08
-4.72231e-13
8.40181e-08
-4.07921e-13
8.40181e-08
-3.55457e-13
8.40181e-08
-3.05545e-13
8.40181e-08
-2.67937e-13
8.40181e-08
-2.27903e-13
8.40181e-08
-2.01425e-13
8.40181e-08
-1.70516e-13
8.40181e-08
-1.50692e-13
8.40181e-08
-1.28926e-13
8.40181e-08
-1.1465e-13
8.40181e-08
-9.78896e-14
8.40181e-08
-9.18157e-14
8.40181e-08
-7.78167e-14
8.40181e-08
-7.56185e-14
-6.51735e-14
9.2081e-08
1.72861e-09
-9.20272e-08
9.21529e-08
1.848e-09
9.22411e-08
1.952e-09
9.23439e-08
2.04595e-09
9.246e-08
2.1282e-09
9.25833e-08
2.1998e-09
9.27051e-08
2.25238e-09
9.28188e-08
2.28186e-09
9.292e-08
2.2893e-09
9.30076e-08
2.27906e-09
9.30809e-08
2.25641e-09
9.31394e-08
2.22306e-09
9.31858e-08
2.17949e-09
9.32238e-08
2.13205e-09
9.32535e-08
2.08528e-09
9.32748e-08
2.03486e-09
9.32916e-08
1.98036e-09
9.33059e-08
1.9277e-09
9.33164e-08
1.87492e-09
9.33239e-08
1.81723e-09
9.33299e-08
1.75858e-09
9.33334e-08
1.70162e-09
9.33346e-08
1.64207e-09
9.33355e-08
1.58011e-09
9.33359e-08
1.51962e-09
9.33346e-08
1.45927e-09
9.33321e-08
1.39722e-09
9.33286e-08
1.33566e-09
9.33233e-08
1.2747e-09
9.33163e-08
1.21214e-09
9.3308e-08
1.1487e-09
9.32979e-08
1.08568e-09
9.32856e-08
1.02182e-09
9.32716e-08
9.56627e-10
9.32563e-08
8.91642e-10
9.3239e-08
8.27094e-10
9.32198e-08
7.62099e-10
9.31991e-08
6.97471e-10
9.3177e-08
6.34835e-10
9.31534e-08
5.74405e-10
9.31288e-08
5.15879e-10
9.31037e-08
4.59916e-10
9.30785e-08
4.07419e-10
9.30536e-08
3.5858e-10
9.30292e-08
3.13355e-10
9.30057e-08
2.71944e-10
9.29832e-08
2.34476e-10
9.2962e-08
2.00732e-10
9.29422e-08
1.70361e-10
9.29238e-08
1.43129e-10
9.29068e-08
1.18917e-10
9.28912e-08
9.75922e-11
9.2877e-08
7.89853e-11
9.2864e-08
6.28677e-11
9.28523e-08
4.89765e-11
9.28417e-08
3.70617e-11
9.28322e-08
2.68823e-11
9.28235e-08
1.82877e-11
9.28156e-08
1.12014e-11
9.28084e-08
5.4997e-12
9.28019e-08
1.05499e-12
9.27961e-08
-2.18829e-12
9.27909e-08
-4.35274e-12
9.27863e-08
-5.66405e-12
9.27823e-08
-6.27184e-12
9.2779e-08
-6.354e-12
9.27762e-08
-6.07331e-12
9.27738e-08
-5.56862e-12
9.27719e-08
-4.95191e-12
9.27703e-08
-4.30512e-12
9.2769e-08
-3.6792e-12
9.2768e-08
-3.10793e-12
9.27671e-08
-2.60696e-12
9.27664e-08
-2.17816e-12
9.27659e-08
-1.8221e-12
9.27654e-08
-1.53046e-12
9.2765e-08
-1.29297e-12
9.27647e-08
-1.09751e-12
9.27645e-08
-9.39316e-13
9.27643e-08
-8.09698e-13
9.27642e-08
-7.05352e-13
9.27641e-08
-6.16511e-13
9.2764e-08
-5.42867e-13
9.27639e-08
-4.77248e-13
9.27639e-08
-4.22524e-13
9.27638e-08
-3.71427e-13
9.27638e-08
-3.29552e-13
9.27638e-08
-2.87908e-13
9.27638e-08
-2.55905e-13
9.27638e-08
-2.21362e-13
9.27638e-08
-1.97308e-13
9.27638e-08
-1.69738e-13
9.27638e-08
-1.51528e-13
9.27638e-08
-1.30548e-13
9.27638e-08
-1.18e-13
9.27638e-08
-1.01197e-13
9.27638e-08
-9.52762e-14
9.27638e-08
-8.18486e-14
9.27638e-08
-7.92227e-14
-7.00313e-14
1.01841e-07
1.68321e-09
-1.01796e-07
1.01901e-07
1.78835e-09
1.01974e-07
1.87945e-09
1.02057e-07
1.96295e-09
1.02149e-07
2.03592e-09
1.02249e-07
2.10021e-09
1.02349e-07
2.15181e-09
1.02445e-07
2.18577e-09
1.02533e-07
2.20152e-09
1.0261e-07
2.20158e-09
1.02677e-07
2.18968e-09
1.02732e-07
2.16788e-09
1.02776e-07
2.13572e-09
1.02812e-07
2.09645e-09
1.02841e-07
2.05575e-09
1.02864e-07
2.01216e-09
1.02881e-07
1.96298e-09
1.02896e-07
1.91285e-09
1.02908e-07
1.86339e-09
1.02915e-07
1.80958e-09
1.02922e-07
1.75215e-09
1.02928e-07
1.69572e-09
1.02931e-07
1.63867e-09
1.02932e-07
1.57904e-09
1.02932e-07
1.51946e-09
1.02931e-07
1.46016e-09
1.02929e-07
1.39924e-09
1.02927e-07
1.33827e-09
1.02923e-07
1.27853e-09
1.02917e-07
1.21803e-09
1.0291e-07
1.15622e-09
1.02901e-07
1.09453e-09
1.0289e-07
1.03247e-09
1.02878e-07
9.69079e-10
1.02864e-07
9.05432e-10
1.02848e-07
8.42431e-10
1.02831e-07
7.79345e-10
1.02812e-07
7.16176e-10
1.02793e-07
6.54355e-10
1.02773e-07
5.94722e-10
1.02751e-07
5.37125e-10
1.0273e-07
4.81784e-10
1.02708e-07
4.29436e-10
1.02686e-07
3.80497e-10
1.02664e-07
3.34985e-10
1.02643e-07
2.92965e-10
1.02623e-07
2.54544e-10
1.02604e-07
2.19645e-10
1.02586e-07
1.88045e-10
1.0257e-07
1.59567e-10
1.02555e-07
1.34117e-10
1.02541e-07
1.11593e-10
1.02528e-07
9.18214e-11
1.02516e-07
7.45858e-11
1.02505e-07
5.9641e-11
1.02496e-07
4.6739e-11
1.02487e-07
3.56714e-11
1.02479e-07
2.62928e-11
1.02472e-07
1.84948e-11
1.02465e-07
1.21432e-11
1.02459e-07
7.12278e-12
1.02453e-07
3.34752e-12
1.02448e-07
6.52273e-13
1.02444e-07
-1.21278e-12
1.0244e-07
-2.34568e-12
1.02437e-07
-2.94229e-12
1.02434e-07
-3.13827e-12
1.02431e-07
-3.0618e-12
1.02429e-07
-2.83528e-12
1.02427e-07
-2.53132e-12
1.02426e-07
-2.20175e-12
1.02425e-07
-1.88468e-12
1.02424e-07
-1.59972e-12
1.02423e-07
-1.35273e-12
1.02422e-07
-1.14869e-12
1.02422e-07
-9.82848e-13
1.02421e-07
-8.49063e-13
1.02421e-07
-7.39385e-13
1.0242e-07
-6.52642e-13
1.0242e-07
-5.82015e-13
1.0242e-07
-5.26999e-13
1.0242e-07
-4.78e-13
1.0242e-07
-4.36467e-13
1.0242e-07
-3.96207e-13
1.0242e-07
-3.61769e-13
1.0242e-07
-3.26446e-13
1.0242e-07
-2.96957e-13
1.0242e-07
-2.64939e-13
1.0242e-07
-2.39759e-13
1.0242e-07
-2.11068e-13
1.0242e-07
-1.90629e-13
1.0242e-07
-1.66319e-13
1.0242e-07
-1.50518e-13
1.0242e-07
-1.30606e-13
1.0242e-07
-1.19803e-13
1.0242e-07
-1.03437e-13
1.0242e-07
-9.77322e-14
1.0242e-07
-8.50222e-14
1.0242e-07
-8.25485e-14
-7.37356e-14
1.12623e-07
1.64827e-09
-1.12588e-07
1.12668e-07
1.74303e-09
1.12724e-07
1.82395e-09
1.12787e-07
1.89994e-09
1.12855e-07
1.96715e-09
1.1293e-07
2.02548e-09
1.13007e-07
2.07454e-09
1.13083e-07
2.11057e-09
1.13152e-07
2.13184e-09
1.13215e-07
2.13886e-09
1.1327e-07
2.13425e-09
1.13318e-07
2.12058e-09
1.13356e-07
2.09766e-09
1.13387e-07
2.06574e-09
1.13413e-07
2.0294e-09
1.13434e-07
1.99102e-09
1.13449e-07
1.94751e-09
1.13463e-07
1.89936e-09
1.13476e-07
1.85074e-09
1.13485e-07
1.80067e-09
1.1349e-07
1.74676e-09
1.13495e-07
1.69108e-09
1.13499e-07
1.63468e-09
1.13501e-07
1.5762e-09
1.13504e-07
1.51713e-09
1.13505e-07
1.45934e-09
1.13503e-07
1.40109e-09
1.135e-07
1.34135e-09
1.13496e-07
1.28166e-09
1.13492e-07
1.22222e-09
1.13487e-07
1.16197e-09
1.1348e-07
1.10126e-09
1.13472e-07
1.04053e-09
1.13462e-07
9.79049e-10
1.1345e-07
9.16774e-10
1.13438e-07
8.5468e-10
1.13425e-07
7.92928e-10
1.1341e-07
7.31202e-10
1.13394e-07
6.70242e-10
1.13377e-07
6.11234e-10
1.1336e-07
5.54471e-10
1.13342e-07
4.99776e-10
1.13324e-07
4.47472e-10
1.13306e-07
3.98201e-10
1.13289e-07
3.52296e-10
1.13272e-07
3.09785e-10
1.13256e-07
2.70661e-10
1.13241e-07
2.34905e-10
1.13226e-07
2.02411e-10
1.13213e-07
1.73032e-10
1.132e-07
1.46656e-10
1.13189e-07
1.23184e-10
1.13178e-07
1.02478e-10
1.13168e-07
8.43386e-11
1.13159e-07
6.85323e-11
1.13151e-07
5.48309e-11
1.13144e-07
4.30572e-11
1.13137e-07
3.30601e-11
1.13131e-07
2.47021e-11
1.13125e-07
1.78784e-11
1.1312e-07
1.24583e-11
1.13115e-07
8.28504e-12
1.1311e-07
5.17918e-12
1.13106e-07
2.94855e-12
1.13102e-07
1.42411e-12
1.13099e-07
4.17424e-13
1.13096e-07
-1.85959e-13
1.13094e-07
-4.69784e-13
1.13091e-07
-5.87568e-13
1.13089e-07
-6.00716e-13
1.13088e-07
-5.63865e-13
1.13086e-07
-5.07727e-13
1.13085e-07
-4.49475e-13
1.13084e-07
-3.98987e-13
1.13083e-07
-3.63234e-13
1.13083e-07
-3.40566e-13
1.13082e-07
-3.28089e-13
1.13082e-07
-3.19272e-13
1.13082e-07
-3.13845e-13
1.13081e-07
-3.08634e-13
1.13081e-07
-3.11247e-13
1.13081e-07
-3.09409e-13
1.13081e-07
-3.05358e-13
1.13081e-07
-2.94848e-13
1.13081e-07
-2.84087e-13
1.1308e-07
-2.67518e-13
1.1308e-07
-2.528e-13
1.1308e-07
-2.32274e-13
1.1308e-07
-2.15504e-13
1.1308e-07
-1.93594e-13
1.1308e-07
-1.78147e-13
1.1308e-07
-1.57744e-13
1.1308e-07
-1.45196e-13
1.1308e-07
-1.27109e-13
1.1308e-07
-1.18332e-13
1.1308e-07
-1.0299e-13
1.1308e-07
-9.80524e-14
1.1308e-07
-8.61336e-14
1.1308e-07
-8.38179e-14
-7.68559e-14
1.24536e-07
1.62593e-09
-1.24514e-07
1.24565e-07
1.71428e-09
1.24601e-07
1.78822e-09
1.24642e-07
1.85909e-09
1.24686e-07
1.92305e-09
1.24733e-07
1.97771e-09
1.24784e-07
2.02412e-09
1.24834e-07
2.0605e-09
1.24881e-07
2.08484e-09
1.24924e-07
2.09612e-09
1.24962e-07
2.09581e-09
1.24996e-07
2.08649e-09
1.25024e-07
2.06938e-09
1.25047e-07
2.04353e-09
1.25066e-07
2.01032e-09
1.25083e-07
1.97386e-09
1.25096e-07
1.93419e-09
1.25106e-07
1.88931e-09
1.25115e-07
1.84165e-09
1.25123e-07
1.79282e-09
1.2513e-07
1.74039e-09
1.25135e-07
1.6853e-09
1.25139e-07
1.63079e-09
1.2514e-07
1.57505e-09
1.25141e-07
1.51614e-09
1.25144e-07
1.45703e-09
1.25146e-07
1.39928e-09
1.25146e-07
1.34111e-09
1.25145e-07
1.28277e-09
1.25142e-07
1.22521e-09
1.25137e-07
1.16668e-09
1.25132e-07
1.10624e-09
1.25127e-07
1.0455e-09
1.25121e-07
9.84938e-10
1.25114e-07
9.23709e-10
1.25106e-07
8.62389e-10
1.25097e-07
8.01927e-10
1.25087e-07
7.4175e-10
1.25076e-07
6.81532e-10
1.25064e-07
6.22577e-10
1.25053e-07
5.66002e-10
1.25041e-07
5.11629e-10
1.25029e-07
4.59339e-10
1.25017e-07
4.0985e-10
1.25006e-07
3.63797e-10
1.24995e-07
3.21147e-10
1.24984e-07
2.81678e-10
1.24973e-07
2.45378e-10
1.24963e-07
2.12272e-10
1.24954e-07
1.82264e-10
1.24945e-07
1.55229e-10
1.24937e-07
1.31087e-10
1.2493e-07
1.09733e-10
1.24924e-07
9.09809e-11
1.24918e-07
7.46055e-11
1.24912e-07
6.03943e-11
1.24907e-07
4.81724e-11
1.24902e-07
3.77931e-11
1.24898e-07
2.91294e-11
1.24893e-07
2.20613e-11
1.2489e-07
1.6436e-11
1.24886e-07
1.20753e-11
1.24882e-07
8.79348e-12
1.24879e-07
6.39164e-12
1.24875e-07
4.68064e-12
1.24872e-07
3.49227e-12
1.24869e-07
2.69451e-12
1.24867e-07
2.15661e-12
1.24864e-07
1.78457e-12
1.24862e-07
1.51377e-12
1.2486e-07
1.29988e-12
1.24859e-07
1.11801e-12
1.24857e-07
9.48375e-13
1.24856e-07
7.86282e-13
1.24855e-07
6.36689e-13
1.24854e-07
5.01019e-13
1.24854e-07
3.73381e-13
1.24853e-07
2.58969e-13
1.24853e-07
1.59295e-13
1.24852e-07
7.99544e-14
1.24852e-07
-8.55634e-15
1.24852e-07
-7.10597e-14
1.24852e-07
-1.1571e-13
1.24851e-07
-1.4357e-13
1.24851e-07
-1.6406e-13
1.24851e-07
-1.72549e-13
1.24851e-07
-1.78302e-13
1.24851e-07
-1.73608e-13
1.24851e-07
-1.68537e-13
1.24851e-07
-1.56132e-13
1.24851e-07
-1.4842e-13
1.24851e-07
-1.34302e-13
1.24851e-07
-1.26868e-13
1.24851e-07
-1.1279e-13
1.24851e-07
-1.07094e-13
1.24851e-07
-9.46068e-14
1.24851e-07
-9.11077e-14
1.24851e-07
-8.16762e-14
1.24851e-07
-8.03818e-14
-7.35419e-14
1.37707e-07
-1.377e-07
1.37717e-07
1.37729e-07
1.37743e-07
1.37759e-07
1.37775e-07
1.37794e-07
1.37812e-07
1.3783e-07
1.37847e-07
1.37862e-07
1.37876e-07
1.37887e-07
1.37897e-07
1.37906e-07
1.37914e-07
1.3792e-07
1.37926e-07
1.37932e-07
1.37937e-07
1.37939e-07
1.37942e-07
1.37946e-07
1.3795e-07
1.37953e-07
1.37955e-07
1.37955e-07
1.37955e-07
1.37957e-07
1.3796e-07
1.37961e-07
1.37962e-07
1.37961e-07
1.37958e-07
1.37955e-07
1.37952e-07
1.3795e-07
1.37948e-07
1.37946e-07
1.37944e-07
1.37941e-07
1.37937e-07
1.37934e-07
1.3793e-07
1.37926e-07
1.37923e-07
1.37919e-07
1.37916e-07
1.37913e-07
1.37911e-07
1.37908e-07
1.37906e-07
1.37904e-07
1.37902e-07
1.379e-07
1.37898e-07
1.37897e-07
1.37895e-07
1.37893e-07
1.37891e-07
1.37889e-07
1.37887e-07
1.37884e-07
1.37882e-07
1.37879e-07
1.37876e-07
1.37873e-07
1.37871e-07
1.37868e-07
1.37866e-07
1.37863e-07
1.37861e-07
1.37859e-07
1.37857e-07
1.37856e-07
1.37854e-07
1.37853e-07
1.37852e-07
1.37851e-07
1.37851e-07
1.3785e-07
1.37849e-07
1.37849e-07
1.37848e-07
1.37848e-07
1.37848e-07
1.37848e-07
1.37847e-07
1.37847e-07
1.37847e-07
1.37847e-07
1.37847e-07
1.37847e-07
1.37847e-07
1.37847e-07
1.37847e-07
1.37847e-07
1.37847e-07
1.37847e-07
3.44498e-08
1.38392e-10
3.44534e-08
4.89425e-11
3.4436e-08
-1.41456e-10
3.44239e-08
-3.23448e-10
3.44173e-08
2.20138e-10
3.44226e-08
3.66008e-10
3.44104e-08
2.45083e-10
3.43903e-08
-2.01543e-10
3.43607e-08
-1.30342e-10
3.4342e-08
-5.23718e-11
3.43115e-08
9.53994e-11
3.42811e-08
-2.2741e-11
3.4242e-08
4.41792e-11
3.42048e-08
7.41659e-11
3.41478e-08
2.69056e-10
3.40988e-08
3.03371e-10
3.40302e-08
3.145e-10
3.3966e-08
2.30124e-10
3.38795e-08
2.15921e-10
3.37853e-08
2.53599e-10
3.36551e-08
3.12816e-10
3.3483e-08
4.32884e-10
3.32174e-08
5.02452e-10
3.26525e-08
9.35239e-10
1.52694e-09
3.80464e-08
1.4074e-10
3.80526e-08
4.27411e-11
3.80306e-08
-1.19532e-10
3.80084e-08
-3.0122e-10
3.80026e-08
2.25955e-10
3.80115e-08
3.57151e-10
3.80051e-08
2.5148e-10
3.7972e-08
-1.68442e-10
3.79447e-08
-1.031e-10
3.79145e-08
-2.21227e-11
3.78937e-08
1.1616e-10
3.78454e-08
2.55915e-11
3.7816e-08
7.3502e-11
3.77534e-08
1.36825e-10
3.77186e-08
3.03819e-10
3.76407e-08
3.81318e-10
3.75991e-08
3.56046e-10
3.74908e-08
3.38453e-10
3.74308e-08
2.75919e-10
3.72765e-08
4.07894e-10
3.71736e-08
4.15711e-10
3.69176e-08
6.88941e-10
3.66634e-08
7.56652e-10
3.62352e-08
1.36338e-09
1.81279e-09
4.20271e-08
1.22804e-10
4.20153e-08
5.4606e-11
4.20078e-08
-1.12068e-10
4.1953e-08
-2.46432e-10
4.19738e-08
2.05124e-10
4.19698e-08
3.61186e-10
4.19889e-08
2.32382e-10
4.19247e-08
-1.04199e-10
4.19087e-08
-8.71243e-11
4.18544e-08
3.21952e-11
4.18508e-08
1.19764e-10
4.17816e-08
9.4748e-11
4.17583e-08
9.68376e-11
4.16799e-08
2.15211e-10
4.16527e-08
3.30977e-10
4.15759e-08
4.58177e-10
4.15252e-08
4.06749e-10
4.14269e-08
4.36667e-10
4.13258e-08
3.77046e-10
4.12018e-08
5.31944e-10
4.10208e-08
5.96633e-10
4.08386e-08
8.71187e-10
4.05289e-08
1.0664e-09
4.03548e-08
1.53744e-09
1.99515e-09
4.64104e-08
9.42744e-11
4.63937e-08
7.13387e-11
4.63851e-08
-1.03499e-10
4.63148e-08
-1.76131e-10
4.63432e-08
1.76735e-10
4.63498e-08
3.54596e-10
4.63709e-08
2.11293e-10
4.63003e-08
-3.36282e-11
4.62663e-08
-5.30923e-11
4.62159e-08
8.26127e-11
4.61996e-08
1.36057e-10
4.61408e-08
1.53504e-10
4.60918e-08
1.4589e-10
4.603e-08
2.76937e-10
4.59822e-08
3.78781e-10
4.59339e-08
5.06492e-10
4.58582e-08
4.8247e-10
4.57787e-08
5.16176e-10
4.56427e-08
5.13003e-10
4.55256e-08
6.49063e-10
4.5331e-08
7.9125e-10
4.51687e-08
1.03346e-09
4.49333e-08
1.30181e-09
4.48293e-08
1.64147e-09
2.10046e-09
5.12362e-08
6.78566e-11
5.12282e-08
7.93296e-11
5.12059e-08
-8.11586e-11
5.11379e-08
-1.0821e-10
5.11585e-08
1.56213e-10
5.11849e-08
3.28171e-10
5.11948e-08
2.01416e-10
5.11318e-08
2.93638e-11
5.10739e-08
4.80751e-12
5.10323e-08
1.24167e-10
5.09995e-08
1.68861e-10
5.0951e-08
2.01993e-10
5.08826e-08
2.14311e-10
5.08302e-08
3.29381e-10
5.07738e-08
4.35176e-10
5.07354e-08
5.44839e-10
5.06543e-08
5.63583e-10
5.05695e-08
6.01004e-10
5.04303e-08
6.52129e-10
5.02983e-08
7.81063e-10
5.01312e-08
9.58422e-10
4.99783e-08
1.18634e-09
4.98261e-08
1.45401e-09
4.97215e-08
1.74609e-09
2.14473e-09
5.65596e-08
4.84359e-11
5.65622e-08
7.67469e-11
5.65271e-08
-4.61076e-11
5.64694e-08
-5.05135e-11
5.64784e-08
1.47277e-10
5.6514e-08
2.92482e-10
5.65138e-08
2.01701e-10
5.64588e-08
8.43602e-11
5.63891e-08
7.44484e-11
5.63485e-08
1.64837e-10
5.63057e-08
2.11603e-10
5.62581e-08
2.49584e-10
5.61847e-08
2.87717e-10
5.61303e-08
3.83786e-10
5.60732e-08
4.92301e-10
5.6029e-08
5.89035e-10
5.595e-08
6.42561e-10
5.5855e-08
6.96041e-10
5.5724e-08
7.83145e-10
5.55888e-08
9.16209e-10
5.54469e-08
1.10036e-09
5.53161e-08
1.31712e-09
5.521e-08
1.56011e-09
5.51255e-08
1.83057e-09
2.15301e-09
6.24383e-08
3.55826e-11
6.24467e-08
6.82672e-11
6.24074e-08
-6.80303e-12
6.23605e-08
-3.56422e-12
6.23601e-08
1.47621e-10
6.23901e-08
2.62478e-10
6.23842e-08
2.07655e-10
6.2335e-08
1.33581e-10
6.22654e-08
1.44066e-10
6.22199e-08
2.10285e-10
6.21725e-08
2.59014e-10
6.21201e-08
3.01999e-10
6.2049e-08
3.58837e-10
6.19885e-08
4.44282e-10
6.19301e-08
5.50634e-10
6.18747e-08
6.4444e-10
6.17965e-08
7.20764e-10
6.16969e-08
7.95618e-10
6.15763e-08
9.03812e-10
6.145e-08
1.04245e-09
6.13298e-08
1.22061e-09
6.12255e-08
1.42137e-09
6.11457e-08
1.63995e-09
6.1095e-08
1.88125e-09
2.13842e-09
6.8931e-08
2.77914e-11
6.89403e-08
5.897e-11
6.89043e-08
2.92672e-11
6.88659e-08
3.47735e-11
6.88608e-08
1.5277e-10
6.88762e-08
2.47014e-10
6.88667e-08
2.17183e-10
6.88223e-08
1.78025e-10
6.87581e-08
2.08274e-10
6.87074e-08
2.60974e-10
6.86573e-08
3.09059e-10
6.8599e-08
3.60294e-10
6.85305e-08
4.27345e-10
6.84656e-08
5.09209e-10
6.84035e-08
6.12766e-10
6.83377e-08
7.10148e-10
6.82586e-08
7.99959e-10
6.81615e-08
8.9265e-10
6.80523e-08
1.01304e-09
6.7941e-08
1.1538e-09
6.78416e-08
1.32001e-09
6.77625e-08
1.50045e-09
6.77051e-08
1.69731e-09
6.76832e-08
1.9032e-09
2.10741e-09
6.89263e-08
2.47058e-11
6.89338e-08
5.15372e-11
6.89055e-08
5.75171e-11
6.88772e-08
6.30812e-11
6.88721e-08
1.57892e-10
6.88727e-08
2.46413e-10
6.8859e-08
2.30811e-10
6.88235e-08
2.13611e-10
6.87706e-08
2.61156e-10
6.87211e-08
3.10434e-10
6.86742e-08
3.55992e-10
6.86181e-08
4.1636e-10
6.85558e-08
4.89705e-10
6.8495e-08
5.69951e-10
6.84356e-08
6.72222e-10
6.83706e-08
7.75084e-10
6.82985e-08
8.72063e-10
6.82168e-08
9.74345e-10
6.81291e-08
1.10079e-09
6.80427e-08
1.24018e-09
6.7971e-08
1.39175e-09
6.79174e-08
1.55404e-09
6.78839e-08
1.73076e-09
6.78814e-08
1.90573e-09
2.07059e-09
7.60969e-08
2.52685e-11
7.61034e-08
4.49896e-11
7.608e-08
8.09441e-11
7.60542e-08
8.88522e-11
7.60511e-08
1.60973e-10
7.60436e-08
2.5394e-10
7.60226e-08
2.51823e-10
7.59915e-08
2.44735e-10
7.59445e-08
3.08157e-10
7.58924e-08
3.62507e-10
7.5844e-08
4.04383e-10
7.57877e-08
4.72616e-10
7.57238e-08
5.53606e-10
7.56617e-08
6.32068e-10
7.56012e-08
7.32793e-10
7.55341e-08
8.42172e-10
7.5462e-08
9.44133e-10
7.53871e-08
1.04926e-09
7.53109e-08
1.17697e-09
7.52382e-08
1.31292e-09
7.51816e-08
1.44831e-09
7.51422e-08
1.59347e-09
7.51233e-08
1.74957e-09
7.51314e-08
1.89769e-09
2.02866e-09
8.4015e-08
2.86541e-11
8.40194e-08
4.05349e-11
8.40024e-08
9.79962e-11
8.39762e-08
1.15001e-10
8.39743e-08
1.62942e-10
8.39659e-08
2.62273e-10
8.39373e-08
2.80454e-10
8.39072e-08
2.74855e-10
8.38685e-08
3.46846e-10
8.38166e-08
4.14371e-10
8.3766e-08
4.55022e-10
8.37122e-08
5.26411e-10
8.3649e-08
6.16757e-10
8.35856e-08
6.95481e-10
8.3526e-08
7.92387e-10
8.34613e-08
9.06862e-10
8.33918e-08
1.0137e-09
8.33239e-08
1.11713e-09
8.32605e-08
1.24038e-09
8.32028e-08
1.37059e-09
8.31575e-08
1.49368e-09
8.31305e-08
1.62046e-09
8.31235e-08
1.75657e-09
8.31388e-08
1.88235e-09
1.98506e-09
9.27598e-08
3.2676e-11
9.27593e-08
4.10083e-11
9.27504e-08
1.06909e-10
9.27237e-08
1.41725e-10
9.27181e-08
1.68484e-10
9.2715e-08
2.65406e-10
9.26839e-08
3.11559e-10
9.26497e-08
3.09028e-10
9.26193e-08
3.77276e-10
9.25731e-08
4.60562e-10
9.25206e-08
5.07471e-10
9.24702e-08
5.76847e-10
9.24124e-08
6.74593e-10
9.23496e-08
7.58271e-10
9.2292e-08
8.5001e-10
9.22339e-08
9.64922e-10
9.21709e-08
1.07671e-09
9.21104e-08
1.17762e-09
9.206e-08
1.29083e-09
9.20166e-08
1.41395e-09
9.1981e-08
1.52926e-09
9.1963e-08
1.63842e-09
9.19649e-08
1.75468e-09
9.19851e-08
1.86218e-09
1.94302e-09
1.02417e-07
3.48356e-11
1.0241e-07
4.81753e-11
1.02409e-07
1.08378e-10
1.02385e-07
1.65325e-10
1.02371e-07
1.82289e-10
1.02374e-07
2.62858e-10
1.02349e-07
3.36787e-10
1.02309e-07
3.48573e-10
1.02284e-07
4.0279e-10
1.02249e-07
4.95539e-10
1.02198e-07
5.58133e-10
1.0215e-07
6.24339e-10
1.02102e-07
7.23007e-10
1.02045e-07
8.15591e-10
1.0199e-07
9.0476e-10
1.01941e-07
1.01417e-09
1.01889e-07
1.12835e-09
1.01838e-07
1.22836e-09
1.01798e-07
1.33086e-09
1.01767e-07
1.44533e-09
1.01742e-07
1.5546e-09
1.01729e-07
1.65069e-09
1.01736e-07
1.74797e-09
1.01758e-07
1.83989e-09
1.90534e-09
1.13081e-07
3.42706e-11
1.13069e-07
5.99399e-11
1.13071e-07
1.06387e-10
1.13056e-07
1.80942e-10
1.13034e-07
2.0342e-10
1.13039e-07
2.58675e-10
1.13024e-07
3.50905e-10
1.12985e-07
3.88103e-10
1.12961e-07
4.26921e-10
1.12939e-07
5.17557e-10
1.12896e-07
6.00637e-10
1.12853e-07
6.67517e-10
1.12816e-07
7.60162e-10
1.1277e-07
8.61552e-10
1.12722e-07
9.53052e-10
1.12682e-07
1.05354e-09
1.12646e-07
1.16496e-09
1.12607e-07
1.26719e-09
1.12574e-07
1.36349e-09
1.12553e-07
1.46645e-09
1.12538e-07
1.56996e-09
1.12529e-07
1.65915e-09
1.12536e-07
1.74104e-09
1.12557e-07
1.81916e-09
1.87443e-09
1.24853e-07
3.2417e-11
1.24842e-07
7.09743e-11
1.24844e-07
1.04334e-10
1.24837e-07
1.88093e-10
1.24816e-07
2.2376e-10
1.24818e-07
2.56942e-10
1.24814e-07
3.55007e-10
1.24783e-07
4.1848e-10
1.24763e-07
4.47668e-10
1.24751e-07
5.28817e-10
1.24723e-07
6.29019e-10
1.2469e-07
7.00682e-10
1.24665e-07
7.85076e-10
1.24635e-07
8.91678e-10
1.246e-07
9.88344e-10
1.24572e-07
1.08093e-09
1.2455e-07
1.18673e-09
1.24524e-07
1.29316e-09
1.24501e-07
1.38688e-09
1.24488e-07
1.4797e-09
1.2448e-07
1.5779e-09
1.24474e-07
1.66482e-09
1.24478e-07
1.73698e-09
1.24493e-07
1.80438e-09
1.85358e-09
1.37847e-07
1.37843e-07
1.37843e-07
1.37841e-07
1.37833e-07
1.37833e-07
1.37832e-07
1.3782e-07
1.37811e-07
1.37806e-07
1.37795e-07
1.37781e-07
1.37771e-07
1.37759e-07
1.37744e-07
1.37733e-07
1.37724e-07
1.37713e-07
1.37703e-07
1.37697e-07
1.37693e-07
1.37689e-07
1.37689e-07
1.37694e-07
)
;

boundaryField
{
    top
    {
        type            calculated;
        value           nonuniform List<scalar> 
125
(
1.61889e-09
1.70483e-09
1.77605e-09
1.84482e-09
1.90767e-09
1.96094e-09
2.00572e-09
2.04183e-09
2.0672e-09
2.07963e-09
2.08041e-09
2.07272e-09
2.05771e-09
2.03353e-09
2.0013e-09
1.96625e-09
1.9283e-09
1.88353e-09
1.8353e-09
1.78812e-09
1.73797e-09
1.68252e-09
1.62648e-09
1.57091e-09
1.51336e-09
1.4556e-09
1.39891e-09
1.34069e-09
1.28109e-09
1.22268e-09
1.16477e-09
1.10581e-09
1.04679e-09
9.87686e-10
9.26924e-10
8.6513e-10
8.04126e-10
7.43758e-10
6.83513e-10
6.24736e-10
5.68711e-10
5.14999e-10
4.63091e-10
4.13678e-10
3.67565e-10
3.24766e-10
2.85044e-10
2.48447e-10
2.1508e-10
1.84858e-10
1.57637e-10
1.33324e-10
1.11816e-10
9.29296e-11
7.64435e-11
6.21546e-11
4.99005e-11
3.95489e-11
3.09704e-11
2.40245e-11
1.85474e-11
1.43495e-11
1.12299e-11
8.97354e-12
7.37811e-12
6.26281e-12
5.46925e-12
4.88282e-12
4.41728e-12
4.01457e-12
3.63843e-12
3.27313e-12
2.91603e-12
2.56025e-12
2.20575e-12
1.87177e-12
1.56457e-12
1.28727e-12
1.04293e-12
8.34936e-13
6.46042e-13
4.88108e-13
3.56881e-13
2.54551e-13
1.70078e-13
1.07063e-13
5.53177e-14
2.09046e-14
-3.25374e-15
-1.8319e-14
-3.36954e-14
-3.99269e-14
-4.83581e-14
-4.85547e-14
-5.32985e-14
-5.11791e-14
-5.40999e-14
-5.25466e-14
-5.41798e-14
-5.74144e-14
3.13991e-11
7.5332e-11
1.03973e-10
1.90272e-10
2.32231e-10
2.57024e-10
3.55858e-10
4.30572e-10
4.56702e-10
5.33142e-10
6.40264e-10
7.14689e-10
7.95426e-10
9.03733e-10
1.00292e-09
1.09241e-09
1.19569e-09
1.30394e-09
1.39711e-09
1.48584e-09
1.58174e-09
1.66823e-09
1.73697e-09
1.80005e-09
1.84706e-09
)
;
    }
    inlet
    {
        type            calculated;
        value           nonuniform List<scalar> 
16
(
-6.89232e-08
-7.60974e-08
-8.40184e-08
-9.27638e-08
-1.0242e-07
-1.1308e-07
-1.24851e-07
-1.37846e-07
-3.44616e-08
-3.80487e-08
-4.20092e-08
-4.63819e-08
-5.12098e-08
-5.65402e-08
-6.24254e-08
-6.89232e-08
)
;
    }
    outlet
    {
        type            calculated;
        value           nonuniform List<scalar> 
16
(
6.89071e-08
7.60951e-08
8.40181e-08
9.27638e-08
1.0242e-07
1.1308e-07
1.24851e-07
1.37847e-07
4.37342e-09
1.44734e-08
2.58071e-08
3.69741e-08
4.67679e-08
5.48919e-08
6.1957e-08
6.88234e-08
)
;
    }
    plate
    {
        type            calculated;
        value           uniform 0;
    }
    symmBound
    {
        type            calculated;
        value           nonuniform List<scalar> 
25
(
-1.26534e-10
-5.25716e-11
1.58855e-10
3.35551e-10
-2.13534e-10
-3.71357e-10
-2.32884e-10
2.21697e-10
1.59896e-10
7.10598e-11
-6.48488e-11
5.30903e-11
-5.03558e-12
-3.69326e-11
-2.12072e-10
-2.54358e-10
-2.45964e-10
-1.65929e-10
-1.29376e-10
-1.59454e-10
-1.82593e-10
-2.60723e-10
-2.36886e-10
-3.70338e-10
-4.72329e-10
)
;
    }
    frontAndBack
    {
        type            empty;
        value           nonuniform 0();
    }
}


// ************************************************************************* //
