/*--------------------------------*- C++ -*----------------------------------*\
| =========                 |                                                 |
| \\      /  F ield         | OpenFOAM: The Open Source CFD Toolbox           |
|  \\    /   O peration     | Version:  2.3.0                                 |
|   \\  /    A nd           | Web:      www.OpenFOAM.org                      |
|    \\/     M anipulation  |                                                 |
\*---------------------------------------------------------------------------*/
FoamFile
{
    version     2.0;
    format      ascii;
    class       surfaceScalarField;
    location    "0.15";
    object      phi;
}
// * * * * * * * * * * * * * * * * * * * * * * * * * * * * * * * * * * * * * //

dimensions      [0 3 -1 0 0 0 0];

internalField   nonuniform List<scalar> 
5764
(
1.94183e-08
4.2975e-09
-2.37158e-08
1.56413e-08
3.77703e-09
1.25456e-08
3.09563e-09
1.01189e-08
2.42672e-09
8.2979e-09
1.82102e-09
6.98046e-09
1.31744e-09
6.0481e-09
9.32361e-10
5.38956e-09
6.58534e-10
4.91499e-09
4.74571e-10
4.55972e-09
3.55276e-10
4.2813e-09
2.7842e-10
4.05373e-09
2.27573e-10
3.86166e-09
1.92068e-10
3.69604e-09
1.65613e-10
3.55133e-09
1.44715e-10
3.42385e-09
1.27478e-10
3.31101e-09
1.12845e-10
3.21083e-09
1.00175e-10
3.12179e-09
8.90408e-11
3.04266e-09
7.91253e-11
2.97249e-09
7.0175e-11
2.91052e-09
6.19719e-11
2.8562e-09
5.43153e-11
2.80919e-09
4.70127e-11
2.76931e-09
3.98815e-11
2.73655e-09
3.27616e-11
2.71101e-09
2.55333e-11
2.69288e-09
1.81281e-11
2.68246e-09
1.04281e-11
2.67986e-09
2.59248e-12
2.68345e-09
-3.58829e-12
2.69104e-09
-7.59293e-12
2.70109e-09
-1.00449e-11
2.71233e-09
-1.1239e-11
2.72379e-09
-1.1458e-11
2.7348e-09
-1.10154e-11
2.74499e-09
-1.01831e-11
2.75415e-09
-9.16576e-12
2.76225e-09
-8.10146e-12
2.76933e-09
-7.07294e-12
2.77545e-09
-6.12365e-12
2.78072e-09
-5.27183e-12
2.78524e-09
-4.52088e-12
2.78911e-09
-3.8664e-12
2.79241e-09
-3.30042e-12
2.79522e-09
-2.81379e-12
2.79762e-09
-2.39739e-12
2.79966e-09
-2.04261e-12
2.8014e-09
-1.74153e-12
2.80289e-09
-1.48696e-12
2.80416e-09
-1.27236e-12
2.80526e-09
-1.09186e-12
2.8062e-09
-9.40169e-13
2.80701e-09
-8.126e-13
2.80771e-09
-7.05045e-13
2.80833e-09
-6.13966e-13
2.80886e-09
-5.3638e-13
2.80933e-09
-4.698e-13
2.80975e-09
-4.1221e-13
2.81011e-09
-3.61998e-13
2.81043e-09
-3.17886e-13
2.8107e-09
-2.78884e-13
2.81095e-09
-2.44213e-13
2.81116e-09
-2.13263e-13
2.81135e-09
-1.85547e-13
2.81151e-09
-1.60663e-13
2.81165e-09
-1.38261e-13
2.81176e-09
-1.18045e-13
2.81186e-09
-9.97215e-14
2.81195e-09
-8.30226e-14
2.81201e-09
-6.76614e-14
2.81207e-09
-5.33108e-14
2.81211e-09
-3.96292e-14
2.81213e-09
-2.66062e-14
-1.97794e-14
2.58105e-08
5.21553e-09
-2.67285e-08
2.43792e-08
5.20829e-09
2.27399e-08
4.73492e-09
2.10718e-08
4.09481e-09
1.94832e-08
3.4096e-09
1.80339e-08
2.76681e-09
1.67463e-08
2.2199e-09
1.56203e-08
1.78458e-09
1.46434e-08
1.4514e-09
1.37984e-08
1.20032e-09
1.30665e-08
1.01029e-09
1.24303e-08
8.63811e-10
1.18743e-08
7.48031e-10
1.13858e-08
6.54132e-10
1.09543e-08
5.76207e-10
1.05715e-08
5.10267e-10
1.02308e-08
4.53528e-10
9.92705e-09
4.03965e-10
9.65605e-09
3.60047e-10
9.4146e-09
3.20574e-10
9.2002e-09
2.84571e-10
9.01096e-09
2.51214e-10
8.84549e-09
2.19789e-10
8.70283e-09
1.89665e-10
8.5824e-09
1.60319e-10
8.48378e-09
1.31373e-10
8.40666e-09
1.02656e-10
8.35053e-09
7.42589e-11
8.31449e-09
4.64722e-11
8.29763e-09
1.94537e-11
8.29771e-09
-3.67409e-12
8.30974e-09
-1.96264e-11
8.32884e-09
-2.91455e-11
8.3517e-09
-3.40916e-11
8.37591e-09
-3.5666e-11
8.39982e-09
-3.49314e-11
8.42241e-09
-3.27725e-11
8.4431e-09
-2.98596e-11
8.46166e-09
-2.66576e-11
8.47805e-09
-2.346e-11
8.49236e-09
-2.04351e-11
8.50476e-09
-1.76674e-11
8.51542e-09
-1.51895e-11
8.52456e-09
-1.30039e-11
8.53236e-09
-1.10973e-11
8.53899e-09
-9.44853e-12
8.54463e-09
-8.03322e-12
8.54941e-09
-6.82636e-12
8.55347e-09
-5.80336e-12
8.55693e-09
-4.9407e-12
8.55987e-09
-4.21627e-12
8.56239e-09
-3.60967e-12
8.56455e-09
-3.10231e-12
8.56642e-09
-2.67763e-12
8.56803e-09
-2.3211e-12
8.56944e-09
-2.0203e-12
8.57067e-09
-1.76477e-12
8.57174e-09
-1.54596e-12
8.57269e-09
-1.35693e-12
8.57352e-09
-1.19224e-12
8.57425e-09
-1.04761e-12
8.57489e-09
-9.19733e-13
8.57545e-09
-8.06042e-13
8.57594e-09
-7.04535e-13
8.57637e-09
-6.13611e-13
8.57674e-09
-5.31951e-13
8.57706e-09
-4.58424e-13
8.57734e-09
-3.92037e-13
8.57757e-09
-3.31853e-13
8.57776e-09
-2.76974e-13
8.57792e-09
-2.26463e-13
8.57805e-09
-1.79246e-13
8.57814e-09
-1.34116e-13
8.57821e-09
-9.04947e-14
-5.49475e-14
2.80945e-08
5.19398e-09
-2.8073e-08
2.77953e-08
5.50751e-09
2.72255e-08
5.30477e-09
2.64663e-08
4.85398e-09
2.55929e-08
4.28304e-09
2.46693e-08
3.69032e-09
2.37423e-08
3.14692e-09
2.28411e-08
2.68578e-09
2.19822e-08
2.31031e-09
2.11736e-08
2.00892e-09
2.04182e-08
1.76574e-09
1.97158e-08
1.56619e-09
1.90649e-08
1.39893e-09
1.84632e-08
1.25585e-09
1.79081e-08
1.1313e-09
1.73971e-08
1.0213e-09
1.69277e-08
9.22919e-10
1.64977e-08
8.33934e-10
1.61052e-08
7.52548e-10
1.57485e-08
6.77266e-10
1.54263e-08
6.06794e-10
1.51375e-08
5.39989e-10
1.48815e-08
4.7583e-10
1.46577e-08
4.13436e-10
1.44659e-08
3.5213e-10
1.43057e-08
2.91546e-10
1.41766e-08
2.3174e-10
1.40776e-08
1.73315e-10
1.40065e-08
1.17544e-10
1.39599e-08
6.60689e-11
1.3936e-08
2.01692e-11
1.39325e-08
-1.61318e-11
1.39434e-08
-4.00129e-11
1.39632e-08
-5.39197e-11
1.39881e-08
-6.0557e-11
1.40153e-08
-6.2077e-11
1.40427e-08
-6.02198e-11
1.40692e-08
-5.63302e-11
1.40939e-08
-5.13798e-11
1.41165e-08
-4.60238e-11
1.41367e-08
-4.06763e-11
1.41546e-08
-3.55819e-11
1.41703e-08
-3.08726e-11
1.41839e-08
-2.66095e-11
1.41956e-08
-2.28105e-11
1.42057e-08
-1.94678e-11
1.42142e-08
-1.65587e-11
1.42214e-08
-1.40519e-11
1.42275e-08
-1.19113e-11
1.42327e-08
-1.00979e-11
1.4237e-08
-8.57251e-12
1.42407e-08
-7.29631e-12
1.42438e-08
-6.23243e-12
1.42465e-08
-5.34676e-12
1.42488e-08
-4.60862e-12
1.42508e-08
-3.99114e-12
1.42525e-08
-3.47147e-12
1.4254e-08
-3.03062e-12
1.42553e-08
-2.65317e-12
1.42564e-08
-2.32692e-12
1.42574e-08
-2.04233e-12
1.42583e-08
-1.79205e-12
1.4259e-08
-1.57045e-12
1.42597e-08
-1.37318e-12
1.42603e-08
-1.19682e-12
1.42608e-08
-1.03863e-12
1.42612e-08
-8.96313e-13
1.42616e-08
-7.67871e-13
1.42619e-08
-6.51475e-13
1.42622e-08
-5.4538e-13
1.42624e-08
-4.47791e-13
1.42626e-08
-3.56662e-13
1.42627e-08
-2.69562e-13
1.42628e-08
-1.84306e-13
-1.01852e-13
2.93659e-08
4.92934e-09
-2.91012e-08
2.94966e-08
5.37677e-09
2.94516e-08
5.34975e-09
2.92411e-08
5.06454e-09
2.88911e-08
4.63305e-09
2.84383e-08
4.14311e-09
2.79192e-08
3.66602e-09
2.7363e-08
3.24192e-09
2.67907e-08
2.88265e-09
2.6216e-08
2.58362e-09
2.56478e-08
2.33393e-09
2.50918e-08
2.12219e-09
2.45518e-08
1.93896e-09
2.40304e-08
1.77721e-09
2.35298e-08
1.63193e-09
2.30515e-08
1.49955e-09
2.2597e-08
1.37741e-09
2.21675e-08
1.26348e-09
2.1764e-08
1.15607e-09
2.13875e-08
1.05376e-09
2.1039e-08
9.5526e-10
2.07196e-08
8.59431e-10
2.04302e-08
7.65242e-10
2.01717e-08
6.7186e-10
1.99451e-08
5.78756e-10
1.97508e-08
4.85872e-10
1.95887e-08
3.9379e-10
1.94582e-08
3.03886e-10
1.93573e-08
2.18433e-10
1.92829e-08
1.40457e-10
1.92304e-08
7.26085e-11
1.91986e-08
1.5666e-11
1.91863e-08
-2.76739e-11
1.91885e-08
-5.61107e-11
1.92007e-08
-7.28064e-11
1.92195e-08
-8.08662e-11
1.92422e-08
-8.28329e-11
1.92666e-08
-8.07393e-11
1.92913e-08
-7.61258e-11
1.93154e-08
-7.00983e-11
1.93381e-08
-6.34161e-11
1.93591e-08
-5.65811e-11
1.93782e-08
-4.99139e-11
1.93952e-08
-4.36123e-11
1.94101e-08
-3.77918e-11
1.94232e-08
-3.25134e-11
1.94344e-08
-2.78011e-11
1.9444e-08
-2.36526e-11
1.94522e-08
-2.00474e-11
1.9459e-08
-1.69511e-11
1.94648e-08
-1.43205e-11
1.94696e-08
-1.21061e-11
1.94736e-08
-1.02562e-11
1.9477e-08
-8.7189e-12
1.94798e-08
-7.44484e-12
1.94822e-08
-6.38869e-12
1.94842e-08
-5.51034e-12
1.9486e-08
-4.77544e-12
1.94875e-08
-4.1554e-12
1.94888e-08
-3.62714e-12
1.94899e-08
-3.17239e-12
1.94909e-08
-2.777e-12
1.94918e-08
-2.43012e-12
1.94925e-08
-2.1235e-12
1.94932e-08
-1.85079e-12
1.94937e-08
-1.60704e-12
1.94942e-08
-1.38825e-12
1.94947e-08
-1.19107e-12
1.9495e-08
-1.01257e-12
1.94953e-08
-8.49994e-13
1.94956e-08
-7.00594e-13
1.94958e-08
-5.61289e-13
1.94959e-08
-4.28278e-13
1.94961e-08
-2.96838e-13
-1.553e-13
3.03783e-08
4.62928e-09
-3.00782e-08
3.06402e-08
5.11488e-09
3.08055e-08
5.18448e-09
3.08595e-08
5.01053e-09
3.08024e-08
4.69013e-09
3.06486e-08
4.29694e-09
3.04198e-08
3.89475e-09
3.01376e-08
3.5241e-09
2.98193e-08
3.201e-09
2.94774e-08
2.92555e-09
2.91206e-08
2.69069e-09
2.87551e-08
2.4877e-09
2.83853e-08
2.30878e-09
2.80147e-08
2.14784e-09
2.76462e-08
2.00036e-09
2.72827e-08
1.86306e-09
2.69266e-08
1.73349e-09
2.65804e-08
1.60971e-09
2.62463e-08
1.49014e-09
2.59267e-08
1.37339e-09
2.56237e-08
1.25824e-09
2.53396e-08
1.14357e-09
2.50764e-08
1.02846e-09
2.4836e-08
9.12218e-10
2.46202e-08
7.9458e-10
2.44301e-08
6.75912e-10
2.42665e-08
5.57401e-10
2.41292e-08
4.41204e-10
2.40172e-08
3.30468e-10
2.39286e-08
2.29077e-10
2.38604e-08
1.40757e-10
2.38089e-08
6.71351e-11
2.37735e-08
7.79705e-12
2.37538e-08
-3.64244e-11
2.37467e-08
-6.57332e-11
2.37493e-08
-8.34504e-11
2.37589e-08
-9.24893e-11
2.37735e-08
-9.52914e-11
2.37912e-08
-9.37972e-11
2.38106e-08
-8.94793e-11
2.38306e-08
-8.34156e-11
2.38503e-08
-7.63766e-11
2.38693e-08
-6.89053e-11
2.38871e-08
-6.13817e-11
2.39034e-08
-5.40702e-11
2.3918e-08
-4.71525e-11
2.3931e-08
-4.07496e-11
2.39423e-08
-3.49355e-11
2.3952e-08
-2.97468e-11
2.39602e-08
-2.51899e-11
2.39671e-08
-2.12467e-11
2.39729e-08
-1.78804e-11
2.39777e-08
-1.50405e-11
2.39816e-08
-1.26684e-11
2.39849e-08
-1.07019e-11
2.39876e-08
-9.079e-12
2.39898e-08
-7.74162e-12
2.39917e-08
-6.63722e-12
2.39932e-08
-5.72031e-12
2.39946e-08
-4.95285e-12
2.39957e-08
-4.30391e-12
2.39967e-08
-3.74906e-12
2.39975e-08
-3.26939e-12
2.39982e-08
-2.85045e-12
2.39989e-08
-2.48128e-12
2.39994e-08
-2.15354e-12
2.39999e-08
-1.86071e-12
2.40003e-08
-1.5976e-12
2.40006e-08
-1.35984e-12
2.40009e-08
-1.14352e-12
2.40012e-08
-9.44917e-13
2.40014e-08
-7.59945e-13
2.40015e-08
-5.83497e-13
2.40016e-08
-4.07918e-13
-2.04712e-13
3.13419e-08
4.34961e-09
-3.10622e-08
3.16256e-08
4.83118e-09
3.18566e-08
4.95344e-09
3.2016e-08
4.85109e-09
3.20961e-08
4.61006e-09
3.21002e-08
4.29289e-09
3.20402e-08
3.95467e-09
3.19308e-08
3.63353e-09
3.17847e-08
3.34713e-09
3.16117e-08
3.09857e-09
3.14188e-08
2.8836e-09
3.12108e-08
2.69564e-09
3.09914e-08
2.5282e-09
3.07633e-08
2.37595e-09
3.05289e-08
2.23475e-09
3.02905e-08
2.10146e-09
3.00503e-08
1.97369e-09
2.98105e-08
1.84952e-09
2.95733e-08
1.72733e-09
2.9341e-08
1.60572e-09
2.91157e-08
1.48346e-09
2.88999e-08
1.35943e-09
2.86956e-08
1.23276e-09
2.85049e-08
1.10291e-09
2.83296e-08
9.6984e-10
2.81713e-08
8.34295e-10
2.80307e-08
6.97955e-10
2.79083e-08
5.6357e-10
2.78039e-08
4.34897e-10
2.77167e-08
3.16323e-10
2.76454e-08
2.12003e-10
2.75881e-08
1.24474e-10
2.75423e-08
5.35738e-11
2.75079e-08
-2.06607e-12
2.74851e-08
-4.28462e-11
2.7472e-08
-7.03795e-11
2.7467e-08
-8.75255e-11
2.74685e-08
-9.68002e-11
2.7475e-08
-1.00276e-10
2.74851e-08
-9.95915e-11
2.74977e-08
-9.60072e-11
2.75118e-08
-9.04719e-11
2.75266e-08
-8.36978e-11
2.75414e-08
-7.62215e-11
2.75558e-08
-6.84506e-11
2.75694e-08
-6.06968e-11
2.75818e-08
-5.31971e-11
2.7593e-08
-4.61278e-11
2.76029e-08
-3.96131e-11
2.76114e-08
-3.37313e-11
2.76187e-08
-2.85203e-11
2.76248e-08
-2.39836e-11
2.76298e-08
-2.00966e-11
2.7634e-08
-1.68132e-11
2.76374e-08
-1.4073e-11
2.76401e-08
-1.18078e-11
2.76423e-08
-9.94714e-12
2.76441e-08
-8.4233e-12
2.76455e-08
-7.17418e-12
2.76467e-08
-6.1455e-12
2.76477e-08
-5.29157e-12
2.76485e-08
-4.57522e-12
2.76492e-08
-3.96702e-12
2.76498e-08
-3.44424e-12
2.76503e-08
-2.9896e-12
2.76508e-08
-2.59002e-12
2.76512e-08
-2.23559e-12
2.76515e-08
-1.91864e-12
2.76517e-08
-1.63303e-12
2.7652e-08
-1.37356e-12
2.76522e-08
-1.13546e-12
2.76523e-08
-9.13763e-13
2.76524e-08
-7.02297e-13
2.76525e-08
-4.90835e-13
-2.35386e-13
3.23145e-08
4.10079e-09
-3.20657e-08
3.25855e-08
4.56022e-09
3.28262e-08
4.71277e-09
3.30178e-08
4.65947e-09
3.31518e-08
4.47606e-09
3.32277e-08
4.21698e-09
3.32526e-08
3.92977e-09
3.32368e-08
3.64937e-09
3.31899e-08
3.39397e-09
3.31198e-08
3.16872e-09
3.30318e-08
2.97158e-09
3.29297e-08
2.7977e-09
3.28162e-08
2.64179e-09
3.2693e-08
2.49915e-09
3.25617e-08
2.36598e-09
3.24239e-08
2.23927e-09
3.2281e-08
2.11662e-09
3.21344e-08
1.99608e-09
3.19858e-08
1.87595e-09
3.18368e-08
1.75479e-09
3.16889e-08
1.63128e-09
3.15441e-08
1.50431e-09
3.14038e-08
1.373e-09
3.12698e-08
1.23691e-09
3.11435e-08
1.09617e-09
3.1026e-08
9.51766e-10
3.09183e-08
8.05681e-10
3.08208e-08
6.61009e-10
3.07339e-08
5.21814e-10
3.06576e-08
3.92687e-10
3.05917e-08
2.77908e-10
3.05358e-08
1.80313e-10
3.04888e-08
1.00574e-10
3.04496e-08
3.71655e-11
3.04184e-08
-1.16197e-11
3.03951e-08
-4.71515e-11
3.03791e-08
-7.15062e-11
3.03694e-08
-8.70711e-11
3.0365e-08
-9.58699e-11
3.03649e-08
-9.95485e-11
3.03683e-08
-9.94108e-11
3.03743e-08
-9.64756e-11
3.03822e-08
-9.1538e-11
3.03912e-08
-8.52254e-11
3.04008e-08
-7.80408e-11
3.04105e-08
-7.03931e-11
3.04199e-08
-6.26163e-11
3.04287e-08
-5.49808e-11
3.04368e-08
-4.76991e-11
3.0444e-08
-4.09298e-11
3.04503e-08
-3.47805e-11
3.04556e-08
-2.93119e-11
3.04601e-08
-2.45427e-11
3.04637e-08
-2.04573e-11
3.04666e-08
-1.70129e-11
3.0469e-08
-1.41483e-11
3.04708e-08
-1.17916e-11
3.04723e-08
-9.8675e-12
3.04734e-08
-8.3024e-12
3.04743e-08
-7.02889e-12
3.0475e-08
-5.98794e-12
3.04755e-08
-5.12993e-12
3.0476e-08
-4.41464e-12
3.04764e-08
-3.81039e-12
3.04767e-08
-3.29281e-12
3.04769e-08
-2.84349e-12
3.04771e-08
-2.44856e-12
3.04773e-08
-2.09755e-12
3.04775e-08
-1.78236e-12
3.04776e-08
-1.4964e-12
3.04777e-08
-1.23394e-12
3.04777e-08
-9.89303e-13
3.04778e-08
-7.55591e-13
3.04778e-08
-5.21e-13
-2.32975e-13
3.33113e-08
3.88126e-09
-3.30918e-08
3.35607e-08
4.3108e-09
3.37923e-08
4.48116e-09
3.39874e-08
4.46436e-09
3.4138e-08
4.32553e-09
3.42423e-08
4.11261e-09
3.43053e-08
3.86684e-09
3.43347e-08
3.61992e-09
3.43387e-08
3.39001e-09
3.43236e-08
3.18375e-09
3.42943e-08
3.00093e-09
3.42538e-08
2.83823e-09
3.42041e-08
2.69147e-09
3.41466e-08
2.55661e-09
3.40824e-08
2.43022e-09
3.40122e-08
2.30944e-09
3.39369e-08
2.19192e-09
3.38573e-08
2.07567e-09
3.37743e-08
1.95898e-09
3.36888e-08
1.8403e-09
3.36017e-08
1.71831e-09
3.35142e-08
1.59184e-09
3.34271e-08
1.46006e-09
3.33415e-08
1.32254e-09
3.32582e-08
1.17952e-09
3.31778e-08
1.0321e-09
3.31011e-08
8.82404e-10
3.30285e-08
7.33625e-10
3.29604e-08
5.89877e-10
3.28974e-08
4.55714e-10
3.284e-08
3.35346e-10
3.27886e-08
2.31677e-10
3.27434e-08
1.45718e-10
3.2704e-08
7.66485e-11
3.26699e-08
2.24687e-11
3.26415e-08
-1.87851e-11
3.26188e-08
-4.88042e-11
3.26014e-08
-6.96394e-11
3.25887e-08
-8.31929e-11
3.25802e-08
-9.10435e-11
3.25752e-08
-9.44668e-11
3.25733e-08
-9.44819e-11
3.25736e-08
-9.19046e-11
3.25758e-08
-8.73974e-11
3.25793e-08
-8.15096e-11
3.25836e-08
-7.47051e-11
3.25883e-08
-6.73799e-11
3.25932e-08
-5.98707e-11
3.2598e-08
-5.24584e-11
3.26024e-08
-4.53687e-11
3.26064e-08
-3.87724e-11
3.26099e-08
-3.27861e-11
3.26128e-08
-2.74763e-11
3.26152e-08
-2.28642e-11
3.26172e-08
-1.89339e-11
3.26186e-08
-1.5641e-11
3.26198e-08
-1.29216e-11
3.26206e-08
-1.07013e-11
3.26212e-08
-8.90261e-12
3.26216e-08
-7.4508e-12
3.26219e-08
-6.27793e-12
3.26221e-08
-5.32519e-12
3.26222e-08
-4.54371e-12
3.26223e-08
-3.8943e-12
3.26224e-08
-3.34643e-12
3.26224e-08
-2.87685e-12
3.26224e-08
-2.4681e-12
3.26224e-08
-2.10714e-12
3.26224e-08
-1.78407e-12
3.26224e-08
-1.49113e-12
3.26224e-08
-1.22184e-12
3.26224e-08
-9.7003e-13
3.26224e-08
-7.28529e-13
3.26223e-08
-4.85219e-13
-1.88633e-13
3.43358e-08
3.68703e-09
-3.41416e-08
3.45628e-08
4.08382e-09
3.47802e-08
4.26383e-09
3.4969e-08
4.27552e-09
3.51214e-08
4.1731e-09
3.52354e-08
3.99866e-09
3.53141e-08
3.78811e-09
3.5364e-08
3.56997e-09
3.53921e-08
3.36193e-09
3.54042e-08
3.17172e-09
3.54044e-08
3.00064e-09
3.53959e-08
2.84675e-09
3.53805e-08
2.70691e-09
3.53593e-08
2.57778e-09
3.53332e-08
2.45635e-09
3.53026e-08
2.33998e-09
3.52681e-08
2.22642e-09
3.52301e-08
2.11374e-09
3.51888e-08
2.00021e-09
3.51448e-08
1.88431e-09
3.50985e-08
1.76467e-09
3.50502e-08
1.64015e-09
3.50003e-08
1.50993e-09
3.49492e-08
1.37362e-09
3.48972e-08
1.23152e-09
3.48446e-08
1.08473e-09
3.47916e-08
9.35396e-10
3.47386e-08
7.86644e-10
3.4686e-08
6.42449e-10
3.46346e-08
5.07162e-10
3.45851e-08
3.84795e-10
3.45386e-08
2.78194e-10
3.44958e-08
1.88538e-10
3.4457e-08
1.15396e-10
3.44223e-08
5.72352e-11
3.43915e-08
1.19509e-11
3.43651e-08
-2.23529e-11
3.43428e-08
-4.73971e-11
3.43246e-08
-6.4921e-11
3.43099e-08
-7.64147e-11
3.42986e-08
-8.31017e-11
3.42901e-08
-8.59744e-11
3.4284e-08
-8.58411e-11
3.428e-08
-8.33703e-11
3.42776e-08
-7.9128e-11
3.42765e-08
-7.36035e-11
3.42763e-08
-6.72258e-11
3.42768e-08
-6.03708e-11
3.42777e-08
-5.33631e-11
3.42788e-08
-4.64746e-11
3.428e-08
-3.99221e-11
3.42811e-08
-3.38667e-11
3.4282e-08
-2.84145e-11
3.42828e-08
-2.36209e-11
3.42833e-08
-1.9497e-11
3.42837e-08
-1.60183e-11
3.42839e-08
-1.31342e-11
3.4284e-08
-1.07775e-11
3.4284e-08
-8.8729e-12
3.42839e-08
-7.3446e-12
3.42837e-08
-6.12123e-12
3.42835e-08
-5.13938e-12
3.42833e-08
-4.34529e-12
3.42831e-08
-3.69511e-12
3.42829e-08
-3.1543e-12
3.42827e-08
-2.69636e-12
3.42826e-08
-2.30138e-12
3.42824e-08
-1.95454e-12
3.42823e-08
-1.64475e-12
3.42822e-08
-1.36351e-12
3.4282e-08
-1.10391e-12
3.42819e-08
-8.59665e-13
3.42818e-08
-6.23763e-13
3.42817e-08
-3.84977e-13
-1.01289e-13
3.53893e-08
3.51415e-09
-3.52164e-08
3.55952e-08
3.87794e-09
3.57973e-08
4.06168e-09
3.5977e-08
4.09581e-09
3.61262e-08
4.02393e-09
3.62423e-08
3.88259e-09
3.63274e-08
3.70301e-09
3.63867e-08
3.51065e-09
3.64262e-08
3.32241e-09
3.64512e-08
3.1467e-09
3.64658e-08
2.98605e-09
3.64729e-08
2.83971e-09
3.64743e-08
2.70549e-09
3.64713e-08
2.58078e-09
3.64647e-08
2.46299e-09
3.64549e-08
2.34978e-09
3.64422e-08
2.23908e-09
3.64269e-08
2.12904e-09
3.64091e-08
2.01801e-09
3.63889e-08
1.90451e-09
3.63664e-08
1.78721e-09
3.63415e-08
1.66502e-09
3.63143e-08
1.53715e-09
3.62846e-08
1.40327e-09
3.62525e-08
1.26368e-09
3.62177e-08
1.11949e-09
3.61804e-08
9.72738e-10
3.61406e-08
8.26405e-10
3.60988e-08
6.84216e-10
3.60558e-08
5.50222e-10
3.60124e-08
4.28162e-10
3.59699e-08
3.20755e-10
3.59291e-08
2.29257e-10
3.5891e-08
1.53498e-10
3.5856e-08
9.22882e-11
3.58241e-08
4.38479e-11
3.57955e-08
6.26165e-12
3.57703e-08
-2.21883e-11
3.57484e-08
-4.30325e-11
3.57296e-08
-5.76662e-11
3.57138e-08
-6.72563e-11
3.57006e-08
-7.27623e-11
3.56897e-08
-7.49762e-11
3.56809e-08
-7.45622e-11
3.56739e-08
-7.20901e-11
3.56683e-08
-6.80597e-11
3.5664e-08
-6.29159e-11
3.56607e-08
-5.70555e-11
3.56582e-08
-5.08277e-11
3.56562e-08
-4.45321e-11
3.56547e-08
-3.84153e-11
3.56535e-08
-3.26677e-11
3.56525e-08
-2.74242e-11
3.56517e-08
-2.27663e-11
3.56509e-08
-1.87277e-11
3.56502e-08
-1.53026e-11
3.56495e-08
-1.24545e-11
3.56488e-08
-1.01263e-11
3.56482e-08
-8.24946e-12
3.56476e-08
-6.75154e-12
3.56471e-08
-5.56252e-12
3.56465e-08
-4.61879e-12
3.56461e-08
-3.86551e-12
3.56456e-08
-3.25739e-12
3.56452e-08
-2.75841e-12
3.56449e-08
-2.34076e-12
3.56446e-08
-1.98351e-12
3.56443e-08
-1.67111e-12
3.5644e-08
-1.39206e-12
3.56438e-08
-1.13765e-12
3.56436e-08
-9.00992e-13
3.56434e-08
-6.76e-13
3.56432e-08
-4.56241e-13
3.56431e-08
-2.32314e-13
2.39712e-14
3.64722e-08
3.35918e-09
-3.63172e-08
3.66589e-08
3.69123e-09
3.68462e-08
3.87434e-09
3.70161e-08
3.92589e-09
3.71603e-08
3.87978e-09
3.72756e-08
3.76723e-09
3.73633e-08
3.61532e-09
3.74274e-08
3.44659e-09
3.74729e-08
3.27688e-09
3.75047e-08
3.11495e-09
3.75265e-08
2.96423e-09
3.75412e-08
2.82501e-09
3.75507e-08
2.69595e-09
3.75564e-08
2.5751e-09
3.75591e-08
2.46033e-09
3.75592e-08
2.34962e-09
3.75572e-08
2.24112e-09
3.75531e-08
2.13311e-09
3.75471e-08
2.02406e-09
3.7539e-08
1.91256e-09
3.75288e-08
1.79738e-09
3.75164e-08
1.6775e-09
3.75013e-08
1.5522e-09
3.74834e-08
1.42118e-09
3.74623e-08
1.28479e-09
3.74377e-08
1.14407e-09
3.74095e-08
1.00097e-09
3.73776e-08
8.58233e-10
3.73425e-08
7.19306e-10
3.73049e-08
5.87898e-10
3.72656e-08
4.67445e-10
3.72258e-08
3.60501e-10
3.71868e-08
2.68348e-10
3.71492e-08
1.91006e-10
3.7114e-08
1.27551e-10
3.70813e-08
7.64963e-11
3.70514e-08
3.61474e-11
3.70244e-08
4.84808e-12
3.70002e-08
-1.8871e-11
3.69789e-08
-3.62831e-11
3.69601e-08
-4.84973e-11
3.69438e-08
-5.64391e-11
3.69297e-08
-6.08825e-11
3.69176e-08
-6.24841e-11
3.69073e-08
-6.1813e-11
3.68986e-08
-5.93731e-11
3.68913e-08
-5.56168e-11
3.68852e-08
-5.09511e-11
3.68802e-08
-4.57385e-11
3.68759e-08
-4.0294e-11
3.68724e-08
-3.48809e-11
3.68694e-08
-2.97085e-11
3.68669e-08
-2.49301e-11
3.68648e-08
-2.06457e-11
3.6863e-08
-1.69066e-11
3.68614e-08
-1.37223e-11
3.686e-08
-1.107e-11
3.68588e-08
-8.90378e-12
3.68577e-08
-7.16358e-12
3.68567e-08
-5.78362e-12
3.68559e-08
-4.69848e-12
3.68551e-08
-3.84765e-12
3.68544e-08
-3.17826e-12
3.68538e-08
-2.64618e-12
3.68533e-08
-2.21605e-12
3.68528e-08
-1.86048e-12
3.68524e-08
-1.55878e-12
3.6852e-08
-1.29566e-12
3.68517e-08
-1.05986e-12
3.68514e-08
-8.42992e-13
3.68511e-08
-6.38538e-13
3.68509e-08
-4.40919e-13
3.68507e-08
-2.44583e-13
3.68505e-08
-4.22956e-14
1.79622e-13
3.75851e-08
3.21932e-09
-3.74453e-08
3.77547e-08
3.52171e-09
3.79279e-08
3.70106e-09
3.80881e-08
3.76575e-09
3.82266e-08
3.74128e-09
3.834e-08
3.65381e-09
3.84286e-08
3.5267e-09
3.84954e-08
3.37976e-09
3.85447e-08
3.2276e-09
3.85806e-08
3.07904e-09
3.86067e-08
2.93816e-09
3.86256e-08
2.80606e-09
3.86394e-08
2.68216e-09
3.86494e-08
2.56511e-09
3.86565e-08
2.45323e-09
3.86613e-08
2.34484e-09
3.86641e-08
2.23829e-09
3.86652e-08
2.13206e-09
3.86645e-08
2.02473e-09
3.8662e-08
1.91504e-09
3.86576e-08
1.80183e-09
3.86509e-08
1.68418e-09
3.86417e-08
1.56145e-09
3.86294e-08
1.43343e-09
3.86137e-08
1.30045e-09
3.85943e-08
1.16352e-09
3.85708e-08
1.02445e-09
3.85433e-08
8.85777e-10
3.85119e-08
7.50632e-10
3.84775e-08
6.22387e-10
3.84407e-08
5.04174e-10
3.84029e-08
3.98366e-10
3.8365e-08
3.06241e-10
3.8328e-08
2.27965e-10
3.82927e-08
1.62835e-10
3.82596e-08
1.0961e-10
3.82289e-08
6.68164e-11
3.82008e-08
3.29629e-11
3.81753e-08
6.66153e-12
3.81523e-08
-1.32981e-11
3.81318e-08
-2.79564e-11
3.81135e-08
-3.82027e-11
3.80974e-08
-4.47916e-11
3.80833e-08
-4.83707e-11
3.8071e-08
-4.95062e-11
3.80604e-08
-4.8703e-11
3.80512e-08
-4.64166e-11
3.80433e-08
-4.30592e-11
3.80365e-08
-3.89997e-11
3.80308e-08
-3.45611e-11
3.80259e-08
-3.00165e-11
3.80218e-08
-2.55862e-11
3.80183e-08
-2.1436e-11
3.80153e-08
-1.76787e-11
3.80128e-08
-1.43791e-11
3.80107e-08
-1.15598e-11
3.80088e-08
-9.21042e-12
3.80072e-08
-7.29614e-12
3.80058e-08
-5.76679e-12
3.80046e-08
-4.56475e-12
3.80035e-08
-3.63122e-12
3.80026e-08
-2.91091e-12
3.80017e-08
-2.35488e-12
3.8001e-08
-1.92194e-12
3.80004e-08
-1.57891e-12
3.79998e-08
-1.29994e-12
3.79993e-08
-1.06555e-12
3.79989e-08
-8.61369e-13
3.79985e-08
-6.76903e-13
3.79982e-08
-5.04426e-13
3.79979e-08
-3.38059e-13
3.79976e-08
-1.72941e-13
3.79974e-08
-4.53631e-15
3.79971e-08
1.72106e-13
3.58329e-13
3.87289e-08
3.0923e-09
-3.86019e-08
3.88831e-08
3.3675e-09
3.90432e-08
3.54096e-09
3.91938e-08
3.61517e-09
3.93264e-08
3.60869e-09
3.94372e-08
3.54299e-09
3.95259e-08
3.43803e-09
3.95945e-08
3.31115e-09
3.96464e-08
3.17564e-09
3.96854e-08
3.0401e-09
3.97145e-08
2.90905e-09
3.97363e-08
2.78422e-09
3.97528e-08
2.66568e-09
3.97653e-08
2.5526e-09
3.97748e-08
2.44375e-09
3.97819e-08
2.33774e-09
3.9787e-08
2.23318e-09
3.97904e-08
2.12872e-09
3.9792e-08
2.0231e-09
3.97919e-08
1.91516e-09
3.97898e-08
1.80389e-09
3.97855e-08
1.68845e-09
3.97787e-08
1.5683e-09
3.97688e-08
1.44328e-09
3.97556e-08
1.31375e-09
3.97384e-08
1.18066e-09
3.97172e-08
1.04569e-09
3.96918e-08
9.11176e-10
3.96625e-08
7.79943e-10
3.96298e-08
6.55044e-10
3.95947e-08
5.39321e-10
3.95581e-08
4.34966e-10
3.95211e-08
3.43236e-10
3.94846e-08
2.64407e-10
3.94495e-08
1.97969e-10
3.94162e-08
1.42896e-10
3.93851e-08
9.79142e-11
3.93564e-08
6.16947e-11
3.93301e-08
3.29731e-11
3.93061e-08
1.06122e-11
3.92846e-08
-6.37937e-12
3.92652e-08
-1.88517e-11
3.9248e-08
-2.75368e-11
3.92327e-08
-3.30713e-11
3.92192e-08
-3.60166e-11
3.92073e-08
-3.68761e-11
3.9197e-08
-3.61062e-11
3.91881e-08
-3.4121e-11
3.91804e-08
-3.12924e-11
3.91738e-08
-2.79475e-11
3.91681e-08
-2.43653e-11
3.91633e-08
-2.07728e-11
3.91592e-08
-1.73445e-11
3.91557e-08
-1.42035e-11
3.91528e-08
-1.14252e-11
3.91503e-08
-9.04409e-12
3.91481e-08
-7.06117e-12
3.91463e-08
-5.4528e-12
3.91447e-08
-4.17904e-12
3.91433e-08
-3.19132e-12
3.91421e-08
-2.43858e-12
3.91411e-08
-1.87188e-12
3.91402e-08
-1.4474e-12
3.91394e-08
-1.1279e-12
3.91387e-08
-8.83233e-13
3.91381e-08
-6.89862e-13
3.91375e-08
-5.30048e-13
3.91371e-08
-3.90762e-13
3.91367e-08
-2.62586e-13
3.91363e-08
-1.38688e-13
3.9136e-08
-1.39871e-14
3.91357e-08
1.15565e-13
3.91354e-08
2.53381e-13
3.91352e-08
4.02094e-13
5.54389e-13
3.99043e-08
2.97632e-09
-3.97883e-08
4.00449e-08
3.22688e-09
4.01928e-08
3.39311e-09
4.03341e-08
3.47386e-09
4.04606e-08
3.48214e-09
4.05684e-08
3.4352e-09
4.06565e-08
3.34995e-09
4.07262e-08
3.24144e-09
4.07802e-08
3.12162e-09
4.08216e-08
2.99871e-09
4.08532e-08
2.87745e-09
4.08774e-08
2.76006e-09
4.0896e-08
2.64711e-09
4.09103e-08
2.53826e-09
4.09214e-08
2.43267e-09
4.09299e-08
2.32924e-09
4.09362e-08
2.22682e-09
4.09407e-08
2.12425e-09
4.09434e-08
2.02043e-09
4.09442e-08
1.91433e-09
4.0943e-08
1.80504e-09
4.09396e-08
1.69185e-09
4.09336e-08
1.5743e-09
4.09246e-08
1.45228e-09
4.09122e-08
1.32617e-09
4.0896e-08
1.19688e-09
4.08757e-08
1.06595e-09
4.08514e-08
9.3552e-10
4.08232e-08
8.08149e-10
4.07917e-08
6.86589e-10
4.07576e-08
5.73412e-10
4.07219e-08
4.70643e-10
4.06856e-08
3.79499e-10
4.06497e-08
3.00346e-10
4.06148e-08
2.32838e-10
4.05816e-08
1.76141e-10
4.05503e-08
1.29165e-10
4.05213e-08
9.07354e-11
4.04945e-08
5.97093e-11
4.04701e-08
3.50362e-11
4.0448e-08
1.57826e-11
4.0428e-08
1.1341e-12
4.04101e-08
-9.61802e-12
4.03941e-08
-1.70961e-11
4.03799e-08
-2.18544e-11
4.03674e-08
-2.4393e-11
4.03565e-08
-2.51671e-11
4.0347e-08
-2.45906e-11
4.03387e-08
-2.30366e-11
4.03316e-08
-2.08342e-11
4.03255e-08
-1.82658e-11
4.03203e-08
-1.55637e-11
4.03159e-08
-1.2909e-11
4.03121e-08
-1.04333e-11
4.03089e-08
-8.22186e-12
4.03062e-08
-6.31972e-12
4.03038e-08
-4.73907e-12
4.03018e-08
-3.46728e-12
4.03001e-08
-2.47485e-12
4.02987e-08
-1.72266e-12
4.02974e-08
-1.16791e-12
4.02963e-08
-7.68645e-13
4.02953e-08
-4.86708e-13
4.02945e-08
-2.8941e-13
4.02938e-08
-1.50095e-13
4.02931e-08
-4.79396e-14
4.02926e-08
3.2732e-14
4.02921e-08
1.03359e-13
4.02916e-08
1.72104e-13
4.02912e-08
2.44774e-13
4.02909e-08
3.25548e-13
4.02906e-08
4.17568e-13
4.02903e-08
5.23103e-13
4.02901e-08
6.42789e-13
7.64102e-13
4.11122e-08
2.86991e-09
-4.10058e-08
4.12408e-08
3.09832e-09
4.13773e-08
3.25659e-09
4.15097e-08
3.34146e-09
4.16302e-08
3.36166e-09
4.17346e-08
3.33078e-09
4.18216e-08
3.26297e-09
4.18919e-08
3.17118e-09
4.19474e-08
3.06605e-09
4.19908e-08
2.9553e-09
4.20246e-08
2.84373e-09
4.20507e-08
2.73387e-09
4.20711e-08
2.62673e-09
4.2087e-08
2.52236e-09
4.20994e-08
2.42027e-09
4.2109e-08
2.31965e-09
4.21162e-08
2.21958e-09
4.21214e-08
2.11909e-09
4.21246e-08
2.01722e-09
4.21259e-08
1.91307e-09
4.2125e-08
1.80588e-09
4.21219e-08
1.695e-09
4.21161e-08
1.58008e-09
4.21073e-08
1.46106e-09
4.20952e-08
1.33833e-09
4.20793e-08
1.21275e-09
4.20595e-08
1.08576e-09
4.20357e-08
9.59291e-10
4.20082e-08
8.35662e-10
4.19774e-08
7.17354e-10
4.19441e-08
6.06696e-10
4.19092e-08
5.05552e-10
4.18736e-08
4.15099e-10
4.18382e-08
3.3577e-10
4.18037e-08
2.6736e-10
4.17706e-08
2.09207e-10
4.17394e-08
1.60389e-10
4.17103e-08
1.19879e-10
4.16833e-08
8.66496e-11
4.16586e-08
5.97391e-11
4.16361e-08
3.82762e-11
4.16158e-08
2.14876e-11
4.15975e-08
8.69047e-12
4.15811e-08
-7.21961e-13
4.15665e-08
-7.29448e-12
4.15536e-08
-1.15218e-11
4.15423e-08
-1.3856e-11
4.15325e-08
-1.47096e-11
4.15239e-08
-1.44552e-11
4.15165e-08
-1.3423e-11
4.15101e-08
-1.18976e-11
4.15046e-08
-1.01154e-11
4.15e-08
-8.26347e-12
4.14961e-08
-6.48089e-12
4.14927e-08
-4.86215e-12
4.14898e-08
-3.46259e-12
4.14874e-08
-2.30523e-12
4.14853e-08
-1.38834e-12
4.14835e-08
-6.9288e-13
4.1482e-08
-1.89364e-13
4.14807e-08
1.56498e-13
4.14795e-08
3.79414e-13
4.14785e-08
5.11542e-13
4.14777e-08
5.80761e-13
4.14769e-08
6.09942e-13
4.14762e-08
6.16981e-13
4.14757e-08
6.15302e-13
4.14751e-08
6.14603e-13
4.14747e-08
6.21679e-13
4.14743e-08
6.41218e-13
4.14739e-08
6.76439e-13
4.14736e-08
7.29547e-13
4.14734e-08
8.01711e-13
4.14731e-08
8.91932e-13
9.8514e-13
4.23537e-08
2.77188e-09
-4.22556e-08
4.24715e-08
2.98049e-09
4.25976e-08
3.13048e-09
4.27215e-08
3.21755e-09
4.28359e-08
3.24724e-09
4.29367e-08
3.23001e-09
4.30222e-08
3.17752e-09
4.30925e-08
3.10085e-09
4.31491e-08
3.0094e-09
4.31942e-08
2.91027e-09
4.32297e-08
2.80818e-09
4.32577e-08
2.70589e-09
4.32797e-08
2.60471e-09
4.32971e-08
2.50504e-09
4.33106e-08
2.40669e-09
4.33212e-08
2.30911e-09
4.33292e-08
2.21161e-09
4.33349e-08
2.11337e-09
4.33385e-08
2.01362e-09
4.334e-08
1.91157e-09
4.33393e-08
1.80657e-09
4.33362e-08
1.6981e-09
4.33304e-08
1.58585e-09
4.33216e-08
1.46984e-09
4.33095e-08
1.35044e-09
4.32938e-08
1.2285e-09
4.32742e-08
1.10532e-09
4.32508e-08
9.82664e-10
4.32239e-08
8.62635e-10
4.31938e-08
7.47466e-10
4.31612e-08
6.39265e-10
4.3127e-08
5.3975e-10
4.3092e-08
4.50051e-10
4.30572e-08
3.70654e-10
4.3023e-08
3.01475e-10
4.29902e-08
2.42004e-10
4.29592e-08
1.91474e-10
4.293e-08
1.48996e-10
4.2903e-08
1.13656e-10
4.28782e-08
8.45794e-11
4.28555e-08
6.09586e-11
4.28349e-08
4.20646e-11
4.28164e-08
2.72435e-11
4.27998e-08
1.59075e-11
4.27849e-08
7.52317e-12
4.27718e-08
1.60323e-12
4.27603e-08
-2.29989e-12
4.27501e-08
-4.59591e-12
4.27413e-08
-5.65608e-12
4.27337e-08
-5.81069e-12
4.27272e-08
-5.34599e-12
4.27216e-08
-4.50179e-12
4.27168e-08
-3.47061e-12
4.27127e-08
-2.39869e-12
4.27092e-08
-1.38931e-12
4.27063e-08
-5.07772e-13
4.27037e-08
2.12258e-13
4.27016e-08
7.61727e-13
4.26998e-08
1.14924e-12
4.26982e-08
1.39463e-12
4.26968e-08
1.52359e-12
4.26956e-08
1.56344e-12
4.26946e-08
1.54019e-12
4.26937e-08
1.47673e-12
4.26929e-08
1.39199e-12
4.26922e-08
1.30079e-12
4.26916e-08
1.21416e-12
4.26911e-08
1.13997e-12
4.26906e-08
1.08355e-12
4.26902e-08
1.04841e-12
4.26899e-08
1.03677e-12
4.26896e-08
1.04988e-12
4.26893e-08
1.08787e-12
4.2689e-08
1.1485e-12
1.21593e-12
4.36296e-08
2.68127e-09
-4.3539e-08
4.37379e-08
2.87221e-09
4.38544e-08
3.01393e-09
4.39703e-08
3.10173e-09
4.40787e-08
3.13882e-09
4.41756e-08
3.13306e-09
4.42592e-08
3.09398e-09
4.43291e-08
3.03091e-09
4.43864e-08
2.95208e-09
4.44327e-08
2.86396e-09
4.44698e-08
2.7711e-09
4.44994e-08
2.67633e-09
4.45229e-08
2.58121e-09
4.45415e-08
2.48641e-09
4.45562e-08
2.392e-09
4.45676e-08
2.29767e-09
4.45763e-08
2.20293e-09
4.45825e-08
2.10715e-09
4.45865e-08
2.00967e-09
4.45882e-08
1.90986e-09
4.45876e-08
1.80718e-09
4.45845e-08
1.70118e-09
4.45787e-08
1.59166e-09
4.45699e-08
1.47865e-09
4.45578e-08
1.36255e-09
4.45421e-08
1.24415e-09
4.45228e-08
1.12466e-09
4.44998e-08
1.00568e-09
4.44733e-08
8.89108e-10
4.44438e-08
7.76958e-10
4.44119e-08
6.71142e-10
4.43784e-08
5.73241e-10
4.43441e-08
4.8434e-10
4.43098e-08
4.04963e-10
4.42762e-08
3.35128e-10
4.42437e-08
2.74462e-10
4.42129e-08
2.22339e-10
4.41839e-08
1.77999e-10
4.41569e-08
1.40637e-10
4.4132e-08
1.09465e-10
4.41092e-08
8.37393e-11
4.40885e-08
6.27775e-11
4.40698e-08
4.59576e-11
4.4053e-08
3.27127e-11
4.4038e-08
2.25236e-11
4.40247e-08
1.49121e-11
4.40129e-08
9.43677e-12
4.40026e-08
5.69181e-12
4.39937e-08
3.30824e-12
4.39859e-08
1.95638e-12
4.39792e-08
1.34884e-12
4.39735e-08
1.24275e-12
4.39686e-08
1.44064e-12
4.39644e-08
1.78937e-12
4.39608e-08
2.17718e-12
4.39578e-08
2.52904e-12
4.39552e-08
2.80087e-12
4.3953e-08
2.97297e-12
4.39511e-08
3.04362e-12
4.39494e-08
3.02306e-12
4.3948e-08
2.92836e-12
4.39468e-08
2.77938e-12
4.39458e-08
2.5959e-12
4.39448e-08
2.39571e-12
4.3944e-08
2.19368e-12
4.39433e-08
2.00143e-12
4.39427e-08
1.82754e-12
4.39422e-08
1.67791e-12
4.39417e-08
1.55636e-12
4.39413e-08
1.46518e-12
4.39409e-08
1.40552e-12
4.39406e-08
1.37769e-12
4.39403e-08
1.38089e-12
4.394e-08
1.41191e-12
1.4553e-12
4.49411e-08
2.59731e-09
-4.48572e-08
4.50409e-08
2.7725e-09
4.51486e-08
2.90615e-09
4.52568e-08
2.99355e-09
4.53593e-08
3.03628e-09
4.54523e-08
3.04011e-09
4.55336e-08
3.01265e-09
4.56028e-08
2.96174e-09
4.56604e-08
2.89451e-09
4.57076e-08
2.81676e-09
4.57459e-08
2.73277e-09
4.57768e-08
2.64542e-09
4.58016e-08
2.5564e-09
4.58215e-08
2.46659e-09
4.58372e-08
2.37628e-09
4.58495e-08
2.28539e-09
4.58588e-08
2.19359e-09
4.58655e-08
2.10042e-09
4.58698e-08
2.00538e-09
4.58717e-08
1.90795e-09
4.58712e-08
1.80769e-09
4.58682e-08
1.70425e-09
4.58623e-08
1.59749e-09
4.58535e-08
1.48749e-09
4.58414e-08
1.37464e-09
4.58259e-08
1.2597e-09
4.58067e-08
1.14377e-09
4.57841e-08
1.02833e-09
4.57581e-08
9.15071e-10
4.57293e-08
8.05822e-10
4.56981e-08
7.02315e-10
4.56653e-08
6.06008e-10
4.56317e-08
5.17936e-10
4.5598e-08
4.38654e-10
4.55649e-08
3.68266e-10
4.55328e-08
3.0652e-10
4.55023e-08
2.52916e-10
4.54735e-08
2.06816e-10
4.54466e-08
1.67521e-10
4.54217e-08
1.34325e-10
4.53989e-08
1.06551e-10
4.53781e-08
8.35629e-11
4.53593e-08
6.47735e-11
4.53424e-08
4.96393e-11
4.53272e-08
3.76573e-11
4.53138e-08
2.83602e-11
4.53019e-08
2.13141e-11
4.52915e-08
1.61183e-11
4.52824e-08
1.2407e-11
4.52745e-08
9.85166e-12
4.52677e-08
8.16426e-12
4.52618e-08
7.09929e-12
4.52568e-08
6.45459e-12
4.52525e-08
6.07045e-12
4.52489e-08
5.82691e-12
4.52458e-08
5.6395e-12
4.52431e-08
5.45392e-12
4.52408e-08
5.24005e-12
4.52389e-08
4.986e-12
4.52372e-08
4.69246e-12
4.52358e-08
4.36794e-12
4.52345e-08
4.02484e-12
4.52335e-08
3.67662e-12
4.52325e-08
3.33593e-12
4.52317e-08
3.01346e-12
4.5231e-08
2.71757e-12
4.52304e-08
2.45424e-12
4.52298e-08
2.22736e-12
4.52293e-08
2.03918e-12
4.52289e-08
1.89067e-12
4.52285e-08
1.78195e-12
4.52282e-08
1.71236e-12
4.52279e-08
1.68023e-12
4.52276e-08
1.68168e-12
1.70224e-12
4.62893e-08
2.51932e-09
-4.62114e-08
4.63814e-08
2.68049e-09
4.64811e-08
2.8064e-09
4.65821e-08
2.89259e-09
4.66788e-08
2.9395e-09
4.67677e-08
2.95124e-09
4.68465e-08
2.93381e-09
4.69146e-08
2.89371e-09
4.6972e-08
2.83705e-09
4.70198e-08
2.76899e-09
4.70591e-08
2.6935e-09
4.70911e-08
2.61339e-09
4.71171e-08
2.53045e-09
4.71379e-08
2.4457e-09
4.71546e-08
2.35962e-09
4.71677e-08
2.27231e-09
4.71777e-08
2.18361e-09
4.71849e-08
2.09322e-09
4.71895e-08
2.00075e-09
4.71916e-08
1.90582e-09
4.71912e-08
1.80808e-09
4.71882e-08
1.70727e-09
4.71824e-08
1.6033e-09
4.71736e-08
1.4963e-09
4.71616e-08
1.38666e-09
4.71462e-08
1.27509e-09
4.71273e-08
1.16262e-09
4.71051e-08
1.05057e-09
4.70797e-08
9.40497e-10
4.70514e-08
8.34035e-10
4.7021e-08
7.32762e-10
4.6989e-08
6.38023e-10
4.69561e-08
5.50805e-10
4.69231e-08
4.71684e-10
4.68905e-08
4.00836e-10
4.68589e-08
3.38116e-10
4.68287e-08
2.8314e-10
4.68001e-08
2.35382e-10
4.67734e-08
1.94242e-10
4.67486e-08
1.59096e-10
4.67258e-08
1.29332e-10
4.6705e-08
1.04364e-10
4.66862e-08
8.36395e-11
4.66692e-08
6.66405e-11
4.6654e-08
5.28823e-11
4.66404e-08
4.19102e-11
4.66284e-08
3.32994e-11
4.66179e-08
2.66553e-11
4.66087e-08
2.16158e-11
4.66007e-08
1.78544e-11
4.65938e-08
1.50828e-11
4.65878e-08
1.30533e-11
4.65827e-08
1.15592e-11
4.65783e-08
1.04347e-11
4.65746e-08
9.55191e-12
4.65714e-08
8.81714e-12
4.65687e-08
8.16618e-12
4.65664e-08
7.55873e-12
4.65644e-08
6.97288e-12
4.65627e-08
6.39995e-12
4.65612e-08
5.83991e-12
4.656e-08
5.29773e-12
4.65589e-08
4.78056e-12
4.65579e-08
4.2958e-12
4.65571e-08
3.84993e-12
4.65563e-08
3.44792e-12
4.65557e-08
3.09311e-12
4.65551e-08
2.7873e-12
4.65546e-08
2.53107e-12
4.65542e-08
2.32408e-12
4.65538e-08
2.16533e-12
4.65535e-08
2.05325e-12
4.65532e-08
1.98537e-12
4.65529e-08
1.95731e-12
1.95579e-12
4.76753e-08
2.44678e-09
-4.76028e-08
4.77604e-08
2.59545e-09
4.78528e-08
2.71404e-09
4.79469e-08
2.79843e-09
4.80381e-08
2.84832e-09
4.81228e-08
2.86652e-09
4.81989e-08
2.85768e-09
4.82655e-08
2.82714e-09
4.83225e-08
2.78006e-09
4.83705e-08
2.72099e-09
4.84104e-08
2.65358e-09
4.84433e-08
2.58048e-09
4.84702e-08
2.50354e-09
4.84921e-08
2.42388e-09
4.85096e-08
2.34212e-09
4.85234e-08
2.25851e-09
4.85339e-08
2.17305e-09
4.85416e-08
2.08556e-09
4.85466e-08
1.9958e-09
4.85489e-08
1.90347e-09
4.85487e-08
1.80833e-09
4.85457e-08
1.7102e-09
4.854e-08
1.60906e-09
4.85312e-08
1.50505e-09
4.85193e-08
1.39857e-09
4.85041e-08
1.29029e-09
4.84856e-08
1.18115e-09
4.84638e-08
1.07238e-09
4.84389e-08
9.65351e-10
4.84114e-08
8.61566e-10
4.83817e-08
7.62452e-10
4.83505e-08
6.69252e-10
4.83184e-08
5.82906e-10
4.8286e-08
5.04003e-10
4.82541e-08
4.32783e-10
4.8223e-08
3.69188e-10
4.81932e-08
3.12944e-10
4.8165e-08
2.63628e-10
4.81385e-08
2.20732e-10
4.81139e-08
1.83713e-10
4.80912e-08
1.52023e-10
4.80704e-08
1.25125e-10
4.80516e-08
1.02504e-10
4.80345e-08
8.36697e-11
4.80193e-08
6.8157e-11
4.80056e-08
5.55255e-11
4.79936e-08
4.53605e-11
4.7983e-08
3.72747e-11
4.79737e-08
3.09106e-11
4.79656e-08
2.59441e-11
4.79586e-08
2.20872e-11
4.79525e-08
1.90902e-11
4.79474e-08
1.67425e-11
4.79429e-08
1.48722e-11
4.79391e-08
1.3344e-11
4.79359e-08
1.20552e-11
4.79331e-08
1.09321e-11
4.79308e-08
9.92445e-12
4.79287e-08
9.00049e-12
4.7927e-08
8.14233e-12
4.79255e-08
7.34156e-12
4.79242e-08
6.59574e-12
4.79231e-08
5.90568e-12
4.79221e-08
5.27354e-12
4.79212e-08
4.70149e-12
4.79205e-08
4.19108e-12
4.79198e-08
3.74289e-12
4.79193e-08
3.35659e-12
4.79188e-08
3.03103e-12
4.79183e-08
2.7645e-12
4.79179e-08
2.55488e-12
4.79176e-08
2.39966e-12
4.79173e-08
2.29566e-12
4.7917e-08
2.23815e-12
2.21504e-12
4.91003e-08
2.37923e-09
-4.90328e-08
4.9179e-08
2.51674e-09
4.92646e-08
2.62846e-09
4.93524e-08
2.71067e-09
4.94381e-08
2.76257e-09
4.95187e-08
2.78598e-09
4.95919e-08
2.78446e-09
4.96567e-08
2.7623e-09
4.97129e-08
2.72386e-09
4.97608e-08
2.6731e-09
4.98011e-08
2.61328e-09
4.98347e-08
2.54694e-09
4.98623e-08
2.47587e-09
4.98849e-08
2.40128e-09
4.99032e-08
2.32389e-09
4.99176e-08
2.24407e-09
4.99287e-08
2.16194e-09
4.99368e-08
2.07747e-09
4.99421e-08
1.99051e-09
4.99447e-08
1.90088e-09
4.99446e-08
1.80842e-09
4.99417e-08
1.71303e-09
4.99361e-08
1.61472e-09
4.99274e-08
1.51368e-09
4.99157e-08
1.41031e-09
4.99008e-08
1.30523e-09
4.98826e-08
1.19933e-09
4.98613e-08
1.09369e-09
4.9837e-08
9.89595e-10
4.98102e-08
8.88379e-10
4.97813e-08
7.91351e-10
4.97509e-08
6.99657e-10
4.97196e-08
6.14196e-10
4.96881e-08
5.35562e-10
4.96568e-08
4.64046e-10
4.96263e-08
3.99674e-10
4.9597e-08
3.42262e-10
4.95691e-08
2.91484e-10
4.95429e-08
2.46922e-10
4.95185e-08
2.08109e-10
4.9496e-08
1.74559e-10
4.94753e-08
1.45785e-10
4.94565e-08
1.21312e-10
4.94395e-08
1.00677e-10
4.94242e-08
8.34371e-11
4.94106e-08
6.91667e-11
4.93985e-08
5.74629e-11
4.93878e-08
4.79464e-11
4.93785e-08
4.02653e-11
4.93703e-08
3.40984e-11
4.93633e-08
2.91583e-11
4.93572e-08
2.51938e-11
4.93519e-08
2.19908e-11
4.93474e-08
1.93716e-11
4.93436e-08
1.71936e-11
4.93403e-08
1.53459e-11
4.93374e-08
1.37452e-11
4.9335e-08
1.23317e-11
4.9333e-08
1.10642e-11
4.93312e-08
9.91575e-12
4.93297e-08
8.86959e-12
4.93284e-08
7.91601e-12
4.93272e-08
7.04952e-12
4.93262e-08
6.26698e-12
4.93254e-08
5.56625e-12
4.93246e-08
4.94535e-12
4.93239e-08
4.40208e-12
4.93234e-08
3.93389e-12
4.93229e-08
3.53786e-12
4.93224e-08
3.21087e-12
4.9322e-08
2.94964e-12
4.93217e-08
2.75076e-12
4.93213e-08
2.61036e-12
4.93211e-08
2.52349e-12
2.47898e-12
5.05654e-08
2.31628e-09
-5.05025e-08
5.06383e-08
2.44383e-09
5.07176e-08
2.54915e-09
5.07994e-08
2.62892e-09
5.08799e-08
2.68205e-09
5.09563e-08
2.70962e-09
5.10264e-08
2.71428e-09
5.10893e-08
2.69945e-09
5.11444e-08
2.66876e-09
5.11919e-08
2.6256e-09
5.12323e-08
2.57291e-09
5.12662e-08
2.51301e-09
5.12944e-08
2.44765e-09
5.13176e-08
2.37806e-09
5.13365e-08
2.30504e-09
5.13515e-08
2.22907e-09
5.13631e-08
2.15036e-09
5.13715e-08
2.06899e-09
5.13771e-08
1.98492e-09
5.13799e-08
1.89807e-09
5.138e-08
1.80834e-09
5.13773e-08
1.71571e-09
5.13718e-08
1.62025e-09
5.13633e-08
1.52216e-09
5.13518e-08
1.42184e-09
5.13372e-08
1.31988e-09
5.13194e-08
1.21709e-09
5.12986e-08
1.11448e-09
5.1275e-08
1.01319e-09
5.1249e-08
9.14435e-10
5.12209e-08
8.19419e-10
5.11914e-08
7.29198e-10
5.11609e-08
6.44628e-10
5.11302e-08
5.66307e-10
5.10997e-08
4.94567e-10
5.10698e-08
4.29505e-10
5.10411e-08
3.71021e-10
5.10137e-08
3.18878e-10
5.09879e-08
2.7274e-10
5.09637e-08
2.32213e-10
5.09414e-08
1.96873e-10
5.09209e-08
1.66283e-10
5.09022e-08
1.40007e-10
5.08853e-08
1.17611e-10
5.08701e-08
9.86752e-11
5.08564e-08
8.27914e-11
5.08443e-08
6.95688e-11
5.08336e-08
5.86373e-11
5.08243e-08
4.9651e-11
5.08161e-08
4.22921e-11
5.0809e-08
3.62744e-11
5.08028e-08
3.13456e-11
5.07975e-08
2.72882e-11
5.0793e-08
2.39193e-11
5.07891e-08
2.10894e-11
5.07857e-08
1.86794e-11
5.07829e-08
1.65973e-11
5.07804e-08
1.47737e-11
5.07783e-08
1.31583e-11
5.07765e-08
1.17153e-11
5.0775e-08
1.04198e-11
5.07737e-08
9.25499e-12
5.07725e-08
8.20901e-12
5.07715e-08
7.27348e-12
5.07706e-08
6.44188e-12
5.07698e-08
5.70871e-12
5.07692e-08
5.06891e-12
5.07686e-08
4.51764e-12
5.07681e-08
4.05019e-12
5.07676e-08
3.66196e-12
5.07672e-08
3.34854e-12
5.07669e-08
3.10559e-12
5.07666e-08
2.92861e-12
5.07663e-08
2.81248e-12
2.74656e-12
5.20719e-08
2.25761e-09
-5.20133e-08
5.21395e-08
2.37626e-09
5.2213e-08
2.47566e-09
5.22891e-08
2.55285e-09
5.23645e-08
2.6066e-09
5.24367e-08
2.63743e-09
5.25037e-08
2.64727e-09
5.25643e-08
2.63881e-09
5.26181e-08
2.61502e-09
5.26649e-08
2.5788e-09
5.27051e-08
2.53273e-09
5.27391e-08
2.47894e-09
5.27677e-08
2.41909e-09
5.27914e-08
2.3544e-09
5.28107e-08
2.28573e-09
5.28261e-08
2.21361e-09
5.28381e-08
2.13837e-09
5.2847e-08
2.06016e-09
5.28528e-08
1.97905e-09
5.28559e-08
1.89502e-09
5.28562e-08
1.80807e-09
5.28536e-08
1.71823e-09
5.28483e-08
1.62561e-09
5.284e-08
1.53044e-09
5.28287e-08
1.43311e-09
5.28144e-08
1.33418e-09
5.27971e-08
1.2344e-09
5.27769e-08
1.13468e-09
5.2754e-08
1.03608e-09
5.27288e-08
9.39693e-10
5.27016e-08
8.46615e-10
5.26729e-08
7.5783e-10
5.26434e-08
6.74154e-10
5.26135e-08
5.96182e-10
5.25838e-08
5.24283e-10
5.25547e-08
4.58613e-10
5.25266e-08
3.99151e-10
5.24997e-08
3.45736e-10
5.24744e-08
2.98111e-10
5.24506e-08
2.55952e-10
5.24286e-08
2.18895e-10
5.24083e-08
1.86552e-10
5.23898e-08
1.58525e-10
5.2373e-08
1.34413e-10
5.23579e-08
1.13819e-10
5.23443e-08
9.63523e-11
5.23322e-08
8.16359e-11
5.23216e-08
6.93095e-11
5.23122e-08
5.9034e-11
5.2304e-08
5.04955e-11
5.22968e-08
4.34095e-11
5.22907e-08
3.75228e-11
5.22853e-08
3.2615e-11
5.22808e-08
2.84983e-11
5.22768e-08
2.50167e-11
5.22735e-08
2.20434e-11
5.22706e-08
1.94777e-11
5.22681e-08
1.72414e-11
5.2266e-08
1.52751e-11
5.22642e-08
1.35344e-11
5.22626e-08
1.19868e-11
5.22613e-08
1.0608e-11
5.22601e-08
9.38012e-12
5.22591e-08
8.28957e-12
5.22582e-08
7.32543e-12
5.22574e-08
6.47861e-12
5.22568e-08
5.74116e-12
5.22562e-08
5.10592e-12
5.22556e-08
4.56633e-12
5.22552e-08
4.11633e-12
5.22548e-08
3.7503e-12
5.22544e-08
3.463e-12
5.22541e-08
3.24937e-12
5.22538e-08
3.10419e-12
3.01658e-12
5.3621e-08
2.20295e-09
-5.35664e-08
5.36837e-08
2.31364e-09
5.37517e-08
2.40758e-09
5.38225e-08
2.48214e-09
5.3893e-08
2.53603e-09
5.39611e-08
2.56938e-09
5.40248e-08
2.58353e-09
5.40831e-08
2.58056e-09
5.41352e-08
2.56289e-09
5.4181e-08
2.53296e-09
5.42208e-08
2.49301e-09
5.42547e-08
2.44497e-09
5.42834e-08
2.3904e-09
5.43073e-08
2.33048e-09
5.4327e-08
2.26608e-09
5.43428e-08
2.19781e-09
5.43551e-08
2.12605e-09
5.43642e-08
2.05104e-09
5.43704e-08
1.97292e-09
5.43736e-08
1.89176e-09
5.43741e-08
1.80762e-09
5.43717e-08
1.72057e-09
5.43666e-08
1.63077e-09
5.43585e-08
1.53848e-09
5.43476e-08
1.44407e-09
5.43337e-08
1.34808e-09
5.43169e-08
1.25119e-09
5.42973e-08
1.15426e-09
5.42751e-08
1.05823e-09
5.42507e-08
9.64113e-10
5.42244e-08
8.72899e-10
5.41967e-08
7.85511e-10
5.41682e-08
7.02723e-10
5.41392e-08
6.25131e-10
5.41104e-08
5.53131e-10
5.40821e-08
4.8693e-10
5.40546e-08
4.26575e-10
5.40284e-08
3.71979e-10
5.40036e-08
3.22956e-10
5.39803e-08
2.79248e-10
5.39586e-08
2.40548e-10
5.39386e-08
2.06518e-10
5.39204e-08
1.76798e-10
5.39038e-08
1.51019e-10
5.38888e-08
1.28808e-10
5.38753e-08
1.09794e-10
5.38634e-08
9.36131e-11
5.38527e-08
7.99167e-11
5.38434e-08
6.83724e-11
5.38352e-08
5.86712e-11
5.38281e-08
5.05302e-11
5.38219e-08
4.36958e-11
5.38166e-08
3.79451e-11
5.3812e-08
3.30858e-11
5.38081e-08
2.89557e-11
5.38047e-08
2.54207e-11
5.38018e-08
2.23717e-11
5.37993e-08
1.97221e-11
5.37972e-08
1.74038e-11
5.37954e-08
1.53642e-11
5.37938e-08
1.35627e-11
5.37924e-08
1.19685e-11
5.37913e-08
1.05574e-11
5.37902e-08
9.31071e-12
5.37893e-08
8.21304e-12
5.37886e-08
7.25176e-12
5.37879e-08
6.41603e-12
5.37873e-08
5.69635e-12
5.37868e-08
5.08425e-12
5.37863e-08
4.57219e-12
5.37859e-08
4.15337e-12
5.37856e-08
3.82166e-12
5.37853e-08
3.57143e-12
5.3785e-08
3.39757e-12
3.28764e-12
5.52142e-08
2.15207e-09
-5.51633e-08
5.52722e-08
2.25563e-09
5.53353e-08
2.34456e-09
5.54009e-08
2.41651e-09
5.54667e-08
2.47018e-09
5.55307e-08
2.50543e-09
5.55911e-08
2.52314e-09
5.56467e-08
2.52488e-09
5.5697e-08
2.51261e-09
5.57416e-08
2.48834e-09
5.57806e-08
2.45402e-09
5.58142e-08
2.41137e-09
5.58428e-08
2.36181e-09
5.58668e-08
2.30649e-09
5.58866e-08
2.24627e-09
5.59026e-08
2.1818e-09
5.59151e-08
2.11352e-09
5.59245e-08
2.04172e-09
5.59308e-08
1.96661e-09
5.59342e-08
1.88833e-09
5.59348e-08
1.807e-09
5.59327e-08
1.72274e-09
5.59277e-08
1.63574e-09
5.59199e-08
1.54627e-09
5.59093e-08
1.4547e-09
5.58958e-08
1.36155e-09
5.58795e-08
1.26746e-09
5.58606e-08
1.17319e-09
5.58392e-08
1.07961e-09
5.58157e-08
9.87655e-10
5.57904e-08
8.98228e-10
5.57637e-08
8.12189e-10
5.57361e-08
7.3028e-10
5.57082e-08
6.53088e-10
5.56803e-08
5.81033e-10
5.56528e-08
5.1437e-10
5.56262e-08
4.53203e-10
5.56007e-08
3.97512e-10
5.55764e-08
3.47176e-10
5.55537e-08
3.02002e-10
5.55325e-08
2.61736e-10
5.55129e-08
2.26087e-10
5.5495e-08
1.94736e-10
5.54787e-08
1.67344e-10
5.54639e-08
1.43563e-10
5.54507e-08
1.23042e-10
5.54388e-08
1.05433e-10
5.54284e-08
9.03972e-11
5.54191e-08
7.76105e-11
5.5411e-08
6.67686e-11
5.5404e-08
5.75912e-11
5.53978e-08
4.98244e-11
5.53925e-08
4.32431e-11
5.5388e-08
3.76508e-11
5.5384e-08
3.28795e-11
5.53807e-08
2.8788e-11
5.53778e-08
2.52596e-11
5.53753e-08
2.21991e-11
5.53732e-08
1.95303e-11
5.53714e-08
1.71925e-11
5.53698e-08
1.51378e-11
5.53684e-08
1.33282e-11
5.53673e-08
1.1734e-11
5.53662e-08
1.0331e-11
5.53653e-08
9.09981e-12
5.53646e-08
8.02408e-12
5.53639e-08
7.0901e-12
5.53633e-08
6.28601e-12
5.53628e-08
5.60147e-12
5.53623e-08
5.02744e-12
5.53619e-08
4.55595e-12
5.53616e-08
4.17997e-12
5.53613e-08
3.89334e-12
5.5361e-08
3.69099e-12
3.55951e-12
1.14376e-07
2.06206e-09
-1.14286e-07
1.14477e-07
2.15384e-09
1.14588e-07
2.23418e-09
1.14703e-07
2.30123e-09
1.1482e-07
2.35377e-09
1.14934e-07
2.39135e-09
1.15043e-07
2.41425e-09
1.15144e-07
2.42332e-09
1.15237e-07
2.41977e-09
1.1532e-07
2.40498e-09
1.15394e-07
2.38034e-09
1.15458e-07
2.34718e-09
1.15513e-07
2.30668e-09
1.1556e-07
2.25985e-09
1.15599e-07
2.2075e-09
1.1563e-07
2.15028e-09
1.15655e-07
2.08871e-09
1.15674e-07
2.02317e-09
1.15686e-07
1.95396e-09
1.15693e-07
1.88132e-09
1.15695e-07
1.80547e-09
1.15691e-07
1.7266e-09
1.15682e-07
1.64496e-09
1.15667e-07
1.56085e-09
1.15647e-07
1.47462e-09
1.15622e-07
1.38675e-09
1.15592e-07
1.29779e-09
1.15556e-07
1.2084e-09
1.15517e-07
1.1193e-09
1.15473e-07
1.03129e-09
1.15426e-07
9.45135e-10
1.15377e-07
8.61602e-10
1.15326e-07
7.81368e-10
1.15274e-07
7.05006e-10
1.15222e-07
6.32968e-10
1.15171e-07
5.65579e-10
1.15121e-07
5.0304e-10
1.15073e-07
4.45441e-10
1.15027e-07
3.92778e-10
1.14984e-07
3.44964e-10
1.14944e-07
3.0185e-10
1.14907e-07
2.63232e-10
1.14873e-07
2.28864e-10
1.14842e-07
1.98472e-10
1.14814e-07
1.71757e-10
1.14788e-07
1.48407e-10
1.14766e-07
1.28106e-10
1.14745e-07
1.10539e-10
1.14728e-07
9.53976e-11
1.14712e-07
8.23889e-11
1.14698e-07
7.12381e-11
1.14687e-07
6.16919e-11
1.14676e-07
5.35217e-11
1.14667e-07
4.65237e-11
1.1466e-07
4.05196e-11
1.14653e-07
3.53554e-11
1.14648e-07
3.09001e-11
1.14643e-07
2.70433e-11
1.14639e-07
2.36933e-11
1.14635e-07
2.07747e-11
1.14632e-07
1.82254e-11
1.14629e-07
1.59948e-11
1.14627e-07
1.40419e-11
1.14625e-07
1.23327e-11
1.14623e-07
1.08395e-11
1.14622e-07
9.53927e-12
1.1462e-07
8.41251e-12
1.14619e-07
7.44283e-12
1.14618e-07
6.61623e-12
1.14617e-07
5.9207e-12
1.14616e-07
5.34601e-12
1.14616e-07
4.88344e-12
1.14615e-07
4.5257e-12
1.14615e-07
4.26687e-12
4.10128e-12
1.31458e-07
1.97931e-09
-1.31375e-07
1.31551e-07
2.0609e-09
1.31651e-07
2.13348e-09
1.31757e-07
2.19566e-09
1.31864e-07
2.24635e-09
1.31971e-07
2.28498e-09
1.32073e-07
2.31144e-09
1.32171e-07
2.3261e-09
1.32261e-07
2.3296e-09
1.32343e-07
2.3228e-09
1.32417e-07
2.30664e-09
1.32482e-07
2.28207e-09
1.32538e-07
2.25002e-09
1.32587e-07
2.2113e-09
1.32628e-07
2.16665e-09
1.32661e-07
2.11669e-09
1.32688e-07
2.06195e-09
1.32709e-07
2.00285e-09
1.32723e-07
1.93977e-09
1.32731e-07
1.87301e-09
1.32734e-07
1.80285e-09
1.32731e-07
1.72957e-09
1.32722e-07
1.65343e-09
1.32708e-07
1.57475e-09
1.32689e-07
1.49388e-09
1.32665e-07
1.41124e-09
1.32635e-07
1.32733e-09
1.32601e-07
1.2427e-09
1.32562e-07
1.15797e-09
1.3252e-07
1.07379e-09
1.32474e-07
9.90857e-10
1.32426e-07
9.09823e-10
1.32376e-07
8.31314e-10
1.32325e-07
7.5589e-10
1.32274e-07
6.84024e-10
1.32223e-07
6.16096e-10
1.32174e-07
5.52388e-10
1.32126e-07
4.93085e-10
1.32081e-07
4.38286e-10
1.32038e-07
3.88008e-10
1.31997e-07
3.42194e-10
1.3196e-07
3.00728e-10
1.31925e-07
2.6344e-10
1.31894e-07
2.30119e-10
1.31865e-07
2.00519e-10
1.31839e-07
1.74373e-10
1.31816e-07
1.51396e-10
1.31795e-07
1.313e-10
1.31776e-07
1.13796e-10
1.3176e-07
9.86037e-11
1.31746e-07
8.54552e-11
1.31734e-07
7.40998e-11
1.31723e-07
6.43062e-11
1.31713e-07
5.58648e-11
1.31705e-07
4.85881e-11
1.31698e-07
4.23106e-11
1.31692e-07
3.68878e-11
1.31687e-07
3.21953e-11
1.31683e-07
2.81268e-11
1.31679e-07
2.45924e-11
1.31676e-07
2.15166e-11
1.31673e-07
1.88364e-11
1.3167e-07
1.64993e-11
1.31668e-07
1.44617e-11
1.31666e-07
1.26875e-11
1.31665e-07
1.11463e-11
1.31663e-07
9.81286e-12
1.31662e-07
8.66589e-12
1.31661e-07
7.68743e-12
1.3166e-07
6.86231e-12
1.31659e-07
6.17779e-12
1.31659e-07
5.62333e-12
1.31658e-07
5.19039e-12
1.31657e-07
4.87233e-12
4.664e-12
1.51079e-07
1.90654e-09
-1.51007e-07
1.51161e-07
1.97969e-09
1.51248e-07
2.04568e-09
1.51341e-07
2.10339e-09
1.51435e-07
2.15193e-09
1.51529e-07
2.19067e-09
1.51621e-07
2.21934e-09
1.5171e-07
2.23795e-09
1.51792e-07
2.24679e-09
1.51869e-07
2.24632e-09
1.51938e-07
2.23713e-09
1.52001e-07
2.21986e-09
1.52055e-07
2.19519e-09
1.52103e-07
2.16376e-09
1.52143e-07
2.12618e-09
1.52177e-07
2.08302e-09
1.52204e-07
2.03478e-09
1.52225e-07
1.98191e-09
1.5224e-07
1.92479e-09
1.52249e-07
1.86378e-09
1.52253e-07
1.79921e-09
1.52251e-07
1.73137e-09
1.52244e-07
1.66056e-09
1.52232e-07
1.58711e-09
1.52214e-07
1.51136e-09
1.52192e-07
1.43369e-09
1.52165e-07
1.35452e-09
1.52133e-07
1.27433e-09
1.52097e-07
1.19366e-09
1.52058e-07
1.11308e-09
1.52016e-07
1.03316e-09
1.51971e-07
9.545e-10
1.51925e-07
8.77684e-10
1.51877e-07
8.03252e-10
1.5183e-07
7.31689e-10
1.51782e-07
6.63418e-10
1.51736e-07
5.98785e-10
1.51691e-07
5.38053e-10
1.51648e-07
4.81409e-10
1.51607e-07
4.28957e-10
1.51568e-07
3.80727e-10
1.51532e-07
3.36683e-10
1.51499e-07
2.96726e-10
1.51469e-07
2.60704e-10
1.51441e-07
2.28426e-10
1.51415e-07
1.99665e-10
1.51393e-07
1.74173e-10
1.51372e-07
1.51687e-10
1.51354e-07
1.31938e-10
1.51338e-07
1.14661e-10
1.51324e-07
9.95941e-11
1.51311e-07
8.64915e-11
1.51301e-07
7.51211e-11
1.51291e-07
6.5269e-11
1.51283e-07
5.67404e-11
1.51276e-07
4.93602e-11
1.5127e-07
4.29729e-11
1.51265e-07
3.74416e-11
1.5126e-07
3.26473e-11
1.51256e-07
2.84874e-11
1.51253e-07
2.48742e-11
1.5125e-07
2.1733e-11
1.51248e-07
1.9001e-11
1.51245e-07
1.66252e-11
1.51243e-07
1.45613e-11
1.51242e-07
1.27719e-11
1.5124e-07
1.12259e-11
1.51239e-07
9.89692e-12
1.51238e-07
8.76296e-12
1.51237e-07
7.80552e-12
1.51236e-07
7.00925e-12
1.51236e-07
6.36162e-12
1.51235e-07
5.85284e-12
1.51234e-07
5.476e-12
5.229e-12
1.73612e-07
1.84705e-09
-1.73553e-07
1.73678e-07
1.91365e-09
1.7375e-07
1.97437e-09
1.73825e-07
2.02833e-09
1.73902e-07
2.07477e-09
1.73979e-07
2.11308e-09
1.74056e-07
2.14289e-09
1.7413e-07
2.16406e-09
1.742e-07
2.17663e-09
1.74265e-07
2.1808e-09
1.74326e-07
2.1769e-09
1.7438e-07
2.16535e-09
1.74429e-07
2.1466e-09
1.74471e-07
2.12116e-09
1.74508e-07
2.08953e-09
1.74539e-07
2.05219e-09
1.74564e-07
2.0096e-09
1.74584e-07
1.9622e-09
1.74598e-07
1.91038e-09
1.74607e-07
1.85451e-09
1.74612e-07
1.79493e-09
1.74611e-07
1.73196e-09
1.74606e-07
1.66592e-09
1.74596e-07
1.59711e-09
1.74581e-07
1.52586e-09
1.74562e-07
1.45253e-09
1.74539e-07
1.3775e-09
1.74513e-07
1.30118e-09
1.74482e-07
1.22404e-09
1.74449e-07
1.14656e-09
1.74413e-07
1.06927e-09
1.74374e-07
9.92721e-10
1.74335e-07
9.17442e-10
1.74294e-07
8.43963e-10
1.74253e-07
7.72781e-10
1.74212e-07
7.04345e-10
1.74172e-07
6.39049e-10
1.74133e-07
5.77218e-10
1.74095e-07
5.19105e-10
1.74059e-07
4.64886e-10
1.74025e-07
4.14664e-10
1.73993e-07
3.68467e-10
1.73964e-07
3.26259e-10
1.73936e-07
2.87942e-10
1.73911e-07
2.53371e-10
1.73889e-07
2.22358e-10
1.73868e-07
1.94687e-10
1.7385e-07
1.70119e-10
1.73833e-07
1.48406e-10
1.73819e-07
1.29294e-10
1.73806e-07
1.12533e-10
1.73794e-07
9.78786e-11
1.73784e-07
8.51005e-11
1.73776e-07
7.39821e-11
1.73768e-07
6.43235e-11
1.73762e-07
5.59421e-11
1.73756e-07
4.86736e-11
1.73751e-07
4.23714e-11
1.73747e-07
3.69061e-11
1.73743e-07
3.21645e-11
1.7374e-07
2.80486e-11
1.73737e-07
2.44743e-11
1.73735e-07
2.13695e-11
1.73733e-07
1.86734e-11
1.73731e-07
1.63343e-11
1.73729e-07
1.43088e-11
1.73728e-07
1.25601e-11
1.73727e-07
1.10575e-11
1.73726e-07
9.77511e-12
1.73725e-07
8.6914e-12
1.73724e-07
7.78847e-12
1.73723e-07
7.05185e-12
1.73723e-07
6.47027e-12
1.73722e-07
6.03542e-12
5.74171e-12
1.99485e-07
1.80575e-09
-1.99444e-07
1.99531e-07
1.86793e-09
1.9958e-07
1.92501e-09
1.99632e-07
1.97625e-09
1.99686e-07
2.02101e-09
1.9974e-07
2.0587e-09
1.99794e-07
2.08892e-09
1.99847e-07
2.11143e-09
1.99897e-07
2.12617e-09
1.99945e-07
2.13319e-09
1.99989e-07
2.13265e-09
2.0003e-07
2.12482e-09
2.00066e-07
2.11005e-09
2.00099e-07
2.08872e-09
2.00127e-07
2.06124e-09
2.00151e-07
2.02804e-09
2.00171e-07
1.98954e-09
2.00187e-07
1.94615e-09
2.002e-07
1.89825e-09
2.00208e-07
1.84621e-09
2.00212e-07
1.79038e-09
2.00213e-07
1.73108e-09
2.00211e-07
1.66862e-09
2.00204e-07
1.60331e-09
2.00195e-07
1.53546e-09
2.00182e-07
1.4654e-09
2.00166e-07
1.39346e-09
2.00147e-07
1.32004e-09
2.00126e-07
1.24554e-09
2.00102e-07
1.17041e-09
2.00076e-07
1.09513e-09
2.00048e-07
1.02021e-09
2.0002e-07
9.46149e-10
1.9999e-07
8.73478e-10
1.9996e-07
8.02693e-10
1.9993e-07
7.34262e-10
1.99901e-07
6.68608e-10
1.99872e-07
6.06097e-10
1.99844e-07
5.47028e-10
1.99817e-07
4.91628e-10
1.99792e-07
4.40048e-10
1.99768e-07
3.92365e-10
1.99746e-07
3.48585e-10
1.99725e-07
3.08652e-10
1.99706e-07
2.72453e-10
1.99688e-07
2.3983e-10
1.99672e-07
2.10589e-10
1.99658e-07
1.84513e-10
1.99645e-07
1.61364e-10
1.99633e-07
1.40902e-10
1.99623e-07
1.2288e-10
1.99614e-07
1.07062e-10
1.99606e-07
9.32161e-11
1.99599e-07
8.11262e-11
1.99592e-07
7.05898e-11
1.99587e-07
6.14205e-11
1.99582e-07
5.34493e-11
1.99578e-07
4.65239e-11
1.99574e-07
4.05087e-11
1.99571e-07
3.52843e-11
1.99569e-07
3.07463e-11
1.99566e-07
2.68042e-11
1.99564e-07
2.33803e-11
1.99563e-07
2.04078e-11
1.99561e-07
1.78302e-11
1.9956e-07
1.55992e-11
1.99559e-07
1.36741e-11
1.99558e-07
1.20206e-11
1.99557e-07
1.06094e-11
1.99556e-07
9.41647e-12
1.99555e-07
8.42154e-12
1.99555e-07
7.60836e-12
1.99554e-07
6.96455e-12
1.99554e-07
6.48261e-12
6.16532e-12
2.29189e-07
-2.29173e-07
2.29207e-07
2.29227e-07
2.29248e-07
2.2927e-07
2.29292e-07
2.29315e-07
2.29337e-07
2.29359e-07
2.29381e-07
2.29401e-07
2.2942e-07
2.29437e-07
2.29453e-07
2.29468e-07
2.29481e-07
2.29492e-07
2.29502e-07
2.2951e-07
2.29516e-07
2.29521e-07
2.29524e-07
2.29526e-07
2.29525e-07
2.29524e-07
2.2952e-07
2.29516e-07
2.29509e-07
2.29502e-07
2.29493e-07
2.29483e-07
2.29473e-07
2.29461e-07
2.29449e-07
2.29437e-07
2.29424e-07
2.29412e-07
2.29399e-07
2.29387e-07
2.29375e-07
2.29364e-07
2.29353e-07
2.29342e-07
2.29332e-07
2.29323e-07
2.29314e-07
2.29306e-07
2.29298e-07
2.29291e-07
2.29284e-07
2.29278e-07
2.29273e-07
2.29268e-07
2.29263e-07
2.29259e-07
2.29255e-07
2.29252e-07
2.29249e-07
2.29246e-07
2.29243e-07
2.29241e-07
2.29239e-07
2.29237e-07
2.29236e-07
2.29234e-07
2.29233e-07
2.29232e-07
2.29231e-07
2.2923e-07
2.2923e-07
2.29229e-07
2.29229e-07
2.29228e-07
2.29228e-07
2.76752e-08
9.74777e-12
2.76664e-08
2.16415e-11
2.76538e-08
3.52673e-11
2.76375e-08
5.05646e-11
2.76177e-08
6.74629e-11
2.75942e-08
8.59816e-11
2.75667e-08
1.06244e-10
2.7535e-08
1.2848e-10
2.74985e-08
1.53056e-10
2.74564e-08
1.80528e-10
2.74077e-08
2.11735e-10
2.73506e-08
2.47956e-10
2.72829e-08
2.91206e-10
2.72007e-08
3.44815e-10
2.70975e-08
4.14683e-10
2.6962e-08
5.12364e-10
2.67702e-08
6.63904e-10
2.64626e-08
9.41867e-10
2.58109e-08
1.67407e-09
4.57798e-09
2.84862e-08
1.4696e-11
2.84772e-08
3.06863e-11
2.84642e-08
4.81925e-11
2.84476e-08
6.72148e-11
2.84272e-08
8.78099e-11
2.84031e-08
1.10123e-10
2.83749e-08
1.34401e-10
2.83424e-08
1.61012e-10
2.8305e-08
1.90497e-10
2.82618e-08
2.23649e-10
2.82119e-08
2.61644e-10
2.81536e-08
3.06269e-10
2.80845e-08
3.60339e-10
2.80008e-08
4.28523e-10
2.78963e-08
5.19136e-10
2.77602e-08
6.48465e-10
2.75712e-08
8.52887e-10
2.72844e-08
1.22871e-09
2.68633e-08
2.09516e-09
4.71279e-09
2.9321e-08
1.97102e-11
2.93117e-08
3.99381e-11
2.92985e-08
6.14158e-11
2.92815e-08
8.42597e-11
2.92606e-08
1.08645e-10
2.92359e-08
1.34844e-10
2.92071e-08
1.63225e-10
2.91738e-08
1.94297e-10
2.91355e-08
2.28776e-10
2.90915e-08
2.67687e-10
2.90406e-08
3.12536e-10
2.89813e-08
3.65598e-10
2.89112e-08
4.30441e-10
2.88267e-08
5.12964e-10
2.87223e-08
6.23576e-10
2.85884e-08
7.82301e-10
2.84093e-08
1.03201e-09
2.81622e-08
1.47583e-09
2.78764e-08
2.38095e-09
4.51625e-09
3.01802e-08
2.47957e-11
3.01708e-08
4.93895e-11
3.01573e-08
7.49299e-11
3.01398e-08
1.01687e-10
3.01185e-08
1.29952e-10
3.00933e-08
1.6012e-10
3.00638e-08
1.92684e-10
3.00298e-08
2.28292e-10
2.99908e-08
2.6783e-10
2.99459e-08
3.1255e-10
2.98941e-08
3.64274e-10
2.9834e-08
4.2573e-10
2.97633e-08
5.01174e-10
2.96787e-08
5.97565e-10
2.95753e-08
7.26988e-10
2.94456e-08
9.11989e-10
2.92795e-08
1.19812e-09
2.90717e-08
1.68362e-09
2.88778e-08
2.57484e-09
4.29278e-09
3.10647e-08
2.9955e-11
3.1055e-08
5.9034e-11
3.10412e-08
8.87286e-11
3.10234e-08
1.19487e-10
3.10017e-08
1.51715e-10
3.09758e-08
1.85929e-10
3.09458e-08
2.22747e-10
3.09111e-08
2.62952e-10
3.08714e-08
3.07595e-10
3.08258e-08
3.58144e-10
3.07733e-08
4.16713e-10
3.07126e-08
4.86445e-10
3.06416e-08
5.72187e-10
3.05574e-08
6.81755e-10
3.0456e-08
8.28414e-10
3.0332e-08
1.03598e-09
3.01806e-08
1.34947e-09
3.00088e-08
1.85548e-09
2.98803e-08
2.70332e-09
4.09485e-09
3.1975e-08
3.51892e-11
3.19652e-08
6.88654e-11
3.19511e-08
1.02805e-10
3.19329e-08
1.37648e-10
3.19107e-08
1.73918e-10
3.18844e-08
2.12249e-10
3.18538e-08
2.5338e-10
3.18185e-08
2.98228e-10
3.17781e-08
3.47999e-10
3.17319e-08
4.04364e-10
3.16789e-08
4.697e-10
3.16178e-08
5.47508e-10
3.15469e-08
6.43117e-10
3.14637e-08
7.64965e-10
3.13651e-08
9.26972e-10
3.12481e-08
1.15304e-09
3.11123e-08
1.4852e-09
3.09725e-08
1.99529e-09
3.08917e-08
2.78409e-09
3.92438e-09
3.2912e-08
4.04987e-11
3.2902e-08
7.88766e-11
3.28877e-08
1.17149e-10
3.28692e-08
1.56156e-10
3.28465e-08
1.9654e-10
3.28197e-08
2.3905e-10
3.27886e-08
2.84545e-10
3.27527e-08
3.34064e-10
3.27118e-08
3.88965e-10
3.2665e-08
4.51096e-10
3.26117e-08
5.23068e-10
3.25505e-08
6.08673e-10
3.248e-08
7.13595e-10
3.23983e-08
8.46641e-10
3.23034e-08
1.02188e-09
3.21942e-08
1.26227e-09
3.20742e-08
1.60521e-09
3.19624e-08
2.10705e-09
3.19165e-08
2.83002e-09
3.77518e-09
3.38765e-08
4.58828e-11
3.38663e-08
8.906e-11
3.38517e-08
1.3175e-10
3.38329e-08
1.74995e-10
3.38098e-08
2.19559e-10
3.37826e-08
2.66303e-10
3.37509e-08
3.16197e-10
3.37146e-08
3.704e-10
3.36732e-08
4.30405e-10
3.3626e-08
4.98218e-10
3.35725e-08
5.76639e-10
3.35115e-08
6.69681e-10
3.34418e-08
7.83248e-10
3.33622e-08
9.26261e-10
3.32716e-08
1.11245e-09
3.31708e-08
1.36306e-09
3.30662e-08
1.70986e-09
3.29786e-08
2.19462e-09
3.29582e-08
2.85047e-09
3.64159e-09
3.48692e-08
5.13398e-11
3.48589e-08
9.94064e-11
3.4844e-08
1.46595e-10
3.48249e-08
1.94146e-10
3.48015e-08
2.42949e-10
3.47738e-08
2.93969e-10
3.47417e-08
3.48285e-10
3.4705e-08
4.07167e-10
3.46632e-08
4.72223e-10
3.46158e-08
5.45594e-10
3.45622e-08
6.30225e-10
3.45016e-08
7.30267e-10
3.44332e-08
8.5171e-10
3.43561e-08
1.00334e-09
3.42704e-08
1.19815e-09
3.41784e-08
1.45506e-09
3.40883e-08
1.7999e-09
3.40214e-08
2.26153e-09
3.40197e-08
2.8522e-09
3.51966e-09
3.58911e-08
5.68669e-11
3.58806e-08
1.09906e-10
3.58655e-08
1.61668e-10
3.58461e-08
2.13586e-10
3.58223e-08
2.66677e-10
3.57943e-08
3.22008e-10
3.57618e-08
3.80754e-10
3.57247e-08
4.44286e-10
3.56826e-08
5.14314e-10
3.56351e-08
5.93081e-10
3.55817e-08
6.83627e-10
3.55218e-08
7.90165e-10
3.54549e-08
9.18625e-10
3.53808e-08
1.07744e-09
3.53004e-08
1.27853e-09
3.52173e-08
1.53815e-09
3.51409e-08
1.87629e-09
3.50915e-08
2.31097e-09
3.51035e-08
2.84016e-09
3.40683e-09
3.69429e-08
6.24601e-11
3.69322e-08
1.20546e-10
3.69169e-08
1.7695e-10
3.68972e-08
2.33291e-10
3.68732e-08
2.90711e-10
3.68448e-08
3.50371e-10
3.6812e-08
4.13541e-10
3.67747e-08
4.81675e-10
3.67324e-08
5.56566e-10
3.6685e-08
6.40528e-10
3.66319e-08
7.36645e-10
3.6573e-08
8.49107e-10
3.6508e-08
9.83661e-10
3.64372e-08
1.14819e-09
3.63624e-08
1.3533e-09
3.62882e-08
1.61242e-09
3.62244e-08
1.9401e-09
3.61896e-08
2.3457e-09
3.62118e-08
2.818e-09
3.30143e-09
3.80255e-08
6.81144e-11
3.80147e-08
1.31314e-10
3.79992e-08
1.92421e-10
3.79793e-08
2.53231e-10
3.7955e-08
3.15009e-10
3.79264e-08
3.79008e-10
3.78933e-08
4.46576e-10
3.78558e-08
5.19243e-10
3.78135e-08
5.98858e-10
3.77662e-08
6.87775e-10
3.77138e-08
7.89072e-10
3.76561e-08
9.06834e-10
3.75932e-08
1.04651e-09
3.75261e-08
1.21528e-09
3.74572e-08
1.42226e-09
3.73915e-08
1.67808e-09
3.73391e-08
1.99249e-09
3.73167e-08
2.36814e-09
3.73462e-08
2.78844e-09
3.20238e-09
3.91398e-08
7.38234e-11
3.91289e-08
1.42195e-10
3.91133e-08
2.08057e-10
3.90931e-08
2.73374e-10
3.90686e-08
3.39528e-10
3.90398e-08
4.07859e-10
3.90066e-08
4.79784e-10
3.89689e-08
5.5689e-10
3.89267e-08
6.41064e-10
3.88798e-08
7.34662e-10
3.88282e-08
8.40704e-10
3.87719e-08
9.63099e-10
3.87116e-08
1.10689e-09
3.86484e-08
1.27844e-09
3.85853e-08
1.48534e-09
3.85279e-08
1.73551e-09
3.84858e-08
2.0346e-09
3.84735e-08
2.38037e-09
3.85085e-08
2.75353e-09
3.10894e-09
4.02868e-08
7.95799e-11
4.02758e-08
1.53172e-10
4.02601e-08
2.23831e-10
4.02398e-08
2.93682e-10
4.02151e-08
3.6422e-10
4.01861e-08
4.36862e-10
4.01528e-08
5.13084e-10
4.01151e-08
5.94514e-10
4.00731e-08
6.83051e-10
4.00268e-08
7.81022e-10
3.99762e-08
8.91339e-10
3.99216e-08
1.01767e-09
3.98639e-08
1.16457e-09
3.98048e-08
1.33752e-09
3.97476e-08
1.54254e-09
3.9698e-08
1.78512e-09
3.96651e-08
2.06755e-09
3.96613e-08
2.38416e-09
3.97e-08
2.71484e-09
3.02057e-09
4.14674e-08
8.5375e-11
4.14564e-08
1.64226e-10
4.14405e-08
2.39715e-10
4.14201e-08
3.14115e-10
4.13953e-08
3.89032e-10
4.13662e-08
4.65948e-10
4.13329e-08
5.46389e-10
4.12954e-08
6.32004e-10
4.12537e-08
7.24684e-10
4.12081e-08
8.2669e-10
4.11586e-08
9.40782e-10
4.1106e-08
1.07033e-09
4.10512e-08
1.21934e-09
4.09963e-08
1.39237e-09
4.09449e-08
1.59397e-09
4.09026e-08
1.82743e-09
4.08778e-08
2.0924e-09
4.08809e-08
2.38102e-09
4.09222e-08
2.67357e-09
2.9369e-09
4.26827e-08
9.11988e-11
4.26716e-08
1.75336e-10
4.26556e-08
2.55675e-10
4.26351e-08
3.3463e-10
4.26102e-08
4.13905e-10
4.25811e-08
4.95044e-10
4.25479e-08
5.79606e-10
4.25107e-08
6.69248e-10
4.24695e-08
7.65825e-10
4.24247e-08
8.71502e-10
4.23766e-08
9.88849e-10
4.23261e-08
1.12089e-09
4.22744e-08
1.27105e-09
4.22238e-08
1.44296e-09
4.2178e-08
1.63978e-09
4.21424e-08
1.86297e-09
4.21247e-08
2.11016e-09
4.21334e-08
2.37224e-09
4.21764e-08
2.63067e-09
2.85761e-09
4.39335e-08
9.70402e-11
4.39224e-08
1.86479e-10
4.39064e-08
2.71676e-10
4.38858e-08
3.55177e-10
4.3861e-08
4.38777e-10
4.38319e-08
5.24071e-10
4.37989e-08
6.1264e-10
4.3762e-08
7.06128e-10
4.37215e-08
8.06334e-10
4.36777e-08
9.15299e-10
4.36312e-08
1.03537e-09
4.35829e-08
1.16918e-09
4.35344e-08
1.31958e-09
4.34881e-08
1.48927e-09
4.34476e-08
1.6802e-09
4.34183e-08
1.89229e-09
4.34067e-08
2.12175e-09
4.342e-08
2.35892e-09
4.34639e-08
2.58686e-09
2.78245e-09
4.5221e-08
1.02887e-10
4.52099e-08
1.97629e-10
4.51939e-08
2.87679e-10
4.51734e-08
3.75704e-10
4.51485e-08
4.63581e-10
4.51197e-08
5.52946e-10
4.50869e-08
6.45388e-10
4.50505e-08
7.42523e-10
4.50108e-08
8.46072e-10
4.49682e-08
9.57925e-10
4.49234e-08
1.08017e-09
4.48775e-08
1.21506e-09
4.48322e-08
1.36484e-09
4.47901e-08
1.53137e-09
4.47548e-08
1.7155e-09
4.47311e-08
1.91596e-09
4.47249e-08
2.12802e-09
4.47418e-08
2.34199e-09
4.47859e-08
2.54274e-09
2.7112e-09
4.65463e-08
1.08725e-10
4.65352e-08
2.08758e-10
4.65192e-08
3.03643e-10
4.64987e-08
3.96156e-10
4.64741e-08
4.88247e-10
4.64454e-08
5.81582e-10
4.64131e-08
6.77747e-10
4.63773e-08
7.78314e-10
4.63385e-08
8.84903e-10
4.62972e-08
9.99237e-10
4.62542e-08
1.12313e-09
4.62108e-08
1.25843e-09
4.61689e-08
1.4068e-09
4.61309e-08
1.56934e-09
4.61004e-08
1.74598e-09
4.60818e-08
1.93454e-09
4.60801e-08
2.12974e-09
4.60999e-08
2.32224e-09
4.61438e-08
2.49875e-09
2.64369e-09
4.79104e-08
1.14539e-10
4.78993e-08
2.19837e-10
4.78834e-08
3.19522e-10
4.78631e-08
4.16472e-10
4.78387e-08
5.12698e-10
4.78104e-08
6.09888e-10
4.77785e-08
7.09611e-10
4.77434e-08
8.13377e-10
4.77056e-08
9.22695e-10
4.76658e-08
1.0391e-09
4.76248e-08
1.16412e-09
4.7584e-08
1.2992e-09
4.75454e-08
1.44546e-09
4.75114e-08
1.60332e-09
4.74854e-08
1.77196e-09
4.74714e-08
1.94857e-09
4.74735e-08
2.12761e-09
4.74954e-08
2.30035e-09
4.75389e-08
2.45528e-09
2.57975e-09
4.93145e-08
1.20314e-10
4.93035e-08
2.30833e-10
4.92877e-08
3.35268e-10
4.92676e-08
4.36588e-10
4.92435e-08
5.36856e-10
4.92156e-08
6.3777e-10
4.91843e-08
7.40869e-10
4.91501e-08
8.47594e-10
4.91135e-08
9.59321e-10
4.90752e-08
1.07738e-09
4.90363e-08
1.20303e-09
4.89982e-08
1.33732e-09
4.89628e-08
1.48085e-09
4.89326e-08
1.63348e-09
4.89108e-08
1.7938e-09
4.89008e-08
1.95857e-09
4.89061e-08
2.12226e-09
4.89296e-08
2.27689e-09
4.89723e-08
2.41261e-09
2.51925e-09
5.07597e-08
1.26033e-10
5.07489e-08
2.4171e-10
5.07333e-08
3.50829e-10
5.07134e-08
4.56438e-10
5.06897e-08
5.60638e-10
5.06623e-08
6.6513e-10
5.06318e-08
7.71415e-10
5.05985e-08
8.80845e-10
5.05632e-08
9.94659e-10
5.05266e-08
1.11399e-09
5.04898e-08
1.23979e-09
5.04544e-08
1.37275e-09
5.04222e-08
1.51304e-09
5.03956e-08
1.66002e-09
5.03776e-08
1.81184e-09
5.03711e-08
1.96504e-09
5.03791e-08
2.11426e-09
5.04037e-08
2.25235e-09
5.04453e-08
2.371e-09
2.46205e-09
5.22474e-08
1.31678e-10
5.22366e-08
2.5243e-10
5.22213e-08
3.66151e-10
5.22018e-08
4.7595e-10
5.21785e-08
5.83958e-10
5.21517e-08
6.9187e-10
5.2122e-08
8.01137e-10
5.20898e-08
9.13016e-10
5.20559e-08
1.0286e-09
5.20211e-08
1.14881e-09
5.19865e-08
1.27433e-09
5.19538e-08
1.40551e-09
5.19247e-08
1.54213e-09
5.19016e-08
1.68315e-09
5.1887e-08
1.82644e-09
5.18836e-08
1.96844e-09
5.18937e-08
2.10413e-09
5.19189e-08
2.22717e-09
5.19593e-08
2.33063e-09
2.40806e-09
5.37786e-08
1.37231e-10
5.37681e-08
2.62952e-10
5.3753e-08
3.81176e-10
5.37339e-08
4.9505e-10
5.37112e-08
6.06728e-10
5.36851e-08
7.17889e-10
5.36563e-08
8.29927e-10
5.36254e-08
9.43995e-10
5.35929e-08
1.06104e-09
5.356e-08
1.18176e-09
5.35277e-08
1.30661e-09
5.34976e-08
1.43561e-09
5.34715e-08
1.56822e-09
5.34515e-08
1.70311e-09
5.344e-08
1.83794e-09
5.34393e-08
1.96923e-09
5.34511e-08
2.09232e-09
5.34765e-08
2.20171e-09
5.35155e-08
2.29167e-09
2.35717e-09
5.53547e-08
1.42667e-10
5.53444e-08
2.7324e-10
5.53297e-08
3.95846e-10
5.53111e-08
5.13661e-10
5.5289e-08
6.28856e-10
5.52638e-08
7.43085e-10
5.5236e-08
8.57676e-10
5.52064e-08
9.73676e-10
5.51755e-08
1.09187e-09
5.51445e-08
1.21279e-09
5.51145e-08
1.33661e-09
5.5087e-08
1.4631e-09
5.50638e-08
1.59145e-09
5.50468e-08
1.72012e-09
5.5038e-08
1.84668e-09
5.50395e-08
1.96778e-09
5.50526e-08
2.07922e-09
5.5078e-08
2.17626e-09
5.51155e-08
2.25424e-09
2.30929e-09
1.14603e-07
1.52985e-10
1.14583e-07
2.92793e-10
1.14555e-07
4.23629e-10
1.1452e-07
5.48782e-10
1.14479e-07
6.70431e-10
1.14431e-07
7.9015e-10
1.1438e-07
9.09114e-10
1.14326e-07
1.02815e-09
1.1427e-07
1.14775e-09
1.14214e-07
1.26808e-09
1.14162e-07
1.38892e-09
1.14116e-07
1.50961e-09
1.14078e-07
1.62902e-09
1.14053e-07
1.74538e-09
1.14043e-07
1.85637e-09
1.14052e-07
1.95909e-09
1.14081e-07
2.05027e-09
1.1413e-07
2.12656e-09
1.142e-07
2.18496e-09
2.22322e-09
1.31645e-07
1.63289e-10
1.31626e-07
3.1225e-10
1.31598e-07
4.51215e-10
1.31564e-07
5.83515e-10
1.31523e-07
7.11312e-10
1.31477e-07
8.3608e-10
1.31427e-07
9.58822e-10
1.31375e-07
1.08013e-09
1.31323e-07
1.20023e-09
1.31272e-07
1.31895e-09
1.31225e-07
1.43576e-09
1.31185e-07
1.54973e-09
1.31154e-07
1.65954e-09
1.31136e-07
1.76348e-09
1.31133e-07
1.85948e-09
1.31147e-07
1.94524e-09
1.31179e-07
2.01841e-09
1.31228e-07
2.07682e-09
1.31295e-07
2.11873e-09
2.14308e-09
1.51223e-07
1.73065e-10
1.51204e-07
3.30647e-10
1.51178e-07
4.77217e-10
1.51146e-07
6.16105e-10
1.51108e-07
7.49432e-10
1.51065e-07
8.78558e-10
1.5102e-07
1.00431e-09
1.50973e-07
1.12708e-09
1.50926e-07
1.24682e-09
1.50882e-07
1.36312e-09
1.50843e-07
1.47525e-09
1.5081e-07
1.58215e-09
1.50787e-07
1.68247e-09
1.50776e-07
1.77469e-09
1.50778e-07
1.85712e-09
1.50795e-07
1.92809e-09
1.50828e-07
1.98606e-09
1.50875e-07
2.02977e-09
1.50935e-07
2.05843e-09
2.07174e-09
1.73712e-07
1.8159e-10
1.73696e-07
3.46617e-10
1.73674e-07
4.99707e-10
1.73646e-07
6.44169e-10
1.73613e-07
7.8206e-10
1.73577e-07
9.14629e-10
1.73539e-07
1.04255e-09
1.735e-07
1.16603e-09
1.73462e-07
1.28485e-09
1.73426e-07
1.39844e-09
1.73396e-07
1.50593e-09
1.73372e-07
1.60624e-09
1.73356e-07
1.69814e-09
1.7335e-07
1.78033e-09
1.73356e-07
1.85154e-09
1.73373e-07
1.91063e-09
1.73403e-07
1.95668e-09
1.73443e-07
1.98913e-09
1.73494e-07
2.00779e-09
2.01286e-09
1.99546e-07
1.8785e-10
1.99535e-07
3.58262e-10
1.99518e-07
5.16049e-10
1.99498e-07
6.64483e-10
1.99475e-07
8.05559e-10
1.99449e-07
9.40443e-10
1.99422e-07
1.0697e-09
1.99394e-07
1.19341e-09
1.99368e-07
1.31123e-09
1.99344e-07
1.42251e-09
1.99323e-07
1.52634e-09
1.99308e-07
1.62169e-09
1.99299e-07
1.70742e-09
1.99296e-07
1.78247e-09
1.99302e-07
1.84586e-09
1.99316e-07
1.89684e-09
1.99338e-07
1.93491e-09
1.99367e-07
1.95991e-09
1.99403e-07
1.97203e-09
1.97174e-09
2.29223e-07
2.29218e-07
2.29212e-07
2.29203e-07
2.29194e-07
2.29183e-07
2.29172e-07
2.2916e-07
2.29149e-07
2.29139e-07
2.2913e-07
2.29124e-07
2.29119e-07
2.29118e-07
2.29119e-07
2.29124e-07
2.29132e-07
2.29143e-07
2.29157e-07
)
;

boundaryField
{
    top
    {
        type            calculated;
        value           nonuniform List<scalar> 
95
(
1.78964e-09
1.84992e-09
1.90536e-09
1.95528e-09
1.99908e-09
2.03619e-09
2.06622e-09
2.08892e-09
2.10417e-09
2.11198e-09
2.11248e-09
2.10589e-09
2.0925e-09
2.07264e-09
2.04672e-09
2.01511e-09
1.97823e-09
1.93647e-09
1.89021e-09
1.83982e-09
1.78563e-09
1.72797e-09
1.66714e-09
1.60344e-09
1.53719e-09
1.46867e-09
1.39824e-09
1.32623e-09
1.25305e-09
1.17913e-09
1.1049e-09
1.03088e-09
9.57555e-10
8.85439e-10
8.15032e-10
7.46808e-10
6.81202e-10
6.18595e-10
5.59305e-10
5.03578e-10
4.51584e-10
4.03422e-10
3.59115e-10
3.18622e-10
2.81845e-10
2.48636e-10
2.18813e-10
1.92162e-10
1.68455e-10
1.47452e-10
1.28912e-10
1.12598e-10
9.82817e-11
8.57469e-11
7.47915e-11
6.52292e-11
5.68907e-11
4.96234e-11
4.32914e-11
3.77745e-11
3.29678e-11
2.87798e-11
2.51319e-11
2.19564e-11
1.91955e-11
1.68e-11
1.47278e-11
1.29434e-11
1.14165e-11
1.01217e-11
9.03739e-12
8.14577e-12
7.4317e-12
6.88092e-12
6.47633e-12
1.90415e-10
3.63004e-10
5.22722e-10
6.72807e-10
8.15226e-10
9.51104e-10
1.08096e-09
1.20481e-09
1.32228e-09
1.43268e-09
1.53508e-09
1.62846e-09
1.71175e-09
1.78397e-09
1.84425e-09
1.89201e-09
1.92689e-09
1.9489e-09
1.95835e-09
1.95584e-09
)
;
    }
    inlet
    {
        type            calculated;
        value           nonuniform List<scalar> 
31
(
-1.14613e-07
-1.31656e-07
-1.51233e-07
-1.73721e-07
-1.99553e-07
-2.29226e-07
-2.76801e-08
-2.84911e-08
-2.9326e-08
-3.01853e-08
-3.10698e-08
-3.19802e-08
-3.29173e-08
-3.38819e-08
-3.48747e-08
-3.58966e-08
-3.69484e-08
-3.80311e-08
-3.91455e-08
-4.02926e-08
-4.14732e-08
-4.26885e-08
-4.39394e-08
-4.52269e-08
-4.65521e-08
-4.79162e-08
-4.93203e-08
-5.07655e-08
-5.2253e-08
-5.37841e-08
-5.53601e-08
)
;
    }
    outlet
    {
        type            calculated;
        value           nonuniform List<scalar> 
31
(
1.14614e-07
1.31657e-07
1.51234e-07
1.73722e-07
1.99554e-07
2.29227e-07
2.81215e-09
8.57824e-09
1.42629e-08
1.94961e-08
2.40017e-08
2.76526e-08
3.04778e-08
3.26223e-08
3.42816e-08
3.5643e-08
3.68503e-08
3.7997e-08
3.9135e-08
4.02899e-08
4.14729e-08
4.26888e-08
4.39398e-08
4.52274e-08
4.65526e-08
4.79167e-08
4.93208e-08
5.0766e-08
5.22536e-08
5.37847e-08
5.53607e-08
)
;
    }
    plate
    {
        type            calculated;
        value           uniform 0;
    }
    symmBound
    {
        type            calculated;
        value           nonuniform List<scalar> 
20
(
-4.92226e-12
-1.27589e-11
-2.26643e-11
-3.43464e-11
-4.76379e-11
-6.24552e-11
-7.88002e-11
-9.67639e-11
-1.16538e-10
-1.38445e-10
-1.62984e-10
-1.90925e-10
-2.23471e-10
-2.62568e-10
-3.11571e-10
-3.76821e-10
-4.72055e-10
-6.34314e-10
-1.02235e-09
-2.48291e-09
)
;
    }
    frontAndBack
    {
        type            empty;
        value           nonuniform 0();
    }
}


// ************************************************************************* //
