/*--------------------------------*- C++ -*----------------------------------*\
| =========                 |                                                 |
| \\      /  F ield         | OpenFOAM: The Open Source CFD Toolbox           |
|  \\    /   O peration     | Version:  2.3.0                                 |
|   \\  /    A nd           | Web:      www.OpenFOAM.org                      |
|    \\/     M anipulation  |                                                 |
\*---------------------------------------------------------------------------*/
FoamFile
{
    version     2.0;
    format      ascii;
    class       volVectorField;
    location    "0.25";
    object      U;
}
// * * * * * * * * * * * * * * * * * * * * * * * * * * * * * * * * * * * * * //

dimensions      [0 1 -1 0 0 0 0];

internalField   nonuniform List<vector> 
3375
(
(0.17341 0.00612043 0)
(0.156948 0.00611008 0)
(0.141079 0.00565589 0)
(0.126075 0.00504261 0)
(0.112326 0.00437271 0)
(0.0999798 0.00369668 0)
(0.0890447 0.0030504 0)
(0.0794879 0.00245814 0)
(0.0712549 0.00193444 0)
(0.0642617 0.00148661 0)
(0.0583959 0.00111614 0)
(0.0535263 0.000819547 0)
(0.0495136 0.000589616 0)
(0.0462198 0.00041685 0)
(0.0435159 0.000290953 0)
(0.0412861 0.00020198 0)
(0.0394314 0.000141048 0)
(0.0378698 0.000100679 0)
(0.0365354 7.48589e-05 0)
(0.0353772 5.89497e-05 0)
(0.0343561 4.95086e-05 0)
(0.0334429 4.40832e-05 0)
(0.0326161 4.10011e-05 0)
(0.03186 3.91765e-05 0)
(0.0311629 3.79433e-05 0)
(0.0305162 3.69219e-05 0)
(0.0299134 3.59174e-05 0)
(0.0293495 3.48473e-05 0)
(0.0288204 3.36919e-05 0)
(0.0283228 3.24632e-05 0)
(0.027854 3.11859e-05 0)
(0.0274115 2.98865e-05 0)
(0.0269933 2.85889e-05 0)
(0.0265975 2.73117e-05 0)
(0.0262224 2.60683e-05 0)
(0.0258667 2.48674e-05 0)
(0.025529 2.37139e-05 0)
(0.0252081 2.261e-05 0)
(0.0249031 2.15557e-05 0)
(0.024613 2.05497e-05 0)
(0.0243371 1.95897e-05 0)
(0.0240747 1.86732e-05 0)
(0.0238252 1.7797e-05 0)
(0.023588 1.69582e-05 0)
(0.0233627 1.61541e-05 0)
(0.023149 1.53822e-05 0)
(0.0229465 1.46406e-05 0)
(0.022755 1.3928e-05 0)
(0.0225743 1.32436e-05 0)
(0.0224041 1.25865e-05 0)
(0.0222444 1.19549e-05 0)
(0.0220952 1.13439e-05 0)
(0.0219564 1.07434e-05 0)
(0.0218281 1.0135e-05 0)
(0.0217107 9.49003e-06 0)
(0.0216045 8.7675e-06 0)
(0.0215102 7.91608e-06 0)
(0.0214287 6.88066e-06 0)
(0.021361 5.62488e-06 0)
(0.0213082 4.19576e-06 0)
(0.0212713 2.77053e-06 0)
(0.0212511 1.50493e-06 0)
(0.0212475 4.53644e-07 0)
(0.0212556 -5.87189e-07 0)
(0.0212715 -1.41923e-06 0)
(0.0212927 -1.98987e-06 0)
(0.0213172 -2.29406e-06 0)
(0.0213433 -2.39716e-06 0)
(0.0213697 -2.36757e-06 0)
(0.0213954 -2.25174e-06 0)
(0.0214198 -2.08513e-06 0)
(0.0214425 -1.8919e-06 0)
(0.0214632 -1.69022e-06 0)
(0.021482 -1.49277e-06 0)
(0.0214989 -1.30766e-06 0)
(0.021514 -1.13936e-06 0)
(0.0215273 -9.89746e-07 0)
(0.0215392 -8.58705e-07 0)
(0.0215497 -7.45125e-07 0)
(0.021559 -6.47191e-07 0)
(0.0215671 -5.62954e-07 0)
(0.0215744 -4.90496e-07 0)
(0.0215807 -4.27995e-07 0)
(0.0215863 -3.73871e-07 0)
(0.0215912 -3.26811e-07 0)
(0.0215955 -2.8565e-07 0)
(0.0215993 -2.49533e-07 0)
(0.0216025 -2.17668e-07 0)
(0.0216053 -1.89569e-07 0)
(0.0216077 -1.64759e-07 0)
(0.0216098 -1.42985e-07 0)
(0.0216116 -1.2407e-07 0)
(0.0216131 -1.07992e-07 0)
(0.0216144 -9.49692e-08 0)
(0.0216155 -8.54763e-08 0)
(0.0216164 -8.06693e-08 0)
(0.0216173 -8.3225e-08 0)
(0.0216182 -1.0149e-07 0)
(0.0216192 -1.69294e-07 0)
(0.0216231 -5.85714e-07 0)
(0.192287 0.00952727 0)
(0.190145 0.00993576 0)
(0.186385 0.00968228 0)
(0.181402 0.00918058 0)
(0.175689 0.00854769 0)
(0.169582 0.00782727 0)
(0.163297 0.00705722 0)
(0.157001 0.00627172 0)
(0.150826 0.00549926 0)
(0.144872 0.00476337 0)
(0.139206 0.00408259 0)
(0.133869 0.00346983 0)
(0.12888 0.00293208 0)
(0.124242 0.00247082 0)
(0.119949 0.00208301 0)
(0.115984 0.00176231 0)
(0.112328 0.00150049 0)
(0.108957 0.00128851 0)
(0.105849 0.00111753 0)
(0.10298 0.000979505 0)
(0.100327 0.000867483 0)
(0.0978695 0.000775735 0)
(0.0955883 0.000699693 0)
(0.0934661 0.000635811 0)
(0.0914872 0.000581392 0)
(0.0896379 0.00053441 0)
(0.0879059 0.000493355 0)
(0.0862804 0.000457101 0)
(0.0847518 0.000424801 0)
(0.0833117 0.000395812 0)
(0.0819527 0.000369633 0)
(0.0806681 0.000345867 0)
(0.0794522 0.00032419 0)
(0.0782998 0.000304336 0)
(0.0772063 0.000286077 0)
(0.0761679 0.00026922 0)
(0.0751808 0.000253595 0)
(0.074242 0.000239055 0)
(0.0733488 0.00022547 0)
(0.0724987 0.000212725 0)
(0.0716897 0.000200719 0)
(0.0709199 0.00018936 0)
(0.0701877 0.000178569 0)
(0.0694918 0.000168273 0)
(0.0688312 0.000158409 0)
(0.0682049 0.000148919 0)
(0.0676122 0.000139753 0)
(0.0670525 0.000130866 0)
(0.0665254 0.000122217 0)
(0.0660308 0.000113767 0)
(0.0655686 0.000105474 0)
(0.0651388 9.72905e-05 0)
(0.0647419 8.91568e-05 0)
(0.0643782 8.09968e-05 0)
(0.0640486 7.27167e-05 0)
(0.0637541 6.42088e-05 0)
(0.0634957 5.53619e-05 0)
(0.0632748 4.60799e-05 0)
(0.0630924 3.63148e-05 0)
(0.0629493 2.61408e-05 0)
(0.0628454 1.58402e-05 0)
(0.0627798 5.84641e-06 0)
(0.0627509 -2.78506e-06 0)
(0.0627564 -8.87728e-06 0)
(0.0627839 -1.23039e-05 0)
(0.062826 -1.42872e-05 0)
(0.0628772 -1.53074e-05 0)
(0.0629335 -1.55542e-05 0)
(0.0629918 -1.52081e-05 0)
(0.0630498 -1.44399e-05 0)
(0.063106 -1.3417e-05 0)
(0.0631593 -1.2266e-05 0)
(0.0632091 -1.10786e-05 0)
(0.0632552 -9.91642e-06 0)
(0.0632974 -8.81824e-06 0)
(0.0633359 -7.80539e-06 0)
(0.0633709 -6.887e-06 0)
(0.0634025 -6.06334e-06 0)
(0.063431 -5.3297e-06 0)
(0.0634567 -4.67848e-06 0)
(0.0634798 -4.10122e-06 0)
(0.0635004 -3.58947e-06 0)
(0.0635188 -3.13534e-06 0)
(0.0635352 -2.73189e-06 0)
(0.0635497 -2.37322e-06 0)
(0.0635624 -2.05416e-06 0)
(0.0635736 -1.77059e-06 0)
(0.0635834 -1.51888e-06 0)
(0.0635919 -1.29619e-06 0)
(0.0635991 -1.10009e-06 0)
(0.0636053 -9.28647e-07 0)
(0.0636106 -7.80381e-07 0)
(0.063615 -6.54265e-07 0)
(0.0636187 -5.50141e-07 0)
(0.0636217 -4.69103e-07 0)
(0.0636243 -4.1539e-07 0)
(0.0636266 -4.01219e-07 0)
(0.0636287 -4.63487e-07 0)
(0.063631 -7.26934e-07 0)
(0.0636365 -1.77716e-06 0)
(0.195219 0.00893457 0)
(0.196167 0.00984423 0)
(0.19646 0.0101719 0)
(0.195979 0.0101851 0)
(0.194842 0.00997037 0)
(0.19316 0.00956519 0)
(0.191019 0.00901506 0)
(0.188504 0.00836924 0)
(0.185704 0.00767239 0)
(0.182706 0.00696247 0)
(0.179584 0.00627013 0)
(0.1764 0.0056181 0)
(0.173205 0.00502105 0)
(0.170036 0.00448631 0)
(0.166923 0.0040153 0)
(0.163885 0.00360513 0)
(0.160935 0.00325026 0)
(0.15808 0.00294388 0)
(0.155323 0.00267897 0)
(0.152665 0.00244894 0)
(0.150106 0.002248 0)
(0.147644 0.00207125 0)
(0.145275 0.00191468 0)
(0.142998 0.00177504 0)
(0.140808 0.00164974 0)
(0.138702 0.0015367 0)
(0.136679 0.00143426 0)
(0.134733 0.00134104 0)
(0.132862 0.00125593 0)
(0.131064 0.00117798 0)
(0.129335 0.00110638 0)
(0.127673 0.00104044 0)
(0.126075 0.000979538 0)
(0.124538 0.000923139 0)
(0.123061 0.000870762 0)
(0.121641 0.000821974 0)
(0.120277 0.00077639 0)
(0.118965 0.000733659 0)
(0.117706 0.000693466 0)
(0.116496 0.000655525 0)
(0.115335 0.000619578 0)
(0.114222 0.000585387 0)
(0.113156 0.00055274 0)
(0.112136 0.00052144 0)
(0.111161 0.000491309 0)
(0.110231 0.000462185 0)
(0.109346 0.00043392 0)
(0.108506 0.000406376 0)
(0.10771 0.000379425 0)
(0.106959 0.000352943 0)
(0.106254 0.000326806 0)
(0.105595 0.00030088 0)
(0.104983 0.000275022 0)
(0.104419 0.000249076 0)
(0.103905 0.000222882 0)
(0.103441 0.000196297 0)
(0.103029 0.000169231 0)
(0.10267 0.000141696 0)
(0.102365 0.000113858 0)
(0.102112 8.60781e-05 0)
(0.101911 5.89066e-05 0)
(0.101758 3.30519e-05 0)
(0.101647 9.46108e-06 0)
(0.101575 -1.02673e-05 0)
(0.101549 -2.43278e-05 0)
(0.101556 -3.26373e-05 0)
(0.101586 -3.69091e-05 0)
(0.101632 -3.86527e-05 0)
(0.101689 -3.8736e-05 0)
(0.101751 -3.76361e-05 0)
(0.101817 -3.5739e-05 0)
(0.101883 -3.33556e-05 0)
(0.101948 -3.0733e-05 0)
(0.102011 -2.80489e-05 0)
(0.102071 -2.54212e-05 0)
(0.102129 -2.29227e-05 0)
(0.102182 -2.05923e-05 0)
(0.102233 -1.84453e-05 0)
(0.102279 -1.64821e-05 0)
(0.102323 -1.46938e-05 0)
(0.102363 -1.30676e-05 0)
(0.1024 -1.15896e-05 0)
(0.102434 -1.02461e-05 0)
(0.102464 -9.02473e-06 0)
(0.102492 -7.91505e-06 0)
(0.102518 -6.90797e-06 0)
(0.10254 -5.99604e-06 0)
(0.102561 -5.17295e-06 0)
(0.102579 -4.43336e-06 0)
(0.102594 -3.77279e-06 0)
(0.102608 -3.18731e-06 0)
(0.10262 -2.67369e-06 0)
(0.10263 -2.22926e-06 0)
(0.102639 -1.85275e-06 0)
(0.102646 -1.54532e-06 0)
(0.102653 -1.31436e-06 0)
(0.102658 -1.18344e-06 0)
(0.102662 -1.22292e-06 0)
(0.102667 -1.65359e-06 0)
(0.102674 -3.18047e-06 0)
(0.19624 0.00823045 0)
(0.197528 0.00924322 0)
(0.198699 0.00977861 0)
(0.199565 0.0100114 0)
(0.200111 0.0100166 0)
(0.200343 0.00982549 0)
(0.200255 0.00947363 0)
(0.199852 0.00900301 0)
(0.199157 0.00845429 0)
(0.198204 0.0078638 0)
(0.197034 0.00726257 0)
(0.195688 0.00667538 0)
(0.194205 0.00612009 0)
(0.192619 0.00560786 0)
(0.190962 0.00514405 0)
(0.189257 0.00472951 0)
(0.187524 0.00436197 0)
(0.185778 0.00403729 0)
(0.18403 0.00375045 0)
(0.182287 0.00349629 0)
(0.180556 0.00326992 0)
(0.17884 0.00306703 0)
(0.177142 0.0028839 0)
(0.175465 0.00271748 0)
(0.17381 0.00256527 0)
(0.17218 0.00242525 0)
(0.170574 0.00229582 0)
(0.168995 0.00217566 0)
(0.167443 0.00206371 0)
(0.165918 0.00195909 0)
(0.164423 0.00186107 0)
(0.162957 0.00176899 0)
(0.161521 0.00168231 0)
(0.160116 0.00160052 0)
(0.158742 0.00152317 0)
(0.157399 0.00144986 0)
(0.156089 0.0013802 0)
(0.154811 0.00131384 0)
(0.153565 0.00125046 0)
(0.152353 0.00118974 0)
(0.151175 0.00113141 0)
(0.150031 0.00107519 0)
(0.148922 0.00102082 0)
(0.147849 0.000968067 0)
(0.146812 0.000916705 0)
(0.145812 0.000866518 0)
(0.144851 0.000817305 0)
(0.143928 0.00076887 0)
(0.143047 0.000721029 0)
(0.142207 0.000673597 0)
(0.14141 0.000626388 0)
(0.140658 0.000579212 0)
(0.139952 0.000531873 0)
(0.139295 0.000484181 0)
(0.138688 0.000435967 0)
(0.138133 0.000387126 0)
(0.13763 0.000337668 0)
(0.137183 0.000287794 0)
(0.13679 0.000237969 0)
(0.136451 0.000188996 0)
(0.136164 0.000142043 0)
(0.135927 9.8548e-05 0)
(0.135734 5.95777e-05 0)
(0.135579 2.5363e-05 0)
(0.135454 -3.60645e-06 0)
(0.13537 -2.60999e-05 0)
(0.135324 -4.1571e-05 0)
(0.135309 -5.09215e-05 0)
(0.135316 -5.58688e-05 0)
(0.135341 -5.77783e-05 0)
(0.135378 -5.76089e-05 0)
(0.135424 -5.60116e-05 0)
(0.135477 -5.34868e-05 0)
(0.135534 -5.04123e-05 0)
(0.135593 -4.70621e-05 0)
(0.135653 -4.36256e-05 0)
(0.135713 -4.02259e-05 0)
(0.135772 -3.69371e-05 0)
(0.135829 -3.37989e-05 0)
(0.135885 -3.08284e-05 0)
(0.135939 -2.80292e-05 0)
(0.135991 -2.53977e-05 0)
(0.13604 -2.29274e-05 0)
(0.136086 -2.06111e-05 0)
(0.13613 -1.84423e-05 0)
(0.13617 -1.64158e-05 0)
(0.136208 -1.45281e-05 0)
(0.136243 -1.27768e-05 0)
(0.136274 -1.11601e-05 0)
(0.136303 -9.67718e-06 0)
(0.136329 -8.32747e-06 0)
(0.136352 -7.11056e-06 0)
(0.136373 -6.02624e-06 0)
(0.136391 -5.07533e-06 0)
(0.136407 -4.26134e-06 0)
(0.13642 -3.59533e-06 0)
(0.136432 -3.10909e-06 0)
(0.136442 -2.89347e-06 0)
(0.136451 -3.22413e-06 0)
(0.136461 -4.94238e-06 0)
(0.196968 0.00764094 0)
(0.198106 0.00859159 0)
(0.199301 0.00915895 0)
(0.200402 0.00945828 0)
(0.201374 0.00955669 0)
(0.202201 0.00948222 0)
(0.202857 0.00926079 0)
(0.203321 0.00892402 0)
(0.203585 0.00850451 0)
(0.203652 0.00803275 0)
(0.203536 0.00753602 0)
(0.203256 0.00703724 0)
(0.202834 0.00655416 0)
(0.202292 0.00609904 0)
(0.201653 0.00567905 0)
(0.200935 0.0052972 0)
(0.200155 0.00495334 0)
(0.199326 0.00464524 0)
(0.198459 0.00436949 0)
(0.197562 0.0041222 0)
(0.19664 0.00389945 0)
(0.1957 0.00369766 0)
(0.194743 0.00351365 0)
(0.193773 0.00334475 0)
(0.192793 0.00318874 0)
(0.191804 0.00304381 0)
(0.190808 0.0029085 0)
(0.189808 0.00278162 0)
(0.188804 0.00266219 0)
(0.187799 0.00254941 0)
(0.186793 0.00244258 0)
(0.185789 0.00234114 0)
(0.184787 0.00224455 0)
(0.183789 0.00215235 0)
(0.182796 0.00206413 0)
(0.181811 0.0019795 0)
(0.180833 0.00189811 0)
(0.179865 0.00181961 0)
(0.178907 0.00174369 0)
(0.177961 0.00167006 0)
(0.177029 0.00159842 0)
(0.176112 0.0015285 0)
(0.175211 0.00146005 0)
(0.174328 0.00139281 0)
(0.173464 0.00132654 0)
(0.172621 0.00126101 0)
(0.171801 0.00119599 0)
(0.171005 0.00113128 0)
(0.170235 0.00106665 0)
(0.169494 0.0010019 0)
(0.168782 0.000936809 0)
(0.168103 0.00087117 0)
(0.167458 0.000804779 0)
(0.16685 0.000737458 0)
(0.166281 0.000669089 0)
(0.165753 0.000599664 0)
(0.165267 0.000529353 0)
(0.164824 0.000458587 0)
(0.164425 0.000388135 0)
(0.16407 0.000319151 0)
(0.163758 0.000253159 0)
(0.163486 0.000191921 0)
(0.163253 0.000137095 0)
(0.163055 8.96689e-05 0)
(0.162888 4.91504e-05 0)
(0.162745 1.48598e-05 0)
(0.162625 -1.30366e-05 0)
(0.162536 -3.42422e-05 0)
(0.162476 -4.90134e-05 0)
(0.162439 -5.85205e-05 0)
(0.162422 -6.41331e-05 0)
(0.162421 -6.68912e-05 0)
(0.162433 -6.75857e-05 0)
(0.162456 -6.68159e-05 0)
(0.162488 -6.50402e-05 0)
(0.162527 -6.2601e-05 0)
(0.16257 -5.97456e-05 0)
(0.162618 -5.66464e-05 0)
(0.162668 -5.34194e-05 0)
(0.16272 -5.01403e-05 0)
(0.162774 -4.68576e-05 0)
(0.162828 -4.3602e-05 0)
(0.162882 -4.03937e-05 0)
(0.162935 -3.72469e-05 0)
(0.162987 -3.41735e-05 0)
(0.163038 -3.11844e-05 0)
(0.163087 -2.82911e-05 0)
(0.163134 -2.55054e-05 0)
(0.163178 -2.28397e-05 0)
(0.16322 -2.03069e-05 0)
(0.163259 -1.79199e-05 0)
(0.163295 -1.56911e-05 0)
(0.163328 -1.36328e-05 0)
(0.163358 -1.17573e-05 0)
(0.163384 -1.00785e-05 0)
(0.163408 -8.61731e-06 0)
(0.163429 -7.41481e-06 0)
(0.163448 -6.57029e-06 0)
(0.163464 -6.36685e-06 0)
(0.16348 -7.68469e-06 0)
(0.197594 0.0071163 0)
(0.198551 0.00796831 0)
(0.199613 0.00852346 0)
(0.200662 0.00884679 0)
(0.20166 0.00899053 0)
(0.202588 0.00898033 0)
(0.203424 0.00883732 0)
(0.204145 0.00858698 0)
(0.204737 0.00825653 0)
(0.205196 0.00787203 0)
(0.205524 0.00745716 0)
(0.205729 0.00703226 0)
(0.205822 0.00661366 0)
(0.205817 0.00621324 0)
(0.205729 0.00583862 0)
(0.20557 0.00549375 0)
(0.205352 0.00517974 0)
(0.205087 0.00489563 0)
(0.204781 0.00463922 0)
(0.204442 0.00440766 0)
(0.204074 0.00419788 0)
(0.203681 0.00400692 0)
(0.203265 0.00383211 0)
(0.20283 0.00367108 0)
(0.202376 0.00352185 0)
(0.201904 0.00338275 0)
(0.201417 0.00325241 0)
(0.200915 0.00312971 0)
(0.2004 0.00301369 0)
(0.199871 0.00290359 0)
(0.199331 0.00279874 0)
(0.198781 0.00269855 0)
(0.19822 0.00260255 0)
(0.197652 0.00251026 0)
(0.197076 0.00242129 0)
(0.196493 0.00233526 0)
(0.195906 0.00225181 0)
(0.195314 0.00217063 0)
(0.19472 0.0020914 0)
(0.194124 0.00201382 0)
(0.193527 0.0019376 0)
(0.192932 0.00186246 0)
(0.192339 0.00178814 0)
(0.191749 0.00171438 0)
(0.191165 0.00164092 0)
(0.190588 0.00156752 0)
(0.190019 0.00149394 0)
(0.18946 0.00141994 0)
(0.188914 0.00134529 0)
(0.18838 0.00126976 0)
(0.187863 0.00119314 0)
(0.187363 0.0011152 0)
(0.186883 0.00103577 0)
(0.186425 0.000954691 0)
(0.185989 0.000871932 0)
(0.185579 0.000787593 0)
(0.185196 0.000702007 0)
(0.18484 0.00061581 0)
(0.184512 0.000530011 0)
(0.184212 0.00044601 0)
(0.18394 0.000365544 0)
(0.183695 0.000290508 0)
(0.183477 0.000222637 0)
(0.183284 0.000163077 0)
(0.183115 0.000112164 0)
(0.182968 6.94365e-05 0)
(0.18284 3.36742e-05 0)
(0.182725 4.06487e-06 0)
(0.182628 -1.95502e-05 0)
(0.182551 -3.74574e-05 0)
(0.182492 -5.04078e-05 0)
(0.18245 -5.94013e-05 0)
(0.182422 -6.53557e-05 0)
(0.182406 -6.89867e-05 0)
(0.182402 -7.08569e-05 0)
(0.182407 -7.14064e-05 0)
(0.182421 -7.09717e-05 0)
(0.182442 -6.98039e-05 0)
(0.18247 -6.80864e-05 0)
(0.182502 -6.59517e-05 0)
(0.182539 -6.34948e-05 0)
(0.18258 -6.07848e-05 0)
(0.182623 -5.78734e-05 0)
(0.182669 -5.48014e-05 0)
(0.182716 -5.16034e-05 0)
(0.182764 -4.83107e-05 0)
(0.182812 -4.49537e-05 0)
(0.182861 -4.15628e-05 0)
(0.182908 -3.81692e-05 0)
(0.182955 -3.4805e-05 0)
(0.183 -3.15028e-05 0)
(0.183043 -2.82955e-05 0)
(0.183083 -2.52163e-05 0)
(0.183121 -2.22981e-05 0)
(0.183157 -1.95755e-05 0)
(0.183189 -1.70877e-05 0)
(0.183219 -1.489e-05 0)
(0.183245 -1.30816e-05 0)
(0.183268 -1.18974e-05 0)
(0.183292 -1.19971e-05 0)
(0.198146 0.00665735 0)
(0.198959 0.00741008 0)
(0.199881 0.00793616 0)
(0.200827 0.00826445 0)
(0.201756 0.00843117 0)
(0.202645 0.00845891 0)
(0.203475 0.00836622 0)
(0.204229 0.00817452 0)
(0.204893 0.00790704 0)
(0.205463 0.0075864 0)
(0.205936 0.00723327 0)
(0.206318 0.00686567 0)
(0.206615 0.00649836 0)
(0.206837 0.00614248 0)
(0.206993 0.00580562 0)
(0.207094 0.00549224 0)
(0.20715 0.0052042 0)
(0.207167 0.0049415 0)
(0.207152 0.00470283 0)
(0.207111 0.00448618 0)
(0.207048 0.00428917 0)
(0.206964 0.00410939 0)
(0.206864 0.00394454 0)
(0.206747 0.00379256 0)
(0.206615 0.00365166 0)
(0.206468 0.0035203 0)
(0.206308 0.00339717 0)
(0.206135 0.00328121 0)
(0.205949 0.00317148 0)
(0.205751 0.00306723 0)
(0.205541 0.00296778 0)
(0.205319 0.00287257 0)
(0.205087 0.00278109 0)
(0.204844 0.00269288 0)
(0.204591 0.00260752 0)
(0.204328 0.00252465 0)
(0.204057 0.00244388 0)
(0.203777 0.00236489 0)
(0.203491 0.00228736 0)
(0.203197 0.00221097 0)
(0.202897 0.00213541 0)
(0.202592 0.00206041 0)
(0.202283 0.00198567 0)
(0.201971 0.00191091 0)
(0.201656 0.00183587 0)
(0.20134 0.00176029 0)
(0.201024 0.00168389 0)
(0.200709 0.00160643 0)
(0.200396 0.00152766 0)
(0.200086 0.00144734 0)
(0.199782 0.00136524 0)
(0.199483 0.00128116 0)
(0.199193 0.00119493 0)
(0.198911 0.00110646 0)
(0.19864 0.00101576 0)
(0.198379 0.000923039 0)
(0.198131 0.000828757 0)
(0.197896 0.000733688 0)
(0.197674 0.000638983 0)
(0.197465 0.000546163 0)
(0.19727 0.000457036 0)
(0.197088 0.000373508 0)
(0.19692 0.000297283 0)
(0.196767 0.000229541 0)
(0.196628 0.000170771 0)
(0.196503 0.000120795 0)
(0.196393 7.90203e-05 0)
(0.196294 4.43941e-05 0)
(0.196205 1.57115e-05 0)
(0.196125 -7.73122e-06 0)
(0.196057 -2.62579e-05 0)
(0.196 -4.05261e-05 0)
(0.195954 -5.13034e-05 0)
(0.195918 -5.92928e-05 0)
(0.195891 -6.50718e-05 0)
(0.195873 -6.9103e-05 0)
(0.195863 -7.17507e-05 0)
(0.19586 -7.32958e-05 0)
(0.195864 -7.39504e-05 0)
(0.195874 -7.38731e-05 0)
(0.19589 -7.31819e-05 0)
(0.19591 -7.1965e-05 0)
(0.195935 -7.02905e-05 0)
(0.195963 -6.82125e-05 0)
(0.195995 -6.57771e-05 0)
(0.196029 -6.3026e-05 0)
(0.196066 -5.99994e-05 0)
(0.196104 -5.67382e-05 0)
(0.196144 -5.32846e-05 0)
(0.196184 -4.96836e-05 0)
(0.196224 -4.59825e-05 0)
(0.196263 -4.22314e-05 0)
(0.196302 -3.8482e-05 0)
(0.19634 -3.47883e-05 0)
(0.196376 -3.12065e-05 0)
(0.19641 -2.77969e-05 0)
(0.196442 -2.46295e-05 0)
(0.196471 -2.17964e-05 0)
(0.196498 -1.9439e-05 0)
(0.196524 -1.77412e-05 0)
(0.198635 0.0062499 0)
(0.199337 0.00690965 0)
(0.20014 0.00739669 0)
(0.200983 0.00771825 0)
(0.201828 0.0078967 0)
(0.202649 0.0079504 0)
(0.203429 0.0078953 0)
(0.204152 0.00774926 0)
(0.204806 0.00753189 0)
(0.205387 0.00726269 0)
(0.205892 0.00695976 0)
(0.206324 0.00663907 0)
(0.206688 0.00631398 0)
(0.206991 0.00599491 0)
(0.207241 0.00568931 0)
(0.207447 0.00540191 0)
(0.207616 0.00513519 0)
(0.207755 0.00488984 0)
(0.207869 0.00466535 0)
(0.207964 0.00446038 0)
(0.208042 0.00427318 0)
(0.208106 0.00410184 0)
(0.208159 0.00394445 0)
(0.2082 0.00379924 0)
(0.208232 0.00366461 0)
(0.208255 0.00353917 0)
(0.20827 0.00342171 0)
(0.208275 0.0033112 0)
(0.208272 0.00320675 0)
(0.208262 0.0031076 0)
(0.208242 0.0030131 0)
(0.208215 0.00292266 0)
(0.20818 0.00283577 0)
(0.208137 0.00275196 0)
(0.208087 0.00267081 0)
(0.208028 0.00259191 0)
(0.207963 0.0025149 0)
(0.20789 0.00243942 0)
(0.20781 0.00236512 0)
(0.207724 0.00229169 0)
(0.207631 0.00221881 0)
(0.207533 0.00214616 0)
(0.207428 0.00207344 0)
(0.207319 0.00200037 0)
(0.207205 0.00192664 0)
(0.207086 0.00185197 0)
(0.206964 0.0017761 0)
(0.206839 0.00169874 0)
(0.206711 0.00161965 0)
(0.206582 0.00153857 0)
(0.206451 0.00145526 0)
(0.20632 0.00136955 0)
(0.206189 0.00128128 0)
(0.206058 0.00119039 0)
(0.205929 0.00109697 0)
(0.205802 0.00100129 0)
(0.205676 0.000903863 0)
(0.205553 0.000805547 0)
(0.205432 0.000707535 0)
(0.205314 0.000611355 0)
(0.205198 0.000518776 0)
(0.205086 0.000431627 0)
(0.204977 0.000351528 0)
(0.204874 0.000279634 0)
(0.204777 0.00021649 0)
(0.204687 0.000162076 0)
(0.204604 0.000115974 0)
(0.204529 7.74438e-05 0)
(0.204461 4.55103e-05 0)
(0.204399 1.9066e-05 0)
(0.204343 -2.67011e-06 0)
(0.204292 -2.02774e-05 0)
(0.204249 -3.43269e-05 0)
(0.204211 -4.54328e-05 0)
(0.20418 -5.41485e-05 0)
(0.204155 -6.09272e-05 0)
(0.204135 -6.61317e-05 0)
(0.20412 -7.0046e-05 0)
(0.204111 -7.28878e-05 0)
(0.204106 -7.48212e-05 0)
(0.204106 -7.59691e-05 0)
(0.204111 -7.64232e-05 0)
(0.204119 -7.62532e-05 0)
(0.204131 -7.55133e-05 0)
(0.204146 -7.42487e-05 0)
(0.204164 -7.2499e-05 0)
(0.204185 -7.03025e-05 0)
(0.204209 -6.76982e-05 0)
(0.204234 -6.4728e-05 0)
(0.204261 -6.14378e-05 0)
(0.204289 -5.78783e-05 0)
(0.204318 -5.41053e-05 0)
(0.204348 -5.01795e-05 0)
(0.204377 -4.61664e-05 0)
(0.204406 -4.21361e-05 0)
(0.204434 -3.81626e-05 0)
(0.204461 -3.43247e-05 0)
(0.204487 -3.06992e-05 0)
(0.20451 -2.73197e-05 0)
(0.204535 -2.38522e-05 0)
(0.199071 0.0058802 0)
(0.199686 0.00645622 0)
(0.20039 0.00690018 0)
(0.201141 0.00720799 0)
(0.201905 0.00739141 0)
(0.202657 0.00746395 0)
(0.203379 0.00743871 0)
(0.204058 0.00733036 0)
(0.204682 0.00715523 0)
(0.205245 0.00692996 0)
(0.205746 0.00667028 0)
(0.206185 0.00639035 0)
(0.206566 0.00610221 0)
(0.206896 0.00581553 0)
(0.20718 0.00553752 0)
(0.207425 0.00527305 0)
(0.207639 0.00502503 0)
(0.207826 0.00479474 0)
(0.207993 0.00458228 0)
(0.208143 0.00438696 0)
(0.20828 0.00420757 0)
(0.208407 0.00404267 0)
(0.208525 0.00389073 0)
(0.208635 0.00375027 0)
(0.20874 0.00361993 0)
(0.208838 0.00349845 0)
(0.208932 0.00338473 0)
(0.20902 0.00327783 0)
(0.209104 0.00317689 0)
(0.209183 0.00308119 0)
(0.209258 0.00299009 0)
(0.209327 0.002903 0)
(0.209393 0.00281942 0)
(0.209453 0.00273887 0)
(0.209509 0.00266093 0)
(0.20956 0.00258518 0)
(0.209606 0.00251126 0)
(0.209648 0.00243879 0)
(0.209685 0.00236743 0)
(0.209717 0.00229684 0)
(0.209745 0.00222669 0)
(0.209768 0.00215666 0)
(0.209786 0.00208644 0)
(0.2098 0.00201572 0)
(0.209809 0.0019442 0)
(0.209814 0.00187158 0)
(0.209815 0.00179759 0)
(0.209812 0.00172193 0)
(0.209805 0.00164436 0)
(0.209794 0.00156461 0)
(0.209779 0.00148246 0)
(0.209761 0.00139774 0)
(0.209739 0.00131033 0)
(0.209714 0.00122019 0)
(0.209685 0.00112744 0)
(0.209653 0.0010324 0)
(0.209616 0.000935613 0)
(0.209576 0.00083794 0)
(0.209531 0.000740547 0)
(0.209483 0.000644893 0)
(0.20943 0.000552636 0)
(0.209374 0.000465464 0)
(0.209316 0.000384877 0)
(0.209257 0.000311971 0)
(0.209198 0.000247321 0)
(0.20914 0.000191001 0)
(0.209086 0.00014271 0)
(0.209034 0.000101865 0)
(0.208987 6.76871e-05 0)
(0.208943 3.93029e-05 0)
(0.208903 1.57397e-05 0)
(0.208865 -3.74363e-06 0)
(0.208832 -1.9712e-05 0)
(0.208802 -3.27202e-05 0)
(0.208775 -4.32831e-05 0)
(0.208752 -5.18387e-05 0)
(0.208732 -5.87427e-05 0)
(0.208716 -6.42773e-05 0)
(0.208703 -6.86606e-05 0)
(0.208693 -7.20585e-05 0)
(0.208685 -7.45948e-05 0)
(0.208681 -7.63613e-05 0)
(0.20868 -7.7426e-05 0)
(0.208681 -7.78402e-05 0)
(0.208684 -7.76441e-05 0)
(0.208691 -7.68715e-05 0)
(0.208699 -7.55538e-05 0)
(0.208709 -7.3723e-05 0)
(0.208722 -7.1414e-05 0)
(0.208736 -6.86666e-05 0)
(0.208751 -6.55267e-05 0)
(0.208768 -6.20472e-05 0)
(0.208785 -5.82883e-05 0)
(0.208804 -5.43173e-05 0)
(0.208822 -5.02078e-05 0)
(0.208841 -4.60383e-05 0)
(0.208859 -4.1887e-05 0)
(0.208876 -3.7812e-05 0)
(0.208893 -3.37613e-05 0)
(0.208911 -2.90894e-05 0)
(0.19946 0.005539 0)
(0.200006 0.00604153 0)
(0.200629 0.0064422 0)
(0.201299 0.00673191 0)
(0.201989 0.00691509 0)
(0.202677 0.00700072 0)
(0.203344 0.00699909 0)
(0.203977 0.00692206 0)
(0.204566 0.00678307 0)
(0.205105 0.00659612 0)
(0.205591 0.00637478 0)
(0.206024 0.00613146 0)
(0.206408 0.00587693 0)
(0.206745 0.00562009 0)
(0.207042 0.00536777 0)
(0.207304 0.00512487 0)
(0.207537 0.00489457 0)
(0.207745 0.0046786 0)
(0.207935 0.00447757 0)
(0.208109 0.0042913 0)
(0.208271 0.0041191 0)
(0.208423 0.00395995 0)
(0.208568 0.00381268 0)
(0.208706 0.00367611 0)
(0.20884 0.00354908 0)
(0.20897 0.00343051 0)
(0.209096 0.00331944 0)
(0.209218 0.00321499 0)
(0.209338 0.00311638 0)
(0.209455 0.00302293 0)
(0.209569 0.00293403 0)
(0.209681 0.00284911 0)
(0.20979 0.00276768 0)
(0.209897 0.00268929 0)
(0.210001 0.00261349 0)
(0.210102 0.00253989 0)
(0.2102 0.00246812 0)
(0.210296 0.00239781 0)
(0.210389 0.0023286 0)
(0.210479 0.00226018 0)
(0.210566 0.00219219 0)
(0.210649 0.00212432 0)
(0.21073 0.00205627 0)
(0.210807 0.0019877 0)
(0.210881 0.00191834 0)
(0.210952 0.00184787 0)
(0.211019 0.00177602 0)
(0.211082 0.0017025 0)
(0.211141 0.00162707 0)
(0.211196 0.00154947 0)
(0.211247 0.0014695 0)
(0.211293 0.00138699 0)
(0.211334 0.00130185 0)
(0.21137 0.00121409 0)
(0.211401 0.00112383 0)
(0.211425 0.00103142 0)
(0.211443 0.000937396 0)
(0.211454 0.000842588 0)
(0.211458 0.000748094 0)
(0.211454 0.00065526 0)
(0.211443 0.000565592 0)
(0.211425 0.000480613 0)
(0.211402 0.000401682 0)
(0.211374 0.000329813 0)
(0.211343 0.000265584 0)
(0.211311 0.000209136 0)
(0.211278 0.000160264 0)
(0.211245 0.000118499 0)
(0.211214 8.3194e-05 0)
(0.211184 5.36089e-05 0)
(0.211157 2.89282e-05 0)
(0.211131 8.3779e-06 0)
(0.211107 -8.68214e-06 0)
(0.211085 -2.27974e-05 0)
(0.211065 -3.4451e-05 0)
(0.211047 -4.40661e-05 0)
(0.211031 -5.19918e-05 0)
(0.211017 -5.85084e-05 0)
(0.211004 -6.38353e-05 0)
(0.210994 -6.8141e-05 0)
(0.210985 -7.15522e-05 0)
(0.210978 -7.41628e-05 0)
(0.210972 -7.60417e-05 0)
(0.210968 -7.72395e-05 0)
(0.210965 -7.7794e-05 0)
(0.210964 -7.77353e-05 0)
(0.210965 -7.70898e-05 0)
(0.210967 -7.58831e-05 0)
(0.21097 -7.41437e-05 0)
(0.210975 -7.19045e-05 0)
(0.210981 -6.9205e-05 0)
(0.210987 -6.60923e-05 0)
(0.210995 -6.26219e-05 0)
(0.211003 -5.88576e-05 0)
(0.211012 -5.48709e-05 0)
(0.211022 -5.07377e-05 0)
(0.211031 -4.65307e-05 0)
(0.211041 -4.22921e-05 0)
(0.21105 -3.79318e-05 0)
(0.211061 -3.27926e-05 0)
(0.199808 0.00521988 0)
(0.200299 0.00565866 0)
(0.200854 0.0060179 0)
(0.201455 0.00628701 0)
(0.202079 0.0064659 0)
(0.202707 0.00655986 0)
(0.203322 0.00657654 0)
(0.203911 0.00652537 0)
(0.204466 0.00641724 0)
(0.204979 0.00626381 0)
(0.205448 0.00607661 0)
(0.205871 0.00586643 0)
(0.206251 0.00564282 0)
(0.20659 0.00541383 0)
(0.206893 0.00518589 0)
(0.207164 0.0049638 0)
(0.207407 0.00475085 0)
(0.207627 0.00454911 0)
(0.207829 0.00435959 0)
(0.208016 0.00418254 0)
(0.20819 0.00401769 0)
(0.208355 0.0038644 0)
(0.208513 0.00372185 0)
(0.208664 0.00358912 0)
(0.208811 0.00346526 0)
(0.208954 0.00334939 0)
(0.209093 0.00324065 0)
(0.20923 0.00313828 0)
(0.209364 0.00304157 0)
(0.209496 0.00294989 0)
(0.209626 0.00286266 0)
(0.209754 0.00277936 0)
(0.209881 0.0026995 0)
(0.210006 0.00262266 0)
(0.210129 0.0025484 0)
(0.21025 0.00247635 0)
(0.21037 0.00240613 0)
(0.210488 0.00233739 0)
(0.210604 0.00226979 0)
(0.210718 0.00220299 0)
(0.21083 0.00213668 0)
(0.21094 0.00207053 0)
(0.211048 0.00200423 0)
(0.211153 0.00193749 0)
(0.211256 0.00187002 0)
(0.211356 0.00180151 0)
(0.211453 0.00173169 0)
(0.211547 0.00166031 0)
(0.211637 0.00158711 0)
(0.211723 0.00151187 0)
(0.211805 0.00143439 0)
(0.211882 0.00135455 0)
(0.211955 0.00127226 0)
(0.212021 0.00118755 0)
(0.212082 0.00110059 0)
(0.212135 0.00101169 0)
(0.212181 0.00092141 0)
(0.21222 0.000830506 0)
(0.212249 0.000739992 0)
(0.212271 0.000651085 0)
(0.212283 0.00056513 0)
(0.212288 0.000483481 0)
(0.212286 0.000407347 0)
(0.212278 0.000337657 0)
(0.212265 0.000274967 0)
(0.212249 0.000219464 0)
(0.21223 0.000171019 0)
(0.212211 0.000129261 0)
(0.212191 9.36507e-05 0)
(0.212171 6.35474e-05 0)
(0.212152 3.82552e-05 0)
(0.212135 1.70839e-05 0)
(0.212118 -6.14196e-07 0)
(0.212102 -1.53785e-05 0)
(0.212087 -2.76784e-05 0)
(0.212074 -3.79219e-05 0)
(0.212061 -4.64502e-05 0)
(0.21205 -5.35411e-05 0)
(0.212039 -5.94151e-05 0)
(0.21203 -6.42438e-05 0)
(0.212021 -6.81579e-05 0)
(0.212014 -7.12553e-05 0)
(0.212007 -7.36081e-05 0)
(0.212001 -7.52689e-05 0)
(0.211996 -7.62763e-05 0)
(0.211991 -7.66601e-05 0)
(0.211988 -7.64446e-05 0)
(0.211985 -7.56529e-05 0)
(0.211984 -7.43094e-05 0)
(0.211983 -7.24427e-05 0)
(0.211983 -7.00877e-05 0)
(0.211983 -6.72866e-05 0)
(0.211985 -6.40904e-05 0)
(0.211987 -6.05586e-05 0)
(0.211989 -5.67583e-05 0)
(0.211992 -5.2761e-05 0)
(0.211995 -4.86332e-05 0)
(0.211999 -4.44094e-05 0)
(0.212003 -4.0009e-05 0)
(0.212008 -3.49724e-05 0)
(0.20012 0.00491824 0)
(0.200566 0.00530192 0)
(0.201065 0.00562266 0)
(0.201606 0.00587016 0)
(0.202172 0.00604185 0)
(0.202746 0.00614024 0)
(0.203313 0.00617073 0)
(0.203861 0.00614061 0)
(0.204382 0.0060586 0)
(0.204869 0.00593427 0)
(0.20532 0.00577733 0)
(0.205732 0.00559703 0)
(0.206105 0.00540177 0)
(0.206443 0.00519877 0)
(0.206749 0.00499397 0)
(0.207024 0.00479197 0)
(0.207275 0.00459611 0)
(0.207503 0.00440864 0)
(0.207714 0.00423089 0)
(0.207909 0.00406344 0)
(0.208093 0.00390637 0)
(0.208266 0.00375938 0)
(0.208432 0.00362195 0)
(0.208591 0.0034934 0)
(0.208745 0.003373 0)
(0.208895 0.00326004 0)
(0.209041 0.00315379 0)
(0.209185 0.00305358 0)
(0.209326 0.0029588 0)
(0.209464 0.00286886 0)
(0.209601 0.00278324 0)
(0.209736 0.00270145 0)
(0.20987 0.00262303 0)
(0.210002 0.00254758 0)
(0.210133 0.00247468 0)
(0.210262 0.00240397 0)
(0.210389 0.0023351 0)
(0.210516 0.00226771 0)
(0.210641 0.00220147 0)
(0.210764 0.00213608 0)
(0.210885 0.00207121 0)
(0.211005 0.00200655 0)
(0.211123 0.00194182 0)
(0.211239 0.00187672 0)
(0.211353 0.00181097 0)
(0.211464 0.00174429 0)
(0.211573 0.00167641 0)
(0.211679 0.0016071 0)
(0.211781 0.00153612 0)
(0.21188 0.00146327 0)
(0.211974 0.00138838 0)
(0.212064 0.00131134 0)
(0.212149 0.00123209 0)
(0.212229 0.00115068 0)
(0.212302 0.00106729 0)
(0.212368 0.000982248 0)
(0.212427 0.000896056 0)
(0.212478 0.000809432 0)
(0.21252 0.000723294 0)
(0.212554 0.000638726 0)
(0.212579 0.00055692 0)
(0.212596 0.000479067 0)
(0.212606 0.000406239 0)
(0.212609 0.000339271 0)
(0.212607 0.000278693 0)
(0.2126 0.000224717 0)
(0.212591 0.000177274 0)
(0.21258 0.000136076 0)
(0.212567 0.000100672 0)
(0.212554 7.05125e-05 0)
(0.212541 4.49922e-05 0)
(0.212528 2.3499e-05 0)
(0.212516 5.44005e-06 0)
(0.212504 -9.70796e-06 0)
(0.212493 -2.24e-05 0)
(0.212482 -3.3027e-05 0)
(0.212473 -4.19206e-05 0)
(0.212463 -4.93543e-05 0)
(0.212455 -5.55486e-05 0)
(0.212446 -6.06772e-05 0)
(0.212439 -6.48746e-05 0)
(0.212431 -6.82428e-05 0)
(0.212425 -7.08581e-05 0)
(0.212418 -7.27763e-05 0)
(0.212412 -7.40388e-05 0)
(0.212407 -7.46768e-05 0)
(0.212402 -7.47153e-05 0)
(0.212397 -7.4177e-05 0)
(0.212393 -7.30852e-05 0)
(0.21239 -7.14667e-05 0)
(0.212387 -6.93537e-05 0)
(0.212384 -6.67858e-05 0)
(0.212382 -6.38106e-05 0)
(0.21238 -6.04842e-05 0)
(0.212379 -5.687e-05 0)
(0.212378 -5.30352e-05 0)
(0.212378 -4.90422e-05 0)
(0.212378 -4.4927e-05 0)
(0.212379 -4.06476e-05 0)
(0.21238 -3.59985e-05 0)
(0.200402 0.00463068 0)
(0.200809 0.00496675 0)
(0.201262 0.00525236 0)
(0.201751 0.00547831 0)
(0.202266 0.00564082 0)
(0.202791 0.00574055 0)
(0.203314 0.00578103 0)
(0.203824 0.00576774 0)
(0.204313 0.00570757 0)
(0.204775 0.00560828 0)
(0.205206 0.00547793 0)
(0.205605 0.00532439 0)
(0.205972 0.00515496 0)
(0.206307 0.00497606 0)
(0.206612 0.00479309 0)
(0.206891 0.0046104 0)
(0.207146 0.00443128 0)
(0.207381 0.00425805 0)
(0.207598 0.00409226 0)
(0.207801 0.00393477 0)
(0.207992 0.00378593 0)
(0.208172 0.00364573 0)
(0.208344 0.0035139 0)
(0.20851 0.00338999 0)
(0.20867 0.00327348 0)
(0.208825 0.0031638 0)
(0.208976 0.00306036 0)
(0.209124 0.0029626 0)
(0.209269 0.00286998 0)
(0.209412 0.00278198 0)
(0.209553 0.00269813 0)
(0.209692 0.00261798 0)
(0.209829 0.0025411 0)
(0.209964 0.00246711 0)
(0.210098 0.00239563 0)
(0.210231 0.0023263 0)
(0.210362 0.00225879 0)
(0.210491 0.00219276 0)
(0.21062 0.0021279 0)
(0.210746 0.0020639 0)
(0.210871 0.00200046 0)
(0.210994 0.00193728 0)
(0.211116 0.0018741 0)
(0.211235 0.00181061 0)
(0.211353 0.00174657 0)
(0.211468 0.00168171 0)
(0.21158 0.00161578 0)
(0.211689 0.00154855 0)
(0.211796 0.00147982 0)
(0.211898 0.0014094 0)
(0.211997 0.00133714 0)
(0.212092 0.00126297 0)
(0.212181 0.00118684 0)
(0.212265 0.00110883 0)
(0.212343 0.00102911 0)
(0.212414 0.000948003 0)
(0.212477 0.000865992 0)
(0.212534 0.000783732 0)
(0.212581 0.000702048 0)
(0.212621 0.000621904 0)
(0.212652 0.000544349 0)
(0.212676 0.000470428 0)
(0.212692 0.000401086 0)
(0.212701 0.00033707 0)
(0.212706 0.000278877 0)
(0.212705 0.000226731 0)
(0.212702 0.000180611 0)
(0.212696 0.000140296 0)
(0.212688 0.000105415 0)
(0.212679 7.54974e-05 0)
(0.21267 5.00147e-05 0)
(0.212661 2.84237e-05 0)
(0.212651 1.01912e-05 0)
(0.212642 -5.17139e-06 0)
(0.212633 -1.8098e-05 0)
(0.212625 -2.89621e-05 0)
(0.212617 -3.80835e-05 0)
(0.212609 -4.57297e-05 0)
(0.212602 -5.2119e-05 0)
(0.212594 -5.74261e-05 0)
(0.212587 -6.17882e-05 0)
(0.212581 -6.53108e-05 0)
(0.212574 -6.80739e-05 0)
(0.212568 -7.0137e-05 0)
(0.212562 -7.15446e-05 0)
(0.212556 -7.23302e-05 0)
(0.212551 -7.25207e-05 0)
(0.212546 -7.21398e-05 0)
(0.212541 -7.12111e-05 0)
(0.212536 -6.9761e-05 0)
(0.212532 -6.78209e-05 0)
(0.212528 -6.54288e-05 0)
(0.212524 -6.26304e-05 0)
(0.212521 -5.94793e-05 0)
(0.212518 -5.60361e-05 0)
(0.212516 -5.23649e-05 0)
(0.212514 -4.85267e-05 0)
(0.212512 -4.45649e-05 0)
(0.212511 -4.04844e-05 0)
(0.212511 -3.62825e-05 0)
(0.200656 0.00435466 0)
(0.201032 0.0046495 0)
(0.201444 0.00490341 0)
(0.201889 0.0051085 0)
(0.202359 0.00526065 0)
(0.202841 0.0053593 0)
(0.203324 0.00540659 0)
(0.203798 0.0054065 0)
(0.204257 0.00536436 0)
(0.204694 0.00528639 0)
(0.205107 0.00517921 0)
(0.205492 0.00504947 0)
(0.20585 0.00490341 0)
(0.20618 0.00474669 0)
(0.206484 0.00458417 0)
(0.206764 0.00441988 0)
(0.207023 0.00425698 0)
(0.207263 0.00409784 0)
(0.207486 0.0039441 0)
(0.207694 0.00379682 0)
(0.207891 0.00365658 0)
(0.208078 0.0035236 0)
(0.208256 0.00339783 0)
(0.208426 0.00327902 0)
(0.208591 0.00316684 0)
(0.208751 0.00306085 0)
(0.208907 0.0029606 0)
(0.209059 0.00286564 0)
(0.209208 0.00277549 0)
(0.209354 0.00268971 0)
(0.209498 0.00260788 0)
(0.20964 0.00252959 0)
(0.20978 0.00245446 0)
(0.209917 0.00238212 0)
(0.210053 0.00231222 0)
(0.210188 0.00224442 0)
(0.210321 0.0021784 0)
(0.210452 0.00211385 0)
(0.210582 0.00205048 0)
(0.21071 0.00198797 0)
(0.210836 0.00192606 0)
(0.21096 0.00186446 0)
(0.211083 0.0018029 0)
(0.211203 0.00174113 0)
(0.211322 0.00167888 0)
(0.211438 0.00161591 0)
(0.211551 0.001552 0)
(0.211661 0.00148694 0)
(0.211768 0.00142053 0)
(0.211872 0.00135262 0)
(0.211972 0.00128308 0)
(0.212067 0.00121184 0)
(0.212157 0.0011389 0)
(0.212242 0.00106434 0)
(0.212321 0.000988326 0)
(0.212394 0.000911181 0)
(0.212459 0.000833352 0)
(0.212518 0.000755434 0)
(0.212568 0.000678169 0)
(0.21261 0.000602411 0)
(0.212645 0.000529081 0)
(0.212672 0.000459094 0)
(0.212692 0.000393279 0)
(0.212706 0.000332306 0)
(0.212715 0.000276632 0)
(0.212719 0.000226487 0)
(0.212719 0.000181886 0)
(0.212717 0.000142665 0)
(0.212713 0.00010852 0)
(0.212707 7.90517e-05 0)
(0.212701 5.37999e-05 0)
(0.212694 3.22835e-05 0)
(0.212686 1.40242e-05 0)
(0.212679 -1.4252e-06 0)
(0.212672 -1.44736e-05 0)
(0.212665 -2.54736e-05 0)
(0.212658 -3.4732e-05 0)
(0.212652 -4.25083e-05 0)
(0.212645 -4.90173e-05 0)
(0.212639 -5.44329e-05 0)
(0.212633 -5.88935e-05 0)
(0.212627 -6.25073e-05 0)
(0.212621 -6.53573e-05 0)
(0.212615 -6.75063e-05 0)
(0.212609 -6.90016e-05 0)
(0.212604 -6.98794e-05 0)
(0.212598 -7.01686e-05 0)
(0.212593 -6.98945e-05 0)
(0.212588 -6.90815e-05 0)
(0.212583 -6.77566e-05 0)
(0.212578 -6.59508e-05 0)
(0.212574 -6.37015e-05 0)
(0.21257 -6.1053e-05 0)
(0.212566 -5.80573e-05 0)
(0.212563 -5.47726e-05 0)
(0.212559 -5.12613e-05 0)
(0.212557 -4.75846e-05 0)
(0.212554 -4.37958e-05 0)
(0.212553 -3.99397e-05 0)
(0.212551 -3.61311e-05 0)
(0.200886 0.00408818 0)
(0.201234 0.00434718 0)
(0.201612 0.00457266 0)
(0.20202 0.004758 0)
(0.20245 0.00489917 0)
(0.202893 0.00499495 0)
(0.20334 0.00504644 0)
(0.203781 0.00505642 0)
(0.204212 0.00502896 0)
(0.204626 0.00496896 0)
(0.205019 0.00488181 0)
(0.205391 0.00477304 0)
(0.205739 0.00464797 0)
(0.206063 0.0045115 0)
(0.206365 0.00436799 0)
(0.206645 0.00422109 0)
(0.206906 0.0040738 0)
(0.207149 0.00392842 0)
(0.207376 0.00378668 0)
(0.20759 0.00364976 0)
(0.207792 0.00351839 0)
(0.207984 0.00339298 0)
(0.208167 0.00327366 0)
(0.208343 0.00316038 0)
(0.208513 0.00305293 0)
(0.208677 0.00295104 0)
(0.208837 0.00285437 0)
(0.208993 0.00276254 0)
(0.209145 0.0026752 0)
(0.209294 0.00259194 0)
(0.209441 0.00251241 0)
(0.209585 0.00243625 0)
(0.209727 0.00236309 0)
(0.209867 0.00229262 0)
(0.210005 0.0022245 0)
(0.210141 0.00215843 0)
(0.210276 0.00209409 0)
(0.210408 0.0020312 0)
(0.210539 0.00196947 0)
(0.210668 0.00190862 0)
(0.210795 0.00184838 0)
(0.21092 0.0017885 0)
(0.211043 0.00172871 0)
(0.211164 0.00166877 0)
(0.211282 0.00160844 0)
(0.211398 0.0015475 0)
(0.211512 0.00148574 0)
(0.211622 0.00142295 0)
(0.211729 0.00135899 0)
(0.211832 0.00129369 0)
(0.211932 0.00122696 0)
(0.212027 0.00115876 0)
(0.212117 0.00108908 0)
(0.212202 0.00101801 0)
(0.212281 0.000945742 0)
(0.212354 0.000872566 0)
(0.21242 0.000798898 0)
(0.21248 0.00072528 0)
(0.212531 0.000652374 0)
(0.212576 0.000580935 0)
(0.212613 0.000511769 0)
(0.212642 0.000445678 0)
(0.212665 0.000383389 0)
(0.212683 0.000325498 0)
(0.212694 0.000272427 0)
(0.212702 0.000224402 0)
(0.212705 0.000181465 0)
(0.212706 0.0001435 0)
(0.212705 0.000110261 0)
(0.212702 8.14089e-05 0)
(0.212698 5.65483e-05 0)
(0.212693 3.52541e-05 0)
(0.212688 1.70995e-05 0)
(0.212682 1.6768e-06 0)
(0.212677 -1.13955e-05 0)
(0.212671 -2.2446e-05 0)
(0.212665 -3.17671e-05 0)
(0.21266 -3.9609e-05 0)
(0.212654 -4.61812e-05 0)
(0.212648 -5.16554e-05 0)
(0.212643 -5.61701e-05 0)
(0.212637 -5.98347e-05 0)
(0.212632 -6.27344e-05 0)
(0.212627 -6.49346e-05 0)
(0.212621 -6.64852e-05 0)
(0.212616 -6.74245e-05 0)
(0.212611 -6.77835e-05 0)
(0.212605 -6.75891e-05 0)
(0.2126 -6.68668e-05 0)
(0.212596 -6.56441e-05 0)
(0.212591 -6.39523e-05 0)
(0.212587 -6.18281e-05 0)
(0.212582 -5.9315e-05 0)
(0.212578 -5.64633e-05 0)
(0.212575 -5.33298e-05 0)
(0.212572 -4.99753e-05 0)
(0.212569 -4.64626e-05 0)
(0.212566 -4.28535e-05 0)
(0.212564 -3.92195e-05 0)
(0.212562 -3.57229e-05 0)
(0.201094 0.00382963 0)
(0.201418 0.00405736 0)
(0.201768 0.00425741 0)
(0.202142 0.00442429 0)
(0.202538 0.00455431 0)
(0.202947 0.00464593 0)
(0.203361 0.0046995 0)
(0.203773 0.00471693 0)
(0.204176 0.00470121 0)
(0.204568 0.00465619 0)
(0.204944 0.00458619 0)
(0.205301 0.00449577 0)
(0.205639 0.00438939 0)
(0.205957 0.0042713 0)
(0.206255 0.0041453 0)
(0.206534 0.00401471 0)
(0.206795 0.0038823 0)
(0.20704 0.00375028 0)
(0.207271 0.00362038 0)
(0.207488 0.00349383 0)
(0.207695 0.00337151 0)
(0.207891 0.00325394 0)
(0.208079 0.00314142 0)
(0.20826 0.00303402 0)
(0.208434 0.00293169 0)
(0.208602 0.00283428 0)
(0.208766 0.00274155 0)
(0.208925 0.00265322 0)
(0.209081 0.002569 0)
(0.209233 0.00248858 0)
(0.209383 0.00241164 0)
(0.20953 0.00233787 0)
(0.209674 0.00226695 0)
(0.209816 0.00219859 0)
(0.209956 0.00213248 0)
(0.210093 0.00206833 0)
(0.210229 0.00200587 0)
(0.210363 0.00194483 0)
(0.210494 0.00188492 0)
(0.210624 0.0018259 0)
(0.210752 0.00176751 0)
(0.210877 0.00170951 0)
(0.211001 0.00165164 0)
(0.211122 0.00159369 0)
(0.21124 0.00153543 0)
(0.211356 0.00147666 0)
(0.211469 0.00141717 0)
(0.211579 0.0013568 0)
(0.211686 0.00129539 0)
(0.211789 0.00123283 0)
(0.211888 0.00116902 0)
(0.211983 0.00110393 0)
(0.212073 0.00103759 0)
(0.212157 0.000970077 0)
(0.212236 0.000901581 0)
(0.212309 0.000832377 0)
(0.212376 0.000762848 0)
(0.212436 0.000693483 0)
(0.212489 0.000624873 0)
(0.212535 0.000557681 0)
(0.212573 0.000492615 0)
(0.212605 0.000430374 0)
(0.212631 0.000371596 0)
(0.212651 0.000316812 0)
(0.212665 0.000266404 0)
(0.212676 0.000220594 0)
(0.212682 0.000179444 0)
(0.212686 0.000142873 0)
(0.212687 0.000110687 0)
(0.212687 8.26024e-05 0)
(0.212685 5.82778e-05 0)
(0.212682 3.73411e-05 0)
(0.212679 1.94114e-05 0)
(0.212675 4.11508e-06 0)
(0.21267 -8.88145e-06 0)
(0.212666 -1.98989e-05 0)
(0.212661 -2.92126e-05 0)
(0.212656 -3.70602e-05 0)
(0.212652 -4.36441e-05 0)
(0.212647 -4.91324e-05 0)
(0.212642 -5.36623e-05 0)
(0.212637 -5.73436e-05 0)
(0.212632 -6.02627e-05 0)
(0.212627 -6.24866e-05 0)
(0.212622 -6.40673e-05 0)
(0.212617 -6.50451e-05 0)
(0.212612 -6.54528e-05 0)
(0.212607 -6.53185e-05 0)
(0.212603 -6.4669e-05 0)
(0.212598 -6.35322e-05 0)
(0.212594 -6.19397e-05 0)
(0.212589 -5.99277e-05 0)
(0.212585 -5.75388e-05 0)
(0.212581 -5.48222e-05 0)
(0.212578 -5.18328e-05 0)
(0.212575 -4.86309e-05 0)
(0.212572 -4.528e-05 0)
(0.212569 -4.18484e-05 0)
(0.212567 -3.84214e-05 0)
(0.212565 -3.51662e-05 0)
(0.201282 0.00357763 0)
(0.201586 0.00377796 0)
(0.20191 0.00395526 0)
(0.202257 0.00410505 0)
(0.202623 0.00422404 0)
(0.203001 0.00431059 0)
(0.203386 0.00436461 0)
(0.20377 0.00438727 0)
(0.20415 0.00438079 0)
(0.20452 0.0043481 0)
(0.204878 0.00429264 0)
(0.205222 0.00421812 0)
(0.205549 0.00412827 0)
(0.205859 0.0040267 0)
(0.206153 0.00391673 0)
(0.206429 0.0038013 0)
(0.20669 0.00368294 0)
(0.206936 0.00356374 0)
(0.207169 0.00344538 0)
(0.20739 0.00332912 0)
(0.2076 0.00321589 0)
(0.2078 0.00310634 0)
(0.207992 0.00300086 0)
(0.208177 0.00289964 0)
(0.208355 0.00280276 0)
(0.208527 0.00271016 0)
(0.208695 0.0026217 0)
(0.208858 0.0025372 0)
(0.209017 0.00245644 0)
(0.209172 0.00237916 0)
(0.209324 0.00230511 0)
(0.209473 0.00223401 0)
(0.20962 0.00216559 0)
(0.209764 0.00209958 0)
(0.209905 0.00203572 0)
(0.210044 0.00197374 0)
(0.210181 0.00191338 0)
(0.210316 0.00185439 0)
(0.210449 0.00179652 0)
(0.210579 0.00173952 0)
(0.210708 0.00168316 0)
(0.210834 0.00162721 0)
(0.210957 0.00157145 0)
(0.211079 0.00151566 0)
(0.211197 0.00145964 0)
(0.211313 0.00140319 0)
(0.211426 0.00134614 0)
(0.211536 0.00128833 0)
(0.211642 0.00122963 0)
(0.211745 0.00116993 0)
(0.211843 0.00110915 0)
(0.211938 0.00104729 0)
(0.212027 0.000984364 0)
(0.212112 0.000920473 0)
(0.212191 0.000855789 0)
(0.212264 0.000790572 0)
(0.212331 0.000725172 0)
(0.212391 0.000660029 0)
(0.212445 0.000595665 0)
(0.212492 0.000532666 0)
(0.212533 0.000471649 0)
(0.212567 0.000413224 0)
(0.212595 0.00035795 0)
(0.212617 0.000306297 0)
(0.212634 0.000258614 0)
(0.212647 0.00021511 0)
(0.212657 0.000175862 0)
(0.212663 0.00014082 0)
(0.212667 0.000109831 0)
(0.212669 8.26591e-05 0)
(0.212669 5.90134e-05 0)
(0.212668 3.85696e-05 0)
(0.212666 2.099e-05 0)
(0.212664 5.93913e-06 0)
(0.212661 -6.88847e-06 0)
(0.212657 -1.77905e-05 0)
(0.212654 -2.70248e-05 0)
(0.21265 -3.48168e-05 0)
(0.212646 -4.13605e-05 0)
(0.212642 -4.68191e-05 0)
(0.212638 -5.13269e-05 0)
(0.212634 -5.49929e-05 0)
(0.212629 -5.79038e-05 0)
(0.212625 -6.01275e-05 0)
(0.21262 -6.17174e-05 0)
(0.212616 -6.27153e-05 0)
(0.212611 -6.31552e-05 0)
(0.212607 -6.30665e-05 0)
(0.212602 -6.24768e-05 0)
(0.212598 -6.14147e-05 0)
(0.212593 -5.99114e-05 0)
(0.212589 -5.80031e-05 0)
(0.212585 -5.57312e-05 0)
(0.212582 -5.31437e-05 0)
(0.212578 -5.02941e-05 0)
(0.212575 -4.72415e-05 0)
(0.212572 -4.405e-05 0)
(0.21257 -4.07912e-05 0)
(0.212568 -3.75545e-05 0)
(0.212566 -3.44936e-05 0)
(0.201453 0.00333113 0)
(0.201738 0.00350732 0)
(0.202041 0.00366426 0)
(0.202363 0.00379827 0)
(0.202703 0.00390654 0)
(0.203054 0.00398744 0)
(0.203413 0.00404059 0)
(0.203773 0.00406668 0)
(0.20413 0.00406728 0)
(0.204481 0.00404461 0)
(0.204822 0.00400137 0)
(0.205152 0.00394055 0)
(0.205468 0.00386523 0)
(0.205771 0.00377845 0)
(0.206059 0.00368306 0)
(0.206332 0.00358166 0)
(0.206592 0.00347652 0)
(0.206838 0.00336957 0)
(0.207073 0.0032624 0)
(0.207296 0.00315628 0)
(0.207508 0.00305215 0)
(0.207712 0.00295072 0)
(0.207908 0.00285247 0)
(0.208096 0.0027577 0)
(0.208277 0.00266655 0)
(0.208453 0.00257906 0)
(0.208624 0.0024952 0)
(0.20879 0.00241484 0)
(0.208952 0.00233783 0)
(0.20911 0.00226399 0)
(0.209265 0.0021931 0)
(0.209416 0.00212493 0)
(0.209565 0.00205926 0)
(0.209711 0.00199585 0)
(0.209854 0.00193447 0)
(0.209995 0.00187486 0)
(0.210133 0.00181681 0)
(0.210269 0.00176007 0)
(0.210403 0.00170442 0)
(0.210534 0.00164962 0)
(0.210663 0.00159548 0)
(0.21079 0.00154176 0)
(0.210914 0.00148826 0)
(0.211035 0.00143479 0)
(0.211154 0.00138115 0)
(0.21127 0.00132717 0)
(0.211382 0.0012727 0)
(0.211492 0.00121758 0)
(0.211598 0.00116171 0)
(0.2117 0.00110498 0)
(0.211799 0.00104735 0)
(0.211893 0.000988793 0)
(0.211982 0.000929357 0)
(0.212066 0.000869135 0)
(0.212145 0.000808292 0)
(0.212218 0.000747067 0)
(0.212286 0.000685778 0)
(0.212347 0.000624819 0)
(0.212401 0.000564652 0)
(0.21245 0.000505789 0)
(0.212492 0.00044877 0)
(0.212528 0.000394125 0)
(0.212558 0.000342344 0)
(0.212583 0.000293841 0)
(0.212603 0.000248931 0)
(0.212618 0.000207814 0)
(0.21263 0.000170571 0)
(0.212639 0.000137178 0)
(0.212645 0.000107517 0)
(0.212649 8.13927e-05 0)
(0.212652 5.85596e-05 0)
(0.212653 3.87359e-05 0)
(0.212652 2.16246e-05 0)
(0.212652 6.92935e-06 0)
(0.21265 -5.63907e-06 0)
(0.212648 -1.63414e-05 0)
(0.212645 -2.54199e-05 0)
(0.212643 -3.30889e-05 0)
(0.21264 -3.95335e-05 0)
(0.212636 -4.49106e-05 0)
(0.212633 -4.93509e-05 0)
(0.212629 -5.29615e-05 0)
(0.212625 -5.58284e-05 0)
(0.212621 -5.80198e-05 0)
(0.212617 -5.95898e-05 0)
(0.212613 -6.05812e-05 0)
(0.212609 -6.10291e-05 0)
(0.212605 -6.09638e-05 0)
(0.212601 -6.04136e-05 0)
(0.212597 -5.94074e-05 0)
(0.212593 -5.79764e-05 0)
(0.212589 -5.6156e-05 0)
(0.212585 -5.39871e-05 0)
(0.212582 -5.15159e-05 0)
(0.212578 -4.87946e-05 0)
(0.212575 -4.5881e-05 0)
(0.212572 -4.28388e-05 0)
(0.21257 -3.97401e-05 0)
(0.212568 -3.66726e-05 0)
(0.212566 -3.37716e-05 0)
(0.201607 0.00308895 0)
(0.201877 0.0032438 0)
(0.202161 0.00338248 0)
(0.202461 0.00350201 0)
(0.202778 0.00359998 0)
(0.203106 0.00367487 0)
(0.203441 0.00372615 0)
(0.203779 0.00375416 0)
(0.204116 0.00375998 0)
(0.204448 0.00374526 0)
(0.204774 0.0037121 0)
(0.205091 0.00366289 0)
(0.205397 0.00360015 0)
(0.205691 0.00352641 0)
(0.205973 0.00344411 0)
(0.206243 0.00335551 0)
(0.2065 0.00326262 0)
(0.206746 0.00316721 0)
(0.206981 0.00307076 0)
(0.207205 0.00297448 0)
(0.20742 0.00287933 0)
(0.207627 0.00278604 0)
(0.207825 0.00269514 0)
(0.208016 0.00260699 0)
(0.208201 0.00252182 0)
(0.20838 0.00243974 0)
(0.208554 0.00236077 0)
(0.208723 0.00228487 0)
(0.208888 0.00221194 0)
(0.209048 0.00214185 0)
(0.209206 0.00207444 0)
(0.209359 0.00200953 0)
(0.20951 0.00194691 0)
(0.209658 0.00188639 0)
(0.209803 0.00182776 0)
(0.209945 0.00177081 0)
(0.210085 0.00171532 0)
(0.210222 0.00166109 0)
(0.210356 0.0016079 0)
(0.210489 0.00155555 0)
(0.210618 0.00150384 0)
(0.210745 0.00145257 0)
(0.21087 0.00140155 0)
(0.210991 0.00135061 0)
(0.21111 0.00129956 0)
(0.211226 0.00124824 0)
(0.211339 0.00119653 0)
(0.211448 0.00114428 0)
(0.211554 0.00109139 0)
(0.211656 0.00103779 0)
(0.211754 0.000983432 0)
(0.211848 0.000928309 0)
(0.211937 0.000872465 0)
(0.212021 0.000815993 0)
(0.2121 0.000759048 0)
(0.212173 0.00070185 0)
(0.212241 0.000644685 0)
(0.212303 0.000587903 0)
(0.212359 0.000531913 0)
(0.212408 0.000477161 0)
(0.212452 0.000424117 0)
(0.21249 0.000373242 0)
(0.212522 0.000324963 0)
(0.212549 0.000279647 0)
(0.212571 0.000237574 0)
(0.212589 0.000198931 0)
(0.212604 0.000163805 0)
(0.212615 0.000132189 0)
(0.212623 0.000103992 0)
(0.212629 7.9058e-05 0)
(0.212634 5.71782e-05 0)
(0.212637 3.81108e-05 0)
(0.212638 2.15965e-05 0)
(0.212639 7.37213e-06 0)
(0.212639 -4.82961e-06 0)
(0.212638 -1.5245e-05 0)
(0.212637 -2.40955e-05 0)
(0.212635 -3.15807e-05 0)
(0.212633 -3.78749e-05 0)
(0.21263 -4.31278e-05 0)
(0.212627 -4.7465e-05 0)
(0.212624 -5.09907e-05 0)
(0.212621 -5.37891e-05 0)
(0.212618 -5.5928e-05 0)
(0.212614 -5.74613e-05 0)
(0.21261 -5.84323e-05 0)
(0.212607 -5.88766e-05 0)
(0.212603 -5.88251e-05 0)
(0.212599 -5.83063e-05 0)
(0.212595 -5.73493e-05 0)
(0.212592 -5.59851e-05 0)
(0.212588 -5.42485e-05 0)
(0.212584 -5.21789e-05 0)
(0.212581 -4.98213e-05 0)
(0.212578 -4.72261e-05 0)
(0.212575 -4.44495e-05 0)
(0.212572 -4.15538e-05 0)
(0.21257 -3.86096e-05 0)
(0.212568 -3.56998e-05 0)
(0.212566 -3.29437e-05 0)
(0.201746 0.00285031 0)
(0.202002 0.00298612 0)
(0.20227 0.00310835 0)
(0.202552 0.00321458 0)
(0.202848 0.00330277 0)
(0.203156 0.00337155 0)
(0.20347 0.00342033 0)
(0.203788 0.00344919 0)
(0.204106 0.00345885 0)
(0.204422 0.00345051 0)
(0.204733 0.00342578 0)
(0.205037 0.00338653 0)
(0.205333 0.0033348 0)
(0.205619 0.00327268 0)
(0.205895 0.00320222 0)
(0.20616 0.00312536 0)
(0.206415 0.00304388 0)
(0.20666 0.00295935 0)
(0.206895 0.00287314 0)
(0.20712 0.00278638 0)
(0.207336 0.00270002 0)
(0.207545 0.00261478 0)
(0.207745 0.00253124 0)
(0.207939 0.00244979 0)
(0.208127 0.00237072 0)
(0.208309 0.00229419 0)
(0.208485 0.0022203 0)
(0.208657 0.00214905 0)
(0.208824 0.00208041 0)
(0.208987 0.00201428 0)
(0.209147 0.00195055 0)
(0.209303 0.00188908 0)
(0.209455 0.00182971 0)
(0.209605 0.00177227 0)
(0.209752 0.00171658 0)
(0.209895 0.00166245 0)
(0.210036 0.0016097 0)
(0.210175 0.00155814 0)
(0.21031 0.00150757 0)
(0.210443 0.00145782 0)
(0.210573 0.0014087 0)
(0.210701 0.00136002 0)
(0.210826 0.00131162 0)
(0.210948 0.00126333 0)
(0.211067 0.001215 0)
(0.211183 0.00116648 0)
(0.211295 0.00111764 0)
(0.211405 0.00106837 0)
(0.21151 0.00101857 0)
(0.211612 0.000968192 0)
(0.21171 0.00091719 0)
(0.211804 0.000865567 0)
(0.211893 0.000813368 0)
(0.211977 0.000760682 0)
(0.212056 0.000707653 0)
(0.212129 0.000654481 0)
(0.212197 0.000601423 0)
(0.21226 0.000548787 0)
(0.212316 0.000496932 0)
(0.212367 0.000446247 0)
(0.212412 0.000397138 0)
(0.212452 0.000350006 0)
(0.212486 0.000305223 0)
(0.212515 0.000263109 0)
(0.21254 0.000223915 0)
(0.21256 0.000187813 0)
(0.212577 0.000154891 0)
(0.21259 0.000125155 0)
(0.212601 9.85408e-05 0)
(0.212609 7.49198e-05 0)
(0.212615 5.4118e-05 0)
(0.21262 3.59275e-05 0)
(0.212623 2.01215e-05 0)
(0.212626 6.46693e-06 0)
(0.212627 -5.25817e-06 0)
(0.212627 -1.52799e-05 0)
(0.212627 -2.38046e-05 0)
(0.212626 -3.10168e-05 0)
(0.212625 -3.70795e-05 0)
(0.212623 -4.21342e-05 0)
(0.212621 -4.63009e-05 0)
(0.212619 -4.96797e-05 0)
(0.212616 -5.23527e-05 0)
(0.212614 -5.43864e-05 0)
(0.212611 -5.58341e-05 0)
(0.212607 -5.67392e-05 0)
(0.212604 -5.71374e-05 0)
(0.212601 -5.706e-05 0)
(0.212597 -5.65357e-05 0)
(0.212594 -5.55933e-05 0)
(0.21259 -5.42637e-05 0)
(0.212587 -5.25805e-05 0)
(0.212584 -5.05823e-05 0)
(0.212581 -4.83121e-05 0)
(0.212578 -4.58185e-05 0)
(0.212575 -4.31556e-05 0)
(0.212572 -4.03835e-05 0)
(0.21257 -3.75698e-05 0)
(0.212568 -3.47916e-05 0)
(0.212566 -3.21548e-05 0)
(0.201897 0.00257028 0)
(0.202138 0.00268584 0)
(0.202389 0.00279029 0)
(0.202652 0.00288177 0)
(0.202927 0.00295864 0)
(0.203213 0.00301973 0)
(0.203506 0.00306446 0)
(0.203803 0.00309274 0)
(0.204101 0.003105 0)
(0.204399 0.00310205 0)
(0.204694 0.00308504 0)
(0.204983 0.00305536 0)
(0.205267 0.00301458 0)
(0.205544 0.00296434 0)
(0.205812 0.00290628 0)
(0.206072 0.00284198 0)
(0.206323 0.00277295 0)
(0.206565 0.00270053 0)
(0.206799 0.00262592 0)
(0.207024 0.00255015 0)
(0.207241 0.00247411 0)
(0.207451 0.00239849 0)
(0.207654 0.00232386 0)
(0.20785 0.00225065 0)
(0.208041 0.00217919 0)
(0.208225 0.00210968 0)
(0.208405 0.00204227 0)
(0.208579 0.00197702 0)
(0.208749 0.00191394 0)
(0.208915 0.001853 0)
(0.209077 0.00179413 0)
(0.209236 0.00173723 0)
(0.20939 0.00168218 0)
(0.209542 0.00162885 0)
(0.20969 0.00157709 0)
(0.209836 0.00152674 0)
(0.209978 0.00147765 0)
(0.210118 0.00142965 0)
(0.210255 0.00138259 0)
(0.210389 0.00133628 0)
(0.21052 0.00129058 0)
(0.210648 0.00124533 0)
(0.210773 0.00120037 0)
(0.210896 0.00115556 0)
(0.211015 0.00111075 0)
(0.211131 0.00106583 0)
(0.211244 0.00102068 0)
(0.211353 0.000975208 0)
(0.211458 0.000929332 0)
(0.21156 0.000883001 0)
(0.211658 0.00083619 0)
(0.211751 0.000788907 0)
(0.21184 0.000741194 0)
(0.211924 0.000693137 0)
(0.212003 0.000644865 0)
(0.212077 0.000596554 0)
(0.212146 0.000548427 0)
(0.212209 0.00050075 0)
(0.212267 0.000453826 0)
(0.212319 0.000407984 0)
(0.212366 0.000363565 0)
(0.212407 0.000320905 0)
(0.212444 0.000280317 0)
(0.212475 0.000242073 0)
(0.212502 0.00020639 0)
(0.212525 0.000173423 0)
(0.212545 0.000143255 0)
(0.212561 0.000115904 0)
(0.212574 9.13277e-05 0)
(0.212585 6.9428e-05 0)
(0.212593 5.00664e-05 0)
(0.2126 3.30724e-05 0)
(0.212605 1.82569e-05 0)
(0.212609 5.41288e-06 0)
(0.212612 -5.6549e-06 0)
(0.212614 -1.51367e-05 0)
(0.212615 -2.3215e-05 0)
(0.212616 -3.00561e-05 0)
(0.212616 -3.58088e-05 0)
(0.212615 -4.06032e-05 0)
(0.212614 -4.45511e-05 0)
(0.212613 -4.77464e-05 0)
(0.212611 -5.02672e-05 0)
(0.212609 -5.21772e-05 0)
(0.212606 -5.35283e-05 0)
(0.212604 -5.43628e-05 0)
(0.212601 -5.47162e-05 0)
(0.212598 -5.46192e-05 0)
(0.212595 -5.41005e-05 0)
(0.212592 -5.31885e-05 0)
(0.212589 -5.19129e-05 0)
(0.212586 -5.03064e-05 0)
(0.212583 -4.84057e-05 0)
(0.21258 -4.62517e-05 0)
(0.212577 -4.38903e-05 0)
(0.212575 -4.13725e-05 0)
(0.212572 -3.8755e-05 0)
(0.21257 -3.61009e-05 0)
(0.212568 -3.34806e-05 0)
(0.212566 -3.09876e-05 0)
(0.202047 0.00224143 0)
(0.202274 0.00233636 0)
(0.202508 0.0024226 0)
(0.202752 0.00249876 0)
(0.203007 0.0025636 0)
(0.203272 0.00261615 0)
(0.203544 0.00265587 0)
(0.20382 0.00268257 0)
(0.204098 0.00269644 0)
(0.204377 0.00269795 0)
(0.204654 0.00268786 0)
(0.204929 0.00266713 0)
(0.2052 0.00263689 0)
(0.205466 0.00259833 0)
(0.205725 0.00255271 0)
(0.205979 0.00250127 0)
(0.206225 0.00244519 0)
(0.206464 0.00238558 0)
(0.206695 0.00232345 0)
(0.20692 0.0022597 0)
(0.207138 0.0021951 0)
(0.207349 0.00213031 0)
(0.207554 0.00206587 0)
(0.207752 0.00200221 0)
(0.207945 0.00193966 0)
(0.208132 0.00187849 0)
(0.208315 0.00181885 0)
(0.208492 0.00176087 0)
(0.208665 0.00170459 0)
(0.208834 0.00165004 0)
(0.208999 0.00159719 0)
(0.20916 0.00154598 0)
(0.209317 0.00149634 0)
(0.209471 0.00144817 0)
(0.209622 0.00140136 0)
(0.209769 0.00135579 0)
(0.209913 0.00131133 0)
(0.210054 0.00126784 0)
(0.210192 0.00122521 0)
(0.210327 0.00118327 0)
(0.210459 0.00114191 0)
(0.210588 0.00110097 0)
(0.210714 0.00106035 0)
(0.210837 0.0010199 0)
(0.210957 0.000979526 0)
(0.211073 0.000939107 0)
(0.211186 0.000898555 0)
(0.211295 0.000857789 0)
(0.211401 0.000816748 0)
(0.211502 0.000775392 0)
(0.2116 0.000733704 0)
(0.211693 0.000691694 0)
(0.211782 0.000649405 0)
(0.211866 0.000606911 0)
(0.211946 0.000564326 0)
(0.21202 0.000521796 0)
(0.21209 0.000479509 0)
(0.212154 0.000437684 0)
(0.212213 0.000396567 0)
(0.212267 0.000356425 0)
(0.212315 0.000317533 0)
(0.212359 0.000280162 0)
(0.212397 0.000244565 0)
(0.212432 0.000210965 0)
(0.212461 0.000179543 0)
(0.212487 0.000150431 0)
(0.212509 0.000123708 0)
(0.212528 9.93992e-05 0)
(0.212544 7.74786e-05 0)
(0.212557 5.78773e-05 0)
(0.212568 4.04885e-05 0)
(0.212578 2.51753e-05 0)
(0.212585 1.1794e-05 0)
(0.212591 1.91025e-07 0)
(0.212596 -9.81732e-06 0)
(0.2126 -1.83941e-05 0)
(0.212602 -2.56934e-05 0)
(0.212604 -3.18597e-05 0)
(0.212605 -3.70244e-05 0)
(0.212606 -4.13039e-05 0)
(0.212606 -4.4799e-05 0)
(0.212606 -4.75959e-05 0)
(0.212605 -4.97665e-05 0)
(0.212603 -5.13706e-05 0)
(0.212602 -5.24574e-05 0)
(0.2126 -5.30675e-05 0)
(0.212598 -5.32352e-05 0)
(0.212596 -5.29907e-05 0)
(0.212593 -5.23617e-05 0)
(0.212591 -5.13757e-05 0)
(0.212588 -5.00613e-05 0)
(0.212585 -4.84494e-05 0)
(0.212583 -4.65741e-05 0)
(0.21258 -4.44732e-05 0)
(0.212578 -4.21889e-05 0)
(0.212575 -3.97677e-05 0)
(0.212573 -3.72611e-05 0)
(0.212571 -3.47261e-05 0)
(0.212569 -3.22257e-05 0)
(0.212566 -2.98422e-05 0)
(0.202182 0.00189258 0)
(0.202396 0.00196828 0)
(0.202615 0.00203731 0)
(0.202843 0.00209867 0)
(0.203081 0.00215144 0)
(0.203327 0.00219487 0)
(0.20358 0.0022285 0)
(0.203837 0.00225212 0)
(0.204098 0.00226577 0)
(0.20436 0.00226972 0)
(0.204622 0.00226444 0)
(0.204882 0.00225057 0)
(0.205141 0.00222888 0)
(0.205396 0.00220023 0)
(0.205647 0.00216553 0)
(0.205892 0.00212569 0)
(0.206133 0.00208164 0)
(0.206368 0.00203423 0)
(0.206597 0.00198427 0)
(0.20682 0.00193251 0)
(0.207038 0.00187958 0)
(0.207249 0.00182607 0)
(0.207455 0.00177245 0)
(0.207655 0.00171912 0)
(0.20785 0.0016664 0)
(0.20804 0.00161455 0)
(0.208224 0.00156375 0)
(0.208405 0.00151414 0)
(0.20858 0.00146581 0)
(0.208752 0.00141879 0)
(0.208919 0.00137311 0)
(0.209083 0.00132873 0)
(0.209242 0.00128562 0)
(0.209398 0.00124371 0)
(0.209551 0.00120292 0)
(0.2097 0.00116318 0)
(0.209846 0.00112437 0)
(0.209989 0.0010864 0)
(0.210128 0.00104916 0)
(0.210264 0.00101253 0)
(0.210397 0.000976419 0)
(0.210527 0.000940704 0)
(0.210654 0.000905283 0)
(0.210777 0.000870056 0)
(0.210897 0.000834928 0)
(0.211014 0.000799814 0)
(0.211127 0.000764638 0)
(0.211236 0.000729339 0)
(0.211342 0.000693868 0)
(0.211444 0.000658195 0)
(0.211541 0.00062231 0)
(0.211635 0.000586227 0)
(0.211724 0.000549982 0)
(0.211808 0.00051364 0)
(0.211888 0.000477294 0)
(0.211963 0.000441065 0)
(0.212033 0.000405105 0)
(0.212099 0.000369586 0)
(0.212159 0.000334704 0)
(0.212214 0.000300669 0)
(0.212265 0.000267697 0)
(0.21231 0.000235998 0)
(0.212351 0.000205772 0)
(0.212388 0.000177195 0)
(0.21242 0.000150412 0)
(0.212448 0.000125534 0)
(0.212473 0.000102629 0)
(0.212495 8.17265e-05 0)
(0.212513 6.28152e-05 0)
(0.212529 4.58499e-05 0)
(0.212543 3.07555e-05 0)
(0.212555 1.74098e-05 0)
(0.212564 5.70517e-06 0)
(0.212572 -4.47491e-06 0)
(0.212579 -1.32596e-05 0)
(0.212584 -2.07919e-05 0)
(0.212589 -2.72016e-05 0)
(0.212592 -3.2609e-05 0)
(0.212595 -3.71253e-05 0)
(0.212597 -4.08496e-05 0)
(0.212598 -4.38692e-05 0)
(0.212599 -4.62592e-05 0)
(0.212599 -4.80832e-05 0)
(0.212598 -4.93945e-05 0)
(0.212598 -5.02376e-05 0)
(0.212596 -5.06498e-05 0)
(0.212595 -5.06628e-05 0)
(0.212593 -5.03049e-05 0)
(0.212591 -4.96021e-05 0)
(0.212589 -4.85803e-05 0)
(0.212587 -4.72661e-05 0)
(0.212585 -4.5688e-05 0)
(0.212583 -4.38772e-05 0)
(0.21258 -4.18679e-05 0)
(0.212578 -3.96975e-05 0)
(0.212576 -3.74072e-05 0)
(0.212574 -3.50421e-05 0)
(0.212571 -3.26523e-05 0)
(0.21257 -3.02945e-05 0)
(0.212567 -2.8048e-05 0)
(0.2023 0.00152009 0)
(0.202503 0.00157767 0)
(0.202709 0.00163034 0)
(0.202924 0.0016774 0)
(0.203147 0.00171819 0)
(0.203378 0.00175217 0)
(0.203615 0.00177897 0)
(0.203856 0.00179839 0)
(0.204101 0.00181041 0)
(0.204348 0.00181515 0)
(0.204596 0.00181288 0)
(0.204844 0.00180402 0)
(0.205091 0.00178905 0)
(0.205336 0.00176856 0)
(0.205579 0.00174316 0)
(0.205818 0.00171353 0)
(0.206053 0.0016803 0)
(0.206283 0.00164413 0)
(0.206509 0.00160562 0)
(0.206731 0.00156535 0)
(0.206947 0.00152382 0)
(0.207158 0.00148151 0)
(0.207364 0.00143881 0)
(0.207565 0.00139607 0)
(0.207761 0.00135357 0)
(0.207953 0.00131154 0)
(0.208139 0.00127016 0)
(0.208322 0.00122958 0)
(0.2085 0.00118989 0)
(0.208673 0.00115115 0)
(0.208843 0.00111339 0)
(0.209008 0.00107663 0)
(0.20917 0.00104083 0)
(0.209328 0.00100598 0)
(0.209483 0.000972013 0)
(0.209633 0.000938882 0)
(0.209781 0.000906513 0)
(0.209925 0.000874832 0)
(0.210066 0.000843758 0)
(0.210203 0.000813209 0)
(0.210337 0.0007831 0)
(0.210468 0.000753349 0)
(0.210595 0.000723873 0)
(0.210719 0.000694596 0)
(0.210839 0.000665445 0)
(0.210956 0.000636355 0)
(0.211069 0.000607267 0)
(0.211179 0.000578135 0)
(0.211285 0.000548924 0)
(0.211386 0.000519612 0)
(0.211484 0.000490196 0)
(0.211578 0.000460686 0)
(0.211667 0.000431115 0)
(0.211752 0.000401535 0)
(0.211832 0.00037202 0)
(0.211908 0.000342664 0)
(0.211979 0.000313582 0)
(0.212045 0.000284908 0)
(0.212107 0.000256788 0)
(0.212163 0.000229382 0)
(0.212215 0.000202849 0)
(0.212263 0.00017735 0)
(0.212306 0.000153034 0)
(0.212344 0.000130035 0)
(0.212379 0.000108466 0)
(0.21241 8.84147e-05 0)
(0.212437 6.99354e-05 0)
(0.212461 5.30526e-05 0)
(0.212482 3.77644e-05 0)
(0.212501 2.40395e-05 0)
(0.212517 1.1823e-05 0)
(0.21253 1.061e-06 0)
(0.212542 -8.35023e-06 0)
(0.212552 -1.65217e-05 0)
(0.212561 -2.35505e-05 0)
(0.212568 -2.95354e-05 0)
(0.212574 -3.45782e-05 0)
(0.212578 -3.87758e-05 0)
(0.212582 -4.2218e-05 0)
(0.212585 -4.49862e-05 0)
(0.212588 -4.71526e-05 0)
(0.212589 -4.87803e-05 0)
(0.21259 -4.99235e-05 0)
(0.212591 -5.06279e-05 0)
(0.212591 -5.09326e-05 0)
(0.212591 -5.08705e-05 0)
(0.21259 -5.04703e-05 0)
(0.212589 -4.97576e-05 0)
(0.212587 -4.87563e-05 0)
(0.212586 -4.74902e-05 0)
(0.212584 -4.59832e-05 0)
(0.212582 -4.4261e-05 0)
(0.21258 -4.2351e-05 0)
(0.212578 -4.02826e-05 0)
(0.212576 -3.80875e-05 0)
(0.212574 -3.57996e-05 0)
(0.212572 -3.34552e-05 0)
(0.21257 -3.10943e-05 0)
(0.212568 -2.87646e-05 0)
(0.212565 -2.65459e-05 0)
(0.202394 0.00112398 0)
(0.202588 0.00116464 0)
(0.202785 0.00120192 0)
(0.202988 0.00123536 0)
(0.2032 0.00126453 0)
(0.203418 0.00128905 0)
(0.203642 0.00130866 0)
(0.203871 0.00132319 0)
(0.204103 0.00133261 0)
(0.204338 0.00133696 0)
(0.204575 0.00133639 0)
(0.204812 0.00133113 0)
(0.205049 0.00132148 0)
(0.205286 0.00130781 0)
(0.205521 0.00129051 0)
(0.205753 0.00127001 0)
(0.205983 0.00124676 0)
(0.206209 0.00122119 0)
(0.206432 0.00119373 0)
(0.206651 0.00116478 0)
(0.206866 0.00113472 0)
(0.207076 0.00110387 0)
(0.207282 0.00107256 0)
(0.207484 0.00104103 0)
(0.207681 0.00100952 0)
(0.207873 0.000978213 0)
(0.208061 0.000947258 0)
(0.208245 0.000916774 0)
(0.208425 0.000886853 0)
(0.2086 0.000857556 0)
(0.208772 0.000828923 0)
(0.208939 0.00080097 0)
(0.209103 0.0007737 0)
(0.209262 0.000747098 0)
(0.209418 0.000721138 0)
(0.209571 0.000695784 0)
(0.209719 0.000670992 0)
(0.209865 0.000646712 0)
(0.210006 0.00062289 0)
(0.210145 0.000599468 0)
(0.210279 0.000576388 0)
(0.210411 0.000553592 0)
(0.210539 0.000531022 0)
(0.210663 0.000508623 0)
(0.210784 0.000486345 0)
(0.210901 0.000464141 0)
(0.211014 0.000441971 0)
(0.211124 0.000419803 0)
(0.21123 0.000397614 0)
(0.211332 0.000375389 0)
(0.21143 0.000353128 0)
(0.211523 0.000330841 0)
(0.211613 0.000308552 0)
(0.211698 0.000286301 0)
(0.211778 0.000264141 0)
(0.211854 0.000242141 0)
(0.211926 0.000220382 0)
(0.211993 0.00019896 0)
(0.212055 0.000177977 0)
(0.212112 0.000157544 0)
(0.212166 0.000137774 0)
(0.212214 0.000118777 0)
(0.212259 0.000100654 0)
(0.212299 8.3489e-05 0)
(0.212335 6.73723e-05 0)
(0.212368 5.23736e-05 0)
(0.212397 3.85364e-05 0)
(0.212423 2.5883e-05 0)
(0.212446 1.4412e-05 0)
(0.212466 4.10521e-06 0)
(0.212483 -5.07209e-06 0)
(0.212498 -1.31464e-05 0)
(0.212511 -2.01918e-05 0)
(0.212523 -2.62819e-05 0)
(0.212532 -3.14882e-05 0)
(0.21254 -3.58833e-05 0)
(0.212547 -3.9541e-05 0)
(0.212553 -4.25327e-05 0)
(0.212557 -4.49244e-05 0)
(0.212561 -4.67769e-05 0)
(0.212563 -4.81446e-05 0)
(0.212565 -4.90755e-05 0)
(0.212567 -4.96116e-05 0)
(0.212567 -4.97887e-05 0)
(0.212567 -4.96381e-05 0)
(0.212567 -4.91868e-05 0)
(0.212566 -4.84586e-05 0)
(0.212565 -4.74757e-05 0)
(0.212563 -4.62588e-05 0)
(0.212562 -4.48288e-05 0)
(0.21256 -4.32069e-05 0)
(0.212557 -4.14154e-05 0)
(0.212555 -3.94778e-05 0)
(0.212553 -3.74186e-05 0)
(0.21255 -3.52632e-05 0)
(0.212548 -3.3037e-05 0)
(0.212545 -3.07647e-05 0)
(0.212543 -2.847e-05 0)
(0.212541 -2.61778e-05 0)
(0.212538 -2.39423e-05 0)
(0.202462 0.000689074 0)
(0.20265 0.000712669 0)
(0.202839 0.000734256 0)
(0.203035 0.000753603 0)
(0.203237 0.000770449 0)
(0.203446 0.000784573 0)
(0.203661 0.000795816 0)
(0.20388 0.000804078 0)
(0.204103 0.000809321 0)
(0.204328 0.000811561 0)
(0.204556 0.000810867 0)
(0.204785 0.000807359 0)
(0.205014 0.0008012 0)
(0.205244 0.000792587 0)
(0.205472 0.000781744 0)
(0.205699 0.000768915 0)
(0.205924 0.000754352 0)
(0.206146 0.000738312 0)
(0.206365 0.000721046 0)
(0.206581 0.000702795 0)
(0.206794 0.000683788 0)
(0.207002 0.000664235 0)
(0.207207 0.000644323 0)
(0.207407 0.000624221 0)
(0.207604 0.000604075 0)
(0.207796 0.000584008 0)
(0.207984 0.000564121 0)
(0.208167 0.000544498 0)
(0.208347 0.0005252 0)
(0.208522 0.000506275 0)
(0.208693 0.000487755 0)
(0.20886 0.000469657 0)
(0.209023 0.000451987 0)
(0.209183 0.000434743 0)
(0.209338 0.000417912 0)
(0.20949 0.000401476 0)
(0.209638 0.000385411 0)
(0.209782 0.00036969 0)
(0.209922 0.00035428 0)
(0.210059 0.000339148 0)
(0.210192 0.000324259 0)
(0.210322 0.00030958 0)
(0.210448 0.000295075 0)
(0.21057 0.000280713 0)
(0.210688 0.000266463 0)
(0.210803 0.000252297 0)
(0.210914 0.000238192 0)
(0.21102 0.00022413 0)
(0.211123 0.000210098 0)
(0.211222 0.000196088 0)
(0.211317 0.000182101 0)
(0.211407 0.000168145 0)
(0.211493 0.000154235 0)
(0.211575 0.000140398 0)
(0.211652 0.000126666 0)
(0.211725 0.000113082 0)
(0.211793 9.96961e-05 0)
(0.211856 8.65652e-05 0)
(0.211915 7.37525e-05 0)
(0.21197 6.13249e-05 0)
(0.21202 4.93511e-05 0)
(0.212065 3.78998e-05 0)
(0.212106 2.70363e-05 0)
(0.212143 1.6825e-05 0)
(0.212176 7.30211e-06 0)
(0.212205 -1.50265e-06 0)
(0.212231 -9.56312e-06 0)
(0.212253 -1.68642e-05 0)
(0.212272 -2.34054e-05 0)
(0.212288 -2.91952e-05 0)
(0.212301 -3.42519e-05 0)
(0.212312 -3.86207e-05 0)
(0.212321 -4.23287e-05 0)
(0.212328 -4.54136e-05 0)
(0.212333 -4.79218e-05 0)
(0.212337 -4.98995e-05 0)
(0.212339 -5.13927e-05 0)
(0.21234 -5.24457e-05 0)
(0.212339 -5.31008e-05 0)
(0.212338 -5.33971e-05 0)
(0.212336 -5.33701e-05 0)
(0.212333 -5.30519e-05 0)
(0.21233 -5.24708e-05 0)
(0.212325 -5.16518e-05 0)
(0.212321 -5.06173e-05 0)
(0.212316 -4.93871e-05 0)
(0.21231 -4.79795e-05 0)
(0.212305 -4.64114e-05 0)
(0.212299 -4.46994e-05 0)
(0.212293 -4.286e-05 0)
(0.212287 -4.091e-05 0)
(0.212281 -3.88668e-05 0)
(0.212275 -3.67479e-05 0)
(0.21227 -3.45712e-05 0)
(0.212264 -3.23535e-05 0)
(0.212259 -3.01091e-05 0)
(0.212253 -2.78459e-05 0)
(0.212248 -2.55591e-05 0)
(0.212244 -2.32163e-05 0)
(0.212238 -2.07575e-05 0)
(0.202402 0.000228686 0)
(0.202577 0.000235954 0)
(0.202754 0.00024254 0)
(0.202935 0.000248379 0)
(0.203122 0.000253383 0)
(0.203315 0.000257473 0)
(0.203512 0.000260597 0)
(0.203713 0.00026272 0)
(0.203917 0.000263828 0)
(0.204124 0.000263925 0)
(0.204331 0.000263032 0)
(0.20454 0.000261185 0)
(0.204749 0.000258438 0)
(0.204957 0.000254853 0)
(0.205164 0.000250505 0)
(0.205369 0.000245473 0)
(0.205572 0.000239842 0)
(0.205772 0.000233698 0)
(0.205968 0.000227125 0)
(0.206161 0.000220207 0)
(0.20635 0.000213022 0)
(0.206534 0.000205642 0)
(0.206714 0.000198134 0)
(0.20689 0.000190557 0)
(0.207061 0.000182965 0)
(0.207227 0.0001754 0)
(0.207388 0.000167901 0)
(0.207545 0.000160499 0)
(0.207697 0.000153217 0)
(0.207844 0.000146075 0)
(0.207986 0.000139084 0)
(0.208124 0.000132253 0)
(0.208257 0.000125587 0)
(0.208386 0.000119085 0)
(0.20851 0.000112745 0)
(0.20863 0.000106562 0)
(0.208745 0.000100529 0)
(0.208856 9.46377e-05 0)
(0.208963 8.88774e-05 0)
(0.209066 8.32378e-05 0)
(0.209165 7.77078e-05 0)
(0.209259 7.22761e-05 0)
(0.20935 6.69317e-05 0)
(0.209436 6.16643e-05 0)
(0.209518 5.64639e-05 0)
(0.209596 5.13222e-05 0)
(0.209669 4.62317e-05 0)
(0.209738 4.1187e-05 0)
(0.209804 3.61844e-05 0)
(0.209864 3.12224e-05 0)
(0.20992 2.63022e-05 0)
(0.209972 2.14273e-05 0)
(0.21002 1.66044e-05 0)
(0.210062 1.18429e-05 0)
(0.210101 7.15509e-06 0)
(0.210134 2.55637e-06 0)
(0.210163 -1.93531e-06 0)
(0.210188 -6.29959e-06 0)
(0.210208 -1.05141e-05 0)
(0.210224 -1.45549e-05 0)
(0.210235 -1.83966e-05 0)
(0.210242 -2.20126e-05 0)
(0.210245 -2.53751e-05 0)
(0.210245 -2.84431e-05 0)
(0.21024 -3.12214e-05 0)
(0.210232 -3.3713e-05 0)
(0.210222 -3.59132e-05 0)
(0.210208 -3.78201e-05 0)
(0.210191 -3.94347e-05 0)
(0.210173 -4.07629e-05 0)
(0.210152 -4.18143e-05 0)
(0.210129 -4.26012e-05 0)
(0.210105 -4.31344e-05 0)
(0.21008 -4.34288e-05 0)
(0.210053 -4.35016e-05 0)
(0.210026 -4.337e-05 0)
(0.209997 -4.30512e-05 0)
(0.209969 -4.25621e-05 0)
(0.20994 -4.19189e-05 0)
(0.209911 -4.11368e-05 0)
(0.209882 -4.02302e-05 0)
(0.209853 -3.92121e-05 0)
(0.209824 -3.80945e-05 0)
(0.209796 -3.68887e-05 0)
(0.209768 -3.56048e-05 0)
(0.209741 -3.42525e-05 0)
(0.209714 -3.28409e-05 0)
(0.209688 -3.1379e-05 0)
(0.209663 -2.98754e-05 0)
(0.209639 -2.83391e-05 0)
(0.209616 -2.6779e-05 0)
(0.209594 -2.5204e-05 0)
(0.209573 -2.36231e-05 0)
(0.209553 -2.20451e-05 0)
(0.209534 -2.04778e-05 0)
(0.209517 -1.89265e-05 0)
(0.209501 -1.7392e-05 0)
(0.209485 -1.58641e-05 0)
(0.209472 -1.43071e-05 0)
(0.209456 -1.26476e-05 0)
(0.199998 1.42883e-06 0)
(0.19999 3.43264e-06 0)
(0.199977 6.06045e-06 0)
(0.199958 9.39512e-06 0)
(0.199934 1.35514e-05 0)
(0.199903 1.86759e-05 0)
(0.199865 2.49521e-05 0)
(0.199818 3.26067e-05 0)
(0.199762 4.19178e-05 0)
(0.199693 5.32287e-05 0)
(0.19961 6.69665e-05 0)
(0.199511 8.36693e-05 0)
(0.199391 0.000104027 0)
(0.199247 0.000128941 0)
(0.199073 0.000159619 0)
(0.198863 0.000197729 0)
(0.198606 0.000245654 0)
(0.198289 0.00030696 0)
(0.197893 0.000387289 0)
(0.197386 0.000496242 0)
(0.196717 0.000651864 0)
(0.195791 0.000892987 0)
(0.194393 0.00132132 0)
(0.191984 0.00230266 0)
(0.191471 0.00523571 0)
(0.199998 2.96833e-06 0)
(0.19999 6.5031e-06 0)
(0.199977 1.07766e-05 0)
(0.199959 1.59595e-05 0)
(0.199935 2.22542e-05 0)
(0.199904 2.99041e-05 0)
(0.199867 3.92032e-05 0)
(0.199821 5.05074e-05 0)
(0.199764 6.42502e-05 0)
(0.199696 8.09665e-05 0)
(0.199615 0.000101325 0)
(0.199517 0.000126178 0)
(0.199399 0.000156628 0)
(0.199257 0.000194138 0)
(0.199086 0.000240697 0)
(0.19888 0.000299098 0)
(0.198628 0.000373404 0)
(0.19832 0.000469799 0)
(0.197936 0.000598228 0)
(0.19745 0.000775849 0)
(0.196821 0.00103505 0)
(0.19598 0.00144448 0)
(0.194827 0.00217289 0)
(0.193275 0.00373213 0)
(0.193028 0.00771592 0)
(0.199998 4.19093e-06 0)
(0.199991 8.84657e-06 0)
(0.199978 1.43021e-05 0)
(0.19996 2.08132e-05 0)
(0.199936 2.86486e-05 0)
(0.199906 3.81226e-05 0)
(0.199869 4.96072e-05 0)
(0.199823 6.35481e-05 0)
(0.199768 8.0486e-05 0)
(0.199702 0.000101088 0)
(0.199621 0.000126191 0)
(0.199525 0.000156862 0)
(0.199409 0.000194488 0)
(0.199271 0.000240918 0)
(0.199105 0.000298672 0)
(0.198904 0.0003713 0)
(0.198661 0.000463975 0)
(0.198364 0.000584561 0)
(0.197999 0.000745626 0)
(0.197544 0.000968512 0)
(0.196969 0.00129216 0)
(0.196238 0.00179359 0)
(0.19533 0.00263662 0)
(0.194354 0.00417975 0)
(0.194298 0.007118 0)
(0.199998 5.41274e-06 0)
(0.199991 1.1249e-05 0)
(0.199978 1.79675e-05 0)
(0.199961 2.59061e-05 0)
(0.199937 3.53993e-05 0)
(0.199908 4.68341e-05 0)
(0.199872 6.06654e-05 0)
(0.199827 7.74351e-05 0)
(0.199773 9.77993e-05 0)
(0.199708 0.000122567 0)
(0.19963 0.00015275 0)
(0.199536 0.000189642 0)
(0.199424 0.000234924 0)
(0.199289 0.000290828 0)
(0.199128 0.0003604 0)
(0.198935 0.000447909 0)
(0.198703 0.000559534 0)
(0.198422 0.000704565 0)
(0.198081 0.000897568 0)
(0.197663 0.00116251 0)
(0.197153 0.00154083 0)
(0.19654 0.00210725 0)
(0.195852 0.00299729 0)
(0.195245 0.00443128 0)
(0.195328 0.00663242 0)
(0.199998 6.64812e-06 0)
(0.199991 1.37036e-05 0)
(0.199979 2.17188e-05 0)
(0.199962 3.1115e-05 0)
(0.199939 4.22956e-05 0)
(0.19991 5.57205e-05 0)
(0.199875 7.19275e-05 0)
(0.199832 9.1554e-05 0)
(0.199779 0.000115369 0)
(0.199716 0.000144319 0)
(0.19964 0.000179584 0)
(0.199549 0.00022267 0)
(0.199441 0.000275527 0)
(0.199312 0.000340742 0)
(0.199158 0.000421817 0)
(0.198974 0.000523626 0)
(0.198755 0.000653144 0)
(0.198493 0.000820674 0)
(0.198179 0.00104195 0)
(0.197805 0.0013418 0)
(0.197366 0.00176052 0)
(0.196869 0.00236369 0)
(0.196367 0.00325252 0)
(0.196014 0.00455085 0)
(0.196197 0.00629395 0)
(0.199998 7.88567e-06 0)
(0.199991 1.61731e-05 0)
(0.19998 2.54942e-05 0)
(0.199963 3.63556e-05 0)
(0.199941 4.92309e-05 0)
(0.199913 6.46523e-05 0)
(0.199879 8.32391e-05 0)
(0.199837 0.000105722 0)
(0.199786 0.000132978 0)
(0.199725 0.000166084 0)
(0.199652 0.000206379 0)
(0.199565 0.000255565 0)
(0.199461 0.000315834 0)
(0.199338 0.000390075 0)
(0.199192 0.000482173 0)
(0.19902 0.000597465 0)
(0.198816 0.00074347 0)
(0.198575 0.000931043 0)
(0.198293 0.00117622 0)
(0.197966 0.00150311 0)
(0.197598 0.0019481 0)
(0.19721 0.0025644 0)
(0.196862 0.00342116 0)
(0.196687 0.00457809 0)
(0.196935 0.00599624 0)
(0.199998 9.11953e-06 0)
(0.199992 1.8644e-05 0)
(0.19998 2.92766e-05 0)
(0.199964 4.16073e-05 0)
(0.199943 5.61803e-05 0)
(0.199916 7.35981e-05 0)
(0.199884 9.45587e-05 0)
(0.199843 0.000119882 0)
(0.199795 0.000150549 0)
(0.199736 0.000187757 0)
(0.199666 0.000232992 0)
(0.199584 0.000288126 0)
(0.199485 0.000355561 0)
(0.199369 0.000438434 0)
(0.199233 0.000540912 0)
(0.199073 0.000668642 0)
(0.198886 0.000829418 0)
(0.198669 0.00103418 0)
(0.19842 0.00129849 0)
(0.198142 0.00164449 0)
(0.197844 0.00210308 0)
(0.197553 0.00271448 0)
(0.19733 0.0035217 0)
(0.19728 0.00454479 0)
(0.197568 0.00572101 0)
(0.199998 1.03432e-05 0)
(0.199992 2.11009e-05 0)
(0.199981 3.30417e-05 0)
(0.199966 4.68354e-05 0)
(0.199946 6.30951e-05 0)
(0.19992 8.24919e-05 0)
(0.199889 0.000105798 0)
(0.19985 0.000133919 0)
(0.199804 0.000167932 0)
(0.199749 0.000209143 0)
(0.199683 0.000259165 0)
(0.199605 0.000320018 0)
(0.199513 0.000394271 0)
(0.199405 0.000485239 0)
(0.199279 0.000597272 0)
(0.199133 0.000736156 0)
(0.198964 0.00090969 0)
(0.198773 0.00112848 0)
(0.19856 0.00140695 0)
(0.19833 0.00176446 0)
(0.198097 0.00222579 0)
(0.197892 0.00281924 0)
(0.197768 0.00356822 0)
(0.197807 0.00447014 0)
(0.198118 0.00546027 0)
(0.199998 1.15487e-05 0)
(0.199993 2.35255e-05 0)
(0.199982 3.67603e-05 0)
(0.199968 5.19978e-05 0)
(0.199948 6.99184e-05 0)
(0.199924 9.12582e-05 0)
(0.199895 0.00011686 0)
(0.199859 0.000147707 0)
(0.199815 0.000184963 0)
(0.199763 0.00023003 0)
(0.199701 0.000284629 0)
(0.199629 0.000350894 0)
(0.199544 0.000431512 0)
(0.199445 0.000529909 0)
(0.19933 0.000650505 0)
(0.199199 0.000799058 0)
(0.199051 0.00098312 0)
(0.198886 0.00121259 0)
(0.198708 0.00150032 0)
(0.198525 0.00186243 0)
(0.198353 0.00231765 0)
(0.198221 0.00288426 0)
(0.198176 0.00357191 0)
(0.198278 0.00436626 0)
(0.198601 0.00520891 0)
(0.199998 1.27263e-05 0)
(0.199993 2.58968e-05 0)
(0.199983 4.03989e-05 0)
(0.19997 5.70473e-05 0)
(0.199952 7.65862e-05 0)
(0.199929 9.98128e-05 0)
(0.199901 0.000127635 0)
(0.199868 0.000161105 0)
(0.199827 0.000201462 0)
(0.199779 0.00025019 0)
(0.199722 0.000309089 0)
(0.199656 0.000380376 0)
(0.199578 0.000466806 0)
(0.199489 0.000571839 0)
(0.199387 0.000699856 0)
(0.199272 0.00085643 0)
(0.199145 0.00104864 0)
(0.199007 0.00128543 0)
(0.198864 0.00157775 0)
(0.198725 0.00193839 0)
(0.198607 0.00238062 0)
(0.198538 0.00291477 0)
(0.198554 0.00354144 0)
(0.198701 0.00424116 0)
(0.199027 0.00496422 0)
(0.199999 1.38648e-05 0)
(0.199994 2.81913e-05 0)
(0.199985 4.39201e-05 0)
(0.199972 6.19308e-05 0)
(0.199955 8.30267e-05 0)
(0.199934 0.000108062 0)
(0.199909 0.000138001 0)
(0.199878 0.000173957 0)
(0.199841 0.000217231 0)
(0.199797 0.000269368 0)
(0.199745 0.000332226 0)
(0.199685 0.000408065 0)
(0.199616 0.000499655 0)
(0.199537 0.000610416 0)
(0.199449 0.000744586 0)
(0.19935 0.000907412 0)
(0.199244 0.00110534 0)
(0.199133 0.00134614 0)
(0.199024 0.00163878 0)
(0.198927 0.00199286 0)
(0.198857 0.00241697 0)
(0.19884 0.00291553 0)
(0.198904 0.00348356 0)
(0.199082 0.00410032 0)
(0.199407 0.00472472 0)
(0.199999 1.49517e-05 0)
(0.199994 3.03823e-05 0)
(0.199986 4.72819e-05 0)
(0.199974 6.65888e-05 0)
(0.199959 8.91602e-05 0)
(0.19994 0.0001159 0)
(0.199917 0.000147823 0)
(0.199889 0.000186091 0)
(0.199856 0.000232054 0)
(0.199816 0.000287296 0)
(0.19977 0.000353705 0)
(0.199718 0.000433546 0)
(0.199657 0.000529552 0)
(0.19959 0.000645031 0)
(0.199515 0.000783987 0)
(0.199434 0.000951227 0)
(0.199349 0.00115243 0)
(0.199265 0.00139412 0)
(0.199187 0.00168329 0)
(0.199128 0.00202667 0)
(0.199101 0.00242907 0)
(0.199126 0.00289071 0)
(0.199227 0.00340355 0)
(0.199426 0.00394761 0)
(0.199748 0.00448949 0)
(0.199999 1.59726e-05 0)
(0.199995 3.24404e-05 0)
(0.199987 5.04381e-05 0)
(0.199977 7.0956e-05 0)
(0.199963 9.48989e-05 0)
(0.199947 0.000123213 0)
(0.199926 0.000156955 0)
(0.199901 0.000197324 0)
(0.199872 0.000245699 0)
(0.199837 0.000303686 0)
(0.199798 0.000373173 0)
(0.199752 0.000456391 0)
(0.199702 0.000555987 0)
(0.199645 0.000675094 0)
(0.199585 0.000817401 0)
(0.199521 0.000987194 0)
(0.199458 0.00118932 0)
(0.199399 0.00142901 0)
(0.199351 0.00171145 0)
(0.199326 0.0020409 0)
(0.199335 0.00241925 0)
(0.199395 0.00284394 0)
(0.199525 0.00330553 0)
(0.199738 0.00378581 0)
(0.200053 0.00425791 0)
(0.199999 1.6912e-05 0)
(0.199995 3.43333e-05 0)
(0.199989 5.33379e-05 0)
(0.19998 7.4961e-05 0)
(0.199968 0.000100147 0)
(0.199953 0.000129879 0)
(0.199936 0.000165241 0)
(0.199914 0.000207457 0)
(0.199889 0.000257922 0)
(0.19986 0.000318239 0)
(0.199827 0.000390269 0)
(0.19979 0.000476172 0)
(0.199749 0.000578462 0)
(0.199704 0.000700044 0)
(0.199658 0.000844234 0)
(0.199612 0.00101474 0)
(0.199569 0.00121555 0)
(0.199534 0.00145068 0)
(0.199515 0.00172367 0)
(0.199519 0.00203677 0)
(0.199559 0.00238973 0)
(0.199648 0.0027783 0)
(0.199799 0.00319271 0)
(0.200022 0.00361696 0)
(0.200328 0.0040295 0)
(0.199999 1.77525e-05 0)
(0.199996 3.60259e-05 0)
(0.199991 5.59266e-05 0)
(0.199983 7.85268e-05 0)
(0.199973 0.000104803 0)
(0.199961 0.000135763 0)
(0.199946 0.000172512 0)
(0.199928 0.000216284 0)
(0.199908 0.000268469 0)
(0.199885 0.000330649 0)
(0.199858 0.000404628 0)
(0.199829 0.000492463 0)
(0.199798 0.000596497 0)
(0.199766 0.000719361 0)
(0.199734 0.000863961 0)
(0.199705 0.0010334 0)
(0.199682 0.00123084 0)
(0.19967 0.00145916 0)
(0.199676 0.0017205 0)
(0.199707 0.00201555 0)
(0.199773 0.00234258 0)
(0.199884 0.00269642 0)
(0.200051 0.00306766 0)
(0.200279 0.00344253 0)
(0.200577 0.00380382 0)
(0.199999 1.84758e-05 0)
(0.199997 3.74805e-05 0)
(0.199992 5.81455e-05 0)
(0.199986 8.15715e-05 0)
(0.199978 0.000108758 0)
(0.199969 0.000140728 0)
(0.199957 0.000178595 0)
(0.199943 0.000223588 0)
(0.199928 0.00027708 0)
(0.19991 0.000340605 0)
(0.199891 0.000415887 0)
(0.199871 0.000504852 0)
(0.19985 0.000609639 0)
(0.199829 0.000732577 0)
(0.199812 0.000876142 0)
(0.199799 0.00104284 0)
(0.199795 0.00123504 0)
(0.199804 0.00145464 0)
(0.199833 0.00170263 0)
(0.199887 0.00197853 0)
(0.199975 0.00227966 0)
(0.200104 0.00260051 0)
(0.200282 0.00293238 0)
(0.200513 0.00326363 0)
(0.200802 0.00358052 0)
(0.199999 1.90624e-05 0)
(0.199998 3.86572e-05 0)
(0.199994 5.99328e-05 0)
(0.19999 8.40087e-05 0)
(0.199984 0.000111898 0)
(0.199977 0.000144628 0)
(0.199969 0.000183308 0)
(0.199959 0.000229151 0)
(0.199949 0.00028349 0)
(0.199937 0.000347797 0)
(0.199925 0.000423691 0)
(0.199913 0.000512945 0)
(0.199903 0.000617471 0)
(0.199895 0.00073928 0)
(0.199891 0.000880414 0)
(0.199894 0.00104281 0)
(0.199908 0.00122813 0)
(0.199936 0.00143742 0)
(0.199985 0.0016708 0)
(0.200059 0.00192693 0)
(0.200165 0.00220261 0)
(0.200308 0.00249237 0)
(0.200494 0.00278842 0)
(0.200725 0.003081 0)
(0.201005 0.00335918 0)
(0.2 1.94918e-05 0)
(0.199998 3.95143e-05 0)
(0.199996 6.12239e-05 0)
(0.199994 8.5749e-05 0)
(0.19999 0.000114105 0)
(0.199986 0.000147315 0)
(0.199981 0.000186471 0)
(0.199976 0.000232753 0)
(0.19997 0.000287443 0)
(0.199965 0.00035193 0)
(0.199961 0.000427714 0)
(0.199957 0.000516393 0)
(0.199957 0.00061964 0)
(0.199961 0.000739146 0)
(0.19997 0.000876533 0)
(0.199989 0.00103322 0)
(0.200019 0.00121024 0)
(0.200065 0.00140797 0)
(0.200131 0.00162584 0)
(0.200222 0.00186199 0)
(0.200342 0.00211298 0)
(0.200497 0.00237363 0)
(0.200689 0.00263709 0)
(0.200918 0.00289528 0)
(0.201189 0.0031395 0)
(0.2 1.97438e-05 0)
(0.199999 4.00097e-05 0)
(0.199998 6.19523e-05 0)
(0.199997 8.66983e-05 0)
(0.199996 0.000115256 0)
(0.199995 0.000148631 0)
(0.199994 0.000187886 0)
(0.199993 0.000234158 0)
(0.199993 0.00028866 0)
(0.199994 0.000352686 0)
(0.199997 0.000427599 0)
(0.200002 0.000514815 0)
(0.200012 0.000615763 0)
(0.200027 0.00073182 0)
(0.200049 0.000864218 0)
(0.200082 0.00101392 0)
(0.200127 0.00118142 0)
(0.200188 0.00136659 0)
(0.20027 0.00156836 0)
(0.200375 0.00178459 0)
(0.200508 0.00201183 0)
(0.200671 0.00224531 0)
(0.200866 0.00247913 0)
(0.201093 0.00270663 0)
(0.201356 0.00292091 0)
(0.2 1.97972e-05 0)
(0.2 4.01075e-05 0)
(0.200001 6.20692e-05 0)
(0.200001 8.67941e-05 0)
(0.200002 0.000115272 0)
(0.200004 0.000148481 0)
(0.200007 0.000187444 0)
(0.20001 0.000233242 0)
(0.200015 0.000287008 0)
(0.200023 0.000349928 0)
(0.200033 0.000423223 0)
(0.200047 0.00050812 0)
(0.200066 0.000605809 0)
(0.200092 0.000717371 0)
(0.200127 0.000843687 0)
(0.200172 0.000985317 0)
(0.200231 0.00114235 0)
(0.200307 0.00131424 0)
(0.200401 0.00149964 0)
(0.200519 0.00169624 0)
(0.200661 0.00190076 0)
(0.20083 0.00210892 0)
(0.201027 0.00231568 0)
(0.201252 0.00251561 0)
(0.201506 0.00270324 0)
(0.2 1.95547e-05 0)
(0.200001 3.9616e-05 0)
(0.200003 6.1283e-05 0)
(0.200006 8.56298e-05 0)
(0.20001 0.000113608 0)
(0.200015 0.000146149 0)
(0.200022 0.000184214 0)
(0.200031 0.000228801 0)
(0.200043 0.00028094 0)
(0.200058 0.000341676 0)
(0.200076 0.000412055 0)
(0.2001 0.000493084 0)
(0.200131 0.000585684 0)
(0.200169 0.00069062 0)
(0.200217 0.000808417 0)
(0.200277 0.000939255 0)
(0.20035 0.00108285 0)
(0.20044 0.00123835 0)
(0.200549 0.0014042 0)
(0.200678 0.00157813 0)
(0.200829 0.00175712 0)
(0.201004 0.0019375 0)
(0.201202 0.00211516 0)
(0.201423 0.00228583 0)
(0.201668 0.00244535 0)
(0.200001 1.88326e-05 0)
(0.200003 3.81444e-05 0)
(0.200006 5.89687e-05 0)
(0.200012 8.23136e-05 0)
(0.200019 0.000109066 0)
(0.200029 0.000140082 0)
(0.200041 0.000176232 0)
(0.200056 0.000218402 0)
(0.200075 0.00026748 0)
(0.200098 0.000324341 0)
(0.200127 0.000389823 0)
(0.200162 0.000464687 0)
(0.200204 0.000549568 0)
(0.200256 0.000644916 0)
(0.200318 0.000750922 0)
(0.200392 0.000867443 0)
(0.200481 0.00099392 0)
(0.200585 0.00112931 0)
(0.200706 0.00127205 0)
(0.200845 0.00142004 0)
(0.201004 0.0015707 0)
(0.201182 0.00172107 0)
(0.20138 0.00186799 0)
(0.201595 0.00200832 0)
(0.20183 0.00213905 0)
(0.200001 1.74707e-05 0)
(0.200004 3.53724e-05 0)
(0.20001 5.46425e-05 0)
(0.200018 7.61928e-05 0)
(0.200029 0.000100817 0)
(0.200043 0.000129272 0)
(0.20006 0.000162314 0)
(0.200082 0.000200691 0)
(0.200108 0.000245138 0)
(0.20014 0.000296349 0)
(0.200178 0.000354955 0)
(0.200224 0.000421486 0)
(0.200278 0.000496331 0)
(0.200342 0.000579687 0)
(0.200417 0.000671503 0)
(0.200504 0.00077143 0)
(0.200605 0.000878777 0)
(0.200721 0.000992479 0)
(0.200853 0.00111109 0)
(0.201 0.00123282 0)
(0.201164 0.00135557 0)
(0.201345 0.00147706 0)
(0.201541 0.00159496 0)
(0.20175 0.00170699 0)
(0.201976 0.00181108 0)
(0.200001 1.53095e-05 0)
(0.200005 3.09861e-05 0)
(0.200013 4.78325e-05 0)
(0.200024 6.66257e-05 0)
(0.200038 8.80363e-05 0)
(0.200057 0.000112694 0)
(0.200079 0.000141216 0)
(0.200107 0.0001742 0)
(0.20014 0.000212214 0)
(0.20018 0.000255772 0)
(0.200227 0.000305312 0)
(0.200283 0.00036117 0)
(0.200348 0.000423538 0)
(0.200423 0.000492434 0)
(0.200509 0.000567667 0)
(0.200608 0.000648801 0)
(0.20072 0.000735141 0)
(0.200845 0.000825725 0)
(0.200985 0.00091934 0)
(0.201138 0.00101456 0)
(0.201306 0.00110978 0)
(0.201487 0.00120336 0)
(0.201681 0.00129362 0)
(0.201885 0.00137902 0)
(0.202103 0.00145816 0)
(0.200002 1.21978e-05 0)
(0.200007 2.46818e-05 0)
(0.200016 3.80754e-05 0)
(0.200029 5.29816e-05 0)
(0.200047 6.9916e-05 0)
(0.200069 8.93571e-05 0)
(0.200097 0.000111765 0)
(0.20013 0.000137575 0)
(0.20017 0.000167187 0)
(0.200217 0.000200949 0)
(0.200272 0.000239135 0)
(0.200336 0.000281928 0)
(0.20041 0.000329393 0)
(0.200494 0.000381454 0)
(0.20059 0.000437877 0)
(0.200698 0.000498252 0)
(0.200818 0.000561992 0)
(0.20095 0.000628336 0)
(0.201096 0.000696374 0)
(0.201253 0.000765073 0)
(0.201423 0.000833329 0)
(0.201604 0.000900015 0)
(0.201795 0.000964048 0)
(0.201994 0.00102443 0)
(0.202205 0.00108028 0)
(0.200002 8.02404e-06 0)
(0.200008 1.62261e-05 0)
(0.200019 2.50015e-05 0)
(0.200034 3.47348e-05 0)
(0.200054 4.57541e-05 0)
(0.20008 5.836e-05 0)
(0.200111 7.28365e-05 0)
(0.200148 8.9447e-05 0)
(0.200193 0.000108425 0)
(0.200246 0.000129966 0)
(0.200307 0.00015421 0)
(0.200378 0.000181235 0)
(0.200458 0.000211039 0)
(0.20055 0.000243533 0)
(0.200652 0.000278524 0)
(0.200766 0.000315721 0)
(0.200892 0.000354727 0)
(0.20103 0.000395055 0)
(0.201179 0.000436138 0)
(0.201339 0.000477356 0)
(0.20151 0.000518063 0)
(0.20169 0.000557615 0)
(0.201878 0.000595405 0)
(0.202074 0.000630894 0)
(0.202279 0.000663603 0)
(0.200002 2.83065e-06 0)
(0.200008 5.71872e-06 0)
(0.20002 8.79803e-06 0)
(0.200036 1.22004e-05 0)
(0.200057 1.60381e-05 0)
(0.200084 2.04132e-05 0)
(0.200116 2.54211e-05 0)
(0.200156 3.11486e-05 0)
(0.200202 3.76709e-05 0)
(0.200256 4.50484e-05 0)
(0.200319 5.33218e-05 0)
(0.200391 6.25087e-05 0)
(0.200472 7.25988e-05 0)
(0.200564 8.3551e-05 0)
(0.200666 9.52908e-05 0)
(0.20078 0.000107709 0)
(0.200904 0.000120666 0)
(0.201039 0.000133991 0)
(0.201184 0.000147491 0)
(0.201338 0.000160959 0)
(0.201502 0.000174184 0)
(0.201674 0.000186956 0)
(0.201853 0.000199082 0)
(0.202038 0.000210392 0)
(0.202231 0.000220737 0)
)
;

boundaryField
{
    top
    {
        type            fixedValue;
        value           uniform (0.2 0 0);
    }
    inlet
    {
        type            fixedValue;
        value           uniform (0.2 0 0);
    }
    outlet
    {
        type            zeroGradient;
    }
    plate
    {
        type            fixedValue;
        value           uniform (0 0 0);
    }
    symmBound
    {
        type            zeroGradient;
    }
    frontAndBack
    {
        type            empty;
    }
}


// ************************************************************************* //
