/*--------------------------------*- C++ -*----------------------------------*\
| =========                 |                                                 |
| \\      /  F ield         | OpenFOAM: The Open Source CFD Toolbox           |
|  \\    /   O peration     | Version:  2.3.0                                 |
|   \\  /    A nd           | Web:      www.OpenFOAM.org                      |
|    \\/     M anipulation  |                                                 |
\*---------------------------------------------------------------------------*/
FoamFile
{
    version     2.0;
    format      ascii;
    class       surfaceScalarField;
    location    "0.85";
    object      phi;
}
// * * * * * * * * * * * * * * * * * * * * * * * * * * * * * * * * * * * * * //

dimensions      [0 3 -1 0 0 0 0];

internalField   nonuniform List<scalar> 
6598
(
2.89617e-08
2.75204e-09
-3.17138e-08
2.55245e-08
3.43724e-09
2.21117e-08
3.41282e-09
1.89455e-08
3.16614e-09
1.60595e-08
2.88608e-09
1.35298e-08
2.52967e-09
1.14473e-08
2.08248e-09
9.82971e-09
1.61761e-09
8.64202e-09
1.18768e-09
7.80115e-09
8.40876e-10
7.21138e-09
5.89766e-10
6.79035e-09
4.21025e-10
6.47668e-09
3.13673e-10
6.22785e-09
2.48836e-10
6.01573e-09
2.12112e-10
5.82407e-09
1.91665e-10
5.64499e-09
1.79081e-10
5.47551e-09
1.6948e-10
5.31494e-09
1.60572e-10
5.16335e-09
1.51583e-10
5.02089e-09
1.42467e-10
4.88744e-09
1.33451e-10
4.76265e-09
1.24786e-10
4.64598e-09
1.16669e-10
4.53678e-09
1.092e-10
4.43436e-09
1.02417e-10
4.33808e-09
9.62887e-11
4.24731e-09
9.07683e-11
4.16152e-09
8.57823e-11
4.08025e-09
8.12704e-11
4.00309e-09
7.71616e-11
3.92968e-09
7.34098e-11
3.85972e-09
6.99581e-11
3.79295e-09
6.67784e-11
3.72912e-09
6.38264e-11
3.66803e-09
6.10886e-11
3.6095e-09
5.85286e-11
3.55336e-09
5.61437e-11
3.49946e-09
5.39013e-11
3.44765e-09
5.18071e-11
3.39782e-09
4.98288e-11
3.34984e-09
4.79792e-11
3.30362e-09
4.62241e-11
3.25904e-09
4.45833e-11
3.21602e-09
4.30186e-11
3.17446e-09
4.15575e-11
3.1343e-09
4.01564e-11
3.09545e-09
3.88507e-11
3.05786e-09
3.75907e-11
3.02144e-09
3.64203e-11
2.98616e-09
3.52819e-11
2.95193e-09
3.42302e-11
2.91873e-09
3.31969e-11
2.88648e-09
3.22499e-11
2.85517e-09
3.13076e-11
2.82472e-09
3.04533e-11
2.79513e-09
2.95903e-11
2.76631e-09
2.8819e-11
2.73829e-09
2.80244e-11
2.71096e-09
2.73282e-11
2.68437e-09
2.65925e-11
2.6584e-09
2.59648e-11
2.63312e-09
2.52795e-11
2.60841e-09
2.47151e-11
2.58433e-09
2.40728e-11
2.56077e-09
2.35671e-11
2.53781e-09
2.29606e-11
2.5153e-09
2.25109e-11
2.49336e-09
2.19331e-11
2.47182e-09
2.15378e-11
2.45084e-09
2.09819e-11
2.4302e-09
2.064e-11
2.4101e-09
2.00998e-11
2.39029e-09
1.98116e-11
2.37101e-09
1.92803e-11
2.35196e-09
1.90476e-11
2.33345e-09
1.85177e-11
2.3151e-09
1.83443e-11
2.29729e-09
1.78081e-11
2.2796e-09
1.76985e-11
2.26245e-09
1.71482e-11
2.24534e-09
1.71088e-11
2.2288e-09
1.65346e-11
2.21223e-09
1.65758e-11
2.19626e-09
1.59659e-11
2.18016e-09
1.61004e-11
2.16472e-09
1.54421e-11
2.14903e-09
1.5687e-11
2.13407e-09
1.49619e-11
2.11873e-09
1.53433e-11
2.1042e-09
1.45282e-11
2.08912e-09
1.50789e-11
2.07497e-09
1.41463e-11
2.06006e-09
1.4911e-11
2.04624e-09
1.38239e-11
2.03137e-09
1.48691e-11
2.0178e-09
1.3573e-11
2.00277e-09
1.50252e-11
1.9893e-09
1.34671e-11
1.73272e-11
3.41547e-08
2.48179e-09
-3.38844e-08
3.39746e-08
3.61728e-09
3.32877e-08
4.09975e-09
3.23211e-08
4.13275e-09
3.11844e-08
4.02283e-09
2.99026e-08
3.8114e-09
2.85066e-08
3.47849e-09
2.70723e-08
3.05193e-09
2.56725e-08
2.58743e-09
2.43591e-08
2.15432e-09
2.31542e-08
1.79466e-09
2.206e-08
1.51519e-09
2.10726e-08
1.30115e-09
2.01868e-08
1.13458e-09
1.9392e-08
1.00691e-09
1.86765e-08
9.07216e-10
1.80291e-08
8.26502e-10
1.744e-08
7.58566e-10
1.6901e-08
6.99567e-10
1.64053e-08
6.47278e-10
1.59473e-08
6.0041e-10
1.55226e-08
5.58211e-10
1.51272e-08
5.20169e-10
1.4758e-08
4.85898e-10
1.44121e-08
4.55045e-10
1.40873e-08
4.27276e-10
1.37813e-08
4.02242e-10
1.34924e-08
3.79632e-10
1.32191e-08
3.59132e-10
1.29599e-08
3.40488e-10
1.27136e-08
3.23449e-10
1.24792e-08
3.07828e-10
1.22557e-08
2.93435e-10
1.20423e-08
2.80143e-10
1.18383e-08
2.67807e-10
1.16431e-08
2.56349e-10
1.1456e-08
2.45651e-10
1.12764e-08
2.35671e-10
1.1104e-08
2.2631e-10
1.09383e-08
2.17548e-10
1.07788e-08
2.09298e-10
1.06252e-08
2.01558e-10
1.04772e-08
1.94243e-10
1.03344e-08
1.8737e-10
1.01966e-08
1.80852e-10
1.00634e-08
1.74721e-10
9.9347e-09
1.68885e-10
9.81016e-09
1.63395e-10
9.6896e-09
1.58146e-10
9.57281e-09
1.53211e-10
9.45962e-09
1.48472e-10
9.34983e-09
1.44021e-10
9.24331e-09
1.39723e-10
9.13986e-09
1.35697e-10
9.03938e-09
1.31786e-10
8.9417e-09
1.28134e-10
8.84673e-09
1.24561e-10
8.75431e-09
1.21242e-10
8.66437e-09
1.17965e-10
8.57675e-09
1.14944e-10
8.49142e-09
1.11925e-10
8.40821e-09
1.09172e-10
8.32711e-09
1.06381e-10
8.24795e-09
1.03871e-10
8.17075e-09
1.01279e-10
8.09532e-09
9.8989e-11
8.02171e-09
9.65718e-11
7.94974e-09
9.44851e-11
7.87945e-09
9.22182e-11
7.81067e-09
9.0322e-11
7.74347e-09
8.81837e-11
7.67764e-09
8.64668e-11
7.6133e-09
8.44381e-11
7.55022e-09
8.28928e-11
7.48855e-09
8.09546e-11
7.42802e-09
7.95772e-11
7.36882e-09
7.77106e-11
7.31067e-09
7.65015e-11
7.25379e-09
7.46885e-11
7.19783e-09
7.36505e-11
7.14311e-09
7.1874e-11
7.0892e-09
7.10142e-11
7.03648e-09
6.92553e-11
6.98447e-09
6.85882e-11
6.93361e-09
6.6826e-11
6.88334e-09
6.63711e-11
6.8342e-09
6.45858e-11
6.78551e-09
6.43706e-11
6.73794e-09
6.2535e-11
6.69068e-09
6.26039e-11
6.64452e-09
6.06875e-11
6.5985e-09
6.10945e-11
6.55358e-09
5.90695e-11
6.50861e-09
5.98845e-11
6.46471e-09
5.77247e-11
6.42053e-09
5.90439e-11
6.37737e-09
5.6733e-11
6.33363e-09
5.87698e-11
6.29061e-09
5.6485e-11
6.24645e-11
3.56578e-08
2.35157e-09
-3.55276e-08
3.60368e-08
3.23828e-09
3.62578e-08
3.87879e-09
3.62999e-08
4.09056e-09
3.62256e-08
4.09719e-09
3.60304e-08
4.0066e-09
3.56862e-08
3.82268e-09
3.51983e-08
3.53981e-09
3.4597e-08
3.1887e-09
3.39243e-08
2.82708e-09
3.32152e-08
2.50378e-09
3.24921e-08
2.23822e-09
3.1768e-08
2.02525e-09
3.10503e-08
1.85228e-09
3.03462e-08
1.71106e-09
2.96597e-08
1.59364e-09
2.89932e-08
1.49304e-09
2.83477e-08
1.40411e-09
2.77237e-08
1.32352e-09
2.71217e-08
1.24932e-09
2.65417e-08
1.18041e-09
2.59837e-08
1.11622e-09
2.54474e-08
1.05639e-09
2.49326e-08
1.0007e-09
2.44387e-08
9.48943e-10
2.39651e-08
9.00914e-10
2.3511e-08
8.56361e-10
2.30756e-08
8.1504e-10
2.2658e-08
7.76678e-10
2.22575e-08
7.41039e-10
2.18731e-08
7.07869e-10
2.15039e-08
6.76966e-10
2.11492e-08
6.4811e-10
2.08082e-08
6.21142e-10
2.04802e-08
5.95876e-10
2.01643e-08
5.72194e-10
1.986e-08
5.49936e-10
1.95667e-08
5.29018e-10
1.92837e-08
5.093e-10
1.90105e-08
4.90727e-10
1.87467e-08
4.73174e-10
1.84916e-08
4.56606e-10
1.82449e-08
4.40908e-10
1.80062e-08
4.26068e-10
1.77751e-08
4.1197e-10
1.75512e-08
3.98626e-10
1.73342e-08
3.85917e-10
1.71237e-08
3.73874e-10
1.69195e-08
3.62377e-10
1.67212e-08
3.51474e-10
1.65286e-08
3.41037e-10
1.63415e-08
3.31137e-10
1.61596e-08
3.21632e-10
1.59827e-08
3.12616e-10
1.58106e-08
3.03934e-10
1.5643e-08
2.95704e-10
1.54798e-08
2.87749e-10
1.53208e-08
2.80219e-10
1.51659e-08
2.7291e-10
1.50148e-08
2.66005e-10
1.48675e-08
2.59271e-10
1.47237e-08
2.52928e-10
1.45834e-08
2.46705e-10
1.44464e-08
2.40869e-10
1.43126e-08
2.35102e-10
1.41818e-08
2.29723e-10
1.4054e-08
2.24363e-10
1.39291e-08
2.19401e-10
1.38069e-08
2.14403e-10
1.36874e-08
2.09824e-10
1.35705e-08
2.05148e-10
1.3456e-08
2.00921e-10
1.33439e-08
1.96533e-10
1.32342e-08
1.92632e-10
1.31266e-08
1.88501e-10
1.30213e-08
1.84908e-10
1.2918e-08
1.81003e-10
1.28168e-08
1.77705e-10
1.27175e-08
1.74001e-10
1.26202e-08
1.70986e-10
1.25246e-08
1.67463e-10
1.24309e-08
1.64727e-10
1.23388e-08
1.61363e-10
1.22484e-08
1.58911e-10
1.21596e-08
1.55687e-10
1.20724e-08
1.53528e-10
1.19866e-08
1.50435e-10
1.19024e-08
1.48586e-10
1.18193e-08
1.45608e-10
1.17378e-08
1.44109e-10
1.16572e-08
1.41238e-10
1.15782e-08
1.40132e-10
1.14999e-08
1.37381e-10
1.1423e-08
1.36726e-10
1.13466e-08
1.34128e-10
1.12716e-08
1.34024e-10
1.11968e-08
1.31625e-10
1.11231e-08
1.32461e-10
1.1049e-08
1.30505e-10
1.35897e-10
3.71802e-08
2.29886e-09
-3.71275e-08
3.74719e-08
2.94663e-09
3.78131e-08
3.53758e-09
3.80752e-08
3.82845e-09
3.82782e-08
3.8942e-09
3.8435e-08
3.84978e-09
3.85229e-08
3.73482e-09
3.85176e-08
3.54515e-09
3.84134e-08
3.29288e-09
3.82257e-08
3.01476e-09
3.79773e-08
2.75214e-09
3.76873e-08
2.52823e-09
3.73665e-08
2.34611e-09
3.70207e-08
2.1981e-09
3.66558e-08
2.0759e-09
3.62766e-08
1.97289e-09
3.5886e-08
1.88363e-09
3.54861e-08
1.80393e-09
3.50788e-08
1.73084e-09
3.46656e-08
1.66254e-09
3.4248e-08
1.59797e-09
3.38277e-08
1.53656e-09
3.34061e-08
1.47803e-09
3.29845e-08
1.42223e-09
3.25644e-08
1.36909e-09
3.21468e-08
1.31852e-09
3.17327e-08
1.27042e-09
3.13231e-08
1.22467e-09
3.09186e-08
1.18114e-09
3.052e-08
1.1397e-09
3.01276e-08
1.10023e-09
2.9742e-08
1.06261e-09
2.93634e-08
1.02672e-09
2.8992e-08
9.92473e-10
2.86281e-08
9.59762e-10
2.82718e-08
9.28512e-10
2.79231e-08
8.98639e-10
2.75821e-08
8.70078e-10
2.72486e-08
8.42757e-10
2.69227e-08
8.1662e-10
2.66043e-08
7.91604e-10
2.62932e-08
7.67661e-10
2.59894e-08
7.44732e-10
2.56927e-08
7.22775e-10
2.54029e-08
7.01738e-10
2.512e-08
6.81581e-10
2.48436e-08
6.62258e-10
2.45738e-08
6.43731e-10
2.43102e-08
6.25961e-10
2.40528e-08
6.08911e-10
2.38012e-08
5.92547e-10
2.35556e-08
5.76836e-10
2.33154e-08
5.61746e-10
2.30808e-08
5.47246e-10
2.28514e-08
5.33312e-10
2.26272e-08
5.19911e-10
2.24079e-08
5.07025e-10
2.21935e-08
4.94619e-10
2.19838e-08
4.82685e-10
2.17786e-08
4.71182e-10
2.15778e-08
4.60113e-10
2.13812e-08
4.4943e-10
2.11888e-08
4.39147e-10
2.10005e-08
4.2921e-10
2.08159e-08
4.19644e-10
2.06353e-08
4.10382e-10
2.04582e-08
4.01471e-10
2.02847e-08
3.92825e-10
2.01146e-08
3.8451e-10
1.9948e-08
3.76426e-10
1.97845e-08
3.68659e-10
1.96243e-08
3.61087e-10
1.94671e-08
3.53824e-10
1.9313e-08
3.46719e-10
1.91615e-08
3.39923e-10
1.90132e-08
3.33247e-10
1.88673e-08
3.26885e-10
1.87244e-08
3.20606e-10
1.85838e-08
3.14652e-10
1.8446e-08
3.08739e-10
1.83103e-08
3.03177e-10
1.81774e-08
2.97604e-10
1.80464e-08
2.92422e-10
1.79181e-08
2.87175e-10
1.77914e-08
2.82366e-10
1.76675e-08
2.77433e-10
1.75449e-08
2.73008e-10
1.74251e-08
2.68385e-10
1.73064e-08
2.64356e-10
1.71904e-08
2.60063e-10
1.70752e-08
2.56457e-10
1.69628e-08
2.52521e-10
1.68508e-08
2.49396e-10
1.67417e-08
2.45873e-10
1.66325e-08
2.43297e-10
1.65262e-08
2.40351e-10
1.64194e-08
2.38361e-10
1.63153e-08
2.36641e-10
1.62103e-08
2.35465e-10
2.38197e-10
3.87614e-08
2.24875e-09
-3.87113e-08
3.89633e-08
2.74478e-09
3.92674e-08
3.23348e-09
3.95506e-08
3.54519e-09
3.97885e-08
3.65634e-09
3.99979e-08
3.64032e-09
4.01782e-08
3.55455e-09
4.03106e-08
3.41272e-09
4.03809e-08
3.22257e-09
4.03904e-08
3.00533e-09
4.03523e-08
2.79025e-09
4.02806e-08
2.59986e-09
4.01841e-08
2.44265e-09
4.0067e-08
2.31518e-09
3.99325e-08
2.21041e-09
3.9783e-08
2.12233e-09
3.96202e-08
2.04642e-09
3.94449e-08
1.97923e-09
3.92576e-08
1.9182e-09
3.90586e-08
1.86157e-09
3.88483e-08
1.80823e-09
3.86274e-08
1.7575e-09
3.83964e-08
1.70899e-09
3.81562e-08
1.66247e-09
3.79074e-08
1.61781e-09
3.76511e-08
1.57489e-09
3.73879e-08
1.53364e-09
3.71186e-08
1.49391e-09
3.68441e-08
1.45564e-09
3.65651e-08
1.4187e-09
3.62823e-08
1.38301e-09
3.59965e-08
1.34847e-09
3.57082e-08
1.31504e-09
3.5418e-08
1.28261e-09
3.51266e-08
1.25117e-09
3.48345e-08
1.22063e-09
3.45421e-08
1.191e-09
3.425e-08
1.16219e-09
3.39585e-08
1.13424e-09
3.36681e-08
1.10705e-09
3.3379e-08
1.08067e-09
3.30917e-08
1.05499e-09
3.28063e-08
1.03011e-09
3.25232e-08
1.00588e-09
3.22425e-08
9.82414e-10
3.19646e-08
9.59557e-10
3.16894e-08
9.37446e-10
3.14172e-08
9.15892e-10
3.11481e-08
8.95069e-10
3.08823e-08
8.74752e-10
3.06197e-08
8.55154e-10
3.03605e-08
8.36007e-10
3.01047e-08
8.1757e-10
2.98524e-08
7.99528e-10
2.96035e-08
7.82191e-10
2.93582e-08
7.65185e-10
2.91164e-08
7.48889e-10
2.88781e-08
7.32854e-10
2.86433e-08
7.17541e-10
2.8412e-08
7.02413e-10
2.81841e-08
6.88024e-10
2.79598e-08
6.73742e-10
2.77387e-08
6.60223e-10
2.75212e-08
6.46724e-10
2.73068e-08
6.34028e-10
2.7096e-08
6.21248e-10
2.68881e-08
6.09329e-10
2.66837e-08
5.97213e-10
2.64822e-08
5.86026e-10
2.62841e-08
5.74519e-10
2.60888e-08
5.64025e-10
2.58968e-08
5.53073e-10
2.57074e-08
5.43243e-10
2.55213e-08
5.3279e-10
2.53376e-08
5.23598e-10
2.51573e-08
5.13598e-10
2.49791e-08
5.05021e-10
2.48043e-08
4.95428e-10
2.46315e-08
4.87456e-10
2.4462e-08
4.78224e-10
2.42943e-08
4.70858e-10
2.413e-08
4.61942e-10
2.39672e-08
4.55189e-10
2.38078e-08
4.46559e-10
2.36498e-08
4.40433e-10
2.34951e-08
4.32057e-10
2.33416e-08
4.26599e-10
2.31915e-08
4.18455e-10
2.30421e-08
4.13704e-10
2.28964e-08
4.05803e-10
2.2751e-08
4.01816e-10
2.26094e-08
3.94185e-10
2.24677e-08
3.91047e-10
2.23298e-08
3.83778e-10
2.21916e-08
3.81553e-10
2.2057e-08
3.74916e-10
2.19217e-08
3.73632e-10
2.17899e-08
3.68448e-10
2.1657e-08
3.68385e-10
3.67051e-10
4.03746e-08
2.19033e-09
-4.03161e-08
4.05286e-08
2.59071e-09
4.07778e-08
2.98426e-09
4.10413e-08
3.28174e-09
4.12743e-08
3.42335e-09
4.14774e-08
3.43723e-09
4.16578e-08
3.37411e-09
4.18085e-08
3.26207e-09
4.19183e-08
3.11272e-09
4.19845e-08
2.93917e-09
4.20141e-08
2.76064e-09
4.2018e-08
2.59592e-09
4.20048e-08
2.45587e-09
4.1979e-08
2.34096e-09
4.19431e-08
2.24637e-09
4.18985e-08
2.1669e-09
4.18463e-08
2.0986e-09
4.1787e-08
2.03858e-09
4.17204e-08
1.98475e-09
4.16465e-08
1.9355e-09
4.15649e-08
1.8898e-09
4.14756e-08
1.84685e-09
4.13783e-08
1.80624e-09
4.12732e-08
1.7676e-09
4.11602e-08
1.73077e-09
4.10396e-08
1.69551e-09
4.09115e-08
1.66177e-09
4.07761e-08
1.6293e-09
4.06336e-08
1.59809e-09
4.04844e-08
1.56791e-09
4.03287e-08
1.53875e-09
4.01668e-08
1.51039e-09
3.99989e-08
1.48289e-09
3.98255e-08
1.45603e-09
3.96468e-08
1.42989e-09
3.94631e-08
1.40426e-09
3.92749e-08
1.37928e-09
3.90824e-08
1.3547e-09
3.88859e-08
1.33074e-09
3.86858e-08
1.30711e-09
3.84824e-08
1.28407e-09
3.82761e-08
1.26131e-09
3.80671e-08
1.23913e-09
3.78558e-08
1.21719e-09
3.76423e-08
1.19584e-09
3.74272e-08
1.17468e-09
3.72105e-08
1.15414e-09
3.69927e-08
1.13373e-09
3.67737e-08
1.11399e-09
3.65542e-08
1.09431e-09
3.6334e-08
1.07534e-09
3.61136e-08
1.05638e-09
3.5893e-08
1.03818e-09
3.56727e-08
1.01991e-09
3.54524e-08
1.00246e-09
3.52327e-08
9.84867e-10
3.50134e-08
9.68174e-10
3.4795e-08
9.51226e-10
3.45773e-08
9.35273e-10
3.43608e-08
9.18948e-10
3.41451e-08
9.03723e-10
3.39308e-08
8.87994e-10
3.37176e-08
8.73485e-10
3.3506e-08
8.58319e-10
3.32955e-08
8.44518e-10
3.30868e-08
8.29876e-10
3.28794e-08
8.16776e-10
3.2674e-08
8.02622e-10
3.24698e-08
7.90208e-10
3.22678e-08
7.76506e-10
3.20671e-08
7.64773e-10
3.18687e-08
7.51478e-10
3.16715e-08
7.40428e-10
3.14768e-08
7.27491e-10
3.12833e-08
7.17126e-10
3.10923e-08
7.04506e-10
3.09025e-08
6.9483e-10
3.07155e-08
6.82483e-10
3.05294e-08
6.73513e-10
3.03463e-08
6.61388e-10
3.0164e-08
6.53155e-10
2.99847e-08
6.41203e-10
2.98062e-08
6.33739e-10
2.96308e-08
6.2193e-10
2.94559e-08
6.15274e-10
2.92844e-08
6.03571e-10
2.91132e-08
5.97795e-10
2.89455e-08
5.86174e-10
2.87779e-08
5.81339e-10
2.86139e-08
5.69827e-10
2.84497e-08
5.66008e-10
2.82892e-08
5.54656e-10
2.81283e-08
5.51949e-10
2.79712e-08
5.40907e-10
2.78133e-08
5.39373e-10
2.76593e-08
5.29004e-10
2.75042e-08
5.28716e-10
2.73527e-08
5.19875e-10
2.71999e-08
5.2119e-10
5.15467e-10
4.20227e-08
2.127e-09
-4.19593e-08
4.21518e-08
2.46155e-09
4.23538e-08
2.78231e-09
4.2587e-08
3.04851e-09
4.28072e-08
3.20315e-09
4.3e-08
3.24444e-09
4.31685e-08
3.2056e-09
4.33124e-08
3.11812e-09
4.34261e-08
2.99902e-09
4.35062e-08
2.85911e-09
4.35558e-08
2.71109e-09
4.35827e-08
2.56901e-09
4.3595e-08
2.44353e-09
4.3598e-08
2.33795e-09
4.35944e-08
2.24997e-09
4.35858e-08
2.17556e-09
4.3573e-08
2.11135e-09
4.35568e-08
2.0548e-09
4.35373e-08
2.00425e-09
4.35145e-08
1.95831e-09
4.34881e-08
1.91614e-09
4.34581e-08
1.87692e-09
4.3424e-08
1.8403e-09
4.33858e-08
1.80577e-09
4.33434e-08
1.77325e-09
4.32965e-08
1.74236e-09
4.32452e-08
1.71312e-09
4.31893e-08
1.68518e-09
4.31288e-08
1.65861e-09
4.30636e-08
1.63305e-09
4.29938e-08
1.60862e-09
4.29192e-08
1.58493e-09
4.28399e-08
1.56219e-09
4.2756e-08
1.53998e-09
4.26673e-08
1.51857e-09
4.25741e-08
1.49752e-09
4.24761e-08
1.47719e-09
4.23738e-08
1.45707e-09
4.22669e-08
1.43761e-09
4.21558e-08
1.41825e-09
4.20403e-08
1.39954e-09
4.19208e-08
1.38082e-09
4.17972e-08
1.36275e-09
4.16698e-08
1.34457e-09
4.15385e-08
1.32708e-09
4.14038e-08
1.30939e-09
4.12655e-08
1.29243e-09
4.11241e-08
1.27518e-09
4.09794e-08
1.25872e-09
4.08318e-08
1.24186e-09
4.06813e-08
1.22588e-09
4.05283e-08
1.20939e-09
4.03725e-08
1.19389e-09
4.02147e-08
1.17775e-09
4.00544e-08
1.16272e-09
3.98924e-08
1.14691e-09
3.97282e-08
1.13235e-09
3.95626e-08
1.11684e-09
3.93951e-08
1.10276e-09
3.92265e-08
1.08755e-09
3.90563e-08
1.07395e-09
3.88853e-08
1.05901e-09
3.87128e-08
1.04591e-09
3.85399e-08
1.03122e-09
3.83658e-08
1.01863e-09
3.81915e-08
1.00416e-09
3.80162e-08
9.92098e-10
3.7841e-08
9.77827e-10
3.76649e-08
9.66301e-10
3.74892e-08
9.52204e-10
3.73128e-08
9.41236e-10
3.7137e-08
9.27276e-10
3.69605e-08
9.16897e-10
3.6785e-08
9.03032e-10
3.66088e-08
8.93269e-10
3.64339e-08
8.79468e-10
3.62583e-08
8.7035e-10
3.60842e-08
8.56578e-10
3.59096e-08
8.48148e-10
3.57366e-08
8.3436e-10
3.55631e-08
8.26674e-10
3.53915e-08
8.12829e-10
3.52193e-08
8.0594e-10
3.50492e-08
7.92023e-10
3.48785e-08
7.85987e-10
3.47101e-08
7.71974e-10
3.4541e-08
7.6689e-10
3.43744e-08
7.52768e-10
3.4207e-08
7.48707e-10
3.40423e-08
7.34543e-10
3.38767e-08
7.31587e-10
3.37139e-08
7.17473e-10
3.35501e-08
7.15722e-10
3.33892e-08
7.01869e-10
3.32271e-08
7.014e-10
3.30679e-08
6.88227e-10
3.29074e-08
6.892e-10
3.27498e-08
6.77512e-10
3.25907e-08
6.80312e-10
6.71158e-10
4.37127e-08
2.06302e-09
-4.36488e-08
4.38265e-08
2.34777e-09
4.39933e-08
2.61551e-09
4.41953e-08
2.84653e-09
4.43978e-08
3.00064e-09
4.45803e-08
3.06197e-09
4.47385e-08
3.04735e-09
4.48737e-08
2.98301e-09
4.49841e-08
2.88859e-09
4.50676e-08
2.77565e-09
4.5125e-08
2.65368e-09
4.51613e-08
2.53267e-09
4.51832e-08
2.4216e-09
4.51961e-08
2.32503e-09
4.52031e-08
2.243e-09
4.52059e-08
2.17279e-09
4.52055e-08
2.11174e-09
4.52027e-08
2.05756e-09
4.5198e-08
2.00893e-09
4.51917e-08
1.96465e-09
4.51837e-08
1.92413e-09
4.51741e-08
1.88655e-09
4.51627e-08
1.85169e-09
4.51495e-08
1.81895e-09
4.51344e-08
1.78835e-09
4.51174e-08
1.75938e-09
4.50983e-08
1.73221e-09
4.50771e-08
1.70632e-09
4.50538e-08
1.68196e-09
4.50283e-08
1.65859e-09
4.50003e-08
1.63654e-09
4.497e-08
1.61521e-09
4.49372e-08
1.59502e-09
4.49019e-08
1.57532e-09
4.48638e-08
1.55664e-09
4.48231e-08
1.53824e-09
4.47795e-08
1.52079e-09
4.47331e-08
1.50343e-09
4.46837e-08
1.48699e-09
4.46315e-08
1.47049e-09
4.45761e-08
1.45489e-09
4.45179e-08
1.43909e-09
4.44564e-08
1.42421e-09
4.4392e-08
1.40897e-09
4.43244e-08
1.39472e-09
4.42538e-08
1.37996e-09
4.418e-08
1.36625e-09
4.41033e-08
1.35188e-09
4.40233e-08
1.33867e-09
4.39406e-08
1.32463e-09
4.38546e-08
1.31186e-09
4.37659e-08
1.2981e-09
4.3674e-08
1.28575e-09
4.35796e-08
1.2722e-09
4.3482e-08
1.26025e-09
4.33821e-08
1.24688e-09
4.32791e-08
1.23532e-09
4.31739e-08
1.22209e-09
4.30657e-08
1.21091e-09
4.29555e-08
1.19778e-09
4.28425e-08
1.18698e-09
4.27275e-08
1.17393e-09
4.26099e-08
1.1635e-09
4.24907e-08
1.15049e-09
4.23688e-08
1.14046e-09
4.22456e-08
1.12745e-09
4.21198e-08
1.11783e-09
4.19929e-08
1.10479e-09
4.18636e-08
1.0956e-09
4.17333e-08
1.0825e-09
4.16008e-08
1.07376e-09
4.14675e-08
1.06055e-09
4.13321e-08
1.0523e-09
4.11961e-08
1.03895e-09
4.10582e-08
1.03123e-09
4.092e-08
1.01771e-09
4.07798e-08
1.01053e-09
4.06395e-08
9.96811e-10
4.04975e-08
9.90239e-10
4.03555e-08
9.76282e-10
4.02118e-08
9.70383e-10
4.00685e-08
9.56154e-10
3.99235e-08
9.50974e-10
3.9779e-08
9.36485e-10
3.96329e-08
9.32085e-10
3.94876e-08
9.17323e-10
3.93406e-08
9.13818e-10
3.91946e-08
8.98794e-10
3.90471e-08
8.96239e-10
3.89005e-08
8.81067e-10
3.87526e-08
8.79541e-10
3.86057e-08
8.64356e-10
3.84575e-08
8.63967e-10
3.83103e-08
8.49025e-10
3.81618e-08
8.49868e-10
3.80144e-08
8.35618e-10
3.78657e-08
8.37942e-10
3.77181e-08
8.25105e-10
3.75691e-08
8.29278e-10
8.18639e-10
4.54509e-08
2.00073e-09
-4.53887e-08
4.5553e-08
2.24573e-09
4.56951e-08
2.47344e-09
4.58689e-08
2.67273e-09
4.60513e-08
2.81823e-09
4.62219e-08
2.89138e-09
4.63714e-08
2.89777e-09
4.64991e-08
2.85535e-09
4.66051e-08
2.78256e-09
4.66889e-08
2.69191e-09
4.67505e-08
2.59204e-09
4.67929e-08
2.49026e-09
4.68209e-08
2.39359e-09
4.68394e-08
2.30657e-09
4.68516e-08
2.23083e-09
4.68594e-08
2.16499e-09
4.68639e-08
2.10722e-09
4.6866e-08
2.05546e-09
4.68662e-08
2.00872e-09
4.6865e-08
1.96585e-09
4.68626e-08
1.92657e-09
4.68591e-08
1.89003e-09
4.68545e-08
1.85623e-09
4.68491e-08
1.82443e-09
4.68426e-08
1.79483e-09
4.68352e-08
1.76673e-09
4.68269e-08
1.74052e-09
4.68178e-08
1.71547e-09
4.68077e-08
1.69208e-09
4.67967e-08
1.66956e-09
4.67847e-08
1.64853e-09
4.67718e-08
1.6281e-09
4.67578e-08
1.60901e-09
4.67429e-08
1.59029e-09
4.67267e-08
1.57283e-09
4.67094e-08
1.55552e-09
4.66907e-08
1.53942e-09
4.66709e-08
1.52326e-09
4.66496e-08
1.50832e-09
4.6627e-08
1.49313e-09
4.66027e-08
1.47917e-09
4.6577e-08
1.46479e-09
4.65495e-08
1.45168e-09
4.65205e-08
1.43798e-09
4.64896e-08
1.42564e-09
4.6457e-08
1.4125e-09
4.64224e-08
1.40084e-09
4.63861e-08
1.38818e-09
4.63477e-08
1.37713e-09
4.63075e-08
1.36486e-09
4.6265e-08
1.35436e-09
4.62206e-08
1.34241e-09
4.6174e-08
1.33242e-09
4.61255e-08
1.32072e-09
4.60745e-08
1.31121e-09
4.60217e-08
1.29971e-09
4.59663e-08
1.29064e-09
4.59092e-08
1.27928e-09
4.58494e-08
1.27064e-09
4.57879e-08
1.25936e-09
4.57237e-08
1.25113e-09
4.56577e-08
1.23989e-09
4.55892e-08
1.23206e-09
4.55189e-08
1.2208e-09
4.54459e-08
1.21338e-09
4.53714e-08
1.20204e-09
4.52941e-08
1.19504e-09
4.52153e-08
1.18359e-09
4.5134e-08
1.17699e-09
4.50511e-08
1.16539e-09
4.49656e-08
1.15921e-09
4.48788e-08
1.1474e-09
4.47894e-08
1.14168e-09
4.46987e-08
1.12962e-09
4.46056e-08
1.12437e-09
4.45112e-08
1.11203e-09
4.44145e-08
1.10726e-09
4.43167e-08
1.09462e-09
4.42166e-08
1.09038e-09
4.41155e-08
1.07739e-09
4.40121e-08
1.07374e-09
4.39079e-08
1.06038e-09
4.38015e-08
1.05734e-09
4.36943e-08
1.04365e-09
4.35852e-08
1.04126e-09
4.34753e-08
1.02723e-09
4.33635e-08
1.02562e-09
4.3251e-08
1.01129e-09
4.31367e-08
1.01046e-09
4.30218e-08
9.95994e-10
4.29053e-08
9.96023e-10
4.27881e-08
9.81565e-10
4.26695e-08
9.82572e-10
4.25501e-08
9.68417e-10
4.24295e-08
9.70505e-10
4.2308e-08
9.57095e-10
4.21854e-08
9.6058e-10
4.20619e-08
9.48559e-10
4.19374e-08
9.53786e-10
9.43831e-10
4.72422e-08
1.94095e-09
-4.71824e-08
4.73345e-08
2.15343e-09
4.74584e-08
2.34949e-09
4.76088e-08
2.52241e-09
4.77711e-08
2.65593e-09
4.79282e-08
2.73423e-09
4.80692e-08
2.75677e-09
4.81906e-08
2.734e-09
4.82923e-08
2.68078e-09
4.8375e-08
2.60926e-09
4.84389e-08
2.52815e-09
4.84857e-08
2.44344e-09
4.85186e-08
2.36064e-09
4.85416e-08
2.28359e-09
4.85578e-08
2.21469e-09
4.85691e-08
2.15361e-09
4.85769e-08
2.09946e-09
4.85819e-08
2.05044e-09
4.85848e-08
2.00589e-09
4.85859e-08
1.96466e-09
4.85857e-08
1.92676e-09
4.85845e-08
1.89129e-09
4.85822e-08
1.85848e-09
4.85792e-08
1.82747e-09
4.85754e-08
1.79867e-09
4.85709e-08
1.77118e-09
4.85658e-08
1.74562e-09
4.85603e-08
1.72103e-09
4.85541e-08
1.69819e-09
4.85477e-08
1.67604e-09
4.85407e-08
1.65549e-09
4.85334e-08
1.63539e-09
4.85256e-08
1.61678e-09
4.85176e-08
1.59837e-09
4.8509e-08
1.5814e-09
4.85001e-08
1.56441e-09
4.84907e-08
1.54885e-09
4.84809e-08
1.53305e-09
4.84705e-08
1.51871e-09
4.84597e-08
1.50393e-09
4.84482e-08
1.49065e-09
4.84363e-08
1.47674e-09
4.84235e-08
1.46442e-09
4.84103e-08
1.45125e-09
4.83961e-08
1.43979e-09
4.83814e-08
1.42726e-09
4.83656e-08
1.41658e-09
4.83492e-08
1.4046e-09
4.83317e-08
1.39465e-09
4.83134e-08
1.38314e-09
4.82939e-08
1.37385e-09
4.82736e-08
1.36275e-09
4.82519e-08
1.35407e-09
4.82293e-08
1.34329e-09
4.82053e-08
1.3352e-09
4.81804e-08
1.32469e-09
4.81538e-08
1.31716e-09
4.81263e-08
1.30684e-09
4.80971e-08
1.29983e-09
4.80668e-08
1.28966e-09
4.80348e-08
1.28315e-09
4.80016e-08
1.27308e-09
4.79666e-08
1.26705e-09
4.79304e-08
1.257e-09
4.78923e-08
1.25146e-09
4.7853e-08
1.24137e-09
4.78117e-08
1.23629e-09
4.77692e-08
1.22614e-09
4.77247e-08
1.2215e-09
4.76788e-08
1.21124e-09
4.7631e-08
1.20705e-09
4.75818e-08
1.19661e-09
4.75306e-08
1.19289e-09
4.7478e-08
1.18222e-09
4.74234e-08
1.17897e-09
4.73673e-08
1.16806e-09
4.73093e-08
1.16525e-09
4.72499e-08
1.15407e-09
4.71885e-08
1.15174e-09
4.71257e-08
1.14025e-09
4.70609e-08
1.13846e-09
4.69947e-08
1.12666e-09
4.69266e-08
1.12535e-09
4.6857e-08
1.1133e-09
4.67857e-08
1.11254e-09
4.67127e-08
1.10019e-09
4.66383e-08
1.1001e-09
4.6562e-08
1.08756e-09
4.64844e-08
1.08806e-09
4.64049e-08
1.07549e-09
4.63242e-08
1.0767e-09
4.62415e-08
1.06425e-09
4.61578e-08
1.06627e-09
4.6072e-08
1.05427e-09
4.59853e-08
1.05722e-09
4.58963e-08
1.04605e-09
4.58066e-08
1.05028e-09
4.57146e-08
1.04054e-09
4.5622e-08
1.04641e-09
1.0387e-09
4.90906e-08
1.88378e-09
-4.90335e-08
4.91746e-08
2.06941e-09
4.92844e-08
2.23978e-09
4.94157e-08
2.39107e-09
4.95594e-08
2.51219e-09
4.97025e-08
2.59119e-09
4.98343e-08
2.62494e-09
4.99497e-08
2.61862e-09
5.00476e-08
2.5829e-09
5.01285e-08
2.52828e-09
5.01933e-08
2.46337e-09
5.02431e-08
2.39363e-09
5.02801e-08
2.32371e-09
5.0307e-08
2.25664e-09
5.03267e-08
2.19501e-09
5.03412e-08
2.13911e-09
5.03517e-08
2.08889e-09
5.03592e-08
2.04293e-09
5.03642e-08
2.0009e-09
5.03673e-08
1.96162e-09
5.03687e-08
1.92534e-09
5.03689e-08
1.89113e-09
5.03679e-08
1.85945e-09
5.03661e-08
1.82931e-09
5.03634e-08
1.80134e-09
5.03601e-08
1.77448e-09
5.03562e-08
1.74955e-09
5.03518e-08
1.7254e-09
5.0347e-08
1.70302e-09
5.03419e-08
1.68116e-09
5.03364e-08
1.66096e-09
5.03307e-08
1.64104e-09
5.03248e-08
1.62271e-09
5.03188e-08
1.60441e-09
5.03125e-08
1.58769e-09
5.03061e-08
1.57076e-09
5.02995e-08
1.55544e-09
5.02929e-08
1.53968e-09
5.0286e-08
1.52557e-09
5.02791e-08
1.51083e-09
5.0272e-08
1.4978e-09
5.02648e-08
1.48395e-09
5.02573e-08
1.4719e-09
5.02497e-08
1.45881e-09
5.02419e-08
1.44766e-09
5.02339e-08
1.43524e-09
5.02255e-08
1.42493e-09
5.0217e-08
1.41309e-09
5.02081e-08
1.40356e-09
5.0199e-08
1.39225e-09
5.01894e-08
1.38344e-09
5.01796e-08
1.37258e-09
5.01692e-08
1.36445e-09
5.01585e-08
1.35399e-09
5.01472e-08
1.34652e-09
5.01355e-08
1.33637e-09
5.01231e-08
1.32953e-09
5.01103e-08
1.31966e-09
5.00967e-08
1.31341e-09
5.00826e-08
1.30377e-09
5.00677e-08
1.29807e-09
5.00522e-08
1.28861e-09
5.00358e-08
1.28347e-09
5.00187e-08
1.2741e-09
5.00006e-08
1.26951e-09
4.99818e-08
1.2602e-09
4.9962e-08
1.25612e-09
4.99413e-08
1.24684e-09
4.99195e-08
1.24323e-09
4.98968e-08
1.23394e-09
4.98731e-08
1.23082e-09
4.98482e-08
1.22143e-09
4.98223e-08
1.21881e-09
4.97952e-08
1.20932e-09
4.9767e-08
1.20715e-09
4.97376e-08
1.19754e-09
4.9707e-08
1.1958e-09
4.9675e-08
1.18605e-09
4.9642e-08
1.18477e-09
4.96074e-08
1.17481e-09
4.95719e-08
1.17403e-09
4.95346e-08
1.16392e-09
4.94964e-08
1.16354e-09
4.94564e-08
1.15334e-09
4.94155e-08
1.15344e-09
4.93726e-08
1.14306e-09
4.9329e-08
1.14374e-09
4.92832e-08
1.13337e-09
4.92367e-08
1.13452e-09
4.91879e-08
1.12428e-09
4.91386e-08
1.12604e-09
4.90868e-08
1.11607e-09
4.90345e-08
1.11854e-09
4.89796e-08
1.1092e-09
4.89243e-08
1.11252e-09
4.88662e-08
1.10412e-09
4.88078e-08
1.10865e-09
4.87466e-08
1.10173e-09
4.86852e-08
1.10787e-09
1.10296e-09
5.09999e-08
1.82926e-09
-5.09454e-08
5.10768e-08
1.99257e-09
5.11747e-08
2.14179e-09
5.12906e-08
2.27521e-09
5.1418e-08
2.38483e-09
5.15472e-08
2.46195e-09
5.16693e-08
2.50282e-09
5.17785e-08
2.50942e-09
5.18726e-08
2.48884e-09
5.19516e-08
2.44926e-09
5.20164e-08
2.3986e-09
5.2068e-08
2.34201e-09
5.21079e-08
2.28379e-09
5.21382e-08
2.22634e-09
5.21611e-08
2.17215e-09
5.21785e-08
2.12176e-09
5.21916e-08
2.07578e-09
5.22014e-08
2.03314e-09
5.22084e-08
1.99386e-09
5.22132e-08
1.95681e-09
5.22162e-08
1.9224e-09
5.22176e-08
1.88966e-09
5.22178e-08
1.85927e-09
5.22169e-08
1.83015e-09
5.22152e-08
1.80311e-09
5.22127e-08
1.77698e-09
5.22095e-08
1.75273e-09
5.22058e-08
1.72908e-09
5.22016e-08
1.7072e-09
5.21971e-08
1.68567e-09
5.21923e-08
1.66582e-09
5.21872e-08
1.64609e-09
5.21819e-08
1.62801e-09
5.21765e-08
1.60982e-09
5.21709e-08
1.59327e-09
5.21653e-08
1.57639e-09
5.21596e-08
1.56118e-09
5.21538e-08
1.54542e-09
5.2148e-08
1.5314e-09
5.21422e-08
1.51663e-09
5.21363e-08
1.50367e-09
5.21305e-08
1.48977e-09
5.21246e-08
1.47777e-09
5.21188e-08
1.46463e-09
5.21129e-08
1.45355e-09
5.21071e-08
1.44107e-09
5.21012e-08
1.43083e-09
5.20953e-08
1.41897e-09
5.20894e-08
1.4095e-09
5.20834e-08
1.39819e-09
5.20774e-08
1.38946e-09
5.20714e-08
1.37863e-09
5.20652e-08
1.37061e-09
5.2059e-08
1.36021e-09
5.20526e-08
1.35287e-09
5.20462e-08
1.34283e-09
5.20396e-08
1.33614e-09
5.20328e-08
1.32644e-09
5.20259e-08
1.32036e-09
5.20187e-08
1.31095e-09
5.20113e-08
1.30545e-09
5.20036e-08
1.29629e-09
5.19957e-08
1.29137e-09
5.19875e-08
1.28237e-09
5.19789e-08
1.27804e-09
5.19699e-08
1.26919e-09
5.19607e-08
1.26536e-09
5.19509e-08
1.25666e-09
5.19408e-08
1.25331e-09
5.193e-08
1.24469e-09
5.1919e-08
1.24186e-09
5.19072e-08
1.23324e-09
5.18951e-08
1.23091e-09
5.18821e-08
1.22232e-09
5.18688e-08
1.22041e-09
5.18545e-08
1.21187e-09
5.18399e-08
1.21036e-09
5.18242e-08
1.20179e-09
5.18082e-08
1.20077e-09
5.17909e-08
1.19211e-09
5.17734e-08
1.19154e-09
5.17544e-08
1.18294e-09
5.17352e-08
1.18269e-09
5.17144e-08
1.17415e-09
5.16935e-08
1.17439e-09
5.16707e-08
1.16579e-09
5.16479e-08
1.16654e-09
5.16231e-08
1.15818e-09
5.15983e-08
1.15934e-09
5.15713e-08
1.15125e-09
5.15443e-08
1.15302e-09
5.15151e-08
1.14533e-09
5.14859e-08
1.14776e-09
5.14542e-08
1.14088e-09
5.14225e-08
1.14417e-09
5.13884e-08
1.13829e-09
5.13542e-08
1.14281e-09
5.13175e-08
1.13845e-09
5.12807e-08
1.14463e-09
1.14224e-09
5.29734e-08
1.77741e-09
-5.29215e-08
5.30439e-08
1.92206e-09
5.3132e-08
2.05372e-09
5.3235e-08
2.17222e-09
5.33482e-08
2.27163e-09
5.34645e-08
2.34559e-09
5.35768e-08
2.39056e-09
5.36794e-08
2.40679e-09
5.37695e-08
2.3988e-09
5.38463e-08
2.37242e-09
5.39105e-08
2.3344e-09
5.3963e-08
2.28948e-09
5.4005e-08
2.24178e-09
5.4038e-08
2.19335e-09
5.40636e-08
2.14652e-09
5.40836e-08
2.10183e-09
5.4099e-08
2.06031e-09
5.41109e-08
2.02122e-09
5.41199e-08
1.98491e-09
5.41264e-08
1.9503e-09
5.41309e-08
1.91796e-09
5.41336e-08
1.88691e-09
5.41349e-08
1.85795e-09
5.41351e-08
1.83001e-09
5.41342e-08
1.804e-09
5.41324e-08
1.77872e-09
5.41299e-08
1.75521e-09
5.41269e-08
1.73217e-09
5.41232e-08
1.71082e-09
5.41192e-08
1.6897e-09
5.41148e-08
1.67022e-09
5.41101e-08
1.65076e-09
5.41052e-08
1.63293e-09
5.41001e-08
1.61489e-09
5.40949e-08
1.5985e-09
5.40896e-08
1.58171e-09
5.40842e-08
1.56658e-09
5.40787e-08
1.55086e-09
5.40733e-08
1.53687e-09
5.40678e-08
1.5221e-09
5.40623e-08
1.50912e-09
5.40569e-08
1.49521e-09
5.40515e-08
1.48317e-09
5.40461e-08
1.46999e-09
5.40408e-08
1.45885e-09
5.40356e-08
1.44633e-09
5.40304e-08
1.43601e-09
5.40253e-08
1.4241e-09
5.40202e-08
1.41454e-09
5.40152e-08
1.40321e-09
5.40103e-08
1.39436e-09
5.40054e-08
1.38354e-09
5.40006e-08
1.37539e-09
5.39958e-08
1.36501e-09
5.39911e-08
1.35755e-09
5.39864e-08
1.34756e-09
5.39818e-08
1.34075e-09
5.39771e-08
1.33113e-09
5.39725e-08
1.32491e-09
5.39678e-08
1.31566e-09
5.39633e-08
1.31e-09
5.39585e-08
1.30104e-09
5.39539e-08
1.29598e-09
5.39491e-08
1.28723e-09
5.39444e-08
1.28275e-09
5.39393e-08
1.27422e-09
5.39345e-08
1.27021e-09
5.39292e-08
1.26193e-09
5.39241e-08
1.2584e-09
5.39186e-08
1.25026e-09
5.39132e-08
1.24725e-09
5.39072e-08
1.23921e-09
5.39014e-08
1.23667e-09
5.3895e-08
1.22877e-09
5.38888e-08
1.22662e-09
5.38818e-08
1.21889e-09
5.3875e-08
1.21713e-09
5.38673e-08
1.20946e-09
5.38599e-08
1.20819e-09
5.38515e-08
1.20054e-09
5.38433e-08
1.19968e-09
5.3834e-08
1.19226e-09
5.3825e-08
1.19168e-09
5.38147e-08
1.18442e-09
5.38047e-08
1.18439e-09
5.37934e-08
1.17716e-09
5.37823e-08
1.17758e-09
5.37697e-08
1.17079e-09
5.37575e-08
1.17161e-09
5.37436e-08
1.16516e-09
5.37299e-08
1.16665e-09
5.37145e-08
1.16071e-09
5.36994e-08
1.16286e-09
5.36825e-08
1.15783e-09
5.36657e-08
1.16094e-09
5.36471e-08
1.15693e-09
5.36286e-08
1.16131e-09
5.36082e-08
1.15884e-09
5.35878e-08
1.16497e-09
1.16443e-09
5.50143e-08
1.72828e-09
-5.49652e-08
5.50791e-08
1.85723e-09
5.51587e-08
1.97419e-09
5.52507e-08
2.08016e-09
5.53517e-08
2.17064e-09
5.54564e-08
2.24089e-09
5.55591e-08
2.2879e-09
5.56548e-08
2.31105e-09
5.57405e-08
2.31313e-09
5.58148e-08
2.29805e-09
5.5878e-08
2.27123e-09
5.59308e-08
2.23673e-09
5.59741e-08
2.19849e-09
5.6009e-08
2.15838e-09
5.60369e-08
2.11861e-09
5.60591e-08
2.07965e-09
5.60767e-08
2.04274e-09
5.60905e-08
2.00737e-09
5.61013e-08
1.97416e-09
5.61094e-08
1.94217e-09
5.61153e-08
1.91206e-09
5.61193e-08
1.88288e-09
5.61218e-08
1.8555e-09
5.61229e-08
1.82888e-09
5.61229e-08
1.804e-09
5.6122e-08
1.77968e-09
5.61202e-08
1.75699e-09
5.61177e-08
1.73465e-09
5.61147e-08
1.71387e-09
5.61111e-08
1.69325e-09
5.61072e-08
1.67417e-09
5.61029e-08
1.65505e-09
5.60983e-08
1.63748e-09
5.60935e-08
1.61968e-09
5.60886e-08
1.60344e-09
5.60835e-08
1.58679e-09
5.60783e-08
1.57174e-09
5.60731e-08
1.55611e-09
5.60678e-08
1.54212e-09
5.60625e-08
1.52741e-09
5.60573e-08
1.51439e-09
5.6052e-08
1.50049e-09
5.60468e-08
1.48837e-09
5.60416e-08
1.47519e-09
5.60365e-08
1.46394e-09
5.60314e-08
1.45141e-09
5.60265e-08
1.44095e-09
5.60215e-08
1.42904e-09
5.60168e-08
1.4193e-09
5.6012e-08
1.40798e-09
5.60074e-08
1.39894e-09
5.60028e-08
1.38813e-09
5.59985e-08
1.37978e-09
5.5994e-08
1.36942e-09
5.59899e-08
1.36174e-09
5.59856e-08
1.3518e-09
5.59816e-08
1.34474e-09
5.59775e-08
1.33522e-09
5.59737e-08
1.32872e-09
5.59698e-08
1.3196e-09
5.59661e-08
1.31366e-09
5.59623e-08
1.30485e-09
5.59588e-08
1.2995e-09
5.59551e-08
1.29094e-09
5.59517e-08
1.28615e-09
5.5948e-08
1.27789e-09
5.59447e-08
1.27352e-09
5.59411e-08
1.26557e-09
5.59378e-08
1.26167e-09
5.59342e-08
1.2539e-09
5.59309e-08
1.25053e-09
5.59272e-08
1.24291e-09
5.59239e-08
1.23998e-09
5.592e-08
1.2326e-09
5.59167e-08
1.23001e-09
5.59127e-08
1.22288e-09
5.59091e-08
1.22069e-09
5.59049e-08
1.21366e-09
5.59011e-08
1.21199e-09
5.58966e-08
1.20506e-09
5.58925e-08
1.20373e-09
5.58876e-08
1.19716e-09
5.58832e-08
1.19612e-09
5.58779e-08
1.18973e-09
5.5873e-08
1.18931e-09
5.58671e-08
1.18304e-09
5.58616e-08
1.18301e-09
5.58551e-08
1.1773e-09
5.5849e-08
1.17773e-09
5.58418e-08
1.17237e-09
5.58349e-08
1.17354e-09
5.58269e-08
1.16878e-09
5.58191e-08
1.17063e-09
5.58101e-08
1.1668e-09
5.58013e-08
1.16974e-09
5.57913e-08
1.16695e-09
5.57814e-08
1.1712e-09
5.57703e-08
1.16993e-09
5.57593e-08
1.17602e-09
1.17663e-09
5.71258e-08
1.68187e-09
-5.70794e-08
5.71855e-08
1.79753e-09
5.72575e-08
1.90214e-09
5.73402e-08
1.99751e-09
5.74306e-08
2.08023e-09
5.75248e-08
2.14665e-09
5.76184e-08
2.19433e-09
5.77072e-08
2.22228e-09
5.77881e-08
2.23219e-09
5.78596e-08
2.22653e-09
5.79214e-08
2.20946e-09
5.79738e-08
2.18427e-09
5.80178e-08
2.15456e-09
5.80541e-08
2.12207e-09
5.80838e-08
2.08893e-09
5.81078e-08
2.05559e-09
5.81272e-08
2.02332e-09
5.81428e-08
1.99179e-09
5.81552e-08
1.96179e-09
5.81648e-08
1.93254e-09
5.81721e-08
1.90478e-09
5.81774e-08
1.87761e-09
5.8181e-08
1.85193e-09
5.81831e-08
1.82676e-09
5.8184e-08
1.8031e-09
5.81838e-08
1.77985e-09
5.81827e-08
1.75804e-09
5.81809e-08
1.73649e-09
5.81784e-08
1.71635e-09
5.81754e-08
1.6963e-09
5.81719e-08
1.67766e-09
5.8168e-08
1.65895e-09
5.81638e-08
1.64166e-09
5.81593e-08
1.62414e-09
5.81547e-08
1.60808e-09
5.81499e-08
1.59163e-09
5.8145e-08
1.57665e-09
5.81399e-08
1.56116e-09
5.81349e-08
1.54718e-09
5.81297e-08
1.53256e-09
5.81246e-08
1.51948e-09
5.81195e-08
1.50564e-09
5.81144e-08
1.49343e-09
5.81093e-08
1.48028e-09
5.81044e-08
1.4689e-09
5.80994e-08
1.45639e-09
5.80946e-08
1.44577e-09
5.80897e-08
1.43388e-09
5.80851e-08
1.42395e-09
5.80804e-08
1.41265e-09
5.8076e-08
1.40339e-09
5.80715e-08
1.39261e-09
5.80672e-08
1.38402e-09
5.80629e-08
1.3737e-09
5.80589e-08
1.36578e-09
5.80548e-08
1.35589e-09
5.8051e-08
1.34856e-09
5.80471e-08
1.33912e-09
5.80435e-08
1.33232e-09
5.80398e-08
1.32331e-09
5.80364e-08
1.31705e-09
5.80329e-08
1.30837e-09
5.80297e-08
1.30271e-09
5.80263e-08
1.2943e-09
5.80233e-08
1.28917e-09
5.80201e-08
1.28111e-09
5.80172e-08
1.27637e-09
5.80141e-08
1.26866e-09
5.80114e-08
1.26439e-09
5.80084e-08
1.25688e-09
5.80058e-08
1.25314e-09
5.80029e-08
1.24582e-09
5.80004e-08
1.2425e-09
5.79975e-08
1.23548e-09
5.7995e-08
1.23248e-09
5.79922e-08
1.22575e-09
5.79897e-08
1.22316e-09
5.79868e-08
1.21655e-09
5.79843e-08
1.21449e-09
5.79813e-08
1.20804e-09
5.79787e-08
1.20629e-09
5.79756e-08
1.20028e-09
5.79729e-08
1.19885e-09
5.79696e-08
1.193e-09
5.79667e-08
1.19225e-09
5.79632e-08
1.18658e-09
5.796e-08
1.18619e-09
5.79561e-08
1.18115e-09
5.79526e-08
1.18129e-09
5.79484e-08
1.17658e-09
5.79444e-08
1.17753e-09
5.79397e-08
1.17349e-09
5.79351e-08
1.17515e-09
5.79299e-08
1.17203e-09
5.79248e-08
1.17489e-09
5.79189e-08
1.17281e-09
5.79131e-08
1.17701e-09
5.79066e-08
1.17643e-09
5.79001e-08
1.18251e-09
1.18378e-09
5.9311e-08
1.63819e-09
-5.92673e-08
5.9366e-08
1.74255e-09
5.94315e-08
1.83671e-09
5.95059e-08
1.92308e-09
5.95871e-08
1.99905e-09
5.9672e-08
2.06173e-09
5.97571e-08
2.10922e-09
5.9839e-08
2.14039e-09
5.99149e-08
2.15624e-09
5.99832e-08
2.15826e-09
6.00432e-08
2.14953e-09
6.00949e-08
2.13257e-09
6.01389e-08
2.11051e-09
6.0176e-08
2.08499e-09
6.02069e-08
2.05801e-09
6.02325e-08
2.03005e-09
6.02534e-08
2.00234e-09
6.02705e-08
1.9747e-09
6.02843e-08
1.94797e-09
6.02953e-08
1.92156e-09
6.03039e-08
1.89621e-09
6.03103e-08
1.87116e-09
6.0315e-08
1.84727e-09
6.03181e-08
1.82368e-09
6.03199e-08
1.80132e-09
6.03205e-08
1.77922e-09
6.03201e-08
1.75837e-09
6.0319e-08
1.73769e-09
6.03171e-08
1.71823e-09
6.03145e-08
1.69883e-09
6.03115e-08
1.68067e-09
6.03081e-08
1.66242e-09
6.03043e-08
1.64546e-09
6.03002e-08
1.62827e-09
6.02958e-08
1.6124e-09
6.02913e-08
1.59618e-09
6.02866e-08
1.58131e-09
6.02818e-08
1.56598e-09
6.0277e-08
1.55202e-09
6.0272e-08
1.53751e-09
6.02671e-08
1.5244e-09
6.02621e-08
1.51063e-09
6.02572e-08
1.49834e-09
6.02522e-08
1.48523e-09
6.02474e-08
1.47374e-09
6.02425e-08
1.46125e-09
6.02378e-08
1.45048e-09
6.02331e-08
1.43861e-09
6.02285e-08
1.4285e-09
6.0224e-08
1.41722e-09
6.02196e-08
1.40776e-09
6.02152e-08
1.397e-09
6.0211e-08
1.3882e-09
6.02068e-08
1.3779e-09
6.02029e-08
1.36974e-09
6.01989e-08
1.35988e-09
6.01951e-08
1.3523e-09
6.01913e-08
1.34292e-09
6.01878e-08
1.33585e-09
6.01842e-08
1.32691e-09
6.01809e-08
1.32038e-09
6.01775e-08
1.31177e-09
6.01744e-08
1.30583e-09
6.01711e-08
1.29753e-09
6.01682e-08
1.29209e-09
6.01652e-08
1.28417e-09
6.01624e-08
1.27911e-09
6.01595e-08
1.27156e-09
6.01569e-08
1.26698e-09
6.01542e-08
1.25963e-09
6.01518e-08
1.25559e-09
6.01491e-08
1.24846e-09
6.01468e-08
1.24481e-09
6.01443e-08
1.23803e-09
6.0142e-08
1.23469e-09
6.01396e-08
1.22821e-09
6.01374e-08
1.22532e-09
6.0135e-08
1.21896e-09
6.01329e-08
1.21662e-09
6.01305e-08
1.21047e-09
6.01283e-08
1.20841e-09
6.01259e-08
1.20273e-09
6.01237e-08
1.20103e-09
6.01212e-08
1.19549e-09
6.01189e-08
1.19452e-09
6.01163e-08
1.18923e-09
6.01139e-08
1.1886e-09
6.01111e-08
1.18395e-09
6.01084e-08
1.18394e-09
6.01054e-08
1.17962e-09
6.01025e-08
1.18045e-09
6.00991e-08
1.17683e-09
6.00958e-08
1.17843e-09
6.00921e-08
1.17572e-09
6.00885e-08
1.17857e-09
6.00844e-08
1.17691e-09
6.00802e-08
1.18113e-09
6.00757e-08
1.18094e-09
6.00712e-08
1.18706e-09
1.18868e-09
6.15732e-08
1.59717e-09
-6.15322e-08
6.16239e-08
1.69189e-09
6.16834e-08
1.77719e-09
6.17506e-08
1.85589e-09
6.18236e-08
1.92598e-09
6.19002e-08
1.98514e-09
6.19776e-08
2.0319e-09
6.20528e-08
2.06513e-09
6.21236e-08
2.08542e-09
6.21883e-08
2.09356e-09
6.2246e-08
2.09183e-09
6.22966e-08
2.08204e-09
6.23402e-08
2.06683e-09
6.23776e-08
2.04763e-09
6.24093e-08
2.02634e-09
6.24359e-08
2.00344e-09
6.24581e-08
1.98015e-09
6.24764e-08
1.95634e-09
6.24915e-08
1.93291e-09
6.25037e-08
1.90937e-09
6.25134e-08
1.88649e-09
6.25209e-08
1.86363e-09
6.25266e-08
1.84161e-09
6.25306e-08
1.81966e-09
6.25333e-08
1.79869e-09
6.25347e-08
1.77782e-09
6.2535e-08
1.75799e-09
6.25345e-08
1.73823e-09
6.25332e-08
1.71952e-09
6.25312e-08
1.70081e-09
6.25287e-08
1.68318e-09
6.25257e-08
1.66544e-09
6.25223e-08
1.64884e-09
6.25185e-08
1.63202e-09
6.25146e-08
1.61639e-09
6.25103e-08
1.60043e-09
6.25059e-08
1.58569e-09
6.25014e-08
1.57054e-09
6.24968e-08
1.55663e-09
6.2492e-08
1.54224e-09
6.24873e-08
1.52912e-09
6.24825e-08
1.51543e-09
6.24778e-08
1.50309e-09
6.2473e-08
1.49002e-09
6.24683e-08
1.47843e-09
6.24636e-08
1.46597e-09
6.2459e-08
1.45507e-09
6.24544e-08
1.44322e-09
6.24499e-08
1.43295e-09
6.24455e-08
1.42168e-09
6.24412e-08
1.41204e-09
6.24369e-08
1.40128e-09
6.24328e-08
1.39229e-09
6.24287e-08
1.38199e-09
6.24248e-08
1.37363e-09
6.24209e-08
1.36379e-09
6.24172e-08
1.35599e-09
6.24135e-08
1.34662e-09
6.241e-08
1.33933e-09
6.24065e-08
1.33041e-09
6.24032e-08
1.32366e-09
6.23999e-08
1.31508e-09
6.23969e-08
1.30891e-09
6.23937e-08
1.30065e-09
6.23908e-08
1.29497e-09
6.23879e-08
1.28712e-09
6.23852e-08
1.28182e-09
6.23824e-08
1.27433e-09
6.23799e-08
1.26953e-09
6.23772e-08
1.26226e-09
6.23748e-08
1.25798e-09
6.23723e-08
1.25096e-09
6.23701e-08
1.24708e-09
6.23677e-08
1.24041e-09
6.23655e-08
1.23686e-09
6.23632e-08
1.2305e-09
6.23611e-08
1.22742e-09
6.23589e-08
1.22118e-09
6.23569e-08
1.21865e-09
6.23547e-08
1.21267e-09
6.23527e-08
1.21042e-09
6.23505e-08
1.20491e-09
6.23484e-08
1.20308e-09
6.23462e-08
1.19771e-09
6.23441e-08
1.19661e-09
6.23418e-08
1.19154e-09
6.23396e-08
1.19081e-09
6.23372e-08
1.18637e-09
6.23348e-08
1.18631e-09
6.23322e-08
1.18221e-09
6.23297e-08
1.18302e-09
6.23268e-08
1.17966e-09
6.2324e-08
1.18128e-09
6.23209e-08
1.17881e-09
6.23177e-08
1.18172e-09
6.23143e-08
1.18032e-09
6.23109e-08
1.18461e-09
6.23071e-08
1.18465e-09
6.23034e-08
1.19084e-09
1.19266e-09
6.39156e-08
1.55873e-09
-6.38771e-08
6.39622e-08
1.64529e-09
6.40164e-08
1.72303e-09
6.40771e-08
1.79514e-09
6.4143e-08
1.86009e-09
6.42121e-08
1.91601e-09
6.42823e-08
1.96173e-09
6.43512e-08
1.99621e-09
6.44169e-08
2.01975e-09
6.44777e-08
2.03272e-09
6.45328e-08
2.03674e-09
6.45818e-08
2.03309e-09
6.46247e-08
2.02393e-09
6.46619e-08
2.01044e-09
6.46938e-08
1.99436e-09
6.47211e-08
1.97619e-09
6.47441e-08
1.9571e-09
6.47635e-08
1.93702e-09
6.47796e-08
1.91683e-09
6.47928e-08
1.89615e-09
6.48035e-08
1.87577e-09
6.4812e-08
1.85512e-09
6.48186e-08
1.83501e-09
6.48235e-08
1.81477e-09
6.48269e-08
1.79524e-09
6.48291e-08
1.77567e-09
6.48301e-08
1.75692e-09
6.48302e-08
1.73813e-09
6.48295e-08
1.72022e-09
6.48281e-08
1.70224e-09
6.48261e-08
1.6852e-09
6.48235e-08
1.668e-09
6.48206e-08
1.65181e-09
6.48172e-08
1.63538e-09
6.48136e-08
1.62002e-09
6.48097e-08
1.60434e-09
6.48056e-08
1.58976e-09
6.48013e-08
1.57481e-09
6.4797e-08
1.56099e-09
6.47925e-08
1.54673e-09
6.4788e-08
1.53363e-09
6.47834e-08
1.52002e-09
6.47788e-08
1.50765e-09
6.47742e-08
1.49463e-09
6.47697e-08
1.48297e-09
6.47651e-08
1.47052e-09
6.47607e-08
1.45952e-09
6.47562e-08
1.44767e-09
6.47519e-08
1.43728e-09
6.47476e-08
1.42599e-09
6.47434e-08
1.41622e-09
6.47393e-08
1.40543e-09
6.47353e-08
1.39629e-09
6.47313e-08
1.38597e-09
6.47275e-08
1.37744e-09
6.47237e-08
1.36758e-09
6.47201e-08
1.35961e-09
6.47165e-08
1.35021e-09
6.47131e-08
1.34275e-09
6.47097e-08
1.33381e-09
6.47064e-08
1.32688e-09
6.47032e-08
1.31829e-09
6.47002e-08
1.31194e-09
6.46972e-08
1.30368e-09
6.46943e-08
1.29781e-09
6.46915e-08
1.28997e-09
6.46888e-08
1.2845e-09
6.46861e-08
1.27701e-09
6.46836e-08
1.27205e-09
6.46811e-08
1.26479e-09
6.46787e-08
1.26035e-09
6.46763e-08
1.25337e-09
6.46741e-08
1.24932e-09
6.46718e-08
1.2427e-09
6.46696e-08
1.239e-09
6.46674e-08
1.23268e-09
6.46654e-08
1.22948e-09
6.46633e-08
1.22331e-09
6.46613e-08
1.22065e-09
6.46592e-08
1.21476e-09
6.46572e-08
1.21241e-09
6.46551e-08
1.20697e-09
6.46531e-08
1.20508e-09
6.4651e-08
1.1998e-09
6.4649e-08
1.19864e-09
6.46469e-08
1.1937e-09
6.46447e-08
1.19295e-09
6.46425e-08
1.18863e-09
6.46402e-08
1.18858e-09
6.46378e-08
1.18463e-09
6.46353e-08
1.18546e-09
6.46327e-08
1.18227e-09
6.463e-08
1.18398e-09
6.46272e-08
1.18167e-09
6.46242e-08
1.18466e-09
6.46211e-08
1.18344e-09
6.46179e-08
1.18784e-09
6.46145e-08
1.18804e-09
6.4611e-08
1.19429e-09
1.19626e-09
6.63414e-08
1.52271e-09
-6.63054e-08
6.63842e-08
1.60252e-09
6.64335e-08
1.67374e-09
6.64885e-08
1.74015e-09
6.65479e-08
1.80061e-09
6.66104e-08
1.85358e-09
6.6674e-08
1.89814e-09
6.67369e-08
1.93329e-09
6.67975e-08
1.95919e-09
6.68543e-08
1.97589e-09
6.69064e-08
1.98459e-09
6.69534e-08
1.98612e-09
6.69951e-08
1.98222e-09
6.70317e-08
1.97383e-09
6.70636e-08
1.96249e-09
6.70911e-08
1.94869e-09
6.71147e-08
1.93354e-09
6.71347e-08
1.91701e-09
6.71515e-08
1.89998e-09
6.71655e-08
1.88212e-09
6.71771e-08
1.86422e-09
6.71864e-08
1.84578e-09
6.71938e-08
1.82761e-09
6.71995e-08
1.80909e-09
6.72037e-08
1.79105e-09
6.72066e-08
1.77281e-09
6.72083e-08
1.75518e-09
6.7209e-08
1.73741e-09
6.72089e-08
1.72035e-09
6.7208e-08
1.70313e-09
6.72065e-08
1.68671e-09
6.72044e-08
1.67008e-09
6.72019e-08
1.65434e-09
6.71989e-08
1.63833e-09
6.71957e-08
1.62328e-09
6.71921e-08
1.6079e-09
6.71883e-08
1.59352e-09
6.71844e-08
1.57878e-09
6.71803e-08
1.56507e-09
6.71761e-08
1.55094e-09
6.71718e-08
1.5379e-09
6.71675e-08
1.52436e-09
6.71631e-08
1.51199e-09
6.71587e-08
1.49901e-09
6.71544e-08
1.48731e-09
6.715e-08
1.47488e-09
6.71458e-08
1.46381e-09
6.71415e-08
1.45194e-09
6.71373e-08
1.44146e-09
6.71332e-08
1.43014e-09
6.71291e-08
1.42026e-09
6.71251e-08
1.40944e-09
6.71212e-08
1.40017e-09
6.71174e-08
1.38981e-09
6.71137e-08
1.38114e-09
6.711e-08
1.37123e-09
6.71065e-08
1.36312e-09
6.71031e-08
1.35368e-09
6.70997e-08
1.34608e-09
6.70964e-08
1.33708e-09
6.70933e-08
1.33002e-09
6.70902e-08
1.32139e-09
6.70873e-08
1.31489e-09
6.70843e-08
1.3066e-09
6.70816e-08
1.30059e-09
6.70788e-08
1.29271e-09
6.70762e-08
1.28712e-09
6.70736e-08
1.27959e-09
6.70711e-08
1.27451e-09
6.70687e-08
1.26724e-09
6.70664e-08
1.26266e-09
6.70641e-08
1.25568e-09
6.70619e-08
1.25152e-09
6.70597e-08
1.24489e-09
6.70576e-08
1.24111e-09
6.70555e-08
1.23478e-09
6.70535e-08
1.2315e-09
6.70514e-08
1.22535e-09
6.70495e-08
1.2226e-09
6.70475e-08
1.21675e-09
6.70455e-08
1.21436e-09
6.70435e-08
1.20894e-09
6.70416e-08
1.20703e-09
6.70396e-08
1.20182e-09
6.70376e-08
1.20062e-09
6.70355e-08
1.19577e-09
6.70334e-08
1.19504e-09
6.70313e-08
1.19079e-09
6.70291e-08
1.19077e-09
6.70268e-08
1.18696e-09
6.70244e-08
1.18783e-09
6.70219e-08
1.18477e-09
6.70193e-08
1.18658e-09
6.70166e-08
1.1844e-09
6.70137e-08
1.18748e-09
6.70108e-08
1.18642e-09
6.70077e-08
1.19091e-09
6.70045e-08
1.19124e-09
6.70012e-08
1.19757e-09
1.19963e-09
6.8854e-08
1.48888e-09
-6.88201e-08
6.88931e-08
1.56341e-09
6.89379e-08
1.62891e-09
6.89877e-08
1.69038e-09
6.90414e-08
1.74689e-09
6.90978e-08
1.79718e-09
6.91554e-08
1.84057e-09
6.92126e-08
1.87602e-09
6.92682e-08
1.90359e-09
6.93209e-08
1.92316e-09
6.93699e-08
1.93561e-09
6.94146e-08
1.94146e-09
6.94547e-08
1.94209e-09
6.94904e-08
1.93818e-09
6.95217e-08
1.93112e-09
6.95491e-08
1.92132e-09
6.95728e-08
1.90983e-09
6.95932e-08
1.89666e-09
6.96105e-08
1.88264e-09
6.96251e-08
1.86751e-09
6.96373e-08
1.85203e-09
6.96473e-08
1.83578e-09
6.96554e-08
1.81953e-09
6.96618e-08
1.80274e-09
6.96666e-08
1.78621e-09
6.96701e-08
1.7693e-09
6.96724e-08
1.75284e-09
6.96738e-08
1.7361e-09
6.96742e-08
1.71992e-09
6.96738e-08
1.70349e-09
6.96728e-08
1.68773e-09
6.96712e-08
1.6717e-09
6.96691e-08
1.65644e-09
6.96665e-08
1.64087e-09
6.96637e-08
1.62615e-09
6.96605e-08
1.61108e-09
6.96571e-08
1.59694e-09
6.96534e-08
1.58241e-09
6.96497e-08
1.56885e-09
6.96457e-08
1.55486e-09
6.96417e-08
1.54189e-09
6.96377e-08
1.52844e-09
6.96336e-08
1.51609e-09
6.96294e-08
1.50316e-09
6.96253e-08
1.49144e-09
6.96212e-08
1.47901e-09
6.96171e-08
1.4679e-09
6.9613e-08
1.45601e-09
6.9609e-08
1.44546e-09
6.9605e-08
1.4341e-09
6.96012e-08
1.42414e-09
6.95973e-08
1.41326e-09
6.95936e-08
1.4039e-09
6.95899e-08
1.39348e-09
6.95864e-08
1.38471e-09
6.95829e-08
1.37474e-09
6.95795e-08
1.36652e-09
6.95762e-08
1.35701e-09
6.95729e-08
1.3493e-09
6.95698e-08
1.34023e-09
6.95668e-08
1.33305e-09
6.95638e-08
1.32436e-09
6.95609e-08
1.31774e-09
6.95581e-08
1.30941e-09
6.95554e-08
1.30328e-09
6.95528e-08
1.29534e-09
6.95503e-08
1.28966e-09
6.95478e-08
1.28207e-09
6.95454e-08
1.27689e-09
6.95431e-08
1.26958e-09
6.95408e-08
1.2649e-09
6.95386e-08
1.2579e-09
6.95365e-08
1.25364e-09
6.95344e-08
1.24699e-09
6.95323e-08
1.24315e-09
6.95303e-08
1.23679e-09
6.95284e-08
1.23345e-09
6.95264e-08
1.22731e-09
6.95245e-08
1.2245e-09
6.95226e-08
1.21867e-09
6.95207e-08
1.21625e-09
6.95188e-08
1.21083e-09
6.95169e-08
1.20892e-09
6.9515e-08
1.20376e-09
6.95131e-08
1.20254e-09
6.95111e-08
1.19776e-09
6.95091e-08
1.19707e-09
6.9507e-08
1.19287e-09
6.95049e-08
1.1929e-09
6.95026e-08
1.18919e-09
6.95003e-08
1.19012e-09
6.94979e-08
1.18717e-09
6.94954e-08
1.18908e-09
6.94928e-08
1.18703e-09
6.94901e-08
1.19019e-09
6.94873e-08
1.18926e-09
6.94843e-08
1.19385e-09
6.94813e-08
1.1943e-09
6.94781e-08
1.2007e-09
1.20284e-09
9.79924e-08
1.44608e-09
-9.79496e-08
9.80402e-08
1.51558e-09
9.80946e-08
1.57456e-09
9.81546e-08
1.63035e-09
9.82192e-08
1.6823e-09
9.8287e-08
1.72939e-09
9.83564e-08
1.7712e-09
9.84256e-08
1.80676e-09
9.84934e-08
1.83584e-09
9.85583e-08
1.85826e-09
9.86193e-08
1.8746e-09
9.86757e-08
1.88509e-09
9.8727e-08
1.89075e-09
9.87732e-08
1.89198e-09
9.88144e-08
1.88994e-09
9.88508e-08
1.8849e-09
9.88827e-08
1.87788e-09
9.89105e-08
1.86885e-09
9.89345e-08
1.85864e-09
9.8955e-08
1.847e-09
9.89724e-08
1.83469e-09
9.89868e-08
1.82132e-09
9.89987e-08
1.80764e-09
9.90083e-08
1.79317e-09
9.90158e-08
1.77869e-09
9.90215e-08
1.76362e-09
9.90256e-08
1.74876e-09
9.90282e-08
1.73344e-09
9.90297e-08
1.7185e-09
9.903e-08
1.70316e-09
9.90294e-08
1.68834e-09
9.90279e-08
1.67314e-09
9.90258e-08
1.65858e-09
9.9023e-08
1.64363e-09
9.90198e-08
1.62942e-09
9.90161e-08
1.6148e-09
9.9012e-08
1.601e-09
9.90076e-08
1.58678e-09
9.9003e-08
1.57345e-09
9.89982e-08
1.55967e-09
9.89932e-08
1.54684e-09
9.89882e-08
1.53352e-09
9.8983e-08
1.52123e-09
9.89778e-08
1.50836e-09
9.89726e-08
1.49664e-09
9.89674e-08
1.48424e-09
9.89622e-08
1.47308e-09
9.8957e-08
1.46117e-09
9.8952e-08
1.45056e-09
9.89469e-08
1.43915e-09
9.89419e-08
1.42909e-09
9.89371e-08
1.41816e-09
9.89323e-08
1.40867e-09
9.89276e-08
1.39819e-09
9.8923e-08
1.38928e-09
9.89185e-08
1.37923e-09
9.89142e-08
1.37088e-09
9.89099e-08
1.36127e-09
9.89058e-08
1.35344e-09
9.89017e-08
1.34427e-09
9.88978e-08
1.33696e-09
9.8894e-08
1.32818e-09
9.88903e-08
1.32141e-09
9.88867e-08
1.31301e-09
9.88833e-08
1.30674e-09
9.88799e-08
1.29872e-09
9.88766e-08
1.29292e-09
9.88734e-08
1.28525e-09
9.88704e-08
1.27995e-09
9.88674e-08
1.27259e-09
9.88645e-08
1.26779e-09
9.88616e-08
1.26075e-09
9.88589e-08
1.25639e-09
9.88562e-08
1.24969e-09
9.88536e-08
1.24577e-09
9.8851e-08
1.23937e-09
9.88485e-08
1.23597e-09
9.8846e-08
1.22983e-09
9.88435e-08
1.22694e-09
9.88411e-08
1.22113e-09
9.88386e-08
1.21868e-09
9.88362e-08
1.21327e-09
9.88337e-08
1.21135e-09
9.88313e-08
1.20625e-09
9.88288e-08
1.20501e-09
9.88262e-08
1.20032e-09
9.88236e-08
1.19968e-09
9.88209e-08
1.19556e-09
9.88182e-08
1.19564e-09
9.88153e-08
1.19208e-09
9.88123e-08
1.19308e-09
9.88092e-08
1.19027e-09
9.8806e-08
1.1923e-09
9.88026e-08
1.19042e-09
9.87991e-08
1.19368e-09
9.87954e-08
1.19293e-09
9.87917e-08
1.19762e-09
9.87877e-08
1.19823e-09
9.87838e-08
1.20469e-09
1.20691e-09
1.10075e-07
1.40635e-09
-1.10036e-07
1.1012e-07
1.47082e-09
1.1017e-07
1.52446e-09
1.10225e-07
1.57545e-09
1.10284e-07
1.6234e-09
1.10346e-07
1.66757e-09
1.10409e-07
1.7077e-09
1.10473e-07
1.74293e-09
1.10536e-07
1.77287e-09
1.10597e-07
1.79727e-09
1.10655e-07
1.81657e-09
1.10709e-07
1.83076e-09
1.1076e-07
1.84061e-09
1.10805e-07
1.84628e-09
1.10847e-07
1.84869e-09
1.10883e-07
1.84801e-09
1.10916e-07
1.84512e-09
1.10945e-07
1.83999e-09
1.1097e-07
1.83342e-09
1.10992e-07
1.82517e-09
1.11011e-07
1.81597e-09
1.11027e-07
1.80546e-09
1.1104e-07
1.79438e-09
1.11051e-07
1.78227e-09
1.1106e-07
1.7699e-09
1.11067e-07
1.75672e-09
1.11072e-07
1.74354e-09
1.11075e-07
1.72971e-09
1.11078e-07
1.71609e-09
1.11079e-07
1.70192e-09
1.11079e-07
1.68811e-09
1.11079e-07
1.67381e-09
1.11077e-07
1.66001e-09
1.11075e-07
1.64573e-09
1.11072e-07
1.63209e-09
1.11069e-07
1.61796e-09
1.11066e-07
1.60457e-09
1.11062e-07
1.5907e-09
1.11058e-07
1.57764e-09
1.11053e-07
1.5641e-09
1.11049e-07
1.55144e-09
1.11044e-07
1.53827e-09
1.11039e-07
1.52607e-09
1.11034e-07
1.51329e-09
1.11029e-07
1.5016e-09
1.11024e-07
1.48922e-09
1.11019e-07
1.47805e-09
1.11014e-07
1.46613e-09
1.11009e-07
1.45547e-09
1.11004e-07
1.44401e-09
1.11e-07
1.43388e-09
1.10995e-07
1.42288e-09
1.1099e-07
1.4133e-09
1.10986e-07
1.40274e-09
1.10981e-07
1.39372e-09
1.10977e-07
1.38359e-09
1.10973e-07
1.37512e-09
1.10969e-07
1.36541e-09
1.10965e-07
1.35747e-09
1.10961e-07
1.34819e-09
1.10957e-07
1.34076e-09
1.10953e-07
1.3319e-09
1.1095e-07
1.32499e-09
1.10946e-07
1.31651e-09
1.10943e-07
1.31011e-09
1.10939e-07
1.302e-09
1.10936e-07
1.2961e-09
1.10933e-07
1.28834e-09
1.1093e-07
1.28294e-09
1.10927e-07
1.27551e-09
1.10924e-07
1.2706e-09
1.10922e-07
1.26351e-09
1.10919e-07
1.25906e-09
1.10916e-07
1.25231e-09
1.10914e-07
1.24833e-09
1.10911e-07
1.24188e-09
1.10909e-07
1.23842e-09
1.10906e-07
1.23227e-09
1.10904e-07
1.22933e-09
1.10902e-07
1.22352e-09
1.10899e-07
1.22105e-09
1.10897e-07
1.21565e-09
1.10894e-07
1.21372e-09
1.10892e-07
1.20868e-09
1.1089e-07
1.20744e-09
1.10887e-07
1.20282e-09
1.10885e-07
1.20223e-09
1.10882e-07
1.19819e-09
1.10879e-07
1.19834e-09
1.10876e-07
1.19491e-09
1.10874e-07
1.19599e-09
1.1087e-07
1.19332e-09
1.10867e-07
1.19546e-09
1.10864e-07
1.19374e-09
1.10861e-07
1.1971e-09
1.10857e-07
1.1965e-09
1.10853e-07
1.2013e-09
1.1085e-07
1.20203e-09
1.10846e-07
1.20856e-09
1.21087e-09
1.23639e-07
1.37052e-09
-1.23604e-07
1.2368e-07
1.43033e-09
1.23725e-07
1.47955e-09
1.23774e-07
1.52656e-09
1.23826e-07
1.57114e-09
1.23881e-07
1.6127e-09
1.23937e-07
1.65114e-09
1.23995e-07
1.68567e-09
1.24052e-07
1.71594e-09
1.24107e-07
1.74163e-09
1.24161e-07
1.76306e-09
1.24211e-07
1.78008e-09
1.24259e-07
1.79327e-09
1.24302e-07
1.80262e-09
1.24342e-07
1.80885e-09
1.24378e-07
1.81199e-09
1.24411e-07
1.81281e-09
1.24439e-07
1.81124e-09
1.24465e-07
1.80801e-09
1.24487e-07
1.80291e-09
1.24506e-07
1.79664e-09
1.24523e-07
1.78886e-09
1.24537e-07
1.78028e-09
1.24549e-07
1.77046e-09
1.24559e-07
1.76017e-09
1.24566e-07
1.74888e-09
1.24573e-07
1.73738e-09
1.24577e-07
1.72506e-09
1.24581e-07
1.71277e-09
1.24583e-07
1.69979e-09
1.24584e-07
1.68702e-09
1.24584e-07
1.67364e-09
1.24583e-07
1.66064e-09
1.24582e-07
1.64707e-09
1.2458e-07
1.63402e-09
1.24578e-07
1.62042e-09
1.24575e-07
1.60747e-09
1.24571e-07
1.59397e-09
1.24568e-07
1.58122e-09
1.24564e-07
1.56794e-09
1.2456e-07
1.55549e-09
1.24556e-07
1.54248e-09
1.24551e-07
1.5304e-09
1.24547e-07
1.51772e-09
1.24542e-07
1.50609e-09
1.24538e-07
1.49376e-09
1.24533e-07
1.4826e-09
1.24529e-07
1.47067e-09
1.24524e-07
1.45999e-09
1.2452e-07
1.44849e-09
1.24515e-07
1.43831e-09
1.24511e-07
1.42725e-09
1.24507e-07
1.41759e-09
1.24503e-07
1.40696e-09
1.24498e-07
1.39784e-09
1.24494e-07
1.38763e-09
1.2449e-07
1.37906e-09
1.24487e-07
1.36926e-09
1.24483e-07
1.36121e-09
1.24479e-07
1.35184e-09
1.24476e-07
1.3443e-09
1.24472e-07
1.33534e-09
1.24469e-07
1.32833e-09
1.24466e-07
1.31976e-09
1.24462e-07
1.31325e-09
1.24459e-07
1.30506e-09
1.24456e-07
1.29906e-09
1.24454e-07
1.29121e-09
1.24451e-07
1.28572e-09
1.24448e-07
1.27821e-09
1.24445e-07
1.27322e-09
1.24443e-07
1.26607e-09
1.2444e-07
1.26153e-09
1.24438e-07
1.25474e-09
1.24436e-07
1.25069e-09
1.24433e-07
1.24421e-09
1.24431e-07
1.24069e-09
1.24429e-07
1.23452e-09
1.24427e-07
1.23154e-09
1.24424e-07
1.22574e-09
1.24422e-07
1.22325e-09
1.2442e-07
1.21786e-09
1.24418e-07
1.21593e-09
1.24416e-07
1.21093e-09
1.24413e-07
1.2097e-09
1.24411e-07
1.20515e-09
1.24409e-07
1.20462e-09
1.24406e-07
1.20065e-09
1.24404e-07
1.20086e-09
1.24401e-07
1.19755e-09
1.24398e-07
1.19871e-09
1.24395e-07
1.19617e-09
1.24392e-07
1.19842e-09
1.24389e-07
1.19684e-09
1.24386e-07
1.2003e-09
1.24383e-07
1.19984e-09
1.24379e-07
1.20473e-09
1.24376e-07
1.20557e-09
1.24372e-07
1.21217e-09
1.21456e-09
1.38866e-07
1.33951e-09
-1.38835e-07
1.389e-07
1.39545e-09
1.38939e-07
1.44103e-09
1.38981e-07
1.48479e-09
1.39025e-07
1.52659e-09
1.39072e-07
1.56592e-09
1.3912e-07
1.60275e-09
1.3917e-07
1.63643e-09
1.39219e-07
1.66667e-09
1.39267e-07
1.69311e-09
1.39315e-07
1.71598e-09
1.3936e-07
1.73507e-09
1.39402e-07
1.7508e-09
1.39442e-07
1.76303e-09
1.39478e-07
1.77235e-09
1.39511e-07
1.77865e-09
1.39542e-07
1.78263e-09
1.39569e-07
1.78411e-09
1.39593e-07
1.78381e-09
1.39614e-07
1.78148e-09
1.39633e-07
1.77782e-09
1.3965e-07
1.77248e-09
1.39664e-07
1.76617e-09
1.39676e-07
1.75846e-09
1.39686e-07
1.75009e-09
1.39694e-07
1.74056e-09
1.39701e-07
1.73065e-09
1.39706e-07
1.71977e-09
1.3971e-07
1.70875e-09
1.39713e-07
1.69691e-09
1.39715e-07
1.68515e-09
1.39716e-07
1.67267e-09
1.39716e-07
1.66046e-09
1.39716e-07
1.64757e-09
1.39714e-07
1.63513e-09
1.39713e-07
1.62204e-09
1.39711e-07
1.60954e-09
1.39708e-07
1.59642e-09
1.39706e-07
1.58399e-09
1.39702e-07
1.57098e-09
1.39699e-07
1.55874e-09
1.39696e-07
1.54592e-09
1.39692e-07
1.53397e-09
1.39689e-07
1.5214e-09
1.39685e-07
1.50984e-09
1.39681e-07
1.49757e-09
1.39677e-07
1.48643e-09
1.39673e-07
1.47452e-09
1.39669e-07
1.46383e-09
1.39666e-07
1.45231e-09
1.39662e-07
1.44209e-09
1.39658e-07
1.43099e-09
1.39654e-07
1.42127e-09
1.39651e-07
1.41059e-09
1.39647e-07
1.40139e-09
1.39644e-07
1.39111e-09
1.3964e-07
1.38245e-09
1.39637e-07
1.37258e-09
1.39634e-07
1.36444e-09
1.39631e-07
1.35498e-09
1.39628e-07
1.34735e-09
1.39625e-07
1.33831e-09
1.39622e-07
1.3312e-09
1.39619e-07
1.32255e-09
1.39616e-07
1.31595e-09
1.39614e-07
1.30768e-09
1.39611e-07
1.30159e-09
1.39609e-07
1.29367e-09
1.39606e-07
1.2881e-09
1.39604e-07
1.28053e-09
1.39602e-07
1.27545e-09
1.396e-07
1.26825e-09
1.39597e-07
1.26365e-09
1.39595e-07
1.25681e-09
1.39593e-07
1.25271e-09
1.39591e-07
1.24619e-09
1.39589e-07
1.24263e-09
1.39588e-07
1.23644e-09
1.39586e-07
1.23343e-09
1.39584e-07
1.22763e-09
1.39582e-07
1.22512e-09
1.3958e-07
1.21974e-09
1.39578e-07
1.21782e-09
1.39576e-07
1.21286e-09
1.39574e-07
1.21165e-09
1.39572e-07
1.20716e-09
1.3957e-07
1.20667e-09
1.39568e-07
1.20278e-09
1.39566e-07
1.20305e-09
1.39564e-07
1.19985e-09
1.39561e-07
1.20108e-09
1.39559e-07
1.19865e-09
1.39556e-07
1.201e-09
1.39553e-07
1.19955e-09
1.39551e-07
1.2031e-09
1.39548e-07
1.20276e-09
1.39545e-07
1.20772e-09
1.39542e-07
1.20864e-09
1.39538e-07
1.21533e-09
1.21779e-09
1.55957e-07
1.31464e-09
-1.55932e-07
1.55984e-07
1.36765e-09
1.56015e-07
1.41044e-09
1.56048e-07
1.45168e-09
1.56083e-07
1.49129e-09
1.56121e-07
1.5288e-09
1.56159e-07
1.56422e-09
1.56198e-07
1.59707e-09
1.56238e-07
1.62711e-09
1.56277e-07
1.65392e-09
1.56315e-07
1.6777e-09
1.56352e-07
1.69817e-09
1.56387e-07
1.71567e-09
1.5642e-07
1.72998e-09
1.56451e-07
1.74159e-09
1.5648e-07
1.7503e-09
1.56506e-07
1.75672e-09
1.56529e-07
1.76061e-09
1.5655e-07
1.76265e-09
1.56569e-07
1.76256e-09
1.56586e-07
1.76102e-09
1.56601e-07
1.75768e-09
1.56614e-07
1.75325e-09
1.56625e-07
1.74729e-09
1.56634e-07
1.74055e-09
1.56642e-07
1.7325e-09
1.56649e-07
1.72395e-09
1.56655e-07
1.71431e-09
1.56659e-07
1.7044e-09
1.56662e-07
1.69356e-09
1.56665e-07
1.68269e-09
1.56666e-07
1.671e-09
1.56667e-07
1.65948e-09
1.56668e-07
1.64722e-09
1.56668e-07
1.63531e-09
1.56667e-07
1.6227e-09
1.56666e-07
1.6106e-09
1.56664e-07
1.59783e-09
1.56663e-07
1.5857e-09
1.56661e-07
1.57294e-09
1.56659e-07
1.56091e-09
1.56656e-07
1.54827e-09
1.56654e-07
1.53646e-09
1.56651e-07
1.52401e-09
1.56648e-07
1.51252e-09
1.56646e-07
1.50032e-09
1.56643e-07
1.48922e-09
1.5664e-07
1.47733e-09
1.56637e-07
1.46665e-09
1.56634e-07
1.45513e-09
1.56632e-07
1.44489e-09
1.56629e-07
1.43377e-09
1.56626e-07
1.424e-09
1.56623e-07
1.41328e-09
1.56621e-07
1.40403e-09
1.56618e-07
1.3937e-09
1.56616e-07
1.38498e-09
1.56613e-07
1.37504e-09
1.56611e-07
1.36684e-09
1.56608e-07
1.35731e-09
1.56606e-07
1.34962e-09
1.56604e-07
1.34051e-09
1.56602e-07
1.33332e-09
1.566e-07
1.32462e-09
1.56598e-07
1.31794e-09
1.56596e-07
1.30961e-09
1.56594e-07
1.30345e-09
1.56592e-07
1.29547e-09
1.5659e-07
1.28984e-09
1.56589e-07
1.28221e-09
1.56587e-07
1.27708e-09
1.56586e-07
1.26984e-09
1.56584e-07
1.26518e-09
1.56583e-07
1.25831e-09
1.56581e-07
1.25416e-09
1.5658e-07
1.24761e-09
1.56578e-07
1.24403e-09
1.56577e-07
1.23782e-09
1.56576e-07
1.23479e-09
1.56574e-07
1.22899e-09
1.56573e-07
1.22647e-09
1.56571e-07
1.22111e-09
1.5657e-07
1.2192e-09
1.56569e-07
1.21427e-09
1.56567e-07
1.21308e-09
1.56566e-07
1.20863e-09
1.56564e-07
1.20819e-09
1.56563e-07
1.20436e-09
1.56561e-07
1.20469e-09
1.56559e-07
1.20157e-09
1.56558e-07
1.20288e-09
1.56556e-07
1.20054e-09
1.56554e-07
1.20298e-09
1.56552e-07
1.20161e-09
1.56549e-07
1.20524e-09
1.56547e-07
1.20501e-09
1.56545e-07
1.21006e-09
1.56542e-07
1.21107e-09
1.5654e-07
1.21761e-09
1.22038e-09
1.75141e-07
1.29789e-09
-1.75125e-07
1.7516e-07
1.34896e-09
1.75181e-07
1.38987e-09
1.75203e-07
1.42939e-09
1.75227e-07
1.46748e-09
1.75252e-07
1.50371e-09
1.75278e-07
1.53808e-09
1.75305e-07
1.57022e-09
1.75332e-07
1.60005e-09
1.75359e-07
1.62698e-09
1.75385e-07
1.65122e-09
1.75411e-07
1.67246e-09
1.75436e-07
1.691e-09
1.75459e-07
1.70656e-09
1.75481e-07
1.71959e-09
1.75502e-07
1.72983e-09
1.75521e-07
1.73781e-09
1.75538e-07
1.74329e-09
1.75554e-07
1.74689e-09
1.75568e-07
1.7483e-09
1.75581e-07
1.7482e-09
1.75592e-07
1.74622e-09
1.75602e-07
1.74308e-09
1.75611e-07
1.73833e-09
1.75619e-07
1.73271e-09
1.75626e-07
1.72572e-09
1.75632e-07
1.71814e-09
1.75637e-07
1.70937e-09
1.75641e-07
1.70027e-09
1.75644e-07
1.69016e-09
1.75647e-07
1.67993e-09
1.75649e-07
1.66882e-09
1.75651e-07
1.65781e-09
1.75652e-07
1.64601e-09
1.75653e-07
1.6345e-09
1.75653e-07
1.62225e-09
1.75653e-07
1.61047e-09
1.75653e-07
1.59797e-09
1.75653e-07
1.58608e-09
1.75652e-07
1.57352e-09
1.75652e-07
1.56166e-09
1.75651e-07
1.54916e-09
1.7565e-07
1.53747e-09
1.75649e-07
1.52512e-09
1.75647e-07
1.51371e-09
1.75646e-07
1.50157e-09
1.75645e-07
1.49051e-09
1.75644e-07
1.47866e-09
1.75642e-07
1.468e-09
1.75641e-07
1.45649e-09
1.7564e-07
1.44624e-09
1.75638e-07
1.43512e-09
1.75637e-07
1.42534e-09
1.75635e-07
1.41461e-09
1.75634e-07
1.40533e-09
1.75633e-07
1.39498e-09
1.75632e-07
1.38621e-09
1.7563e-07
1.37625e-09
1.75629e-07
1.36801e-09
1.75628e-07
1.35845e-09
1.75627e-07
1.35071e-09
1.75626e-07
1.34157e-09
1.75625e-07
1.33433e-09
1.75624e-07
1.32559e-09
1.75623e-07
1.31887e-09
1.75622e-07
1.31051e-09
1.75621e-07
1.3043e-09
1.75621e-07
1.29629e-09
1.7562e-07
1.29062e-09
1.75619e-07
1.28297e-09
1.75618e-07
1.27779e-09
1.75618e-07
1.27053e-09
1.75617e-07
1.26583e-09
1.75616e-07
1.25895e-09
1.75616e-07
1.25477e-09
1.75615e-07
1.24822e-09
1.75614e-07
1.24461e-09
1.75614e-07
1.23841e-09
1.75613e-07
1.23536e-09
1.75613e-07
1.22957e-09
1.75612e-07
1.22704e-09
1.75612e-07
1.22171e-09
1.75611e-07
1.21979e-09
1.7561e-07
1.2149e-09
1.7561e-07
1.21372e-09
1.75609e-07
1.20933e-09
1.75608e-07
1.2089e-09
1.75608e-07
1.20514e-09
1.75607e-07
1.2055e-09
1.75606e-07
1.20245e-09
1.75605e-07
1.2038e-09
1.75604e-07
1.20154e-09
1.75603e-07
1.20402e-09
1.75602e-07
1.20275e-09
1.75601e-07
1.20641e-09
1.75599e-07
1.20626e-09
1.75598e-07
1.21133e-09
1.75597e-07
1.2124e-09
1.75595e-07
1.21919e-09
1.22155e-09
1.96681e-07
-1.96674e-07
1.96687e-07
1.96695e-07
1.96703e-07
1.96712e-07
1.96722e-07
1.96732e-07
1.96742e-07
1.96752e-07
1.96763e-07
1.96773e-07
1.96783e-07
1.96793e-07
1.96803e-07
1.96812e-07
1.9682e-07
1.96828e-07
1.96835e-07
1.96842e-07
1.96849e-07
1.96855e-07
1.9686e-07
1.96865e-07
1.96869e-07
1.96873e-07
1.96877e-07
1.9688e-07
1.96883e-07
1.96886e-07
1.96888e-07
1.9689e-07
1.96892e-07
1.96894e-07
1.96896e-07
1.96897e-07
1.96898e-07
1.96899e-07
1.969e-07
1.96901e-07
1.96902e-07
1.96903e-07
1.96904e-07
1.96904e-07
1.96905e-07
1.96905e-07
1.96906e-07
1.96906e-07
1.96907e-07
1.96907e-07
1.96908e-07
1.96908e-07
1.96909e-07
1.96909e-07
1.9691e-07
1.9691e-07
1.96911e-07
1.96911e-07
1.96912e-07
1.96912e-07
1.96913e-07
1.96913e-07
1.96914e-07
1.96914e-07
1.96915e-07
1.96915e-07
1.96916e-07
1.96917e-07
1.96917e-07
1.96918e-07
1.96918e-07
1.96919e-07
1.9692e-07
1.9692e-07
1.96921e-07
1.96922e-07
1.96922e-07
1.96923e-07
1.96924e-07
1.96924e-07
1.96925e-07
1.96926e-07
1.96926e-07
1.96927e-07
1.96928e-07
1.96928e-07
1.96929e-07
1.9693e-07
1.9693e-07
1.96931e-07
1.96931e-07
1.96932e-07
1.96932e-07
1.96933e-07
1.96933e-07
1.96934e-07
1.96934e-07
1.96934e-07
1.96935e-07
1.96935e-07
3.45694e-08
8.60501e-11
3.45668e-08
-5.56609e-11
3.45584e-08
7.75419e-11
3.45534e-08
-4.59876e-11
3.45379e-08
8.05536e-11
3.45263e-08
-2.61105e-11
3.45024e-08
9.18103e-11
3.44869e-08
-3.66127e-12
3.4457e-08
1.0748e-10
3.44371e-08
2.41514e-11
3.44014e-08
1.23833e-10
3.43733e-08
5.22537e-11
3.43305e-08
1.40288e-10
3.42938e-08
8.42106e-11
3.42412e-08
1.60445e-10
3.41931e-08
1.23659e-10
3.41267e-08
1.8719e-10
3.40624e-08
1.75248e-10
3.39754e-08
2.25892e-10
3.38836e-08
2.49686e-10
3.37578e-08
2.92659e-10
3.35902e-08
3.92723e-10
3.33251e-08
4.9096e-10
3.27638e-08
9.43733e-10
1.5561e-09
3.58626e-08
9.34724e-11
3.58614e-08
-5.44598e-11
3.58495e-08
8.94099e-11
3.58432e-08
-3.96339e-11
3.58262e-08
9.75569e-11
3.5812e-08
-1.19662e-11
3.57917e-08
1.12186e-10
3.57691e-08
1.89089e-11
3.57464e-08
1.30206e-10
3.57156e-08
5.49048e-11
3.56897e-08
1.49727e-10
3.56478e-08
9.41625e-11
3.56184e-08
1.69691e-10
3.55625e-08
1.40119e-10
3.55285e-08
1.94412e-10
3.54541e-08
1.98138e-10
3.5413e-08
2.28275e-10
3.53122e-08
2.76046e-10
3.52577e-08
2.80386e-10
3.51143e-08
3.93033e-10
3.50231e-08
3.83861e-10
3.47865e-08
6.29363e-10
3.45586e-08
7.18892e-10
3.4154e-08
1.34834e-09
1.82562e-09
3.72109e-08
8.53777e-11
3.71925e-08
-3.61223e-11
3.71975e-08
8.44512e-11
3.71723e-08
-1.43989e-11
3.71735e-08
9.62921e-11
3.71394e-08
2.21402e-11
3.71376e-08
1.14022e-10
3.70946e-08
6.18998e-11
3.70904e-08
1.34377e-10
3.70389e-08
1.06404e-10
3.70307e-08
1.57955e-10
3.69697e-08
1.55123e-10
3.69547e-08
1.84687e-10
3.6884e-08
2.1087e-10
3.6858e-08
2.20359e-10
3.67769e-08
2.79257e-10
3.67325e-08
2.72663e-10
3.66392e-08
3.69378e-10
3.65619e-08
3.57692e-10
3.6448e-08
5.06941e-10
3.63012e-08
5.30657e-10
3.61384e-08
7.92199e-10
3.58714e-08
9.85813e-10
3.57105e-08
1.50929e-09
2.00854e-09
3.86015e-08
6.89117e-11
3.85752e-08
-9.77756e-12
3.85867e-08
7.29134e-11
3.85544e-08
1.78737e-11
3.85606e-08
9.01785e-11
3.85216e-08
6.10548e-11
3.85215e-08
1.14144e-10
3.8477e-08
1.06375e-10
3.84704e-08
1.41052e-10
3.84214e-08
1.55353e-10
3.84059e-08
1.7348e-10
3.83526e-08
2.08413e-10
3.83247e-08
2.1259e-10
3.82673e-08
2.68315e-10
3.82227e-08
2.64911e-10
3.81602e-08
3.41727e-10
3.80926e-08
3.40256e-10
3.80213e-08
4.4074e-10
3.79189e-08
4.60066e-10
3.78259e-08
5.99916e-10
3.76659e-08
6.90724e-10
3.7532e-08
9.2606e-10
3.73236e-08
1.19418e-09
3.7229e-08
1.60398e-09
2.10996e-09
4.0035e-08
5.26053e-11
4.00105e-08
1.47257e-11
4.00189e-08
6.45371e-11
3.99899e-08
4.68171e-11
3.99907e-08
8.93756e-11
3.99575e-08
9.43016e-11
3.99495e-08
1.22142e-10
3.9913e-08
1.42875e-10
3.98957e-08
1.58308e-10
3.98568e-08
1.9431e-10
3.98287e-08
2.01544e-10
3.97868e-08
2.50325e-10
3.97455e-08
2.53889e-10
3.96994e-08
3.14385e-10
3.96424e-08
3.2195e-10
3.95894e-08
3.94745e-10
3.95126e-08
4.17001e-10
3.94462e-08
5.07207e-10
3.93417e-08
5.64486e-10
3.92482e-08
6.9349e-10
3.91079e-08
8.31002e-10
3.89833e-08
1.05062e-09
3.88412e-08
1.3363e-09
3.87542e-08
1.69099e-09
2.15286e-09
4.15177e-08
4.04582e-11
4.14991e-08
3.33135e-11
4.15009e-08
6.27653e-11
4.14783e-08
6.9462e-11
4.14716e-08
9.60719e-11
4.14455e-08
1.20343e-10
4.14294e-08
1.38304e-10
4.14002e-08
1.72004e-10
4.13745e-08
1.84042e-10
4.13424e-08
2.26375e-10
4.13065e-08
2.37447e-10
4.12703e-08
2.86588e-10
4.12229e-08
3.01304e-10
4.11802e-08
3.57017e-10
4.11199e-08
3.82317e-10
4.10673e-08
4.47352e-10
4.09911e-08
4.93186e-10
4.09217e-08
5.76567e-10
4.08242e-08
6.61978e-10
4.07294e-08
7.88343e-10
4.06111e-08
9.49248e-10
4.05003e-08
1.16147e-09
4.03985e-08
1.43803e-09
4.0326e-08
1.76356e-09
2.16269e-09
4.30555e-08
3.2642e-11
4.30426e-08
4.62942e-11
4.30385e-08
6.68094e-11
4.30208e-08
8.71703e-11
4.30084e-08
1.08501e-10
4.29872e-08
1.41574e-10
4.29658e-08
1.59681e-10
4.29405e-08
1.9725e-10
4.29104e-08
2.14182e-10
4.28808e-08
2.5595e-10
4.28419e-08
2.76367e-10
4.28065e-08
3.22028e-10
4.27579e-08
3.49824e-10
4.27143e-08
4.00693e-10
4.2655e-08
4.41602e-10
4.25996e-08
5.02685e-10
4.25271e-08
5.65765e-10
4.24548e-08
6.48818e-10
4.23656e-08
7.51211e-10
4.22739e-08
8.80058e-10
4.21736e-08
1.04954e-09
4.20791e-08
1.25595e-09
4.20016e-08
1.51553e-09
4.19509e-08
1.81424e-09
2.15428e-09
4.46517e-08
2.81015e-11
4.46428e-08
5.52321e-11
4.46348e-08
7.47585e-11
4.46199e-08
1.02063e-10
4.4604e-08
1.244e-10
4.4585e-08
1.6057e-10
4.45611e-08
1.83594e-10
4.4537e-08
2.21374e-10
4.45053e-08
2.45889e-10
4.44755e-08
2.85722e-10
4.44362e-08
3.15675e-10
4.43994e-08
3.58843e-10
4.43518e-08
3.97417e-10
4.43058e-08
4.46646e-10
4.42487e-08
4.9871e-10
4.41909e-08
5.60484e-10
4.41221e-08
6.34609e-10
4.40494e-08
7.2148e-10
4.39677e-08
8.32922e-10
4.38825e-08
9.65312e-10
4.37968e-08
1.13524e-09
4.37183e-08
1.33438e-09
4.36589e-08
1.57494e-09
4.36288e-08
1.84434e-09
2.13434e-09
4.63083e-08
2.58663e-11
4.63019e-08
6.15869e-11
4.62918e-08
8.4899e-11
4.62781e-08
1.15744e-10
4.62604e-08
1.42071e-10
4.62419e-08
1.79068e-10
4.62172e-08
2.08359e-10
4.61927e-08
2.45875e-10
4.61608e-08
2.7772e-10
4.61298e-08
3.16763e-10
4.60911e-08
3.54401e-10
4.60524e-08
3.97463e-10
4.60061e-08
4.43738e-10
4.59583e-08
4.94448e-10
4.59031e-08
5.53909e-10
4.58443e-08
6.1928e-10
4.57787e-08
7.00254e-10
4.57081e-08
7.92105e-10
4.56331e-08
9.07921e-10
4.5556e-08
1.04241e-09
4.54827e-08
1.2085e-09
4.54189e-08
1.39816e-09
4.5375e-08
1.61886e-09
4.53608e-08
1.85856e-09
2.10646e-09
4.80272e-08
2.52339e-11
4.80222e-08
6.65449e-11
4.80112e-08
9.59475e-11
4.79977e-08
1.29197e-10
4.79793e-08
1.60443e-10
4.79604e-08
1.98007e-10
4.79356e-08
2.33139e-10
4.79102e-08
2.71314e-10
4.78787e-08
3.09155e-10
4.78463e-08
3.49171e-10
4.78083e-08
3.92445e-10
4.77683e-08
4.37469e-10
4.77229e-08
4.89077e-10
4.76743e-08
5.4314e-10
4.76205e-08
6.07655e-10
4.75622e-08
6.77595e-10
4.74995e-08
7.62976e-10
4.74325e-08
8.59095e-10
4.73639e-08
9.76546e-10
4.72954e-08
1.11083e-09
4.72333e-08
1.27064e-09
4.71826e-08
1.44886e-09
4.71519e-08
1.64953e-09
4.71492e-08
1.86129e-09
2.07325e-09
4.98105e-08
2.56815e-11
4.98061e-08
7.10131e-11
4.97949e-08
1.07069e-10
4.97812e-08
1.42903e-10
4.97627e-08
1.78947e-10
4.9743e-08
2.17738e-10
4.97185e-08
2.57665e-10
4.96921e-08
2.97695e-10
4.96611e-08
3.40171e-10
4.96277e-08
3.82584e-10
4.95901e-08
4.3002e-10
4.95493e-08
4.78209e-10
4.95047e-08
5.33755e-10
4.9456e-08
5.91829e-10
4.94035e-08
6.60122e-10
4.93467e-08
7.34357e-10
4.9287e-08
8.22677e-10
4.92245e-08
9.21604e-10
4.91623e-08
1.03882e-09
4.91024e-08
1.17071e-09
4.90504e-08
1.3226e-09
4.90111e-08
1.48817e-09
4.89913e-08
1.6693e-09
4.8997e-08
1.85569e-09
2.03673e-09
5.16606e-08
2.68162e-11
5.1656e-08
7.55864e-11
5.16452e-08
1.17853e-10
5.16311e-08
1.56976e-10
5.16127e-08
1.97355e-10
5.15922e-08
2.38237e-10
5.15679e-08
2.81984e-10
5.15408e-08
3.24758e-10
5.15101e-08
3.7092e-10
5.14761e-08
4.16536e-10
5.14388e-08
4.67322e-10
5.13979e-08
5.19101e-10
5.13538e-08
5.77889e-10
5.13058e-08
6.39853e-10
5.12547e-08
7.11185e-10
5.12002e-08
7.88883e-10
5.11438e-08
8.79055e-10
5.10862e-08
9.79228e-10
5.10303e-08
1.09473e-09
5.09786e-08
1.22242e-09
5.09359e-08
1.36527e-09
5.09063e-08
1.51777e-09
5.08953e-08
1.68034e-09
5.0907e-08
1.84394e-09
1.99835e-09
5.35796e-08
2.83607e-11
5.35747e-08
8.05498e-11
5.35643e-08
1.28237e-10
5.355e-08
1.71309e-10
5.35317e-08
2.15622e-10
5.35106e-08
2.59297e-10
5.34864e-08
3.06229e-10
5.3459e-08
3.52198e-10
5.34283e-08
4.01533e-10
5.33942e-08
4.50626e-10
5.33572e-08
5.04403e-10
5.33165e-08
5.59719e-10
5.32731e-08
6.21381e-10
5.32262e-08
6.86757e-10
5.31768e-08
7.60548e-10
5.31249e-08
8.40735e-10
5.30722e-08
9.31784e-10
5.30196e-08
1.0318e-09
5.297e-08
1.14434e-09
5.29259e-08
1.2665e-09
5.28916e-08
1.39966e-09
5.28701e-08
1.53922e-09
5.2866e-08
1.68444e-09
5.28823e-08
1.82765e-09
1.9591e-09
5.55702e-08
3.01373e-11
5.55648e-08
8.59597e-11
5.55547e-08
1.3834e-10
5.55403e-08
1.85728e-10
5.55222e-08
2.33759e-10
5.55008e-08
2.80671e-10
5.54765e-08
3.30487e-10
5.5449e-08
3.79765e-10
5.54184e-08
4.32039e-10
5.53845e-08
4.84563e-10
5.53477e-08
5.41171e-10
5.53077e-08
5.99753e-10
5.52651e-08
6.64003e-10
5.52196e-08
7.32201e-10
5.51723e-08
8.07875e-10
5.51234e-08
8.89609e-10
5.50746e-08
9.80612e-10
5.50271e-08
1.07927e-09
5.49836e-08
1.18784e-09
5.49466e-08
1.30354e-09
5.49194e-08
1.42684e-09
5.49048e-08
1.55384e-09
5.49062e-08
1.68304e-09
5.49258e-08
1.80807e-09
1.91973e-09
5.76349e-08
3.20436e-11
5.76291e-08
9.17455e-11
5.76191e-08
1.48315e-10
5.76047e-08
2.00092e-10
5.75867e-08
2.51767e-10
5.75653e-08
3.02132e-10
5.7541e-08
3.54759e-10
5.75135e-08
4.07275e-10
5.74832e-08
4.62373e-10
5.74496e-08
5.18135e-10
5.74133e-08
5.77444e-10
5.73741e-08
6.38949e-10
5.73327e-08
7.05476e-10
5.72889e-08
7.75905e-10
5.7244e-08
8.5286e-10
5.71983e-08
9.35279e-10
5.71535e-08
1.02538e-09
5.71111e-08
1.12172e-09
5.70734e-08
1.22553e-09
5.70427e-08
1.33422e-09
5.70217e-08
1.44781e-09
5.70128e-08
1.56276e-09
5.70186e-08
1.67731e-09
5.70404e-08
1.78619e-09
1.88077e-09
5.97763e-08
3.40243e-11
5.97703e-08
9.77906e-11
5.97603e-08
1.58268e-10
5.97461e-08
2.1432e-10
5.97282e-08
2.69614e-10
5.97069e-08
3.23499e-10
5.96827e-08
3.78962e-10
5.96553e-08
4.3458e-10
5.96253e-08
4.92409e-10
5.95923e-08
5.51163e-10
5.95567e-08
6.13006e-10
5.95186e-08
6.77074e-10
5.94785e-08
7.45528e-10
5.94368e-08
8.17615e-10
5.93944e-08
8.95257e-10
5.93521e-08
9.77587e-10
5.93115e-08
1.06605e-09
5.92739e-08
1.15928e-09
5.92416e-08
1.25778e-09
5.92166e-08
1.35925e-09
5.9201e-08
1.46341e-09
5.91968e-08
1.56699e-09
5.92059e-08
1.66823e-09
5.92292e-08
1.76281e-09
1.84266e-09
6.19973e-08
3.60484e-11
6.19911e-08
1.03981e-10
6.19812e-08
1.68236e-10
6.19671e-08
2.28374e-10
6.19495e-08
2.87248e-10
6.19283e-08
3.44627e-10
6.19043e-08
4.02965e-10
6.18774e-08
4.61543e-10
6.18478e-08
5.2199e-10
6.18155e-08
5.83476e-10
6.17809e-08
6.47636e-10
6.1744e-08
7.13899e-10
6.17056e-08
7.83907e-10
6.16662e-08
8.57111e-10
6.16265e-08
9.3488e-10
6.15877e-08
1.01644e-09
6.15511e-08
1.10264e-09
6.15182e-08
1.19218e-09
6.14909e-08
1.28505e-09
6.14708e-08
1.37935e-09
6.14598e-08
1.47443e-09
6.14594e-08
1.56741e-09
6.1471e-08
1.65661e-09
6.14952e-08
1.73858e-09
1.8057e-09
6.43009e-08
3.80939e-11
6.42946e-08
1.10226e-10
6.42847e-08
1.78201e-10
6.42708e-08
2.42226e-10
6.42535e-08
3.04601e-10
6.42327e-08
3.65391e-10
6.42091e-08
4.2661e-10
6.41826e-08
4.88012e-10
6.41536e-08
5.50943e-10
6.41222e-08
6.14897e-10
6.40887e-08
6.81118e-10
6.40534e-08
7.49208e-10
6.40169e-08
8.20385e-10
6.39798e-08
8.9421e-10
6.39431e-08
9.71599e-10
6.39077e-08
1.05182e-09
6.38751e-08
1.13527e-09
6.38466e-08
1.22067e-09
6.38238e-08
1.30784e-09
6.38081e-08
1.39511e-09
6.38009e-08
1.48159e-09
6.38035e-08
1.56478e-09
6.3817e-08
1.64318e-09
6.38415e-08
1.71403e-09
1.77008e-09
6.66901e-08
4.01402e-11
6.66838e-08
1.16458e-10
6.66739e-08
1.88104e-10
6.66603e-08
2.55834e-10
6.66433e-08
3.21602e-10
6.6623e-08
3.85678e-10
6.65999e-08
4.49734e-10
6.65741e-08
5.13822e-10
6.6546e-08
5.79084e-10
6.65156e-08
6.45242e-10
6.64835e-08
7.13247e-10
6.64499e-08
7.828e-10
6.64155e-08
8.54769e-10
6.6381e-08
9.28764e-10
6.63472e-08
1.00533e-09
6.63153e-08
1.08377e-09
6.62865e-08
1.16408e-09
6.6262e-08
1.24511e-09
6.62432e-08
1.32665e-09
6.62312e-08
1.40712e-09
6.62272e-08
1.48554e-09
6.62322e-08
1.5598e-09
6.62468e-08
1.62857e-09
6.62712e-08
1.68966e-09
1.73588e-09
6.9168e-08
4.21631e-11
6.91619e-08
1.22614e-10
6.91521e-08
1.97858e-10
6.91388e-08
2.69139e-10
6.91222e-08
3.38175e-10
6.91025e-08
4.05391e-10
6.90801e-08
4.72192e-10
6.90551e-08
5.38819e-10
6.90279e-08
6.06244e-10
6.89988e-08
6.74353e-10
6.89682e-08
7.43863e-10
6.89365e-08
8.1453e-10
6.89043e-08
8.86936e-10
6.88724e-08
9.60702e-10
6.88416e-08
1.03608e-09
6.8813e-08
1.11236e-09
6.87878e-08
1.18927e-09
6.87671e-08
1.26586e-09
6.87518e-08
1.3419e-09
6.8743e-08
1.4159e-09
6.87417e-08
1.48687e-09
6.87485e-08
1.55303e-09
6.87638e-08
1.61327e-09
6.87875e-08
1.66592e-09
1.70326e-09
9.83664e-08
4.484e-11
9.83583e-08
1.30699e-10
9.83455e-08
2.10719e-10
9.8328e-08
2.86652e-10
9.83062e-08
3.59965e-10
9.82803e-08
4.31272e-10
9.82508e-08
5.01653e-10
9.82181e-08
5.71523e-10
9.81827e-08
6.4163e-10
9.8145e-08
7.12039e-10
9.81057e-08
7.83191e-10
9.80653e-08
8.54895e-10
9.80249e-08
9.2738e-10
9.79853e-08
1.00027e-09
9.7948e-08
1.07346e-09
9.79141e-08
1.14624e-09
9.78853e-08
1.21805e-09
9.78625e-08
1.28862e-09
9.7847e-08
1.3574e-09
9.78398e-08
1.42309e-09
9.78419e-08
1.48478e-09
9.78538e-08
1.54118e-09
9.78756e-08
1.59145e-09
9.79071e-08
1.63442e-09
1.66077e-09
1.10413e-07
4.75864e-11
1.10405e-07
1.38938e-10
1.10392e-07
2.23794e-10
1.10374e-07
3.04345e-10
1.10352e-07
3.81889e-10
1.10326e-07
4.57194e-10
1.10297e-07
5.31088e-10
1.10264e-07
6.04073e-10
1.10229e-07
6.7666e-10
1.10192e-07
7.49017e-10
1.10154e-07
8.21357e-10
1.10115e-07
8.9353e-10
1.10077e-07
9.65477e-10
1.10041e-07
1.03681e-09
1.10007e-07
1.10711e-09
1.09978e-07
1.17558e-09
1.09953e-07
1.24224e-09
1.09935e-07
1.30685e-09
1.09924e-07
1.36853e-09
1.09921e-07
1.42631e-09
1.09926e-07
1.47942e-09
1.0994e-07
1.52697e-09
1.09964e-07
1.56827e-09
1.09995e-07
1.60259e-09
1.62056e-09
1.23935e-07
5.03259e-11
1.23926e-07
1.47091e-10
1.23913e-07
2.367e-10
1.23896e-07
3.21701e-10
1.23875e-07
4.03292e-10
1.2385e-07
4.82345e-10
1.23821e-07
5.59511e-10
1.2379e-07
6.35315e-10
1.23757e-07
7.10057e-10
1.23722e-07
7.83931e-10
1.23686e-07
8.56963e-10
1.23651e-07
9.29015e-10
1.23616e-07
9.99809e-10
1.23584e-07
1.06889e-09
1.23556e-07
1.13542e-09
1.23532e-07
1.19978e-09
1.23512e-07
1.26176e-09
1.23498e-07
1.32064e-09
1.23491e-07
1.37572e-09
1.23491e-07
1.42633e-09
1.23499e-07
1.47183e-09
1.23514e-07
1.51167e-09
1.23537e-07
1.54536e-09
1.23567e-07
1.57255e-09
1.58391e-09
1.39112e-07
5.29318e-11
1.39105e-07
1.54795e-10
1.39092e-07
2.48852e-10
1.39076e-07
3.37956e-10
1.39056e-07
4.23234e-10
1.39033e-07
5.05623e-10
1.39007e-07
5.85649e-10
1.38978e-07
6.63834e-10
1.38948e-07
7.40305e-10
1.38917e-07
8.15235e-10
1.38885e-07
8.88484e-10
1.38854e-07
9.59881e-10
1.38825e-07
1.02885e-09
1.388e-07
1.09458e-09
1.38777e-07
1.15817e-09
1.38758e-07
1.21909e-09
1.38743e-07
1.27666e-09
1.38733e-07
1.33039e-09
1.38729e-07
1.3797e-09
1.38731e-07
1.42415e-09
1.3874e-07
1.46327e-09
1.38755e-07
1.49675e-09
1.38776e-07
1.52429e-09
1.38802e-07
1.54577e-09
1.55185e-09
1.56149e-07
5.52148e-11
1.56142e-07
1.61509e-10
1.56132e-07
2.59398e-10
1.56118e-07
3.51984e-10
1.56101e-07
4.40354e-10
1.56081e-07
5.25475e-10
1.56059e-07
6.07794e-10
1.56035e-07
6.87817e-10
1.56009e-07
7.65549e-10
1.55983e-07
8.4111e-10
1.55958e-07
9.14173e-10
1.55933e-07
9.84246e-10
1.55912e-07
1.05008e-09
1.55892e-07
1.11428e-09
1.55875e-07
1.17553e-09
1.55861e-07
1.23339e-09
1.5585e-07
1.28724e-09
1.55844e-07
1.33674e-09
1.55842e-07
1.38142e-09
1.55845e-07
1.42101e-09
1.55853e-07
1.45518e-09
1.55866e-07
1.4838e-09
1.55884e-07
1.50668e-09
1.55906e-07
1.52385e-09
1.52594e-09
1.75272e-07
5.68951e-11
1.75267e-07
1.66436e-10
1.75259e-07
2.67087e-10
1.75249e-07
3.62164e-10
1.75237e-07
4.52721e-10
1.75223e-07
5.39744e-10
1.75207e-07
6.23627e-10
1.7519e-07
7.04875e-10
1.75172e-07
7.83401e-10
1.75154e-07
8.59271e-10
1.75136e-07
9.31899e-10
1.75121e-07
9.99062e-10
1.75107e-07
1.06445e-09
1.75094e-07
1.12746e-09
1.75082e-07
1.18697e-09
1.75073e-07
1.24263e-09
1.75066e-07
1.29387e-09
1.75063e-07
1.34047e-09
1.75062e-07
1.382e-09
1.75065e-07
1.41835e-09
1.75071e-07
1.44922e-09
1.7508e-07
1.47463e-09
1.75092e-07
1.49443e-09
1.75107e-07
1.50878e-09
1.50839e-09
1.96737e-07
1.96735e-07
1.96732e-07
1.96728e-07
1.96723e-07
1.96717e-07
1.96711e-07
1.96704e-07
1.96697e-07
1.96689e-07
1.96683e-07
1.96677e-07
1.96671e-07
1.96666e-07
1.96662e-07
1.96658e-07
1.96655e-07
1.96653e-07
1.96653e-07
1.96654e-07
1.96655e-07
1.96659e-07
1.96663e-07
1.96668e-07
)
;

boundaryField
{
    top
    {
        type            calculated;
        value           nonuniform List<scalar> 
125
(
1.2918e-09
1.34205e-09
1.38226e-09
1.42111e-09
1.45859e-09
1.49428e-09
1.5282e-09
1.55996e-09
1.58962e-09
1.61655e-09
1.64087e-09
1.6623e-09
1.68114e-09
1.69709e-09
1.71057e-09
1.72131e-09
1.72983e-09
1.73586e-09
1.74e-09
1.74194e-09
1.74235e-09
1.74087e-09
1.73819e-09
1.73388e-09
1.72867e-09
1.72207e-09
1.71484e-09
1.70641e-09
1.6976e-09
1.68777e-09
1.67778e-09
1.6669e-09
1.65609e-09
1.64447e-09
1.63312e-09
1.62101e-09
1.60934e-09
1.59696e-09
1.58516e-09
1.57269e-09
1.56089e-09
1.54846e-09
1.53682e-09
1.52451e-09
1.51313e-09
1.50103e-09
1.49e-09
1.47816e-09
1.46751e-09
1.45602e-09
1.44578e-09
1.43466e-09
1.42487e-09
1.41415e-09
1.40485e-09
1.3945e-09
1.38573e-09
1.37576e-09
1.3675e-09
1.35794e-09
1.35018e-09
1.34104e-09
1.33378e-09
1.32504e-09
1.31829e-09
1.30993e-09
1.3037e-09
1.29569e-09
1.29e-09
1.28234e-09
1.27715e-09
1.26989e-09
1.26517e-09
1.2583e-09
1.2541e-09
1.24755e-09
1.24393e-09
1.23774e-09
1.23467e-09
1.2289e-09
1.22636e-09
1.22105e-09
1.21912e-09
1.21426e-09
1.21308e-09
1.20871e-09
1.20829e-09
1.20456e-09
1.20492e-09
1.20192e-09
1.20327e-09
1.20106e-09
1.20355e-09
1.20233e-09
1.20598e-09
1.20589e-09
1.21096e-09
1.21212e-09
1.21883e-09
1.22124e-09
5.75794e-11
1.6849e-10
2.70281e-10
3.66371e-10
4.57801e-10
5.45574e-10
6.30062e-10
7.11767e-10
7.90549e-10
8.66434e-10
9.38653e-10
1.00473e-09
1.07009e-09
1.13268e-09
1.19155e-09
1.24639e-09
1.29666e-09
1.34217e-09
1.38253e-09
1.41766e-09
1.44731e-09
1.47151e-09
1.49016e-09
1.50344e-09
1.50211e-09
)
;
    }
    inlet
    {
        type            calculated;
        value           nonuniform List<scalar> 
27
(
-9.83691e-08
-1.10416e-07
-1.23937e-07
-1.39115e-07
-1.56151e-07
-1.75274e-07
-1.96738e-07
-3.4585e-08
-3.587e-08
-3.72028e-08
-3.85851e-08
-4.00187e-08
-4.15056e-08
-4.30477e-08
-4.46472e-08
-4.6306e-08
-4.80265e-08
-4.9811e-08
-5.16617e-08
-5.35812e-08
-5.5572e-08
-5.76368e-08
-5.97783e-08
-6.19993e-08
-6.43029e-08
-6.66921e-08
-6.91701e-08
)
;
    }
    outlet
    {
        type            calculated;
        value           nonuniform List<scalar> 
27
(
9.87797e-08
1.10842e-07
1.24368e-07
1.39535e-07
1.56538e-07
1.75594e-07
1.96935e-07
1.97198e-09
6.24547e-09
1.09756e-08
1.6108e-08
2.15281e-08
2.70515e-08
3.2435e-08
3.74217e-08
4.18122e-08
4.55272e-08
4.86209e-08
5.12414e-08
5.35656e-08
5.57471e-08
5.78929e-08
6.00663e-08
6.22994e-08
6.46074e-08
6.69978e-08
6.94749e-08
)
;
    }
    plate
    {
        type            calculated;
        value           uniform 0;
    }
    symmBound
    {
        type            calculated;
        value           nonuniform List<scalar> 
25
(
-7.04282e-11
5.83106e-11
-6.91551e-11
5.09202e-11
-6.50473e-11
3.77298e-11
-6.78683e-11
1.91298e-11
-7.76062e-11
-4.2524e-12
-8.80815e-11
-2.41856e-11
-9.7523e-11
-4.74444e-11
-1.0789e-10
-7.55142e-11
-1.20824e-10
-1.10918e-10
-1.38919e-10
-1.57836e-10
-1.66884e-10
-2.25161e-10
-2.25826e-10
-3.82471e-10
-5.06055e-10
)
;
    }
    frontAndBack
    {
        type            empty;
        value           nonuniform 0();
    }
}


// ************************************************************************* //
