/*--------------------------------*- C++ -*----------------------------------*\
| =========                 |                                                 |
| \\      /  F ield         | OpenFOAM: The Open Source CFD Toolbox           |
|  \\    /   O peration     | Version:  2.3.0                                 |
|   \\  /    A nd           | Web:      www.OpenFOAM.org                      |
|    \\/     M anipulation  |                                                 |
\*---------------------------------------------------------------------------*/
FoamFile
{
    version     2.0;
    format      ascii;
    class       volVectorField;
    location    "0.4";
    object      U;
}
// * * * * * * * * * * * * * * * * * * * * * * * * * * * * * * * * * * * * * //

dimensions      [0 1 -1 0 0 0 0];

internalField   nonuniform List<vector> 
2250
(
(0.187423 0.00257151 1.69772e-06)
(0.17862 0.00352226 4.91666e-06)
(0.170613 0.00415043 7.39777e-06)
(0.162724 0.00438989 8.90081e-06)
(0.154567 0.00438986 9.70376e-06)
(0.146079 0.00429778 1.01241e-05)
(0.137364 0.00419136 1.02802e-05)
(0.128575 0.00408275 1.00887e-05)
(0.119838 0.0039559 9.38451e-06)
(0.11124 0.00379282 8.02817e-06)
(0.102851 0.00358329 5.94645e-06)
(0.0947343 0.00332613 3.13034e-06)
(0.0869659 0.00302471 -3.74943e-07)
(0.0796313 0.00268437 -4.4701e-06)
(0.0728302 0.00231317 -8.99517e-06)
(0.0666332 0.0019152 -1.37319e-05)
(0.0610981 0.00150119 -1.84208e-05)
(0.0562581 0.00109165 -2.27902e-05)
(0.0521174 0.000712021 -2.65912e-05)
(0.048648 0.000385179 -2.96345e-05)
(0.0457942 0.000125243 -3.1819e-05)
(0.0434812 -6.46045e-05 -3.31442e-05)
(0.0416247 -0.000190034 -3.36968e-05)
(0.0401398 -0.00026128 -3.36194e-05)
(0.0389462 -0.000289687 -3.3077e-05)
(0.0379724 -0.000285984 -3.22327e-05)
(0.0371575 -0.000260464 -3.12305e-05)
(0.036454 -0.00022343 -3.01874e-05)
(0.0358248 -0.000181952 -2.91935e-05)
(0.0352413 -0.000140519 -2.831e-05)
(0.034684 -0.000102139 -2.75703e-05)
(0.0341398 -6.86095e-05 -2.69848e-05)
(0.0336023 -4.07175e-05 -2.6548e-05)
(0.0330677 -1.84192e-05 -2.62475e-05)
(0.0325361 -1.29448e-06 -2.6069e-05)
(0.0320079 1.127e-05 -2.59965e-05)
(0.0314862 1.97327e-05 -2.60082e-05)
(0.030973 2.49169e-05 -2.60791e-05)
(0.0304717 2.78768e-05 -2.61863e-05)
(0.0299829 2.94378e-05 -2.63154e-05)
(0.0295092 3.00554e-05 -2.64585e-05)
(0.0290505 3.00383e-05 -2.66093e-05)
(0.0286093 2.94868e-05 -2.67581e-05)
(0.028185 2.86114e-05 -2.68951e-05)
(0.0277796 2.75307e-05 -2.70152e-05)
(0.0273909 2.64073e-05 -2.71212e-05)
(0.0270206 2.51874e-05 -2.72169e-05)
(0.0266659 2.39293e-05 -2.73045e-05)
(0.0263287 2.25414e-05 -2.73827e-05)
(0.0260061 2.11119e-05 -2.74492e-05)
(0.0257003 1.96146e-05 -2.75016e-05)
(0.0254074 1.82335e-05 -2.75435e-05)
(0.0251301 1.68852e-05 -2.75808e-05)
(0.0248638 1.56528e-05 -2.76207e-05)
(0.024612 1.43794e-05 -2.76651e-05)
(0.0243697 1.31791e-05 -2.77146e-05)
(0.0241415 1.18967e-05 -2.77637e-05)
(0.0239216 1.07169e-05 -2.78085e-05)
(0.0237155 9.51318e-06 -2.78448e-05)
(0.0235163 8.48523e-06 -2.78751e-05)
(0.0233308 7.42125e-06 -2.78994e-05)
(0.0231507 6.50555e-06 -2.79202e-05)
(0.0229844 5.4806e-06 -2.7932e-05)
(0.0228226 4.57264e-06 -2.79305e-05)
(0.0226752 3.5349e-06 -2.79046e-05)
(0.0225312 2.66305e-06 -2.78502e-05)
(0.0224024 1.6812e-06 -2.77585e-05)
(0.0222756 9.09738e-07 -2.76298e-05)
(0.0221647 5.03896e-09 -2.74558e-05)
(0.0220543 -6.95167e-07 -2.72364e-05)
(0.021961 -1.5824e-06 -2.69596e-05)
(0.0218664 -2.26069e-06 -2.66238e-05)
(0.0217905 -3.16829e-06 -2.62141e-05)
(0.0217115 -3.83062e-06 -2.57305e-05)
(0.0216527 -4.74675e-06 -2.51577e-05)
(0.0215886 -5.3769e-06 -2.44986e-05)
(0.0215465 -6.29538e-06 -2.37366e-05)
(0.0214963 -6.87522e-06 -2.28794e-05)
(0.0214702 -7.7898e-06 -2.19125e-05)
(0.0214327 -8.31349e-06 -2.08551e-05)
(0.0214216 -9.21589e-06 -1.97073e-05)
(0.0213953 -9.67766e-06 -1.85228e-05)
(0.0213982 -1.06165e-05 -1.73414e-05)
(0.0213817 -1.10805e-05 -1.62756e-05)
(0.0213983 -1.21223e-05 -1.54025e-05)
(0.021391 -1.25676e-05 -1.48358e-05)
(0.021421 -1.35644e-05 -1.45646e-05)
(0.021421 -1.36967e-05 -1.45743e-05)
(0.0214618 -1.43653e-05 -1.4724e-05)
(0.0214641 -1.39767e-05 -1.48991e-05)
(0.0215104 -1.41936e-05 -1.47794e-05)
(0.0215081 -1.32378e-05 -1.40657e-05)
(0.0215541 -1.33161e-05 -1.24936e-05)
(0.0215426 -1.24289e-05 -1.02415e-05)
(0.0215886 -1.29668e-05 -7.59689e-06)
(0.0215704 -1.22848e-05 -5.09188e-06)
(0.0216207 -1.31221e-05 -2.96673e-06)
(0.0215997 -1.22652e-05 -1.54044e-06)
(0.021652 -1.38657e-05 -7.17916e-07)
(0.0216436 -1.03707e-05 -2.30896e-07)
(0.193847 0.00471836 1.15655e-06)
(0.193554 0.00624876 3.41393e-06)
(0.193262 0.00736711 5.6882e-06)
(0.192855 0.00795236 7.58377e-06)
(0.192137 0.00817795 8.80361e-06)
(0.190982 0.00824571 9.36192e-06)
(0.189364 0.00827727 9.4228e-06)
(0.187326 0.00830524 9.10413e-06)
(0.184929 0.00831287 8.39883e-06)
(0.18222 0.00827306 7.21573e-06)
(0.179235 0.00816732 5.45916e-06)
(0.176001 0.00798694 3.08264e-06)
(0.172546 0.00772949 1.07413e-07)
(0.168899 0.00739412 -3.37959e-06)
(0.165103 0.00698242 -7.23387e-06)
(0.161193 0.00649763 -1.12753e-05)
(0.157214 0.00594973 -1.53158e-05)
(0.153212 0.00535624 -1.91627e-05)
(0.14923 0.00474017 -2.26295e-05)
(0.145304 0.00412741 -2.55573e-05)
(0.141465 0.0035427 -2.78379e-05)
(0.137739 0.00300627 -2.94303e-05)
(0.134145 0.0025309 -3.03639e-05)
(0.130696 0.0021218 -3.07249e-05)
(0.1274 0.00177829 -3.06329e-05)
(0.124258 0.00149683 -3.02189e-05)
(0.121268 0.00127146 -2.96095e-05)
(0.118425 0.00109587 -2.89143e-05)
(0.115723 0.000962361 -2.82137e-05)
(0.113151 0.000862532 -2.75619e-05)
(0.110702 0.000787946 -2.69918e-05)
(0.108366 0.000731265 -2.65209e-05)
(0.106136 0.000686825 -2.61551e-05)
(0.104003 0.000650867 -2.58945e-05)
(0.101963 0.000620566 -2.57368e-05)
(0.100007 0.000593661 -2.56745e-05)
(0.0981355 0.000568296 -2.56909e-05)
(0.0963409 0.000543615 -2.57614e-05)
(0.0946237 0.000519002 -2.58619e-05)
(0.0929764 0.000494397 -2.59808e-05)
(0.0913998 0.000469519 -2.61149e-05)
(0.0898863 0.000444428 -2.62614e-05)
(0.0884384 0.000419198 -2.64115e-05)
(0.0870485 0.00039449 -2.65547e-05)
(0.0857203 0.000370691 -2.66846e-05)
(0.0844447 0.000348199 -2.68038e-05)
(0.0832262 0.000326688 -2.69156e-05)
(0.0820545 0.000306287 -2.70219e-05)
(0.080936 0.000286828 -2.71201e-05)
(0.0798596 0.000268612 -2.72073e-05)
(0.0788335 0.000251431 -2.72797e-05)
(0.0778447 0.000235615 -2.7341e-05)
(0.0769032 0.000220725 -2.73976e-05)
(0.0759937 0.000206888 -2.74575e-05)
(0.0751293 0.00019362 -2.75225e-05)
(0.0742926 0.000181253 -2.75938e-05)
(0.0734999 0.000169266 -2.76646e-05)
(0.0727311 0.000158073 -2.77302e-05)
(0.0720059 0.000147181 -2.77849e-05)
(0.0713005 0.000137084 -2.78327e-05)
(0.0706385 0.000127131 -2.78735e-05)
(0.0699922 0.000117844 -2.79116e-05)
(0.0693901 0.000108474 -2.79411e-05)
(0.0688 9.96528e-05 -2.79579e-05)
(0.0682559 9.06465e-05 -2.79489e-05)
(0.0677198 8.22674e-05 -2.79109e-05)
(0.0672317 7.37059e-05 -2.78336e-05)
(0.0667468 6.58544e-05 -2.77188e-05)
(0.0663125 5.7734e-05 -2.75575e-05)
(0.0658762 5.03021e-05 -2.73508e-05)
(0.0654937 4.24726e-05 -2.7085e-05)
(0.0651037 3.53754e-05 -2.67605e-05)
(0.0647715 2.77964e-05 -2.63599e-05)
(0.0644254 2.10921e-05 -2.58854e-05)
(0.0641416 1.3877e-05 -2.53193e-05)
(0.0638364 7.68226e-06 -2.46667e-05)
(0.0635986 9.10923e-07 -2.3908e-05)
(0.0633304 -4.65621e-06 -2.3053e-05)
(0.0631355 -1.08963e-05 -2.20829e-05)
(0.0628998 -1.57497e-05 -2.10177e-05)
(0.062744 -2.13633e-05 -1.98518e-05)
(0.0625355 -2.54181e-05 -1.86411e-05)
(0.0624145 -3.05111e-05 -1.74231e-05)
(0.0622272 -3.39481e-05 -1.63262e-05)
(0.0621373 -3.87176e-05 -1.54434e-05)
(0.0619659 -4.14406e-05 -1.49136e-05)
(0.0619032 -4.53384e-05 -1.47163e-05)
(0.0617413 -4.63265e-05 -1.48117e-05)
(0.0617007 -4.84648e-05 -1.50326e-05)
(0.0615398 -4.72863e-05 -1.52897e-05)
(0.0615144 -4.76263e-05 -1.5247e-05)
(0.0613442 -4.43986e-05 -1.45329e-05)
(0.0613262 -4.39854e-05 -1.28111e-05)
(0.0611382 -4.0702e-05 -1.0297e-05)
(0.0611253 -4.19873e-05 -7.36165e-06)
(0.0609187 -3.9851e-05 -4.63381e-06)
(0.0609144 -4.32891e-05 -2.38748e-06)
(0.0606932 -4.06592e-05 -9.78752e-07)
(0.0606964 -4.62606e-05 -3.82499e-07)
(0.0604658 -4.17839e-05 -2.58061e-07)
(0.194769 0.00470996 8.80916e-07)
(0.194799 0.00569583 2.61873e-06)
(0.195007 0.00657801 4.49051e-06)
(0.19539 0.00722198 6.32112e-06)
(0.19585 0.00762999 7.73523e-06)
(0.19627 0.00789118 8.47744e-06)
(0.196572 0.00809403 8.56459e-06)
(0.196732 0.00828192 8.16982e-06)
(0.196755 0.00845437 7.43835e-06)
(0.196654 0.0085904 6.40095e-06)
(0.196433 0.00866804 5.01078e-06)
(0.196086 0.00867169 3.21941e-06)
(0.195602 0.00859182 1.02325e-06)
(0.194967 0.00842382 -1.52958e-06)
(0.194169 0.00816742 -4.35913e-06)
(0.193201 0.00782859 -7.37043e-06)
(0.192063 0.00741832 -1.04561e-05)
(0.190763 0.00695265 -1.35076e-05)
(0.189312 0.0064516 -1.64206e-05)
(0.187726 0.00593827 -1.90966e-05)
(0.186025 0.00543558 -2.14431e-05)
(0.18423 0.00496306 -2.3381e-05)
(0.182363 0.00453329 -2.4862e-05)
(0.180443 0.00415235 -2.58834e-05)
(0.178489 0.00382061 -2.64865e-05)
(0.176514 0.00353542 -2.67435e-05)
(0.174529 0.00329162 -2.67483e-05)
(0.172542 0.00308435 -2.65956e-05)
(0.17056 0.00290803 -2.63488e-05)
(0.168583 0.00275679 -2.60522e-05)
(0.166617 0.00262464 -2.57389e-05)
(0.164657 0.00250626 -2.54372e-05)
(0.162708 0.00239729 -2.51719e-05)
(0.160766 0.0022952 -2.49647e-05)
(0.158838 0.00219832 -2.48281e-05)
(0.156917 0.00210533 -2.47629e-05)
(0.155014 0.00201458 -2.47581e-05)
(0.153123 0.00192527 -2.47966e-05)
(0.151252 0.00183725 -2.48617e-05)
(0.149397 0.00175145 -2.49467e-05)
(0.147569 0.001668 -2.50483e-05)
(0.145759 0.00158647 -2.51658e-05)
(0.143981 0.00150601 -2.52955e-05)
(0.142223 0.00142708 -2.54303e-05)
(0.140501 0.00135045 -2.5561e-05)
(0.138802 0.00127733 -2.56866e-05)
(0.137145 0.00120767 -2.58094e-05)
(0.135514 0.00114141 -2.59326e-05)
(0.133927 0.00107763 -2.60524e-05)
(0.132366 0.0010163 -2.61645e-05)
(0.130854 0.000957266 -2.62617e-05)
(0.129368 0.000901424 -2.63456e-05)
(0.127934 0.000848535 -2.64212e-05)
(0.126524 0.000798805 -2.65001e-05)
(0.12517 0.000751281 -2.65865e-05)
(0.123838 0.000706035 -2.66828e-05)
(0.122564 0.000662184 -2.67785e-05)
(0.12131 0.000620369 -2.68671e-05)
(0.120119 0.000580113 -2.69403e-05)
(0.118945 0.00054217 -2.70034e-05)
(0.117836 0.000505605 -2.70574e-05)
(0.116739 0.00047094 -2.71097e-05)
(0.115712 0.000437016 -2.71543e-05)
(0.114691 0.00040455 -2.71878e-05)
(0.113745 0.000372587 -2.71954e-05)
(0.1128 0.000342214 -2.7174e-05)
(0.111935 0.000312424 -2.71116e-05)
(0.111064 0.000284354 -2.7011e-05)
(0.110278 0.000256717 -2.68622e-05)
(0.109479 0.000230653 -2.66684e-05)
(0.108771 0.000204738 -2.64146e-05)
(0.10804 0.000180365 -2.61035e-05)
(0.107408 0.00015599 -2.57157e-05)
(0.106743 0.000133335 -2.52555e-05)
(0.106186 0.000110667 -2.47028e-05)
(0.105583 8.99506e-05 -2.40649e-05)
(0.105097 6.91739e-05 -2.33185e-05)
(0.104551 5.06282e-05 -2.24751e-05)
(0.104134 3.19236e-05 -2.15101e-05)
(0.103639 1.57271e-05 -2.04422e-05)
(0.103284 -7.24473e-07 -1.92548e-05)
(0.102833 -1.4435e-05 -1.80007e-05)
(0.102537 -2.8835e-05 -1.67137e-05)
(0.102122 -4.04493e-05 -1.55527e-05)
(0.101878 -5.33063e-05 -1.46659e-05)
(0.101491 -6.27609e-05 -1.4272e-05)
(0.101296 -7.2911e-05 -1.43633e-05)
(0.100928 -7.78316e-05 -1.48152e-05)
(0.100774 -8.30127e-05 -1.53606e-05)
(0.100412 -8.24146e-05 -1.59197e-05)
(0.10029 -8.29902e-05 -1.61494e-05)
(0.0999207 -7.79247e-05 -1.54918e-05)
(0.099822 -7.6634e-05 -1.3459e-05)
(0.0994331 -7.14432e-05 -1.03342e-05)
(0.099355 -7.30567e-05 -6.71111e-06)
(0.0989418 -7.03856e-05 -3.43505e-06)
(0.0988879 -7.61949e-05 -8.45898e-07)
(0.0984488 -7.50231e-05 5.95397e-07)
(0.0984218 -8.37507e-05 7.5615e-07)
(0.097951 -8.56578e-05 1.6906e-08)
(0.195496 0.00455608 6.88535e-07)
(0.19552 0.00525487 2.02106e-06)
(0.195665 0.00593649 3.41192e-06)
(0.195958 0.00652769 4.84206e-06)
(0.196382 0.00698736 6.1093e-06)
(0.196878 0.00732856 6.93797e-06)
(0.197383 0.00759244 7.19472e-06)
(0.197858 0.00781452 6.93962e-06)
(0.198294 0.00800928 6.32413e-06)
(0.1987 0.00817121 5.47366e-06)
(0.199084 0.00828542 4.42997e-06)
(0.199444 0.00833763 3.17874e-06)
(0.199771 0.00831764 1.69908e-06)
(0.200048 0.00822053 -1.44645e-08)
(0.200258 0.00804687 -1.94776e-06)
(0.200383 0.00780226 -4.06494e-06)
(0.200411 0.00749598 -6.31401e-06)
(0.200329 0.00714098 -8.63814e-06)
(0.200136 0.00675298 -1.09761e-05)
(0.199828 0.00634926 -1.32613e-05)
(0.199414 0.00594698 -1.54226e-05)
(0.1989 0.00556154 -1.73853e-05)
(0.1983 0.00520447 -1.90813e-05)
(0.197623 0.00488266 -2.04682e-05)
(0.196889 0.00459872 -2.15389e-05)
(0.196104 0.00435212 -2.23164e-05)
(0.195283 0.00414017 -2.28354e-05)
(0.194427 0.0039583 -2.31361e-05)
(0.193549 0.00380095 -2.32713e-05)
(0.192644 0.00366289 -2.3294e-05)
(0.19172 0.00353959 -2.32472e-05)
(0.190771 0.00342764 -2.31621e-05)
(0.189806 0.00332417 -2.3064e-05)
(0.188816 0.00322733 -2.2978e-05)
(0.187811 0.00313538 -2.29192e-05)
(0.186778 0.00304645 -2.28882e-05)
(0.185729 0.00295815 -2.28802e-05)
(0.184649 0.00286902 -2.29004e-05)
(0.183555 0.00277885 -2.29558e-05)
(0.182432 0.00268879 -2.30427e-05)
(0.181299 0.00259965 -2.3147e-05)
(0.180141 0.00251188 -2.32599e-05)
(0.17898 0.00242502 -2.3381e-05)
(0.177794 0.00233906 -2.35121e-05)
(0.176607 0.0022538 -2.36449e-05)
(0.175393 0.00216943 -2.37751e-05)
(0.174182 0.00208571 -2.39058e-05)
(0.172947 0.00200327 -2.40406e-05)
(0.171724 0.00192217 -2.41709e-05)
(0.170481 0.00184279 -2.42917e-05)
(0.169257 0.00176504 -2.44002e-05)
(0.168015 0.00168943 -2.44983e-05)
(0.166796 0.00161535 -2.45859e-05)
(0.165556 0.00154285 -2.46742e-05)
(0.164346 0.00147147 -2.47684e-05)
(0.163114 0.00140165 -2.48712e-05)
(0.161923 0.00133284 -2.49733e-05)
(0.160711 0.00126564 -2.50708e-05)
(0.159548 0.00119971 -2.51537e-05)
(0.158363 0.00113571 -2.52242e-05)
(0.157234 0.00107294 -2.52818e-05)
(0.156078 0.00101188 -2.53351e-05)
(0.154988 0.000951583 -2.53794e-05)
(0.153868 0.00089261 -2.54133e-05)
(0.152823 0.00083431 -2.54241e-05)
(0.151745 0.000777671 -2.54091e-05)
(0.150753 0.000722079 -2.53557e-05)
(0.149722 0.000668469 -2.52647e-05)
(0.148788 0.00061587 -2.51246e-05)
(0.147806 0.00056509 -2.49377e-05)
(0.146933 0.00051506 -2.46903e-05)
(0.146002 0.000466828 -2.43857e-05)
(0.145193 0.000419333 -2.40072e-05)
(0.144316 0.000373979 -2.35594e-05)
(0.143574 0.000329536 -2.30231e-05)
(0.142751 0.000287569 -2.24044e-05)
(0.142079 0.000246606 -2.16794e-05)
(0.141308 0.000208427 -2.08548e-05)
(0.140706 0.000171231 -1.99027e-05)
(0.139985 0.000137127 -1.88307e-05)
(0.139452 0.000104046 -1.76066e-05)
(0.138775 7.42554e-05 -1.62575e-05)
(0.138309 4.49849e-05 -1.48022e-05)
(0.137671 1.87041e-05 -1.34261e-05)
(0.13727 -8.01834e-06 -1.24096e-05)
(0.136666 -3.14218e-05 -1.22025e-05)
(0.136329 -5.38731e-05 -1.29707e-05)
(0.13575 -6.94968e-05 -1.44542e-05)
(0.135471 -8.16756e-05 -1.60569e-05)
(0.134905 -8.584e-05 -1.7539e-05)
(0.134676 -8.77952e-05 -1.85304e-05)
(0.134107 -8.35587e-05 -1.8115e-05)
(0.13392 -8.1721e-05 -1.55421e-05)
(0.133333 -7.80155e-05 -1.11862e-05)
(0.133186 -8.06411e-05 -6.14981e-06)
(0.132575 -8.13471e-05 -1.63493e-06)
(0.132473 -8.84629e-05 1.86605e-06)
(0.13183 -9.19835e-05 3.82413e-06)
(0.131777 -0.000104543 3.64306e-06)
(0.131091 -0.000118639 1.15553e-06)
(0.196104 0.00445974 5.09036e-07)
(0.196135 0.00502098 1.46059e-06)
(0.196248 0.00558449 2.41318e-06)
(0.196465 0.00611259 3.39754e-06)
(0.196792 0.00656925 4.3638e-06)
(0.197202 0.00693801 5.1556e-06)
(0.197653 0.00722641 5.59473e-06)
(0.19811 0.00745471 5.60435e-06)
(0.198555 0.00763962 5.24881e-06)
(0.198986 0.00778616 4.65988e-06)
(0.199409 0.00788901 3.94059e-06)
(0.199828 0.00793923 3.12484e-06)
(0.200242 0.00792941 2.1981e-06)
(0.200639 0.0078557 1.1286e-06)
(0.201012 0.00771861 -1.1166e-07)
(0.201345 0.00752286 -1.53229e-06)
(0.201628 0.00727635 -3.12198e-06)
(0.201848 0.00698951 -4.85452e-06)
(0.202003 0.00667448 -6.68961e-06)
(0.202084 0.006344 -8.5783e-06)
(0.202096 0.00601066 -1.04708e-05)
(0.202037 0.00568649 -1.23122e-05)
(0.20192 0.00538152 -1.40368e-05)
(0.201746 0.00510258 -1.5584e-05)
(0.201533 0.00485315 -1.69158e-05)
(0.201282 0.00463399 -1.80152e-05)
(0.201009 0.0044436 -1.88746e-05)
(0.20071 0.00427855 -1.95039e-05)
(0.200401 0.00413454 -1.994e-05)
(0.200073 0.0040075 -2.02356e-05)
(0.19974 0.00389413 -2.04327e-05)
(0.199387 0.00379166 -2.05531e-05)
(0.199031 0.00369759 -2.06127e-05)
(0.198655 0.00360997 -2.06376e-05)
(0.198276 0.00352735 -2.06505e-05)
(0.197873 0.00344836 -2.06588e-05)
(0.197465 0.00337134 -2.06631e-05)
(0.197028 0.00329469 -2.06769e-05)
(0.196584 0.00321746 -2.07178e-05)
(0.196107 0.00313947 -2.0788e-05)
(0.195624 0.00306082 -2.08692e-05)
(0.195108 0.00298158 -2.09481e-05)
(0.194589 0.00290202 -2.10299e-05)
(0.194037 0.00282303 -2.11277e-05)
(0.193486 0.00274571 -2.1235e-05)
(0.192896 0.00267013 -2.13404e-05)
(0.192307 0.00259522 -2.14458e-05)
(0.191675 0.00251978 -2.15566e-05)
(0.191046 0.00244278 -2.16623e-05)
(0.190373 0.00236414 -2.17633e-05)
(0.189713 0.00228525 -2.18673e-05)
(0.189012 0.00220833 -2.19729e-05)
(0.188331 0.00213437 -2.20663e-05)
(0.187605 0.00206285 -2.21525e-05)
(0.1869 0.00199201 -2.2238e-05)
(0.18614 0.00192026 -2.23271e-05)
(0.185408 0.00184678 -2.24171e-05)
(0.18462 0.00177262 -2.25108e-05)
(0.183873 0.00169913 -2.25963e-05)
(0.183072 0.00162742 -2.26669e-05)
(0.18232 0.00155722 -2.2718e-05)
(0.181507 0.00148816 -2.27564e-05)
(0.18075 0.00141912 -2.27795e-05)
(0.179924 0.00134989 -2.279e-05)
(0.179164 0.00128021 -2.27807e-05)
(0.17833 0.00121067 -2.27488e-05)
(0.177576 0.00114151 -2.26826e-05)
(0.176744 0.00107339 -2.25782e-05)
(0.176005 0.00100626 -2.24233e-05)
(0.17518 0.000940336 -2.22173e-05)
(0.174462 0.000875309 -2.19489e-05)
(0.173646 0.000811241 -2.16207e-05)
(0.172953 0.000747865 -2.12213e-05)
(0.172148 0.000685553 -2.07544e-05)
(0.171483 0.000624257 -2.02039e-05)
(0.170694 0.000564456 -1.95738e-05)
(0.170064 0.000506291 -1.88419e-05)
(0.169293 0.000450189 -1.80063e-05)
(0.168705 0.000396197 -1.70357e-05)
(0.167955 0.00034463 -1.59197e-05)
(0.167413 0.000295625 -1.45946e-05)
(0.166682 0.000249057 -1.30239e-05)
(0.166187 0.000204705 -1.11468e-05)
(0.165474 0.000161705 -9.09639e-06)
(0.16503 0.000119196 -7.3052e-06)
(0.164334 7.67757e-05 -6.75208e-06)
(0.163947 3.67544e-05 -8.33457e-06)
(0.163267 2.94414e-06 -1.1945e-05)
(0.162937 -2.06553e-05 -1.62427e-05)
(0.162262 -3.36151e-05 -2.02012e-05)
(0.161982 -3.68737e-05 -2.32159e-05)
(0.161297 -3.45354e-05 -2.3775e-05)
(0.161061 -3.12199e-05 -2.06733e-05)
(0.160354 -3.13577e-05 -1.43343e-05)
(0.160166 -3.59383e-05 -6.83129e-06)
(0.159434 -4.38388e-05 -2.23732e-08)
(0.159303 -5.27744e-05 5.25207e-06)
(0.158535 -6.33616e-05 8.77306e-06)
(0.158463 -8.13293e-05 9.51921e-06)
(0.157646 -0.000119084 4.42832e-06)
(0.196644 0.00439973 3.45895e-07)
(0.196687 0.00486982 9.63313e-07)
(0.196785 0.00534598 1.55559e-06)
(0.196957 0.00580624 2.17583e-06)
(0.197213 0.00622404 2.85214e-06)
(0.197538 0.00657953 3.52202e-06)
(0.197913 0.00686664 4.04848e-06)
(0.198308 0.00709177 4.30842e-06)
(0.198707 0.00726555 4.27073e-06)
(0.199097 0.00739603 3.99516e-06)
(0.199481 0.00748494 3.58039e-06)
(0.199858 0.00752902 3.09584e-06)
(0.200232 0.00752414 2.55685e-06)
(0.200594 0.00746764 1.94083e-06)
(0.200943 0.00735951 1.2061e-06)
(0.201266 0.00720312 3.12857e-07)
(0.201559 0.0070048 -7.53198e-07)
(0.201809 0.0067722 -1.98096e-06)
(0.202016 0.00651404 -3.35126e-06)
(0.202169 0.00623995 -4.84296e-06)
(0.202275 0.00596009 -6.42519e-06)
(0.202328 0.00568393 -8.05112e-06)
(0.202342 0.00541963 -9.66076e-06)
(0.202312 0.00517305 -1.11962e-05)
(0.202256 0.00494811 -1.26128e-05)
(0.202171 0.00474659 -1.38741e-05)
(0.202075 0.00456847 -1.49461e-05)
(0.20196 0.00441164 -1.58137e-05)
(0.201846 0.00427331 -1.64938e-05)
(0.20172 0.00415038 -1.70229e-05)
(0.2016 0.00404025 -1.74288e-05)
(0.201469 0.00394017 -1.7724e-05)
(0.201346 0.00384802 -1.79245e-05)
(0.20121 0.0037621 -1.80609e-05)
(0.201084 0.00368171 -1.816e-05)
(0.200944 0.00360584 -1.82297e-05)
(0.200813 0.00353348 -1.82677e-05)
(0.200662 0.00346277 -1.82871e-05)
(0.20052 0.00339246 -1.83137e-05)
(0.200353 0.00332142 -1.83606e-05)
(0.200195 0.00324939 -1.84153e-05)
(0.200008 0.0031761 -1.84648e-05)
(0.199833 0.00310226 -1.85157e-05)
(0.199628 0.00302869 -1.85833e-05)
(0.199436 0.00295709 -1.86595e-05)
(0.199211 0.00288777 -1.87297e-05)
(0.199001 0.00282036 -1.87998e-05)
(0.198751 0.00275314 -1.88809e-05)
(0.198515 0.00268466 -1.8962e-05)
(0.198234 0.00261336 -1.90418e-05)
(0.197973 0.0025399 -1.91293e-05)
(0.197666 0.0024658 -1.92191e-05)
(0.197387 0.00239365 -1.92941e-05)
(0.197061 0.00232478 -1.93609e-05)
(0.196767 0.00225946 -1.94264e-05)
(0.196415 0.00219503 -1.94882e-05)
(0.196093 0.00212858 -1.95441e-05)
(0.195706 0.00205849 -1.9602e-05)
(0.195358 0.00198613 -1.96539e-05)
(0.194947 0.00191361 -1.96906e-05)
(0.194586 0.00184286 -1.9708e-05)
(0.194156 0.00177392 -1.97082e-05)
(0.193781 0.00170601 -1.96871e-05)
(0.193326 0.00163774 -1.96472e-05)
(0.192933 0.00156875 -1.9585e-05)
(0.192452 0.00149853 -1.9497e-05)
(0.192043 0.00142761 -1.93752e-05)
(0.191539 0.00135585 -1.92138e-05)
(0.191122 0.00128433 -1.90018e-05)
(0.190601 0.0012128 -1.87365e-05)
(0.190181 0.00114268 -1.84072e-05)
(0.189647 0.00107298 -1.80116e-05)
(0.189228 0.00100495 -1.75416e-05)
(0.188679 0.00093692 -1.6998e-05)
(0.18826 0.000870425 -1.63666e-05)
(0.187694 0.000803391 -1.56508e-05)
(0.187279 0.000738404 -1.48316e-05)
(0.186701 0.000673151 -1.39001e-05)
(0.186296 0.000611115 -1.28223e-05)
(0.185708 0.000549382 -1.15698e-05)
(0.185322 0.000492353 -1.00363e-05)
(0.184726 0.000435779 -8.08535e-06)
(0.184361 0.000384309 -5.46279e-06)
(0.183757 0.00033156 -2.01483e-06)
(0.183418 0.00028115 1.95521e-06)
(0.182807 0.000224741 4.84014e-06)
(0.182505 0.000170217 4.03062e-06)
(0.181894 0.00011692 -1.64029e-06)
(0.181633 8.02038e-05 -9.87495e-06)
(0.181015 5.5722e-05 -1.78646e-05)
(0.180786 5.07127e-05 -2.46563e-05)
(0.180141 5.03843e-05 -2.79607e-05)
(0.179937 5.70004e-05 -2.54877e-05)
(0.179258 5.30064e-05 -1.7004e-05)
(0.17909 4.89578e-05 -6.17828e-06)
(0.178382 3.38777e-05 3.54498e-06)
(0.178263 2.74169e-05 1.02772e-05)
(0.177517 1.20259e-05 1.47452e-05)
(0.177444 -2.56088e-06 1.75384e-05)
(0.176641 -7.35556e-05 1.00883e-05)
(0.197134 0.00434905 2.02778e-07)
(0.197186 0.00474692 5.40375e-07)
(0.197276 0.00514961 8.50729e-07)
(0.197417 0.00554236 1.19509e-06)
(0.197619 0.00590748 1.62576e-06)
(0.197875 0.00622879 2.13622e-06)
(0.198178 0.00649713 2.64918e-06)
(0.198506 0.0067111 3.05649e-06)
(0.198848 0.0068752 3.27499e-06)
(0.199189 0.00699552 3.29038e-06)
(0.199527 0.00707639 3.15338e-06)
(0.199857 0.00711837 2.93277e-06)
(0.200183 0.00712026 2.66849e-06)
(0.200497 0.00708083 2.36245e-06)
(0.200803 0.00700016 1.98724e-06)
(0.201087 0.00688001 1.49957e-06)
(0.201351 0.00672465 8.67662e-07)
(0.201581 0.00653938 8.15681e-08)
(0.201778 0.00633062 -8.64032e-07)
(0.201933 0.00610586 -1.96818e-06)
(0.202053 0.00587324 -3.20539e-06)
(0.20213 0.00563969 -4.53669e-06)
(0.202176 0.00541184 -5.92309e-06)
(0.202185 0.00519491 -7.31584e-06)
(0.202175 0.00499275 -8.66234e-06)
(0.202138 0.00480718 -9.92507e-06)
(0.202095 0.00463938 -1.10717e-05)
(0.202034 0.00448871 -1.2066e-05)
(0.201977 0.00435364 -1.28911e-05)
(0.201909 0.00423156 -1.35647e-05)
(0.20185 0.00412065 -1.41125e-05)
(0.201782 0.00401874 -1.45467e-05)
(0.201726 0.00392459 -1.48766e-05)
(0.20166 0.00383666 -1.51215e-05)
(0.201609 0.00375439 -1.53041e-05)
(0.201547 0.00367661 -1.54394e-05)
(0.201499 0.00360288 -1.55308e-05)
(0.201438 0.00353158 -1.55879e-05)
(0.201392 0.00346192 -1.56356e-05)
(0.20133 0.00339241 -1.56925e-05)
(0.201284 0.00332273 -1.57522e-05)
(0.201216 0.00325198 -1.58007e-05)
(0.201165 0.00318079 -1.58404e-05)
(0.201091 0.00310934 -1.58902e-05)
(0.201036 0.0030396 -1.5953e-05)
(0.200954 0.00297228 -1.60175e-05)
(0.200895 0.00290821 -1.60834e-05)
(0.200806 0.00284565 -1.61545e-05)
(0.20074 0.00278291 -1.62187e-05)
(0.200638 0.00271725 -1.62771e-05)
(0.20056 0.00264865 -1.63433e-05)
(0.200443 0.00257762 -1.64153e-05)
(0.200356 0.00250712 -1.64806e-05)
(0.200229 0.00243949 -1.6541e-05)
(0.200138 0.00237698 -1.65944e-05)
(0.200002 0.00231773 -1.66307e-05)
(0.1999 0.00225823 -1.66518e-05)
(0.199742 0.0021945 -1.66711e-05)
(0.199623 0.00212636 -1.66864e-05)
(0.199447 0.00205574 -1.66898e-05)
(0.199319 0.00198617 -1.66771e-05)
(0.199129 0.00191889 -1.66423e-05)
(0.198994 0.00185387 -1.65771e-05)
(0.198787 0.0017891 -1.64824e-05)
(0.19864 0.00172416 -1.63571e-05)
(0.198412 0.00165752 -1.61974e-05)
(0.198251 0.0015901 -1.59989e-05)
(0.198001 0.0015205 -1.57543e-05)
(0.197827 0.00145071 -1.54522e-05)
(0.197557 0.00137919 -1.50875e-05)
(0.197375 0.00130935 -1.46472e-05)
(0.197088 0.00123881 -1.4124e-05)
(0.196903 0.00117139 -1.35097e-05)
(0.196596 0.00110311 -1.28014e-05)
(0.196405 0.00103813 -1.19839e-05)
(0.196076 0.000970939 -1.10603e-05)
(0.195879 0.00090718 -1.00155e-05)
(0.195525 0.000840472 -8.84033e-06)
(0.195323 0.00077839 -7.50952e-06)
(0.194946 0.000713557 -5.99829e-06)
(0.194746 0.000655617 -4.19719e-06)
(0.194349 0.000595631 -1.91564e-06)
(0.194154 0.000544485 1.28838e-06)
(0.193736 0.000490757 6.0689e-06)
(0.193548 0.000443694 1.29578e-05)
(0.193111 0.000387687 2.08379e-05)
(0.192944 0.000331608 2.58724e-05)
(0.192505 0.00026478 2.48198e-05)
(0.192367 0.000208926 1.953e-05)
(0.191917 0.000156334 1.33714e-05)
(0.191793 0.000124409 6.79202e-06)
(0.191306 9.24743e-05 3.94775e-06)
(0.19118 7.2799e-05 8.67658e-06)
(0.19065 4.01147e-05 1.95549e-05)
(0.19054 1.97562e-05 3.04575e-05)
(0.189981 -9.04925e-06 3.66458e-05)
(0.189904 -1.1052e-05 3.6126e-05)
(0.189312 -1.34787e-05 3.15744e-05)
(0.189248 1.43891e-05 2.72287e-05)
(0.188589 -3.31366e-05 1.27957e-05)
(0.197579 0.00429546 7.92263e-08)
(0.197635 0.00463314 1.85635e-07)
(0.197718 0.00497292 2.76209e-07)
(0.197834 0.00530454 4.11408e-07)
(0.197994 0.00561646 6.41288e-07)
(0.198196 0.00589746 9.82838e-07)
(0.198436 0.00613922 1.40493e-06)
(0.198703 0.00633764 1.8343e-06)
(0.198988 0.00649314 2.18875e-06)
(0.199278 0.00660849 2.41668e-06)
(0.19957 0.0066873 2.5172e-06)
(0.199856 0.00673167 2.52894e-06)
(0.200139 0.00674224 2.49369e-06)
(0.200411 0.00671892 2.43219e-06)
(0.200675 0.00666207 2.34062e-06)
(0.200922 0.00657235 2.1863e-06)
(0.201154 0.00645246 1.91889e-06)
(0.201358 0.00630659 1.5022e-06)
(0.201538 0.0061401 9.2448e-07)
(0.201683 0.00595838 1.88984e-07)
(0.201801 0.00576723 -6.91579e-07)
(0.201883 0.00557175 -1.70631e-06)
(0.20194 0.0053777 -2.83744e-06)
(0.201965 0.0051898 -4.03157e-06)
(0.201973 0.00501154 -5.22092e-06)
(0.201957 0.00484422 -6.37176e-06)
(0.201935 0.00468936 -7.46607e-06)
(0.201897 0.00454711 -8.4591e-06)
(0.20186 0.00441694 -9.30801e-06)
(0.201813 0.00429689 -1.00184e-05)
(0.201774 0.00418604 -1.06197e-05)
(0.201726 0.0040829 -1.11208e-05)
(0.201689 0.00398679 -1.15148e-05)
(0.201644 0.00389607 -1.18058e-05)
(0.201611 0.00381017 -1.20228e-05)
(0.20157 0.00372815 -1.2201e-05)
(0.201542 0.00365029 -1.23478e-05)
(0.201505 0.0035754 -1.24505e-05)
(0.201483 0.00350286 -1.25161e-05)
(0.201449 0.0034309 -1.25725e-05)
(0.201431 0.00335926 -1.26352e-05)
(0.201397 0.00328704 -1.26924e-05)
(0.20138 0.00321495 -1.27338e-05)
(0.201345 0.00314281 -1.27762e-05)
(0.201327 0.00307232 -1.28342e-05)
(0.20129 0.00300401 -1.28967e-05)
(0.201274 0.00293903 -1.29514e-05)
(0.201237 0.00287583 -1.29988e-05)
(0.201221 0.00281313 -1.30433e-05)
(0.201182 0.0027484 -1.30907e-05)
(0.201165 0.00268147 -1.31434e-05)
(0.201119 0.00261202 -1.31941e-05)
(0.201098 0.00254212 -1.32385e-05)
(0.201046 0.00247391 -1.32777e-05)
(0.201025 0.00241034 -1.33064e-05)
(0.200972 0.00235117 -1.33165e-05)
(0.200951 0.00229365 -1.33126e-05)
(0.200892 0.00223319 -1.33001e-05)
(0.200866 0.00216795 -1.32755e-05)
(0.200795 0.002099 -1.32342e-05)
(0.200764 0.0020301 -1.31758e-05)
(0.200686 0.00196327 -1.30895e-05)
(0.200652 0.00189935 -1.29668e-05)
(0.200566 0.00183623 -1.28064e-05)
(0.200529 0.00177384 -1.26057e-05)
(0.200432 0.00170979 -1.23571e-05)
(0.200389 0.00164575 -1.20561e-05)
(0.200278 0.00157885 -1.16922e-05)
(0.200228 0.00151211 -1.12546e-05)
(0.200101 0.00144215 -1.07353e-05)
(0.200046 0.00137432 -1.01211e-05)
(0.199906 0.00130441 -9.39893e-06)
(0.199849 0.00123907 -8.55989e-06)
(0.199695 0.001172 -7.59329e-06)
(0.199636 0.00111051 -6.48542e-06)
(0.199466 0.00104579 -5.23631e-06)
(0.199402 0.000986782 -3.84438e-06)
(0.199211 0.000922988 -2.31441e-06)
(0.199141 0.000865812 -6.65412e-07)
(0.198928 0.000803492 1.0701e-06)
(0.198855 0.000749828 2.87614e-06)
(0.198621 0.000692284 4.78345e-06)
(0.198547 0.000646183 7.02565e-06)
(0.198293 0.000598802 1.041e-05)
(0.198216 0.000564458 1.66769e-05)
(0.197943 0.000525639 2.80851e-05)
(0.197872 0.000487388 4.5753e-05)
(0.197598 0.000426991 6.78196e-05)
(0.197551 0.000353744 9.0538e-05)
(0.197276 0.000253441 0.000111393)
(0.197234 0.000147682 0.000129952)
(0.196925 2.32528e-05 0.00014675)
(0.196868 -8.88985e-05 0.00015506)
(0.19652 -0.000198296 0.000149386)
(0.196471 -0.000267237 0.000130248)
(0.196108 -0.000321064 0.000102517)
(0.196082 -0.000327614 7.17009e-05)
(0.195703 -0.000309741 4.25379e-05)
(0.195657 -0.000209944 1.92226e-05)
(0.195192 -9.19972e-05 2.50706e-06)
(0.197981 0.00423554 -2.77214e-08)
(0.198039 0.00452292 -1.1518e-07)
(0.198112 0.00481002 -2.04727e-07)
(0.198207 0.00509011 -2.43432e-07)
(0.198334 0.00535561 -1.87216e-07)
(0.198492 0.00559886 -1.20496e-08)
(0.198681 0.00581353 2.76784e-07)
(0.198895 0.00599516 6.42759e-07)
(0.199128 0.0061421 1.03045e-06)
(0.199369 0.00625447 1.38616e-06)
(0.199616 0.00633403 1.67826e-06)
(0.199861 0.00638257 1.90994e-06)
(0.200104 0.00640144 2.10742e-06)
(0.200337 0.00639099 2.29263e-06)
(0.200564 0.006352 2.46817e-06)
(0.200777 0.0062852 2.60815e-06)
(0.200978 0.00619268 2.66156e-06)
(0.201158 0.00607762 2.58914e-06)
(0.201319 0.00594402 2.38024e-06)
(0.201453 0.00579544 2.01807e-06)
(0.201564 0.00563663 1.47121e-06)
(0.201645 0.00547249 7.33589e-07)
(0.201707 0.00530797 -1.55969e-07)
(0.201742 0.00514629 -1.13912e-06)
(0.20176 0.00499047 -2.16751e-06)
(0.201759 0.00484214 -3.20996e-06)
(0.20175 0.00470287 -4.23738e-06)
(0.201727 0.00457295 -5.20195e-06)
(0.201702 0.00445249 -6.05277e-06)
(0.201668 0.00434011 -6.77565e-06)
(0.201638 0.00423511 -7.39266e-06)
(0.201602 0.00413622 -7.92115e-06)
(0.201573 0.00404324 -8.35344e-06)
(0.201536 0.00395484 -8.67955e-06)
(0.201509 0.0038706 -8.92432e-06)
(0.201477 0.00378967 -9.13362e-06)
(0.201455 0.00371239 -9.31926e-06)
(0.201426 0.00363781 -9.45174e-06)
(0.201408 0.00356532 -9.52267e-06)
(0.201383 0.00349331 -9.57728e-06)
(0.20137 0.00342193 -9.65933e-06)
(0.201347 0.00335066 -9.74879e-06)
(0.201336 0.00328008 -9.8059e-06)
(0.201313 0.00320961 -9.84347e-06)
(0.201303 0.00314032 -9.90142e-06)
(0.20128 0.00307261 -9.9784e-06)
(0.201271 0.00300759 -1.0045e-05)
(0.201249 0.0029442 -1.00959e-05)
(0.201245 0.00288157 -1.01537e-05)
(0.201224 0.00281792 -1.02233e-05)
(0.201221 0.00275281 -1.02877e-05)
(0.201199 0.00268572 -1.03417e-05)
(0.201195 0.00261781 -1.03988e-05)
(0.201169 0.00255088 -1.04559e-05)
(0.201164 0.00248721 -1.04989e-05)
(0.201138 0.00242762 -1.05249e-05)
(0.201137 0.00237028 -1.05418e-05)
(0.201113 0.00231154 -1.05445e-05)
(0.201113 0.0022488 -1.05271e-05)
(0.201083 0.00218243 -1.0492e-05)
(0.201081 0.00211545 -1.044e-05)
(0.201046 0.00204987 -1.03567e-05)
(0.201043 0.0019871 -1.02355e-05)
(0.201005 0.00192512 -1.00723e-05)
(0.201003 0.00186451 -9.86095e-06)
(0.20096 0.00180223 -9.59095e-06)
(0.200957 0.00174085 -9.25895e-06)
(0.200907 0.00167627 -8.85096e-06)
(0.200902 0.00161262 -8.35741e-06)
(0.200842 0.00154472 -7.76541e-06)
(0.200835 0.00147953 -7.06179e-06)
(0.200766 0.00141083 -6.22786e-06)
(0.200758 0.00134762 -5.25738e-06)
(0.200681 0.00128148 -4.13237e-06)
(0.200673 0.00122261 -2.84796e-06)
(0.200587 0.00115968 -1.40283e-06)
(0.200579 0.00110449 1.79697e-07)
(0.200479 0.0010435 1.87105e-06)
(0.200469 0.0009907 3.57739e-06)
(0.200354 0.000931359 5.16801e-06)
(0.200341 0.000880985 6.38893e-06)
(0.200211 0.000825358 6.88674e-06)
(0.200195 0.000780749 6.17733e-06)
(0.200053 0.00073639 4.29689e-06)
(0.200033 0.000708513 3.33153e-06)
(0.199874 0.000687106 1.08971e-05)
(0.199844 0.00067666 4.0335e-05)
(0.199675 0.000644979 9.84162e-05)
(0.19965 0.000573586 0.000174059)
(0.199479 0.000434314 0.00025289)
(0.199459 0.000244024 0.000328641)
(0.199278 6.69747e-06 0.000381757)
(0.199263 -0.000218334 0.000388476)
(0.199081 -0.000420279 0.000344148)
(0.199087 -0.000552213 0.000268411)
(0.198903 -0.000642978 0.000185422)
(0.198924 -0.000670712 0.000112222)
(0.198738 -0.000660095 5.17423e-05)
(0.198751 -0.000523859 2.32168e-06)
(0.198519 -0.000205194 -1.1578e-05)
(0.198344 0.0041695 -1.18571e-07)
(0.198399 0.00441351 -3.66736e-07)
(0.198462 0.00465655 -6.16389e-07)
(0.19854 0.00489454 -8.20721e-07)
(0.198639 0.00512229 -9.36018e-07)
(0.198763 0.0053342 -9.32766e-07)
(0.198911 0.00552545 -7.99916e-07)
(0.19908 0.00569191 -5.45077e-07)
(0.199266 0.005831 -1.92674e-07)
(0.199462 0.00594125 2.21653e-07)
(0.199666 0.00602265 6.60959e-07)
(0.199871 0.00607587 1.10467e-06)
(0.200074 0.00610205 1.55625e-06)
(0.200271 0.00610168 2.02442e-06)
(0.200463 0.00607573 2.50634e-06)
(0.200644 0.00602517 2.98567e-06)
(0.200816 0.00595155 3.43025e-06)
(0.200973 0.00585673 3.80124e-06)
(0.201113 0.00574368 4.05836e-06)
(0.201233 0.00561552 4.15427e-06)
(0.201336 0.00547655 4.04382e-06)
(0.201417 0.005331 3.72404e-06)
(0.20148 0.00518272 3.22917e-06)
(0.201522 0.00503433 2.58796e-06)
(0.201549 0.00488899 1.83203e-06)
(0.201559 0.00474867 1.01254e-06)
(0.201561 0.00461468 1.6879e-07)
(0.201551 0.0044876 -6.69763e-07)
(0.201536 0.00436816 -1.45001e-06)
(0.201512 0.00425561 -2.12597e-06)
(0.20149 0.00414927 -2.7084e-06)
(0.201464 0.00404832 -3.22932e-06)
(0.20144 0.00395297 -3.67715e-06)
(0.201412 0.00386223 -4.01507e-06)
(0.201388 0.00377544 -4.25273e-06)
(0.201362 0.00369166 -4.44685e-06)
(0.201343 0.00361097 -4.6272e-06)
(0.201319 0.00353289 -4.75947e-06)
(0.201302 0.00345699 -4.81325e-06)
(0.201281 0.00338195 -4.83582e-06)
(0.201269 0.00330791 -4.89379e-06)
(0.201251 0.00323463 -4.96615e-06)
(0.20124 0.00316231 -4.98889e-06)
(0.201223 0.00309034 -4.97357e-06)
(0.201213 0.00301921 -4.99149e-06)
(0.201196 0.00294958 -5.05298e-06)
(0.201188 0.00288216 -5.0977e-06)
(0.201173 0.00281613 -5.10786e-06)
(0.201168 0.00275065 -5.13353e-06)
(0.201155 0.00268494 -5.18518e-06)
(0.201153 0.00261839 -5.22513e-06)
(0.201139 0.0025508 -5.25418e-06)
(0.201137 0.00248261 -5.30011e-06)
(0.201121 0.00241532 -5.34825e-06)
(0.201118 0.00234991 -5.3758e-06)
(0.201102 0.00228764 -5.39302e-06)
(0.201103 0.00222734 -5.41189e-06)
(0.20109 0.00216677 -5.41848e-06)
(0.201093 0.00210344 -5.40801e-06)
(0.201079 0.00203745 -5.39033e-06)
(0.201081 0.0019708 -5.36394e-06)
(0.201063 0.00190491 -5.31336e-06)
(0.201065 0.00184143 -5.23618e-06)
(0.201044 0.00177841 -5.13135e-06)
(0.201048 0.00171728 -4.99211e-06)
(0.201026 0.00165447 -4.81251e-06)
(0.201031 0.00159351 -4.59081e-06)
(0.201006 0.00152931 -4.31641e-06)
(0.201011 0.00146712 -3.98153e-06)
(0.20098 0.00140023 -3.57672e-06)
(0.200984 0.00133688 -3.09159e-06)
(0.200946 0.00126897 -2.51319e-06)
(0.20095 0.0012073 -1.83677e-06)
(0.200907 0.00114149 -1.04765e-06)
(0.200912 0.00108418 -1.43369e-07)
(0.200864 0.00102205 8.77944e-07)
(0.20087 0.000969389 1.99576e-06)
(0.200816 0.000910535 3.18479e-06)
(0.200822 0.000861219 4.36168e-06)
(0.200759 0.000805049 5.40885e-06)
(0.200762 0.000757657 6.07438e-06)
(0.200691 0.000704632 5.96893e-06)
(0.200693 0.000660449 4.46226e-06)
(0.200618 0.000616109 1.13244e-06)
(0.200621 0.000584935 -2.71785e-06)
(0.20054 0.000563827 -7.14787e-08)
(0.200522 0.000557215 2.35807e-05)
(0.200404 0.000541673 7.85285e-05)
(0.200345 0.000497183 0.000155976)
(0.200203 0.000397584 0.000238966)
(0.20015 0.000256831 0.000316455)
(0.200041 7.4703e-05 0.000369027)
(0.200052 -9.43924e-05 0.000376055)
(0.199998 -0.00025303 0.000333956)
(0.200053 -0.000355393 0.000261019)
(0.200012 -0.000433818 0.000180989)
(0.200075 -0.000461724 0.000110833)
(0.200032 -0.000469193 5.23403e-05)
(0.200144 -0.000380676 2.0865e-06)
(0.200174 -0.00013832 -1.23759e-05)
(0.198596 0.00411073 -9.47318e-07)
(0.198647 0.00432507 -2.72949e-06)
(0.198705 0.0045382 -4.43399e-06)
(0.198773 0.00474783 -5.9773e-06)
(0.198857 0.00495011 -7.26876e-06)
(0.198959 0.00514058 -8.21804e-06)
(0.199082 0.00531521 -8.75063e-06)
(0.199221 0.00547024 -8.81634e-06)
(0.199375 0.00560279 -8.39483e-06)
(0.199539 0.00571074 -7.49502e-06)
(0.19971 0.0057931 -6.14986e-06)
(0.199882 0.00584963 -4.40455e-06)
(0.200055 0.00588099 -2.30011e-06)
(0.200223 0.00588758 1.27646e-07)
(0.200387 0.00587009 2.8383e-06)
(0.200542 0.0058293 5.78538e-06)
(0.200689 0.00576624 8.90155e-06)
(0.200825 0.00568226 1.20749e-05)
(0.200947 0.00558028 1.51733e-05)
(0.201054 0.00546339 1.80986e-05)
(0.201147 0.00533473 2.07762e-05)
(0.201223 0.00519718 2.313e-05)
(0.201284 0.0050543 2.50926e-05)
(0.201328 0.00490938 2.66386e-05)
(0.201358 0.00476555 2.78014e-05)
(0.201375 0.00462447 2.86417e-05)
(0.201383 0.0044873 2.91947e-05)
(0.201381 0.00435509 2.94825e-05)
(0.201374 0.00422897 2.95677e-05)
(0.201359 0.00410878 2.95373e-05)
(0.201343 0.00399415 2.94376e-05)
(0.201323 0.00388474 2.9281e-05)
(0.201305 0.00378075 2.91022e-05)
(0.201283 0.00368124 2.89516e-05)
(0.201263 0.00358556 2.88474e-05)
(0.201242 0.00349305 2.87692e-05)
(0.201225 0.00340382 2.86931e-05)
(0.201206 0.00331768 2.86404e-05)
(0.201191 0.00323403 2.86535e-05)
(0.201173 0.00315157 2.87205e-05)
(0.201162 0.00307027 2.87826e-05)
(0.201147 0.00299019 2.88246e-05)
(0.201137 0.0029116 2.88889e-05)
(0.201122 0.00283402 2.89966e-05)
(0.201114 0.00275737 2.90974e-05)
(0.201101 0.00268234 2.91599e-05)
(0.201093 0.00260929 2.9231e-05)
(0.201081 0.00253753 2.93344e-05)
(0.201076 0.00246625 2.9415e-05)
(0.201066 0.00239547 2.94637e-05)
(0.201064 0.00232444 2.95237e-05)
(0.201054 0.0022531 2.95885e-05)
(0.201051 0.00218149 2.96239e-05)
(0.201041 0.00211098 2.96535e-05)
(0.201038 0.00204172 2.96963e-05)
(0.201026 0.00197494 2.97326e-05)
(0.201026 0.00190983 2.97497e-05)
(0.201018 0.0018451 2.97647e-05)
(0.201021 0.00177871 2.97683e-05)
(0.201012 0.00171058 2.97462e-05)
(0.201014 0.00164217 2.96986e-05)
(0.201002 0.0015741 2.96322e-05)
(0.201004 0.00150829 2.95338e-05)
(0.20099 0.00144261 2.93988e-05)
(0.200994 0.00137933 2.92185e-05)
(0.20098 0.00131436 2.89837e-05)
(0.200985 0.00125212 2.86813e-05)
(0.200969 0.00118665 2.83042e-05)
(0.200975 0.00112428 2.78374e-05)
(0.200955 0.00105704 2.72743e-05)
(0.200961 0.000994328 2.65984e-05)
(0.200935 0.000926361 2.58024e-05)
(0.20094 0.000865418 2.48727e-05)
(0.20091 0.000799274 2.38117e-05)
(0.200917 0.000742521 2.26069e-05)
(0.200883 0.000680133 2.12755e-05)
(0.200892 0.000628407 1.98263e-05)
(0.200853 0.000570137 1.83031e-05)
(0.200863 0.000522403 1.67636e-05)
(0.200819 0.000467768 1.53339e-05)
(0.200827 0.0004219 1.41773e-05)
(0.200778 0.000370339 1.35776e-05)
(0.200784 0.000325404 1.3904e-05)
(0.200736 0.000277674 1.54749e-05)
(0.200744 0.000233151 1.76217e-05)
(0.200693 0.00018584 1.66382e-05)
(0.200678 0.000139417 4.8161e-06)
(0.200583 9.65825e-05 -2.32623e-05)
(0.200515 6.97996e-05 -6.32114e-05)
(0.200392 5.76335e-05 -0.000108036)
(0.200333 7.51694e-05 -0.000155355)
(0.200253 0.00010109 -0.000196407)
(0.200268 0.000153051 -0.000219713)
(0.200257 0.000188027 -0.000218949)
(0.200324 0.000232907 -0.000199026)
(0.200331 0.0002445 -0.00016833)
(0.200405 0.000257204 -0.000134243)
(0.200414 0.000236441 -9.77935e-05)
(0.200548 0.000196906 -5.64388e-05)
(0.200641 9.44483e-05 -1.36222e-05)
(0.19878 0.00406824 -8.08967e-07)
(0.198828 0.00426571 -2.32352e-06)
(0.198881 0.00446076 -3.76261e-06)
(0.198942 0.00465202 -5.06886e-06)
(0.199016 0.00483676 -6.17567e-06)
(0.199104 0.00501143 -7.01008e-06)
(0.199209 0.00517255 -7.50851e-06)
(0.199328 0.00531682 -7.6255e-06)
(0.199459 0.00544151 -7.33848e-06)
(0.199599 0.00554454 -6.64755e-06)
(0.199744 0.00562474 -5.57132e-06)
(0.199893 0.00568146 -4.14237e-06)
(0.200041 0.00571495 -2.3972e-06)
(0.200186 0.0057255 -3.69663e-07)
(0.200327 0.00571349 1.90135e-06)
(0.200461 0.00567978 4.37009e-06)
(0.200588 0.00562543 6.97981e-06)
(0.200706 0.00555184 9.64409e-06)
(0.200814 0.00546142 1.22702e-05)
(0.200908 0.00535657 1.47843e-05)
(0.200992 0.00523974 1.71146e-05)
(0.201061 0.00511381 1.91849e-05)
(0.201119 0.00498237 2.09507e-05)
(0.201163 0.00484815 2.24115e-05)
(0.201196 0.0047132 2.35764e-05)
(0.201215 0.00457919 2.44528e-05)
(0.201228 0.00444782 2.50651e-05)
(0.201231 0.00432022 2.54534e-05)
(0.201229 0.00419722 2.56618e-05)
(0.20122 0.00407892 2.574e-05)
(0.201209 0.00396528 2.57262e-05)
(0.201195 0.00385622 2.56458e-05)
(0.201181 0.00375191 2.55313e-05)
(0.201163 0.00365162 2.54134e-05)
(0.201147 0.00355491 2.53044e-05)
(0.201129 0.00346135 2.52036e-05)
(0.201115 0.00337084 2.51057e-05)
(0.2011 0.00328319 2.50239e-05)
(0.201086 0.00319776 2.49809e-05)
(0.20107 0.00311365 2.49681e-05)
(0.20106 0.00303093 2.49505e-05)
(0.201048 0.00294977 2.4919e-05)
(0.201039 0.00287027 2.4902e-05)
(0.201026 0.00279201 2.49223e-05)
(0.201018 0.00271452 2.49436e-05)
(0.201007 0.00263854 2.49326e-05)
(0.201 0.0025643 2.49226e-05)
(0.20099 0.00249125 2.49383e-05)
(0.200985 0.00241856 2.49361e-05)
(0.200977 0.00234667 2.49091e-05)
(0.200974 0.00227478 2.48935e-05)
(0.200966 0.00220293 2.48821e-05)
(0.200964 0.00213096 2.48424e-05)
(0.200956 0.00206017 2.47957e-05)
(0.200953 0.00199017 2.47584e-05)
(0.200944 0.00192195 2.47109e-05)
(0.200943 0.00185496 2.4641e-05)
(0.200937 0.00178853 2.45669e-05)
(0.200938 0.00172117 2.44793e-05)
(0.200932 0.00165263 2.43641e-05)
(0.200933 0.00158411 2.42207e-05)
(0.200924 0.0015154 2.40538e-05)
(0.200925 0.00144871 2.38479e-05)
(0.200915 0.00138159 2.35998e-05)
(0.200918 0.00131706 2.33e-05)
(0.200907 0.00125054 2.29392e-05)
(0.200911 0.0011872 2.25032e-05)
(0.2009 0.00112034 2.19849e-05)
(0.200904 0.00105725 2.13654e-05)
(0.20089 0.000988967 2.06387e-05)
(0.200895 0.000925831 1.9786e-05)
(0.200876 0.000856629 1.87987e-05)
(0.20088 0.000794767 1.76602e-05)
(0.200857 0.000726482 1.63743e-05)
(0.200862 0.000667787 1.49282e-05)
(0.200836 0.000602431 1.33447e-05)
(0.200842 0.000548069 1.16472e-05)
(0.200814 0.000486778 9.90234e-06)
(0.200821 0.000436044 8.20688e-06)
(0.200789 0.000378716 6.75804e-06)
(0.200796 0.000329036 5.84606e-06)
(0.200761 0.000274389 5.9561e-06)
(0.200766 0.000223026 7.72378e-06)
(0.200731 0.000168519 1.15369e-05)
(0.200731 0.000108195 1.5765e-05)
(0.200689 4.12899e-05 1.32367e-05)
(0.200671 -3.26654e-05 -1.09887e-05)
(0.200609 -9.20519e-05 -6.68017e-05)
(0.20057 -0.000111258 -0.000144833)
(0.200506 -7.53563e-05 -0.000228355)
(0.200481 2.66329e-05 -0.000309828)
(0.200448 0.000166273 -0.000377491)
(0.200468 0.000341087 -0.000406045)
(0.200469 0.000484093 -0.000384252)
(0.20051 0.000607536 -0.000324089)
(0.200512 0.000665621 -0.000248061)
(0.20055 0.000691224 -0.000174279)
(0.20055 0.000649883 -0.000106966)
(0.200598 0.000507038 -4.36656e-05)
(0.200613 0.000207072 -3.06165e-06)
(0.198964 0.00402876 -6.79352e-07)
(0.199007 0.00421161 -1.94579e-06)
(0.199054 0.00439105 -3.13878e-06)
(0.199108 0.00456597 -4.21718e-06)
(0.199172 0.00473443 -5.13556e-06)
(0.199247 0.00489381 -5.83948e-06)
(0.199335 0.00504123 -6.27842e-06)
(0.199434 0.00517394 -6.4153e-06)
(0.199542 0.00528957 -6.23071e-06)
(0.199658 0.00538629 -5.72237e-06)
(0.199779 0.00546302 -4.90039e-06)
(0.199903 0.00551908 -3.785e-06)
(0.200028 0.00555435 -2.4047e-06)
(0.200149 0.00556906 -7.91584e-07)
(0.200267 0.00556351 1.01603e-06)
(0.20038 0.00553867 2.97497e-06)
(0.200488 0.00549574 5.04286e-06)
(0.200588 0.00543588 7.16827e-06)
(0.200681 0.00536065 9.28825e-06)
(0.200763 0.00527202 1.13343e-05)
(0.200836 0.00517248 1.32467e-05)
(0.2009 0.00506477 1.49891e-05)
(0.200955 0.0049513 1.65477e-05)
(0.200997 0.00483361 1.79057e-05)
(0.201029 0.00471325 1.90298e-05)
(0.201052 0.00459236 1.9908e-05)
(0.201067 0.00447288 2.0577e-05)
(0.201075 0.0043556 2.10801e-05)
(0.201078 0.004241 2.14306e-05)
(0.201073 0.00412956 2.16444e-05)
(0.201066 0.00402153 2.17548e-05)
(0.201058 0.00391711 2.17947e-05)
(0.201048 0.00381646 2.17921e-05)
(0.201035 0.00371907 2.17636e-05)
(0.201021 0.00362457 2.17137e-05)
(0.201008 0.00353289 2.16516e-05)
(0.200996 0.00344389 2.1589e-05)
(0.200984 0.00335743 2.15344e-05)
(0.200972 0.00327288 2.14892e-05)
(0.200959 0.00318981 2.14499e-05)
(0.20095 0.00310824 2.14132e-05)
(0.20094 0.0030283 2.13784e-05)
(0.200932 0.00294979 2.13488e-05)
(0.200921 0.00287258 2.13329e-05)
(0.200913 0.00279619 2.13161e-05)
(0.200905 0.00272136 2.1283e-05)
(0.200899 0.00264802 2.12524e-05)
(0.200891 0.00257576 2.12342e-05)
(0.200886 0.00250374 2.1201e-05)
(0.20088 0.00243272 2.11541e-05)
(0.200877 0.00236178 2.11156e-05)
(0.20087 0.00229113 2.10739e-05)
(0.200868 0.00222055 2.10086e-05)
(0.200862 0.00215121 2.0939e-05)
(0.200859 0.00208245 2.08741e-05)
(0.200853 0.00201503 2.07957e-05)
(0.200851 0.00194858 2.06979e-05)
(0.200847 0.00188271 2.05958e-05)
(0.200847 0.00181649 2.04813e-05)
(0.200842 0.00174945 2.03422e-05)
(0.200842 0.00168284 2.01797e-05)
(0.200836 0.00161565 1.9996e-05)
(0.200836 0.00155043 1.97781e-05)
(0.200829 0.00148431 1.95242e-05)
(0.20083 0.00142103 1.92275e-05)
(0.200822 0.00135546 1.88802e-05)
(0.200825 0.00129357 1.84717e-05)
(0.200816 0.00122783 1.7997e-05)
(0.200819 0.00116663 1.74399e-05)
(0.200809 0.00109991 1.67976e-05)
(0.200812 0.00103914 1.60549e-05)
(0.200798 0.00097161 1.52039e-05)
(0.2008 0.000912059 1.42302e-05)
(0.200783 0.000845003 1.31345e-05)
(0.200785 0.0007881 1.19022e-05)
(0.200764 0.000723551 1.05451e-05)
(0.200767 0.000670612 9.07091e-06)
(0.200745 0.000610341 7.51083e-06)
(0.200749 0.000560927 5.90334e-06)
(0.200724 0.000505164 4.34181e-06)
(0.200727 0.000456235 2.93479e-06)
(0.2007 0.000403077 1.83509e-06)
(0.2007 0.000350812 1.06867e-06)
(0.20067 0.000297318 1.32291e-07)
(0.200662 0.000237594 -2.98756e-06)
(0.200625 0.00018017 -1.27644e-05)
(0.20061 0.00012164 -3.53161e-05)
(0.200582 8.53725e-05 -7.21302e-05)
(0.200579 8.10651e-05 -0.000116745)
(0.200568 0.000116538 -0.000161263)
(0.200578 0.000197738 -0.000201337)
(0.200574 0.000295743 -0.000228927)
(0.200582 0.000417513 -0.000230725)
(0.200566 0.000503238 -0.000203327)
(0.200565 0.000577025 -0.00015596)
(0.20054 0.000593473 -0.000102738)
(0.200536 0.000587487 -5.43463e-05)
(0.200508 0.000525403 -1.51137e-05)
(0.200469 0.000395439 1.15769e-05)
(0.200397 0.000172727 1.03846e-05)
(0.199147 0.00399272 -5.52456e-07)
(0.199184 0.00416192 -1.57747e-06)
(0.199225 0.00432713 -2.53638e-06)
(0.199271 0.00448729 -3.39882e-06)
(0.199323 0.00464096 -4.13482e-06)
(0.199384 0.00478624 -4.70684e-06)
(0.199456 0.0049209 -5.07776e-06)
(0.199536 0.00504272 -5.21941e-06)
(0.199623 0.00514971 -5.11621e-06)
(0.199716 0.00524032 -4.76475e-06)
(0.199814 0.00531363 -4.17009e-06)
(0.199914 0.00536906 -3.34363e-06)
(0.200015 0.0054063 -2.30544e-06)
(0.200114 0.00542544 -1.08264e-06)
(0.20021 0.00542676 2.93889e-07)
(0.200302 0.00541103 1.79107e-06)
(0.200391 0.00537935 3.37751e-06)
(0.200474 0.00533275 5.02279e-06)
(0.200551 0.00527237 6.68496e-06)
(0.200621 0.00519989 8.31758e-06)
(0.200684 0.00511721 9.89001e-06)
(0.200741 0.00502601 1.13826e-05)
(0.200789 0.00492764 1.2765e-05)
(0.200828 0.00482375 1.39993e-05)
(0.200858 0.00471617 1.50606e-05)
(0.200881 0.00460671 1.59494e-05)
(0.200898 0.00449678 1.66859e-05)
(0.200909 0.00438713 1.72862e-05)
(0.200914 0.00427837 1.77509e-05)
(0.200913 0.00417128 1.8086e-05)
(0.20091 0.00406639 1.83165e-05)
(0.200905 0.00396428 1.84745e-05)
(0.200899 0.00386504 1.85845e-05)
(0.200889 0.00376829 1.86555e-05)
(0.200879 0.00367368 1.86876e-05)
(0.200869 0.00358149 1.86907e-05)
(0.20086 0.00349185 1.86844e-05)
(0.200851 0.00340462 1.86785e-05)
(0.200841 0.00331902 1.86654e-05)
(0.20083 0.00323493 1.86461e-05)
(0.200823 0.00315232 1.86341e-05)
(0.200816 0.00307139 1.86272e-05)
(0.200808 0.00299189 1.86145e-05)
(0.200799 0.00291384 1.86012e-05)
(0.200793 0.00283668 1.85889e-05)
(0.200787 0.00276114 1.8576e-05)
(0.200782 0.00268689 1.85682e-05)
(0.200775 0.00261354 1.85587e-05)
(0.200771 0.00254048 1.85341e-05)
(0.200766 0.00246861 1.85074e-05)
(0.200763 0.00239692 1.84891e-05)
(0.200758 0.00232564 1.84621e-05)
(0.200756 0.00225471 1.84186e-05)
(0.200752 0.00218501 1.83761e-05)
(0.200749 0.00211587 1.83348e-05)
(0.200745 0.00204773 1.82804e-05)
(0.200744 0.00198053 1.82143e-05)
(0.20074 0.00191379 1.81456e-05)
(0.20074 0.00184724 1.80659e-05)
(0.200736 0.00178003 1.79688e-05)
(0.200736 0.00171372 1.78571e-05)
(0.200731 0.00164642 1.7729e-05)
(0.200731 0.00158125 1.75768e-05)
(0.200725 0.00151467 1.73998e-05)
(0.200726 0.00145127 1.71929e-05)
(0.20072 0.00138517 1.69507e-05)
(0.200722 0.0013234 1.66677e-05)
(0.200715 0.00125733 1.63387e-05)
(0.200718 0.00119676 1.59536e-05)
(0.20071 0.00113024 1.55112e-05)
(0.200712 0.00107078 1.50006e-05)
(0.200701 0.00100385 1.44155e-05)
(0.200703 0.000945935 1.37479e-05)
(0.200689 0.000879421 1.29926e-05)
(0.200691 0.000824015 1.21354e-05)
(0.200673 0.000759974 1.11766e-05)
(0.200676 0.000708428 1.01045e-05)
(0.200656 0.000649188 8.90994e-06)
(0.200659 0.000601431 7.57327e-06)
(0.200638 0.000547715 6.07211e-06)
(0.20064 0.0005006 4.3259e-06)
(0.200617 0.000450731 2.1715e-06)
(0.200615 0.000401127 -7.87683e-07)
(0.200588 0.000355013 -5.2989e-06)
(0.200579 0.000305976 -1.23432e-05)
(0.200552 0.000269957 -2.2138e-05)
(0.200548 0.000236302 -3.2407e-05)
(0.200541 0.000222594 -4.01104e-05)
(0.200557 0.000216229 -4.48081e-05)
(0.200567 0.000218852 -4.74912e-05)
(0.200585 0.00023381 -4.67664e-05)
(0.200586 0.000239573 -4.05154e-05)
(0.200585 0.000260659 -3.08274e-05)
(0.200558 0.000257452 -2.03083e-05)
(0.200536 0.000266355 -1.02121e-05)
(0.200494 0.000245643 -4.87711e-07)
(0.200464 0.000224337 8.42327e-06)
(0.200415 0.00017706 1.44974e-05)
(0.200358 0.000120928 1.37215e-05)
(0.200284 7.0575e-05 5.23264e-06)
(0.199329 0.00395971 -4.28184e-07)
(0.199359 0.00411646 -1.21902e-06)
(0.199392 0.0042689 -1.95536e-06)
(0.199428 0.00441609 -2.61581e-06)
(0.199469 0.00455692 -3.18068e-06)
(0.199517 0.00469 -3.62495e-06)
(0.199572 0.00481357 -3.9233e-06)
(0.199634 0.00492591 -4.05612e-06)
(0.199701 0.00502539 -4.01164e-06)
(0.199772 0.00511076 -3.78528e-06)
(0.199848 0.00518113 -3.37814e-06)
(0.199925 0.00523599 -2.79705e-06)
(0.200003 0.00527496 -2.05641e-06)
(0.20008 0.00529806 -1.17638e-06)
(0.200154 0.00530551 -1.77934e-07)
(0.200226 0.00529786 9.17541e-07)
(0.200296 0.00527602 2.08808e-06)
(0.200362 0.00524095 3.31395e-06)
(0.200424 0.00519349 4.57256e-06)
(0.200481 0.00513462 5.83983e-06)
(0.200533 0.00506541 7.09392e-06)
(0.200579 0.00498702 8.3059e-06)
(0.20062 0.00490103 9.44117e-06)
(0.200653 0.00480928 1.04799e-05)
(0.20068 0.00471277 1.14142e-05)
(0.200701 0.00461262 1.22323e-05)
(0.200718 0.00451034 1.29265e-05)
(0.200729 0.0044073 1.35025e-05)
(0.200735 0.00430423 1.39702e-05)
(0.200736 0.00420159 1.43378e-05)
(0.200736 0.00409994 1.46189e-05)
(0.200735 0.00400019 1.48328e-05)
(0.200732 0.00390251 1.49883e-05)
(0.200726 0.00380692 1.50894e-05)
(0.200718 0.00371322 1.51532e-05)
(0.200711 0.00362145 1.51991e-05)
(0.200707 0.00353183 1.52329e-05)
(0.2007 0.00344436 1.52481e-05)
(0.200692 0.00335845 1.5238e-05)
(0.200684 0.00327418 1.52207e-05)
(0.200679 0.00319141 1.522e-05)
(0.200674 0.00311027 1.52228e-05)
(0.200669 0.0030307 1.52069e-05)
(0.200661 0.00295267 1.51826e-05)
(0.200656 0.00287556 1.51667e-05)
(0.200653 0.00279999 1.51583e-05)
(0.200649 0.00272572 1.51482e-05)
(0.200643 0.00265226 1.5128e-05)
(0.20064 0.00257922 1.51009e-05)
(0.200637 0.00250737 1.50787e-05)
(0.200635 0.0024359 1.50587e-05)
(0.200631 0.00236484 1.50299e-05)
(0.200629 0.00229438 1.49945e-05)
(0.200627 0.00222503 1.49602e-05)
(0.200625 0.00215641 1.49222e-05)
(0.200622 0.0020885 1.48754e-05)
(0.200622 0.00202167 1.48245e-05)
(0.200619 0.0019551 1.47702e-05)
(0.200619 0.00188919 1.47056e-05)
(0.200616 0.00182258 1.46313e-05)
(0.200616 0.00175725 1.45492e-05)
(0.200612 0.00169056 1.44539e-05)
(0.200612 0.00162624 1.43424e-05)
(0.200608 0.00155999 1.4216e-05)
(0.200609 0.00149723 1.40692e-05)
(0.200604 0.00143132 1.38991e-05)
(0.200606 0.00137029 1.37043e-05)
(0.2006 0.00130447 1.34798e-05)
(0.200603 0.00124501 1.322e-05)
(0.200596 0.00117911 1.29247e-05)
(0.200599 0.00112127 1.25864e-05)
(0.20059 0.00105527 1.22007e-05)
(0.200593 0.000999219 1.17641e-05)
(0.200581 0.000933579 1.12703e-05)
(0.200583 0.000879777 1.07072e-05)
(0.200569 0.000816397 1.00704e-05)
(0.200571 0.000766074 9.343e-06)
(0.200555 0.000707588 8.50328e-06)
(0.200557 0.000660831 7.51505e-06)
(0.200539 0.000608426 6.32482e-06)
(0.200541 0.000562255 4.81814e-06)
(0.200521 0.000515074 2.82101e-06)
(0.20052 0.000467927 7.60805e-08)
(0.200499 0.000428804 -3.63506e-06)
(0.200495 0.000387666 -8.0677e-06)
(0.200479 0.000364946 -1.17969e-05)
(0.200483 0.000339575 -1.20352e-05)
(0.200482 0.000327068 -6.95321e-06)
(0.200496 0.000304941 2.10969e-06)
(0.200502 0.000276912 1.28157e-05)
(0.200513 0.000246186 2.4721e-05)
(0.200507 0.000197568 3.71335e-05)
(0.200502 0.000163981 4.57339e-05)
(0.200474 0.000112919 4.76289e-05)
(0.200453 8.79179e-05 4.33032e-05)
(0.200413 5.0639e-05 3.55081e-05)
(0.200386 3.00967e-05 2.65675e-05)
(0.200342 8.43132e-06 1.68461e-05)
(0.200311 1.13159e-05 6.23463e-06)
(0.200271 4.07259e-05 -4.58071e-07)
(0.19951 0.00393105 -3.06514e-07)
(0.199532 0.00407726 -8.70514e-07)
(0.199556 0.00421897 -1.39423e-06)
(0.199582 0.00435552 -1.86394e-06)
(0.199612 0.004486 -2.26692e-06)
(0.199646 0.00460928 -2.58684e-06)
(0.199685 0.00472392 -2.80756e-06)
(0.199729 0.00482858 -2.91691e-06)
(0.199777 0.00492193 -2.90717e-06)
(0.199827 0.00500299 -2.77348e-06)
(0.199881 0.00507089 -2.51414e-06)
(0.199936 0.00512505 -2.13344e-06)
(0.199992 0.00516515 -1.64237e-06)
(0.200047 0.00519121 -1.05517e-06)
(0.2001 0.00520345 -3.84112e-07)
(0.200153 0.00520236 3.61477e-07)
(0.200204 0.00518839 1.17055e-06)
(0.200253 0.00516219 2.0281e-06)
(0.200299 0.00512432 2.91735e-06)
(0.20034 0.00507549 3.82172e-06)
(0.200379 0.00501666 4.726e-06)
(0.200415 0.00494905 5.6128e-06)
(0.200447 0.00487385 6.46062e-06)
(0.200473 0.00479221 7.24988e-06)
(0.200493 0.00470479 7.96697e-06)
(0.20051 0.00461297 8.60669e-06)
(0.200525 0.00451837 9.16934e-06)
(0.200536 0.00442215 9.65047e-06)
(0.200542 0.00432505 1.00443e-05)
(0.200545 0.00422769 1.03605e-05)
(0.200546 0.00413053 1.06242e-05)
(0.200548 0.00403422 1.08485e-05)
(0.200548 0.00393895 1.10169e-05)
(0.200544 0.00384532 1.11193e-05)
(0.200539 0.00375353 1.11872e-05)
(0.200536 0.00366329 1.12581e-05)
(0.200534 0.00357447 1.13276e-05)
(0.20053 0.00348733 1.13633e-05)
(0.200525 0.00340179 1.13568e-05)
(0.20052 0.00331803 1.13459e-05)
(0.200517 0.00323568 1.1364e-05)
(0.200514 0.00315456 1.13891e-05)
(0.200511 0.00307487 1.13814e-05)
(0.200506 0.0029969 1.13508e-05)
(0.200502 0.0029201 1.1339e-05)
(0.200501 0.00284456 1.1349e-05)
(0.200499 0.00277016 1.13434e-05)
(0.200494 0.00269671 1.13164e-05)
(0.200493 0.00262384 1.13005e-05)
(0.200491 0.00255178 1.12959e-05)
(0.20049 0.00248023 1.12768e-05)
(0.200487 0.00240926 1.12498e-05)
(0.200487 0.00233898 1.12326e-05)
(0.200485 0.00226956 1.12133e-05)
(0.200484 0.00220113 1.11808e-05)
(0.200482 0.00213331 1.11476e-05)
(0.200483 0.00206664 1.11184e-05)
(0.200481 0.00200003 1.10818e-05)
(0.200481 0.00193448 1.10349e-05)
(0.200479 0.00186815 1.09861e-05)
(0.20048 0.00180334 1.09333e-05)
(0.200477 0.00173694 1.08696e-05)
(0.200478 0.00167307 1.0796e-05)
(0.200475 0.00160684 1.07139e-05)
(0.200476 0.00154435 1.06187e-05)
(0.200472 0.00147825 1.05087e-05)
(0.200474 0.00141745 1.03838e-05)
(0.20047 0.00135139 1.02411e-05)
(0.200472 0.00129242 1.00775e-05)
(0.200467 0.00122648 9.8922e-06)
(0.20047 0.00116958 9.68036e-06)
(0.200464 0.00110379 9.44015e-06)
(0.200466 0.00104891 9.16895e-06)
(0.200457 0.000983478 8.86229e-06)
(0.20046 0.000930702 8.51381e-06)
(0.200449 0.000867266 8.11793e-06)
(0.200451 0.000817593 7.66228e-06)
(0.200439 0.000759012 7.13312e-06)
(0.200441 0.000712551 6.50857e-06)
(0.200427 0.000660386 5.75998e-06)
(0.200429 0.000614434 4.84163e-06)
(0.200413 0.0005685 3.71558e-06)
(0.200414 0.00052222 2.38907e-06)
(0.2004 0.000485969 1.03179e-06)
(0.200402 0.000445271 1.38187e-07)
(0.200393 0.000422275 5.74448e-07)
(0.200399 0.000389825 3.20231e-06)
(0.200396 0.000367649 8.12554e-06)
(0.200404 0.000332299 1.45393e-05)
(0.2004 0.000291527 2.15525e-05)
(0.200404 0.000250004 2.85858e-05)
(0.200392 0.000192852 3.4547e-05)
(0.200387 0.000156646 3.73817e-05)
(0.200364 0.00010405 3.59384e-05)
(0.200352 8.19896e-05 3.06889e-05)
(0.200324 4.85172e-05 2.31676e-05)
(0.200311 3.65199e-05 1.48982e-05)
(0.200283 2.576e-05 6.98459e-06)
(0.200274 3.89013e-05 8.71649e-07)
(0.200255 6.13804e-05 -9.70305e-07)
(0.199692 0.00390969 -1.85972e-07)
(0.199705 0.00404802 -5.27248e-07)
(0.199719 0.00418174 -8.43741e-07)
(0.199735 0.00431047 -1.12801e-06)
(0.199752 0.00443347 -1.37272e-06)
(0.199772 0.00454974 -1.56823e-06)
(0.199796 0.00465797 -1.70536e-06)
(0.199822 0.00475698 -1.77779e-06)
(0.199851 0.00484574 -1.78157e-06)
(0.199881 0.00492345 -1.71315e-06)
(0.199913 0.00498928 -1.57023e-06)
(0.199947 0.00504267 -1.35495e-06)
(0.199981 0.00508324 -1.07474e-06)
(0.200014 0.0051111 -7.38581e-07)
(0.200047 0.0051265 -3.51533e-07)
(0.200079 0.00512974 8.47662e-08)
(0.200111 0.00512093 5.65096e-07)
(0.200142 0.0051005 1.0774e-06)
(0.20017 0.00506909 1.6077e-06)
(0.200197 0.00502756 2.14748e-06)
(0.200222 0.00497671 2.69448e-06)
(0.200246 0.00491713 3.24312e-06)
(0.200267 0.00484925 3.77388e-06)
(0.200284 0.00477442 4.26076e-06)
(0.200297 0.00469454 4.69726e-06)
(0.200309 0.00461095 5.10056e-06)
(0.200321 0.00452374 5.47811e-06)
(0.200329 0.00443333 5.80963e-06)
(0.200335 0.00434105 6.07355e-06)
(0.200338 0.00424854 6.28027e-06)
(0.20034 0.0041563 6.46456e-06)
(0.200343 0.00406407 6.63897e-06)
(0.200345 0.00397184 6.7773e-06)
(0.200344 0.00388056 6.86028e-06)
(0.200342 0.00379094 6.91176e-06)
(0.200341 0.00370284 6.9722e-06)
(0.200342 0.00361558 7.04429e-06)
(0.200341 0.00352919 7.08836e-06)
(0.200338 0.00344431 7.08794e-06)
(0.200336 0.00336135 7.0811e-06)
(0.200335 0.00327976 7.10344e-06)
(0.200335 0.00319908 7.13858e-06)
(0.200334 0.00311942 7.1432e-06)
(0.200331 0.00304151 7.11503e-06)
(0.20033 0.00296533 7.10619e-06)
(0.20033 0.00288999 7.13079e-06)
(0.20033 0.00281518 7.13373e-06)
(0.200327 0.00274162 7.10495e-06)
(0.200327 0.00266907 7.09741e-06)
(0.200327 0.00259669 7.10829e-06)
(0.200326 0.00252482 7.09341e-06)
(0.200325 0.00245389 7.06889e-06)
(0.200326 0.00238374 7.06605e-06)
(0.200325 0.00231399 7.06139e-06)
(0.200325 0.00224548 7.03626e-06)
(0.200324 0.00217767 7.01464e-06)
(0.200326 0.00211099 7.00332e-06)
(0.200325 0.00204416 6.98215e-06)
(0.200326 0.00197877 6.95133e-06)
(0.200325 0.00191253 6.92401e-06)
(0.200326 0.00184792 6.89488e-06)
(0.200325 0.00178159 6.85722e-06)
(0.200326 0.00171794 6.81504e-06)
(0.200324 0.00165157 6.76852e-06)
(0.200325 0.00158916 6.71394e-06)
(0.200323 0.00152276 6.65191e-06)
(0.200325 0.00146194 6.58117e-06)
(0.200322 0.00139553 6.50028e-06)
(0.200324 0.00133672 6.40953e-06)
(0.200321 0.00127048 6.30633e-06)
(0.200324 0.00121407 6.18795e-06)
(0.20032 0.00114817 6.05528e-06)
(0.200322 0.00109394 5.90561e-06)
(0.200317 0.00102839 5.73576e-06)
(0.200319 0.000976188 5.54492e-06)
(0.200312 0.000912468 5.33001e-06)
(0.200314 0.000863 5.08267e-06)
(0.200306 0.00080409 4.80035e-06)
(0.200308 0.00075751 4.47952e-06)
(0.200299 0.000705071 4.11608e-06)
(0.200301 0.000658629 3.7164e-06)
(0.200291 0.000612623 3.31576e-06)
(0.200294 0.000564933 2.98897e-06)
(0.200285 0.000527591 2.88748e-06)
(0.200288 0.000482361 3.23306e-06)
(0.200283 0.000453711 4.22372e-06)
(0.200287 0.000411615 5.88666e-06)
(0.200284 0.000380826 8.0257e-06)
(0.200287 0.000338086 1.03786e-05)
(0.200282 0.000294649 1.27354e-05)
(0.200282 0.000254995 1.48108e-05)
(0.200273 0.000204381 1.60618e-05)
(0.20027 0.000178531 1.58377e-05)
(0.200256 0.000136368 1.39707e-05)
(0.20025 0.000124488 1.08506e-05)
(0.200234 9.78309e-05 7.17889e-06)
(0.200229 8.93717e-05 3.68289e-06)
(0.200214 7.73656e-05 1.02614e-06)
(0.200212 7.92478e-05 -2.4647e-07)
(0.200202 8.09753e-05 -1.6802e-07)
(0.199876 0.00389863 -6.28165e-08)
(0.19988 0.00403262 -1.77917e-07)
(0.199884 0.0041619 -2.84583e-07)
(0.199888 0.00428627 -3.80496e-07)
(0.199894 0.00440512 -4.63235e-07)
(0.1999 0.00451746 -5.29532e-07)
(0.199907 0.00462207 -5.76376e-07)
(0.199915 0.00471781 -6.01844e-07)
(0.199924 0.00480381 -6.04826e-07)
(0.199934 0.00487942 -5.8404e-07)
(0.199945 0.00494382 -5.38422e-07)
(0.199956 0.00499643 -4.68553e-07)
(0.199968 0.00503684 -3.772e-07)
(0.199979 0.00506525 -2.67572e-07)
(0.19999 0.00508198 -1.40732e-07)
(0.200002 0.00508717 3.4863e-09)
(0.200013 0.00508085 1.63533e-07)
(0.200024 0.00506329 3.34974e-07)
(0.200035 0.00503502 5.12343e-07)
(0.200045 0.00499706 6.9319e-07)
(0.200055 0.00494996 8.77377e-07)
(0.200063 0.0048943 1.06208e-06)
(0.200071 0.00483083 1.24067e-06)
(0.200079 0.00476069 1.40618e-06)
(0.200086 0.00468525 1.55722e-06)
(0.200092 0.00460553 1.69761e-06)
(0.200096 0.00452203 1.82777e-06)
(0.2001 0.00443568 1.9427e-06)
(0.200104 0.0043473 2.03721e-06)
(0.200107 0.00425808 2.11284e-06)
(0.200109 0.00416884 2.18031e-06)
(0.200112 0.00407927 2.24502e-06)
(0.200114 0.00398938 2.29778e-06)
(0.200115 0.00390013 2.33043e-06)
(0.200116 0.00381227 2.34992e-06)
(0.200117 0.003726 2.37275e-06)
(0.200119 0.00364042 2.40317e-06)
(0.20012 0.00355502 2.42383e-06)
(0.200121 0.00347105 2.42461e-06)
(0.200121 0.00338914 2.42135e-06)
(0.200122 0.00330866 2.43049e-06)
(0.200124 0.00322892 2.44713e-06)
(0.200125 0.00314984 2.45194e-06)
(0.200125 0.00307235 2.43984e-06)
(0.200126 0.0029972 2.43503e-06)
(0.200127 0.00292269 2.44807e-06)
(0.200129 0.0028481 2.4515e-06)
(0.200129 0.00277495 2.43789e-06)
(0.20013 0.00270329 2.43508e-06)
(0.200131 0.00263128 2.44307e-06)
(0.200133 0.00255953 2.43773e-06)
(0.200133 0.00248907 2.42652e-06)
(0.200135 0.0024195 2.42712e-06)
(0.200136 0.00234993 2.42783e-06)
(0.200137 0.00228168 2.41776e-06)
(0.200138 0.00221438 2.40948e-06)
(0.20014 0.00214811 2.40743e-06)
(0.200141 0.00208156 2.40075e-06)
(0.200142 0.00201667 2.38949e-06)
(0.200143 0.00195099 2.38078e-06)
(0.200145 0.00188686 2.37169e-06)
(0.200145 0.00182103 2.35901e-06)
(0.200147 0.0017579 2.34527e-06)
(0.200147 0.00169182 2.3303e-06)
(0.200149 0.00162975 2.31245e-06)
(0.200149 0.00156342 2.29256e-06)
(0.200151 0.00150281 2.26979e-06)
(0.200151 0.00143626 2.2435e-06)
(0.200153 0.00137776 2.21459e-06)
(0.200153 0.00131133 2.18169e-06)
(0.200155 0.00125541 2.14343e-06)
(0.200154 0.00118945 2.1012e-06)
(0.200157 0.00113582 2.05353e-06)
(0.200156 0.00107017 1.99907e-06)
(0.200158 0.00101851 1.9384e-06)
(0.200156 0.000954535 1.871e-06)
(0.200159 0.000905273 1.79353e-06)
(0.200156 0.000845998 1.70666e-06)
(0.200158 0.000799278 1.61225e-06)
(0.200155 0.000746347 1.51155e-06)
(0.200158 0.000699143 1.41322e-06)
(0.200154 0.000652426 1.33732e-06)
(0.200157 0.000602793 1.31288e-06)
(0.200155 0.000563704 1.37901e-06)
(0.200157 0.000514606 1.57596e-06)
(0.200156 0.000482779 1.91632e-06)
(0.200158 0.000435744 2.36669e-06)
(0.200157 0.000402251 2.86684e-06)
(0.200159 0.000356907 3.36398e-06)
(0.200157 0.000313717 3.81008e-06)
(0.200158 0.000275684 4.12219e-06)
(0.200155 0.000228211 4.17468e-06)
(0.200155 0.000206704 3.86238e-06)
(0.20015 0.000167761 3.19506e-06)
(0.200149 0.000158496 2.30294e-06)
(0.200144 0.000132249 1.37448e-06)
(0.200143 0.000122205 6.00976e-07)
(0.200139 0.000106375 1.3774e-07)
(0.200138 9.9683e-05 1.84584e-08)
(0.200135 9.15837e-05 5.00156e-08)
(0.202445 4.70182e-05 0)
(0.197421 -2.1677e-05 0)
(0.202539 5.21362e-05 0)
(0.197258 -1.71026e-05 0)
(0.202539 5.88393e-05 0)
(0.197003 -2.84233e-06 0)
(0.202501 7.59788e-05 0)
(0.196687 1.85269e-05 0)
(0.202437 9.71458e-05 0)
(0.196301 4.4454e-05 0)
(0.202336 0.000124141 0)
(0.19583 7.63673e-05 0)
(0.202189 0.000155871 0)
(0.195254 0.000114103 0)
(0.201984 0.000194947 0)
(0.194549 0.000162391 0)
(0.201695 0.000246816 0)
(0.193671 0.000227014 0)
(0.201277 0.000319488 0)
(0.19254 0.000323691 0)
(0.200637 0.000443958 0)
(0.191015 0.000517256 0)
(0.199637 0.000748441 0)
(0.188933 0.00105346 0)
(0.198285 0.00166949 0)
(0.201428 5.34485e-05 0)
(0.198574 7.18285e-07 0)
(0.201382 6.23196e-05 0)
(0.198544 1.05376e-05 0)
(0.201234 7.66792e-05 0)
(0.198448 4.16384e-05 0)
(0.201024 0.00010959 0)
(0.198315 8.42912e-05 0)
(0.200762 0.000148873 0)
(0.198141 0.000133636 0)
(0.200433 0.000195505 0)
(0.197916 0.000192757 0)
(0.200022 0.000251242 0)
(0.197627 0.000264432 0)
(0.19951 0.000321998 0)
(0.197259 0.000357449 0)
(0.198868 0.000418281 0)
(0.196779 0.000486222 0)
(0.198046 0.00056231 0)
(0.196133 0.000691921 0)
(0.196962 0.000831205 0)
(0.19526 0.00112081 0)
(0.195567 0.0014882 0)
(0.194247 0.00221533 0)
(0.194115 0.00320167 0)
(0.200506 3.96281e-05 0)
(0.199536 2.48736e-05 0)
(0.200432 6.07104e-05 0)
(0.199523 4.64655e-05 0)
(0.200275 8.66451e-05 0)
(0.19944 9.07552e-05 0)
(0.200063 0.000133217 0)
(0.199309 0.0001475 0)
(0.199807 0.000188741 0)
(0.199126 0.000212821 0)
(0.199496 0.000255479 0)
(0.198881 0.000290717 0)
(0.199121 0.000336975 0)
(0.19856 0.000386148 0)
(0.198666 0.000442383 0)
(0.198142 0.000511759 0)
(0.198107 0.0005881 0)
(0.1976 0.000690172 0)
(0.197414 0.000810438 0)
(0.196894 0.000982956 0)
(0.196557 0.00121549 0)
(0.196026 0.00156136 0)
(0.1956 0.00205895 0)
(0.195163 0.00275972 0)
(0.194875 0.00369914 0)
(0.200115 2.67665e-05 0)
(0.1999 4.35068e-05 0)
(0.200068 6.65753e-05 0)
(0.199856 7.91878e-05 0)
(0.19995 0.000106894 0)
(0.199745 0.000133792 0)
(0.19978 0.000167725 0)
(0.199581 0.000202697 0)
(0.199564 0.000240564 0)
(0.199366 0.000283688 0)
(0.199296 0.000328114 0)
(0.19909 0.000381059 0)
(0.198967 0.000435326 0)
(0.198741 0.000502205 0)
(0.198561 0.000573967 0)
(0.198304 0.000663638 0)
(0.198062 0.00076587 0)
(0.19776 0.000896373 0)
(0.197451 0.00105855 0)
(0.1971 0.00127407 0)
(0.19674 0.00156104 0)
(0.196373 0.00194435 0)
(0.196031 0.002448 0)
(0.19575 0.00307697 0)
(0.195563 0.00382094 0)
(0.200018 2.25968e-05 0)
(0.199978 5.33349e-05 0)
(0.199981 8.03132e-05 0)
(0.199919 0.000105373 0)
(0.199883 0.0001362 0)
(0.1998 0.000171479 0)
(0.199732 0.000210843 0)
(0.199629 0.000253923 0)
(0.199532 0.000300819 0)
(0.199408 0.000352511 0)
(0.199282 0.000409323 0)
(0.199132 0.000471874 0)
(0.198972 0.000542235 0)
(0.198789 0.000621356 0)
(0.19859 0.000713987 0)
(0.198369 0.000820918 0)
(0.198127 0.000951264 0)
(0.197865 0.00110753 0)
(0.197584 0.00130562 0)
(0.19729 0.0015511 0)
(0.196994 0.00186485 0)
(0.19671 0.00224984 0)
(0.196457 0.00272113 0)
(0.196259 0.00326426 0)
(0.196136 0.00386949 0)
(0.200002 2.24682e-05 0)
(0.199988 6.0766e-05 0)
(0.199965 9.61763e-05 0)
(0.199925 0.000130051 0)
(0.199874 0.000168207 0)
(0.199809 0.000209861 0)
(0.199732 0.000256907 0)
(0.199642 0.000307288 0)
(0.199541 0.000363988 0)
(0.199427 0.000424869 0)
(0.199301 0.000493573 0)
(0.199161 0.000567635 0)
(0.199005 0.000652531 0)
(0.198835 0.000746639 0)
(0.198647 0.000857416 0)
(0.198444 0.00098419 0)
(0.198224 0.00113714 0)
(0.197992 0.00131749 0)
(0.19775 0.00153803 0)
(0.197506 0.00180093 0)
(0.197267 0.00211847 0)
(0.197049 0.00248884 0)
(0.196862 0.00291734 0)
(0.196722 0.00339093 0)
(0.196646 0.0039044 0)
(0.2 2.40236e-05 0)
(0.199988 6.87962e-05 0)
(0.199963 0.000112368 0)
(0.199926 0.000154916 0)
(0.199876 0.000200931 0)
(0.199815 0.000249953 0)
(0.19974 0.000304633 0)
(0.199656 0.000363431 0)
(0.199559 0.000429228 0)
(0.199451 0.000500478 0)
(0.19933 0.000580257 0)
(0.199198 0.000667141 0)
(0.199052 0.000765496 0)
(0.198894 0.000875363 0)
(0.198722 0.00100239 0)
(0.198539 0.0011477 0)
(0.198344 0.0013183 0)
(0.198144 0.00151625 0)
(0.19794 0.0017488 0)
(0.19774 0.00201752 0)
(0.197551 0.00232747 0)
(0.197384 0.00267646 0)
(0.197247 0.00306442 0)
(0.197153 0.00348283 0)
(0.197114 0.00392651 0)
(0.2 2.64784e-05 0)
(0.199988 7.78023e-05 0)
(0.199963 0.000128875 0)
(0.199928 0.000179862 0)
(0.19988 0.000233894 0)
(0.199823 0.00029106 0)
(0.199753 0.000353706 0)
(0.199674 0.000421346 0)
(0.199582 0.000496318 0)
(0.199481 0.000578076 0)
(0.199368 0.000668831 0)
(0.199246 0.000768335 0)
(0.199112 0.000879822 0)
(0.198968 0.00100425 0)
(0.198814 0.00114576 0)
(0.198652 0.00130596 0)
(0.198484 0.00148944 0)
(0.198315 0.00169774 0)
(0.198146 0.00193489 0)
(0.197986 0.00220128 0)
(0.197838 0.00249864 0)
(0.197713 0.00282406 0)
(0.197615 0.00317569 0)
(0.197556 0.00354724 0)
(0.197543 0.00393307 0)
(0.2 2.93915e-05 0)
(0.199988 8.7578e-05 0)
(0.199965 0.000145662 0)
(0.199932 0.000204884 0)
(0.199887 0.000266804 0)
(0.199834 0.000332578 0)
(0.199769 0.000403407 0)
(0.199696 0.000480259 0)
(0.199612 0.000564391 0)
(0.199519 0.000656623 0)
(0.199416 0.00075796 0)
(0.199305 0.000869617 0)
(0.199183 0.000993133 0)
(0.199056 0.00113046 0)
(0.198921 0.00128366 0)
(0.198782 0.00145497 0)
(0.19864 0.00164638 0)
(0.1985 0.00185956 0)
(0.198364 0.00209553 0)
(0.198238 0.00235482 0)
(0.198124 0.0026365 0)
(0.198033 0.0029385 0)
(0.197965 0.00325703 0)
(0.197932 0.0035877 0)
(0.197937 0.00392385 0)
(0.2 3.25948e-05 0)
(0.199989 9.77868e-05 0)
(0.199967 0.000162846 0)
(0.199937 0.000229972 0)
(0.199896 0.000299688 0)
(0.199848 0.000374072 0)
(0.199789 0.000453326 0)
(0.199723 0.000539326 0)
(0.199647 0.000632653 0)
(0.199564 0.00073505 0)
(0.199472 0.000846584 0)
(0.199373 0.000969315 0)
(0.199267 0.00110354 0)
(0.199157 0.00125159 0)
(0.199042 0.00141386 0)
(0.198925 0.00159268 0)
(0.198808 0.00178821 0)
(0.198695 0.00200198 0)
(0.198588 0.00223306 0)
(0.198491 0.00248191 0)
(0.198407 0.00274616 0)
(0.198342 0.00302444 0)
(0.198298 0.00331237 0)
(0.198282 0.00360688 0)
(0.198297 0.00390124 0)
(0.2 3.52589e-05 0)
(0.19999 0.000105989 0)
(0.19997 0.000176672 0)
(0.199942 0.000249808 0)
(0.199905 0.000325648 0)
(0.199861 0.000406583 0)
(0.199808 0.000492447 0)
(0.199748 0.000585407 0)
(0.19968 0.000685902 0)
(0.199605 0.000795813 0)
(0.199523 0.000914887 0)
(0.199436 0.00104538 0)
(0.199342 0.001187 0)
(0.199246 0.00134188 0)
(0.199145 0.00150963 0)
(0.199046 0.00169223 0)
(0.198947 0.00188896 0)
(0.198853 0.00210096 0)
(0.198765 0.00232647 0)
(0.198687 0.0025656 0)
(0.198621 0.0028154 0)
(0.198572 0.00307481 0)
(0.198542 0.00333959 0)
(0.198535 0.00360753 0)
(0.198553 0.00387227 0)
(0.2 3.72619e-05 0)
(0.199991 0.000112085 0)
(0.199972 0.000186954 0)
(0.199947 0.000264399 0)
(0.199913 0.000344664 0)
(0.199873 0.000430245 0)
(0.199824 0.000520901 0)
(0.199769 0.000618805 0)
(0.199707 0.000724356 0)
(0.19964 0.000839432 0)
(0.199565 0.000963622 0)
(0.199487 0.00109912 0)
(0.199403 0.00124534 0)
(0.199318 0.00140418 0)
(0.199229 0.00157489 0)
(0.199143 0.00175915 0)
(0.199056 0.00195573 0)
(0.198976 0.00216552 0)
(0.198902 0.00238633 0)
(0.198837 0.00261813 0)
(0.198783 0.00285766 0)
(0.198745 0.0031041 0)
(0.198723 0.00335312 0)
(0.198721 0.00360292 0)
(0.19874 0.00384771 0)
(0.2 3.92911e-05 0)
(0.199992 0.000118108 0)
(0.199975 0.000197146 0)
(0.199952 0.000278729 0)
(0.199921 0.000363416 0)
(0.199886 0.000453434 0)
(0.199842 0.000548828 0)
(0.199794 0.00065147 0)
(0.199739 0.000761947 0)
(0.199679 0.000881811 0)
(0.199613 0.00101086 0)
(0.199545 0.00115073 0)
(0.199472 0.00130105 0)
(0.199397 0.00146303 0)
(0.199321 0.00163606 0)
(0.199247 0.0018211 0)
(0.199174 0.00201699 0)
(0.199107 0.00222391 0)
(0.199046 0.00243986 0)
(0.198993 0.00266417 0)
(0.19895 0.0028941 0)
(0.198921 0.00312828 0)
(0.198906 0.00336309 0)
(0.198908 0.00359642 0)
(0.198927 0.00382418 0)
(0.2 4.12717e-05 0)
(0.199993 0.000123902 0)
(0.199978 0.000206982 0)
(0.199958 0.000292497 0)
(0.199932 0.000381508 0)
(0.199901 0.000475749 0)
(0.199863 0.000575697 0)
(0.199822 0.000682891 0)
(0.199774 0.000798089 0)
(0.199723 0.000922357 0)
(0.199667 0.00105594 0)
(0.199609 0.00119973 0)
(0.199547 0.00135367 0)
(0.199485 0.00151824 0)
(0.199422 0.0016931 0)
(0.199361 0.00187839 0)
(0.199301 0.0020732 0)
(0.199247 0.002277 0)
(0.199197 0.00248808 0)
(0.199156 0.00270516 0)
(0.199122 0.00292607 0)
(0.199101 0.00314897 0)
(0.199091 0.00337101 0)
(0.199095 0.00358987 0)
(0.199114 0.00380269 0)
(0.2 4.31046e-05 0)
(0.199994 0.000129282 0)
(0.199982 0.000216101 0)
(0.199966 0.000305256 0)
(0.199944 0.000398288 0)
(0.199918 0.000496491 0)
(0.199887 0.000600636 0)
(0.199853 0.000712048 0)
(0.199815 0.000831578 0)
(0.199773 0.000959856 0)
(0.199728 0.00109748 0)
(0.199681 0.00124476 0)
(0.199631 0.00140175 0)
(0.199582 0.0015685 0)
(0.199531 0.00174472 0)
(0.199483 0.00192998 0)
(0.199436 0.00212346 0)
(0.199394 0.00232417 0)
(0.199356 0.00253054 0)
(0.199325 0.00274095 0)
(0.1993 0.00295357 0)
(0.199285 0.00316638 0)
(0.199279 0.0033771 0)
(0.199285 0.00358334 0)
(0.199301 0.00378281 0)
(0.2 4.46867e-05 0)
(0.199995 0.000133956 0)
(0.199986 0.000223987 0)
(0.199974 0.000316344 0)
(0.199957 0.00041288 0)
(0.199938 0.000514504 0)
(0.199915 0.000622327 0)
(0.199889 0.000737405 0)
(0.199861 0.000860637 0)
(0.199829 0.000992391 0)
(0.199796 0.00113341 0)
(0.199761 0.00128361 0)
(0.199724 0.00144311 0)
(0.199687 0.00161157 0)
(0.19965 0.00178876 0)
(0.199615 0.00197383 0)
(0.199581 0.00216601 0)
(0.199551 0.00236391 0)
(0.199524 0.00256612 0)
(0.199502 0.00277078 0)
(0.199484 0.00297629 0)
(0.199474 0.00318052 0)
(0.199471 0.00338162 0)
(0.199476 0.00357717 0)
(0.199489 0.00376531 0)
(0.2 4.58852e-05 0)
(0.199997 0.000137536 0)
(0.199991 0.00022997 0)
(0.199983 0.000324809 0)
(0.199973 0.000424078 0)
(0.199961 0.000528233 0)
(0.199946 0.000638943 0)
(0.19993 0.000756895 0)
(0.199912 0.000882872 0)
(0.199892 0.00101731 0)
(0.199871 0.00116094 0)
(0.199849 0.0013133 0)
(0.199826 0.00147466 0)
(0.199803 0.00164436 0)
(0.19978 0.00182223 0)
(0.199758 0.0020071 0)
(0.199737 0.00219826 0)
(0.199718 0.00239399 0)
(0.199701 0.00259303 0)
(0.199687 0.0027934 0)
(0.199676 0.00299363 0)
(0.19967 0.00319143 0)
(0.199668 0.00338523 0)
(0.199671 0.00357269 0)
(0.199679 0.00375229 0)
(0.2 4.65365e-05 0)
(0.199999 0.000139555 0)
(0.199997 0.000233305 0)
(0.199994 0.000329503 0)
(0.19999 0.000430376 0)
(0.199986 0.000535933 0)
(0.199981 0.000648284 0)
(0.199975 0.000767944 0)
(0.199968 0.000895441 0)
(0.199961 0.00103145 0)
(0.199953 0.00117662 0)
(0.199945 0.00133019 0)
(0.199936 0.00149263 0)
(0.199928 0.00166305 0)
(0.199919 0.00184132 0)
(0.19991 0.00202609 0)
(0.199902 0.00221672 0)
(0.199894 0.00241131 0)
(0.199887 0.00260864 0)
(0.199882 0.00280673 0)
(0.199877 0.00300413 0)
(0.199873 0.00319845 0)
(0.199872 0.00338818 0)
(0.199871 0.00357109 0)
(0.199873 0.00374588 0)
)
;

boundaryField
{
    top
    {
        type            zeroGradient;
    }
    inlet
    {
        type            fixedValue;
        value           uniform (0.2 0 0);
    }
    outlet
    {
        type            zeroGradient;
    }
    plate
    {
        type            fixedValue;
        value           uniform (0 0 0);
    }
    symmBound
    {
        type            zeroGradient;
    }
    frontAndBack
    {
        type            empty;
    }
}


// ************************************************************************* //
