/*--------------------------------*- C++ -*----------------------------------*\
| =========                 |                                                 |
| \\      /  F ield         | OpenFOAM: The Open Source CFD Toolbox           |
|  \\    /   O peration     | Version:  2.3.0                                 |
|   \\  /    A nd           | Web:      www.OpenFOAM.org                      |
|    \\/     M anipulation  |                                                 |
\*---------------------------------------------------------------------------*/
FoamFile
{
    version     2.0;
    format      ascii;
    class       surfaceScalarField;
    location    "0.35";
    object      phi_0;
}
// * * * * * * * * * * * * * * * * * * * * * * * * * * * * * * * * * * * * * //

dimensions      [0 3 -1 0 0 0 0];

internalField   nonuniform List<scalar> 
3859
(
2.80031e-08
2.91576e-09
-3.09189e-08
2.51082e-08
2.89498e-09
2.23928e-08
2.7154e-09
1.98918e-08
2.50098e-09
1.76227e-08
2.2691e-09
1.55971e-08
2.02559e-09
1.38179e-08
1.77924e-09
1.22795e-08
1.53838e-09
1.09694e-08
1.31009e-09
9.86923e-09
1.10016e-09
8.9564e-09
9.12826e-10
8.20587e-09
7.50532e-10
7.59202e-09
6.13849e-10
7.09029e-09
5.01726e-10
6.6784e-09
4.11897e-10
6.33705e-09
3.41352e-10
6.05026e-09
2.86786e-10
5.80529e-09
2.44971e-10
5.5923e-09
2.12994e-10
5.4039e-09
1.88395e-10
5.2347e-09
1.69198e-10
5.08081e-09
1.5389e-10
4.93946e-09
1.41353e-10
4.80867e-09
1.30793e-10
4.68701e-09
1.21661e-10
4.57342e-09
1.1359e-10
4.46708e-09
1.06337e-10
4.36734e-09
9.97424e-11
4.27363e-09
9.37029e-11
4.18549e-09
8.81469e-11
4.10246e-09
8.3023e-11
4.02417e-09
7.8291e-11
3.95026e-09
7.39171e-11
3.88038e-09
6.98709e-11
3.81426e-09
6.61245e-11
3.75161e-09
6.26515e-11
3.69218e-09
5.94271e-11
3.63575e-09
5.6428e-11
3.58212e-09
5.36324e-11
3.5311e-09
5.10205e-11
3.48253e-09
4.85737e-11
3.43625e-09
4.62752e-11
3.39214e-09
4.41099e-11
3.35008e-09
4.20638e-11
3.30995e-09
4.01246e-11
3.27167e-09
3.82809e-11
3.23515e-09
3.65228e-11
3.20031e-09
3.48409e-11
3.16708e-09
3.32272e-11
3.13541e-09
3.16741e-11
3.10523e-09
3.01749e-11
3.07651e-09
2.87234e-11
3.04919e-09
2.73142e-11
3.02325e-09
2.59422e-11
2.99865e-09
2.46027e-11
2.97536e-09
2.32915e-11
2.95335e-09
2.20049e-11
2.93261e-09
2.07393e-11
2.91312e-09
1.94919e-11
2.89486e-09
1.82603e-11
2.87782e-09
1.70431e-11
2.86198e-09
1.58393e-11
2.84733e-09
1.46489e-11
2.83386e-09
1.34717e-11
2.82155e-09
1.23062e-11
2.81041e-09
1.11471e-11
2.80042e-09
9.98255e-12
2.79163e-09
8.78999e-12
2.7841e-09
7.53406e-12
2.77793e-09
6.16836e-12
2.77329e-09
4.63839e-12
2.77042e-09
2.87622e-12
2.76952e-09
8.97053e-13
2.77034e-09
-8.25174e-13
2.77249e-09
-2.14981e-12
2.77571e-09
-3.21242e-12
2.77973e-09
-4.0209e-12
2.78434e-09
-4.61246e-12
2.78933e-09
-4.98916e-12
2.79449e-09
-5.16296e-12
2.79967e-09
-5.1819e-12
2.80474e-09
-5.06638e-12
2.80959e-09
-4.85013e-12
2.81415e-09
-4.56376e-12
2.81839e-09
-4.23236e-12
2.82226e-09
-3.87764e-12
2.82578e-09
-3.51691e-12
2.82894e-09
-3.1638e-12
2.83177e-09
-2.82839e-12
2.83429e-09
-2.51751e-12
2.83653e-09
-2.23526e-12
2.83851e-09
-1.9837e-12
2.84027e-09
-1.76335e-12
2.84185e-09
-1.5739e-12
2.84326e-09
-1.41488e-12
2.84455e-09
-1.28706e-12
2.84575e-09
-1.19744e-12
2.84693e-09
-1.18853e-12
2.84845e-09
-1.51731e-12
-3.70508e-12
3.59125e-08
3.19895e-09
-3.61957e-08
3.53044e-08
3.50308e-09
3.44524e-08
3.56741e-09
3.34345e-08
3.51885e-09
3.23078e-08
3.39583e-09
3.11194e-08
3.21392e-09
2.99081e-08
2.99054e-09
2.87037e-08
2.74282e-09
2.75283e-08
2.48548e-09
2.63977e-08
2.23074e-09
2.53223e-08
1.98823e-09
2.4308e-08
1.76483e-09
2.33573e-08
1.56454e-09
2.24702e-08
1.38883e-09
2.16449e-08
1.2372e-09
2.08785e-08
1.10779e-09
2.01673e-08
9.97972e-10
1.95074e-08
9.04839e-10
1.88949e-08
8.25562e-10
1.83257e-08
7.57592e-10
1.77961e-08
6.98758e-10
1.73027e-08
6.47288e-10
1.68423e-08
6.01782e-10
1.64119e-08
5.61157e-10
1.6009e-08
5.24584e-10
1.56311e-08
4.91434e-10
1.52762e-08
4.61224e-10
1.49424e-08
4.33581e-10
1.46279e-08
4.08207e-10
1.43312e-08
3.84859e-10
1.40509e-08
3.63332e-10
1.37857e-08
3.4345e-10
1.35346e-08
3.25058e-10
1.32964e-08
3.08014e-10
1.30704e-08
2.92194e-10
1.28555e-08
2.77481e-10
1.26512e-08
2.63772e-10
1.24567e-08
2.50971e-10
1.22713e-08
2.38991e-10
1.20946e-08
2.27751e-10
1.1926e-08
2.1718e-10
1.1765e-08
2.07213e-10
1.16113e-08
1.97789e-10
1.14646e-08
1.88856e-10
1.13243e-08
1.80363e-10
1.11903e-08
1.72266e-10
1.10623e-08
1.64525e-10
1.09401e-08
1.57102e-10
1.08233e-08
1.49965e-10
1.07119e-08
1.43083e-10
1.06057e-08
1.36427e-10
1.05044e-08
1.29972e-10
1.0408e-08
1.23694e-10
1.03164e-08
1.17572e-10
1.02294e-08
1.11586e-10
1.0147e-08
1.05717e-10
1.00691e-08
9.99492e-11
9.99552e-09
9.42676e-11
9.92636e-09
8.86591e-11
9.86151e-09
8.31123e-11
9.80093e-09
7.76181e-11
9.7446e-09
7.21688e-11
9.69249e-09
6.67573e-11
9.64459e-09
6.13749e-11
9.60089e-09
5.60075e-11
9.56141e-09
5.06299e-11
9.52619e-09
4.52005e-11
9.49532e-09
3.96563e-11
9.46894e-09
3.39125e-11
9.44724e-09
2.78711e-11
9.43044e-09
2.14387e-11
9.41878e-09
1.45324e-11
9.41261e-09
7.07052e-12
9.41194e-09
-1.54504e-13
9.41577e-09
-5.97842e-12
9.42286e-09
-1.02999e-11
9.43231e-09
-1.34792e-11
9.44346e-09
-1.57557e-11
9.45569e-09
-1.72184e-11
9.46848e-09
-1.79574e-11
9.48143e-09
-1.81334e-11
9.4942e-09
-1.78368e-11
9.50654e-09
-1.71855e-11
9.51826e-09
-1.6283e-11
9.52924e-09
-1.52165e-11
9.53942e-09
-1.40599e-11
9.54878e-09
-1.28724e-11
9.55732e-09
-1.17004e-11
9.56507e-09
-1.0578e-11
9.57208e-09
-9.52877e-12
9.57841e-09
-8.56719e-12
9.58413e-09
-7.70109e-12
9.5893e-09
-6.93361e-12
9.59399e-09
-6.26539e-12
9.59827e-09
-5.69778e-12
9.60222e-09
-5.23917e-12
9.60595e-09
-4.92535e-12
9.60966e-09
-4.90159e-12
9.61392e-09
-5.7718e-12
-9.28494e-12
4.05749e-08
3.02664e-09
-4.04026e-08
4.06646e-08
3.41335e-09
4.0627e-08
3.60502e-09
4.04639e-08
3.682e-09
4.0183e-08
3.67672e-09
3.97966e-08
3.60031e-09
3.93211e-08
3.46598e-09
3.87744e-08
3.2896e-09
3.81734e-08
3.08645e-09
3.7534e-08
2.87017e-09
3.68699e-08
2.65235e-09
3.61926e-08
2.44206e-09
3.55115e-08
2.24563e-09
3.48337e-08
2.06667e-09
3.41643e-08
1.90657e-09
3.35071e-08
1.76502e-09
3.28645e-08
1.64062e-09
3.22379e-08
1.53137e-09
3.16284e-08
1.43508e-09
3.10364e-08
1.34964e-09
3.0462e-08
1.27315e-09
2.99052e-08
1.20405e-09
2.93659e-08
1.14104e-09
2.8844e-08
1.08311e-09
2.83391e-08
1.02949e-09
2.78509e-08
9.79593e-10
2.73792e-08
9.32953e-10
2.69235e-08
8.89227e-10
2.64836e-08
8.48138e-10
2.6059e-08
8.09461e-10
2.56493e-08
7.73008e-10
2.52542e-08
7.38613e-10
2.48731e-08
7.06129e-10
2.45057e-08
6.75423e-10
2.41515e-08
6.46367e-10
2.38102e-08
6.18846e-10
2.34812e-08
5.92748e-10
2.31642e-08
5.6797e-10
2.28588e-08
5.44413e-10
2.25645e-08
5.21984e-10
2.22811e-08
5.00596e-10
2.20082e-08
4.80165e-10
2.17453e-08
4.60614e-10
2.14923e-08
4.4187e-10
2.12488e-08
4.23863e-10
2.10146e-08
4.06529e-10
2.07893e-08
3.89806e-10
2.05727e-08
3.73638e-10
2.03647e-08
3.57969e-10
2.01651e-08
3.42749e-10
1.99736e-08
3.2793e-10
1.97901e-08
3.13467e-10
1.96144e-08
2.99316e-10
1.94466e-08
2.8544e-10
1.92864e-08
2.718e-10
1.91337e-08
2.58361e-10
1.89886e-08
2.45091e-10
1.88509e-08
2.31962e-10
1.87206e-08
2.18946e-10
1.85977e-08
2.0602e-10
1.84821e-08
1.93162e-10
1.8374e-08
1.80353e-10
1.82731e-08
1.67575e-10
1.81797e-08
1.54804e-10
1.80937e-08
1.42009e-10
1.80152e-08
1.29144e-10
1.79443e-08
1.16142e-10
1.7881e-08
1.02919e-10
1.78255e-08
8.93775e-11
1.7778e-08
7.54397e-11
1.77383e-08
6.10961e-11
1.77064e-08
4.64822e-11
1.76815e-08
3.18846e-11
1.7664e-08
1.73756e-11
1.76549e-08
3.1065e-12
1.76537e-08
-9.0735e-12
1.76582e-08
-1.80017e-11
1.7667e-08
-2.45805e-11
1.7679e-08
-2.91695e-11
1.76931e-08
-3.20586e-11
1.77086e-08
-3.36135e-11
1.77248e-08
-3.40496e-11
1.77412e-08
-3.36261e-11
1.77575e-08
-3.25625e-11
1.77733e-08
-3.10458e-11
1.77885e-08
-2.92358e-11
1.78029e-08
-2.72625e-11
1.78164e-08
-2.52305e-11
1.78291e-08
-2.32194e-11
1.78408e-08
-2.12873e-11
1.78517e-08
-1.94737e-11
1.78618e-08
-1.78035e-11
1.78712e-08
-1.62912e-11
1.78799e-08
-1.49452e-11
1.7888e-08
-1.37746e-11
1.78955e-08
-1.28002e-11
1.79027e-08
-1.20878e-11
1.79096e-08
-1.18499e-11
1.79166e-08
-1.27718e-11
-1.62108e-11
4.50694e-08
2.81413e-09
-4.48569e-08
4.52988e-08
3.18399e-09
4.54933e-08
3.41048e-09
4.56371e-08
3.53819e-09
4.5721e-08
3.59281e-09
4.57382e-08
3.58309e-09
4.56867e-08
3.51749e-09
4.55687e-08
3.40759e-09
4.53894e-08
3.26581e-09
4.51556e-08
3.10391e-09
4.48756e-08
2.93241e-09
4.45575e-08
2.76014e-09
4.42093e-08
2.59379e-09
4.38382e-08
2.43784e-09
4.345e-08
2.29475e-09
4.30497e-08
2.16534e-09
4.2641e-08
2.04925e-09
4.2227e-08
1.94539e-09
4.18098e-08
1.8523e-09
4.1391e-08
1.7684e-09
4.0972e-08
1.69222e-09
4.05536e-08
1.62242e-09
4.01367e-08
1.55793e-09
3.9722e-08
1.49785e-09
3.931e-08
1.44148e-09
3.89013e-08
1.3883e-09
3.84963e-08
1.33789e-09
3.80956e-08
1.28996e-09
3.76995e-08
1.24425e-09
3.73084e-08
1.20059e-09
3.69226e-08
1.15881e-09
3.65424e-08
1.11879e-09
3.61681e-08
1.08041e-09
3.58e-08
1.04356e-09
3.54382e-08
1.00816e-09
3.50829e-08
9.7411e-10
3.47343e-08
9.41323e-10
3.43926e-08
9.09717e-10
3.40578e-08
8.79212e-10
3.373e-08
8.49731e-10
3.34094e-08
8.212e-10
3.30961e-08
7.93548e-10
3.279e-08
7.66705e-10
3.24912e-08
7.40605e-10
3.21999e-08
7.15184e-10
3.19161e-08
6.90381e-10
3.16397e-08
6.66135e-10
3.1371e-08
6.4239e-10
3.11099e-08
6.1909e-10
3.08564e-08
5.96181e-10
3.06107e-08
5.73612e-10
3.03729e-08
5.51334e-10
3.01429e-08
5.29299e-10
2.99209e-08
5.07462e-10
2.97069e-08
4.8578e-10
2.9501e-08
4.64211e-10
2.93034e-08
4.42717e-10
2.91141e-08
4.21263e-10
2.89332e-08
3.99814e-10
2.87609e-08
3.78342e-10
2.85973e-08
3.56818e-10
2.84424e-08
3.35217e-10
2.82965e-08
3.13511e-10
2.81596e-08
2.91667e-10
2.8032e-08
2.69644e-10
2.79137e-08
2.47387e-10
2.7805e-08
2.24828e-10
2.77061e-08
2.01892e-10
2.76169e-08
1.78518e-10
2.75377e-08
1.54702e-10
2.74682e-08
1.30556e-10
2.74083e-08
1.06373e-10
2.73575e-08
8.26623e-11
2.73148e-08
6.01019e-11
2.72787e-08
3.92208e-11
2.72499e-08
1.97224e-11
2.72304e-08
1.45513e-12
2.72199e-08
-1.40113e-11
2.72162e-08
-2.55318e-11
2.7218e-08
-3.38706e-11
2.72241e-08
-3.96867e-11
2.72334e-08
-4.33424e-11
2.72451e-08
-4.52871e-11
2.72584e-08
-4.58856e-11
2.72728e-08
-4.54579e-11
2.72879e-08
-4.42788e-11
2.73032e-08
-4.25774e-11
2.73185e-08
-4.05432e-11
2.73336e-08
-3.83278e-11
2.73483e-08
-3.60484e-11
2.73627e-08
-3.37925e-11
2.73765e-08
-3.16229e-11
2.73898e-08
-2.95834e-11
2.74025e-08
-2.77052e-11
2.74148e-08
-2.60159e-11
2.74265e-08
-2.45533e-11
2.74378e-08
-2.33978e-11
2.74487e-08
-2.27514e-11
2.74591e-08
-2.3116e-11
-2.51238e-11
4.9943e-08
2.63009e-09
-4.9759e-08
5.0171e-08
2.95603e-09
5.0401e-08
3.1805e-09
5.06163e-08
3.32285e-09
5.08077e-08
3.40148e-09
5.0966e-08
3.42475e-09
5.10844e-08
3.39907e-09
5.11591e-08
3.33293e-09
5.11889e-08
3.23596e-09
5.11752e-08
3.11766e-09
5.11208e-08
2.98675e-09
5.10302e-08
2.85079e-09
5.09081e-08
2.71589e-09
5.07595e-08
2.58645e-09
5.05889e-08
2.46527e-09
5.04005e-08
2.35375e-09
5.01976e-08
2.25219e-09
4.99828e-08
2.16019e-09
4.97582e-08
2.07687e-09
4.95255e-08
2.00115e-09
4.92858e-08
1.93192e-09
4.904e-08
1.86815e-09
4.8789e-08
1.80892e-09
4.85334e-08
1.75348e-09
4.82737e-08
1.7012e-09
4.80104e-08
1.65161e-09
4.7744e-08
1.60433e-09
4.74748e-08
1.55907e-09
4.72035e-08
1.51562e-09
4.69303e-08
1.47379e-09
4.66556e-08
1.43344e-09
4.638e-08
1.39446e-09
4.61036e-08
1.35675e-09
4.5827e-08
1.32021e-09
4.55504e-08
1.28477e-09
4.52741e-08
1.25035e-09
4.49986e-08
1.21686e-09
4.47241e-08
1.18425e-09
4.44508e-08
1.15244e-09
4.41792e-08
1.12136e-09
4.39094e-08
1.09096e-09
4.36418e-08
1.06115e-09
4.33767e-08
1.03189e-09
4.31142e-08
1.0031e-09
4.28546e-08
9.74732e-10
4.25983e-08
9.46723e-10
4.23454e-08
9.19015e-10
4.20962e-08
8.91551e-10
4.18511e-08
8.64276e-10
4.16101e-08
8.37135e-10
4.13736e-08
8.10076e-10
4.11419e-08
7.83047e-10
4.09152e-08
7.55998e-10
4.06938e-08
7.28881e-10
4.04779e-08
7.01649e-10
4.02679e-08
6.74258e-10
4.00639e-08
6.46667e-10
3.98664e-08
6.18837e-10
3.96754e-08
5.90731e-10
3.94915e-08
5.62317e-10
3.93147e-08
5.33564e-10
3.91455e-08
5.04442e-10
3.89841e-08
4.74921e-10
3.88308e-08
4.44966e-10
3.86859e-08
4.14537e-10
3.85497e-08
3.83584e-10
3.84225e-08
3.52058e-10
3.83044e-08
3.19919e-10
3.81958e-08
2.8717e-10
3.80966e-08
2.53903e-10
3.80068e-08
2.20348e-10
3.79262e-08
1.8693e-10
3.78546e-08
1.54276e-10
3.77916e-08
1.23134e-10
3.77366e-08
9.41806e-11
3.76885e-08
6.78657e-11
3.76455e-08
4.44175e-11
3.7608e-08
2.34957e-11
3.75779e-08
4.61179e-12
3.75556e-08
-1.15408e-11
3.754e-08
-2.41198e-11
3.75302e-08
-3.35219e-11
3.75252e-08
-4.03423e-11
3.75243e-08
-4.50149e-11
3.75268e-08
-4.79513e-11
3.75321e-08
-4.95124e-11
3.75395e-08
-5.00112e-11
3.75487e-08
-4.9717e-11
3.75592e-08
-4.88538e-11
3.75708e-08
-4.76047e-11
3.75831e-08
-4.61154e-11
3.7596e-08
-4.4499e-11
3.76092e-08
-4.28421e-11
3.76227e-08
-4.1212e-11
3.76364e-08
-3.9665e-11
3.76501e-08
-3.8259e-11
3.76638e-08
-3.70738e-11
3.76772e-08
-3.62395e-11
3.76901e-08
-3.59192e-11
-3.56857e-11
5.53202e-08
2.4763e-09
-5.51664e-08
5.55219e-08
2.75429e-09
5.57396e-08
2.96275e-09
5.59566e-08
3.10587e-09
5.61638e-08
3.19432e-09
5.63534e-08
3.23511e-09
5.6519e-08
3.23355e-09
5.66558e-08
3.19606e-09
5.67616e-08
3.13015e-09
5.68358e-08
3.04346e-09
5.68794e-08
2.94316e-09
5.68946e-08
2.8356e-09
5.68844e-08
2.72608e-09
5.68522e-08
2.61866e-09
5.68014e-08
2.51613e-09
5.67349e-08
2.42017e-09
5.66556e-08
2.33152e-09
5.65656e-08
2.25022e-09
5.64666e-08
2.17587e-09
5.63599e-08
2.10782e-09
5.62465e-08
2.04529e-09
5.61272e-08
1.98749e-09
5.60024e-08
1.93372e-09
5.58726e-08
1.88333e-09
5.5738e-08
1.8358e-09
5.55989e-08
1.7907e-09
5.54555e-08
1.74767e-09
5.53081e-08
1.70646e-09
5.51569e-08
1.66683e-09
5.50021e-08
1.62861e-09
5.48439e-08
1.59166e-09
5.46825e-08
1.55587e-09
5.45181e-08
1.52112e-09
5.4351e-08
1.48733e-09
5.41813e-08
1.45441e-09
5.40094e-08
1.42229e-09
5.38354e-08
1.39089e-09
5.36595e-08
1.36013e-09
5.3482e-08
1.32996e-09
5.33031e-08
1.30029e-09
5.3123e-08
1.27106e-09
5.29419e-08
1.24221e-09
5.27601e-08
1.21366e-09
5.25779e-08
1.18536e-09
5.23954e-08
1.15723e-09
5.22129e-08
1.12921e-09
5.20306e-08
1.10125e-09
5.18489e-08
1.07327e-09
5.1668e-08
1.04522e-09
5.14881e-08
1.01703e-09
5.13095e-08
9.8865e-10
5.11325e-08
9.60015e-10
5.09575e-08
9.3107e-10
5.07846e-08
9.01759e-10
5.06142e-08
8.72029e-10
5.04466e-08
8.41829e-10
5.02822e-08
8.11111e-10
5.01212e-08
7.79828e-10
4.9964e-08
7.4794e-10
4.98109e-08
7.15409e-10
4.96623e-08
6.82198e-10
4.95184e-08
6.48274e-10
4.93798e-08
6.13605e-10
4.92466e-08
5.78158e-10
4.91192e-08
5.41896e-10
4.8998e-08
5.04788e-10
4.88832e-08
4.66811e-10
4.87752e-08
4.27972e-10
4.8674e-08
3.88341e-10
4.85798e-08
3.48091e-10
4.84926e-08
3.07546e-10
4.84124e-08
2.67209e-10
4.83389e-08
2.27753e-10
4.82721e-08
1.89939e-10
4.82118e-08
1.54475e-10
4.81577e-08
1.21897e-10
4.81096e-08
9.25514e-11
4.80666e-08
6.65536e-11
4.80272e-08
4.39197e-11
4.79914e-08
2.42953e-11
4.79602e-08
7.10346e-12
4.79342e-08
-7.54859e-12
4.79132e-08
-1.93294e-11
4.78967e-08
-2.85143e-11
4.78843e-08
-3.55384e-11
4.78755e-08
-4.07624e-11
4.787e-08
-4.4516e-11
4.78674e-08
-4.70923e-11
4.78673e-08
-4.8745e-11
4.78694e-08
-4.96901e-11
4.78734e-08
-5.01071e-11
4.7879e-08
-5.0142e-11
4.78861e-08
-4.99127e-11
4.78944e-08
-4.95141e-11
4.79038e-08
-4.90252e-11
4.7914e-08
-4.85163e-11
4.7925e-08
-4.8053e-11
4.79364e-08
-4.76763e-11
4.79478e-08
-4.72359e-11
-4.55043e-11
6.12624e-08
2.34558e-09
-6.11317e-08
6.14372e-08
2.5795e-09
6.16334e-08
2.76657e-09
6.18353e-08
2.904e-09
6.20334e-08
2.99616e-09
6.22208e-08
3.04777e-09
6.23914e-08
3.06296e-09
6.25409e-08
3.04656e-09
6.26667e-08
3.00428e-09
6.2768e-08
2.94218e-09
6.28451e-08
2.86609e-09
6.28994e-08
2.7813e-09
6.29331e-08
2.69236e-09
6.29489e-08
2.6029e-09
6.29494e-08
2.51561e-09
6.29373e-08
2.43228e-09
6.29149e-08
2.35394e-09
6.28841e-08
2.28098e-09
6.28466e-08
2.21339e-09
6.28035e-08
2.15088e-09
6.27559e-08
2.09297e-09
6.27042e-08
2.03914e-09
6.2649e-08
1.98888e-09
6.25907e-08
1.9417e-09
6.25293e-08
1.89716e-09
6.24651e-08
1.85491e-09
6.23981e-08
1.81464e-09
6.23285e-08
1.7761e-09
6.22562e-08
1.73908e-09
6.21814e-08
1.70342e-09
6.21041e-08
1.66898e-09
6.20243e-08
1.63563e-09
6.19422e-08
1.60326e-09
6.18577e-08
1.57179e-09
6.1771e-08
1.54112e-09
6.16821e-08
1.51118e-09
6.15911e-08
1.48188e-09
6.14981e-08
1.45314e-09
6.14032e-08
1.42489e-09
6.13064e-08
1.39706e-09
6.12079e-08
1.36957e-09
6.11078e-08
1.34234e-09
6.10061e-08
1.31531e-09
6.09031e-08
1.28839e-09
6.07988e-08
1.26153e-09
6.06934e-08
1.23464e-09
6.0587e-08
1.20766e-09
6.04797e-08
1.18051e-09
6.03718e-08
1.15312e-09
6.02634e-08
1.12542e-09
6.01547e-08
1.09735e-09
6.00459e-08
1.06883e-09
5.99372e-08
1.03979e-09
5.98288e-08
1.01018e-09
5.97209e-08
9.7993e-10
5.96137e-08
9.48978e-10
5.95076e-08
9.17267e-10
5.94027e-08
8.84744e-10
5.92992e-08
8.51358e-10
5.91976e-08
8.17066e-10
5.9098e-08
7.81824e-10
5.90006e-08
7.45595e-10
5.89059e-08
7.08345e-10
5.8814e-08
6.70044e-10
5.87252e-08
6.30665e-10
5.86398e-08
5.90194e-10
5.8558e-08
5.4864e-10
5.84799e-08
5.06051e-10
5.84057e-08
4.62551e-10
5.83354e-08
4.1837e-10
5.82691e-08
3.73879e-10
5.82067e-08
3.29608e-10
5.81482e-08
2.86221e-10
5.80937e-08
2.4445e-10
5.80432e-08
2.04982e-10
5.79968e-08
1.68368e-10
5.79543e-08
1.34997e-10
5.79158e-08
1.05071e-10
5.7881e-08
7.86694e-11
5.78496e-08
5.5693e-11
5.78208e-08
3.59354e-11
5.77942e-08
1.90226e-11
5.77704e-08
4.50134e-12
5.77496e-08
-7.74467e-12
5.77318e-08
-1.77403e-11
5.77169e-08
-2.57771e-11
5.77045e-08
-3.21766e-11
5.76946e-08
-3.72183e-11
5.7687e-08
-4.11518e-11
5.76816e-08
-4.41961e-11
5.7678e-08
-4.65385e-11
5.76762e-08
-4.83358e-11
5.7676e-08
-4.97179e-11
5.76773e-08
-5.07914e-11
5.76799e-08
-5.16439e-11
5.76837e-08
-5.23464e-11
5.76886e-08
-5.29449e-11
5.76943e-08
-5.34164e-11
5.77006e-08
-5.34786e-11
-5.1938e-11
6.78272e-08
2.23246e-09
-6.7714e-08
6.7978e-08
2.42871e-09
6.81512e-08
2.59328e-09
6.83339e-08
2.72136e-09
6.85167e-08
2.81338e-09
6.86927e-08
2.87173e-09
6.88564e-08
2.89924e-09
6.90036e-08
2.89936e-09
6.91316e-08
2.87631e-09
6.92391e-08
2.8347e-09
6.9326e-08
2.77914e-09
6.93934e-08
2.71394e-09
6.94428e-08
2.64292e-09
6.94764e-08
2.56927e-09
6.94966e-08
2.49548e-09
6.95055e-08
2.42334e-09
6.95054e-08
2.35406e-09
6.94981e-08
2.2883e-09
6.94851e-08
2.22634e-09
6.94678e-08
2.16819e-09
6.94471e-08
2.11367e-09
6.94238e-08
2.0625e-09
6.93983e-08
2.01436e-09
6.93711e-08
1.96891e-09
6.93424e-08
1.92585e-09
6.93124e-08
1.8849e-09
6.92812e-08
1.84581e-09
6.9249e-08
1.80838e-09
6.92156e-08
1.77243e-09
6.91812e-08
1.73781e-09
6.91458e-08
1.7044e-09
6.91094e-08
1.67207e-09
6.90719e-08
1.64072e-09
6.90334e-08
1.61028e-09
6.89939e-08
1.58063e-09
6.89534e-08
1.55171e-09
6.89118e-08
1.52343e-09
6.88693e-08
1.49571e-09
6.88257e-08
1.46847e-09
6.87811e-08
1.44164e-09
6.87355e-08
1.41514e-09
6.8689e-08
1.38889e-09
6.86414e-08
1.36282e-09
6.8593e-08
1.33683e-09
6.85437e-08
1.31087e-09
6.84935e-08
1.28484e-09
6.84425e-08
1.25867e-09
6.83907e-08
1.23228e-09
6.83382e-08
1.2056e-09
6.82851e-08
1.17854e-09
6.82314e-08
1.15103e-09
6.81772e-08
1.12299e-09
6.81227e-08
1.09434e-09
6.80678e-08
1.06502e-09
6.80128e-08
1.03496e-09
6.79577e-08
1.00408e-09
6.79027e-08
9.72313e-10
6.78478e-08
9.39609e-10
6.77933e-08
9.05908e-10
6.77392e-08
8.71159e-10
6.76857e-08
8.35314e-10
6.76329e-08
7.98335e-10
6.75811e-08
7.60187e-10
6.75303e-08
7.20846e-10
6.74807e-08
6.80296e-10
6.74323e-08
6.38543e-10
6.73853e-08
5.9562e-10
6.73398e-08
5.5161e-10
6.72957e-08
5.06671e-10
6.7253e-08
4.61059e-10
6.72117e-08
4.15158e-10
6.71718e-08
3.69478e-10
6.71334e-08
3.2464e-10
6.70965e-08
2.81311e-10
6.70614e-08
2.4013e-10
6.70281e-08
2.01626e-10
6.69969e-08
1.66192e-10
6.69679e-08
1.34067e-10
6.69412e-08
1.05366e-10
6.69169e-08
8.0065e-11
6.68948e-08
5.80372e-11
6.68747e-08
3.90699e-11
6.68564e-08
2.28717e-11
6.68395e-08
9.07776e-12
6.68244e-08
-2.64094e-12
6.68111e-08
-1.24108e-11
6.67994e-08
-2.04835e-11
6.67893e-08
-2.71187e-11
6.67807e-08
-3.2556e-11
6.67735e-08
-3.70087e-11
6.67676e-08
-4.06632e-11
6.6763e-08
-4.36794e-11
6.67594e-08
-4.6192e-11
6.6757e-08
-4.83137e-11
6.67554e-08
-5.01362e-11
6.67548e-08
-5.17298e-11
6.6755e-08
-5.31308e-11
6.67559e-08
-5.43007e-11
6.67574e-08
-5.50045e-11
-5.45808e-11
6.79901e-08
2.14195e-09
-6.78995e-08
6.81091e-08
2.30962e-09
6.82476e-08
2.45482e-09
6.83961e-08
2.57281e-09
6.85472e-08
2.66228e-09
6.8695e-08
2.72399e-09
6.88346e-08
2.75963e-09
6.89623e-08
2.77162e-09
6.90757e-08
2.763e-09
6.91731e-08
2.73722e-09
6.92544e-08
2.69791e-09
6.93198e-08
2.64853e-09
6.93704e-08
2.59227e-09
6.94078e-08
2.53188e-09
6.94337e-08
2.46961e-09
6.94498e-08
2.40719e-09
6.9458e-08
2.34588e-09
6.94598e-08
2.2865e-09
6.94566e-08
2.22955e-09
6.94495e-08
2.17524e-09
6.94396e-08
2.12362e-09
6.94275e-08
2.07461e-09
6.94138e-08
2.02805e-09
6.9399e-08
1.98375e-09
6.93833e-08
1.94151e-09
6.9367e-08
1.90115e-09
6.93504e-08
1.86249e-09
6.93334e-08
1.82538e-09
6.93161e-08
1.78966e-09
6.92987e-08
1.75522e-09
6.92812e-08
1.72194e-09
6.92635e-08
1.68973e-09
6.92457e-08
1.6585e-09
6.92279e-08
1.62815e-09
6.92099e-08
1.59861e-09
6.91918e-08
1.5698e-09
6.91736e-08
1.54164e-09
6.91552e-08
1.51406e-09
6.91367e-08
1.48697e-09
6.91181e-08
1.46031e-09
6.90992e-08
1.43398e-09
6.90802e-08
1.40792e-09
6.9061e-08
1.38204e-09
6.90415e-08
1.35627e-09
6.90219e-08
1.33053e-09
6.9002e-08
1.30473e-09
6.89819e-08
1.2788e-09
6.89615e-08
1.25264e-09
6.89409e-08
1.22619e-09
6.89201e-08
1.19936e-09
6.8899e-08
1.17207e-09
6.88778e-08
1.14424e-09
6.88563e-08
1.1158e-09
6.88347e-08
1.08665e-09
6.88129e-08
1.05674e-09
6.8791e-08
1.02598e-09
6.8769e-08
9.94316e-10
6.87469e-08
9.61676e-10
6.87248e-08
9.28003e-10
6.87028e-08
8.93244e-10
6.86807e-08
8.57352e-10
6.86588e-08
8.20289e-10
6.86369e-08
7.82024e-10
6.86152e-08
7.4254e-10
6.85937e-08
7.01832e-10
6.85723e-08
6.59923e-10
6.85511e-08
6.16866e-10
6.85299e-08
5.72765e-10
6.85088e-08
5.27794e-10
6.84876e-08
4.82218e-10
6.84664e-08
4.36406e-10
6.8445e-08
3.90832e-10
6.84236e-08
3.46057e-10
6.84022e-08
3.02678e-10
6.83811e-08
2.61272e-10
6.83604e-08
2.22331e-10
6.83404e-08
1.86235e-10
6.83212e-08
1.53236e-10
6.83031e-08
1.2347e-10
6.82862e-08
9.69544e-11
6.82706e-08
7.36098e-11
6.82564e-08
5.32818e-11
6.82435e-08
3.5753e-11
6.82318e-08
2.07566e-11
6.82212e-08
7.9684e-12
6.82117e-08
-2.87123e-12
6.82032e-08
-1.19905e-11
6.81957e-08
-1.96172e-11
6.81891e-08
-2.59795e-11
6.81834e-08
-3.12849e-11
6.81785e-08
-3.57177e-11
6.81742e-08
-3.9439e-11
6.81706e-08
-4.25872e-11
6.81676e-08
-4.52797e-11
6.81651e-08
-4.76129e-11
6.8163e-08
-4.96604e-11
6.81613e-08
-5.14626e-11
6.816e-08
-5.30005e-11
6.81592e-08
-5.41457e-11
-5.46674e-11
7.5229e-08
2.06122e-09
-7.51483e-08
7.53334e-08
2.20527e-09
7.54551e-08
2.33305e-09
7.55873e-08
2.44062e-09
7.57236e-08
2.52604e-09
7.58585e-08
2.58903e-09
7.59878e-08
2.63037e-09
7.61078e-08
2.65159e-09
7.62161e-08
2.65475e-09
7.63109e-08
2.64236e-09
7.63917e-08
2.61714e-09
7.64585e-08
2.5818e-09
7.65118e-08
2.53892e-09
7.65529e-08
2.49081e-09
7.6583e-08
2.43944e-09
7.66038e-08
2.38642e-09
7.66167e-08
2.333e-09
7.66231e-08
2.28008e-09
7.66244e-08
2.22829e-09
7.66216e-08
2.17802e-09
7.66157e-08
2.12949e-09
7.66075e-08
2.08279e-09
7.65977e-08
2.0379e-09
7.65866e-08
1.99479e-09
7.65748e-08
1.95335e-09
7.65624e-08
1.9135e-09
7.65498e-08
1.87512e-09
7.65371e-08
1.83812e-09
7.65243e-08
1.80239e-09
7.65117e-08
1.76784e-09
7.64992e-08
1.7344e-09
7.6487e-08
1.70197e-09
7.6475e-08
1.67048e-09
7.64633e-08
1.63985e-09
7.64519e-08
1.61002e-09
7.64408e-08
1.58091e-09
7.643e-08
1.55246e-09
7.64195e-08
1.52458e-09
7.64093e-08
1.4972e-09
7.63993e-08
1.47025e-09
7.63896e-08
1.44366e-09
7.63802e-08
1.41735e-09
7.6371e-08
1.39124e-09
7.6362e-08
1.36526e-09
7.63532e-08
1.33931e-09
7.63446e-08
1.31333e-09
7.63362e-08
1.28724e-09
7.63279e-08
1.26094e-09
7.63197e-08
1.23437e-09
7.63116e-08
1.20743e-09
7.63037e-08
1.18005e-09
7.62958e-08
1.15215e-09
7.62879e-08
1.12365e-09
7.62801e-08
1.09447e-09
7.62723e-08
1.06453e-09
7.62645e-08
1.03377e-09
7.62567e-08
1.00211e-09
7.62489e-08
9.69499e-10
7.6241e-08
9.3587e-10
7.62331e-08
9.01174e-10
7.62251e-08
8.65367e-10
7.6217e-08
8.28414e-10
7.62087e-08
7.90293e-10
7.62002e-08
7.50994e-10
7.61915e-08
7.10526e-10
7.61825e-08
6.68924e-10
7.61731e-08
6.26259e-10
7.61633e-08
5.82649e-10
7.61528e-08
5.38276e-10
7.61416e-08
4.93399e-10
7.61296e-08
4.48364e-10
7.61169e-08
4.03598e-10
7.61033e-08
3.59598e-10
7.60891e-08
3.16888e-10
7.60744e-08
2.75976e-10
7.60594e-08
2.37311e-10
7.60444e-08
2.01249e-10
7.60296e-08
1.68041e-10
7.60152e-08
1.37838e-10
7.60015e-08
1.10686e-10
7.59886e-08
8.65449e-11
7.59766e-08
6.53024e-11
7.59655e-08
4.67887e-11
7.59555e-08
3.07899e-11
7.59464e-08
1.70566e-11
7.59382e-08
5.32962e-12
7.59309e-08
-4.63873e-12
7.59243e-08
-1.30649e-11
7.59185e-08
-2.0163e-11
7.59133e-08
-2.61325e-11
7.59088e-08
-3.11542e-11
7.59047e-08
-3.53889e-11
7.59011e-08
-3.89776e-11
7.58979e-08
-4.20418e-11
7.58949e-08
-4.46837e-11
7.58923e-08
-4.69839e-11
7.58898e-08
-4.89957e-11
7.58875e-08
-5.07347e-11
7.58856e-08
-5.21767e-11
-5.33406e-11
8.32245e-08
1.98997e-09
-8.31532e-08
8.3315e-08
2.11476e-09
8.34205e-08
2.22752e-09
8.3536e-08
2.32517e-09
8.36562e-08
2.40575e-09
8.37768e-08
2.46846e-09
8.38937e-08
2.51344e-09
8.40038e-08
2.5415e-09
8.41046e-08
2.55396e-09
8.41944e-08
2.55255e-09
8.42723e-08
2.53921e-09
8.43381e-08
2.51601e-09
8.43921e-08
2.48497e-09
8.44349e-08
2.44796e-09
8.44677e-08
2.40668e-09
8.44916e-08
2.36257e-09
8.45078e-08
2.31679e-09
8.45176e-08
2.27029e-09
8.45221e-08
2.22376e-09
8.45224e-08
2.17771e-09
8.45194e-08
2.13249e-09
8.45139e-08
2.08832e-09
8.45065e-08
2.04533e-09
8.44976e-08
2.0036e-09
8.44879e-08
1.96312e-09
8.44775e-08
1.92389e-09
8.44667e-08
1.88588e-09
8.44558e-08
1.84903e-09
8.44449e-08
1.8133e-09
8.44341e-08
1.77863e-09
8.44236e-08
1.74497e-09
8.44133e-08
1.71225e-09
8.44033e-08
1.68042e-09
8.43938e-08
1.64942e-09
8.43846e-08
1.61918e-09
8.43759e-08
1.58964e-09
8.43676e-08
1.56074e-09
8.43597e-08
1.53242e-09
8.43524e-08
1.50459e-09
8.43454e-08
1.4772e-09
8.43389e-08
1.45017e-09
8.43328e-08
1.42342e-09
8.43272e-08
1.39689e-09
8.43219e-08
1.3705e-09
8.43171e-08
1.34417e-09
8.43126e-08
1.31781e-09
8.43085e-08
1.29136e-09
8.43047e-08
1.26473e-09
8.43012e-08
1.23784e-09
8.4298e-08
1.21062e-09
8.42951e-08
1.18297e-09
8.42924e-08
1.15483e-09
8.429e-08
1.12611e-09
8.42877e-08
1.09674e-09
8.42856e-08
1.06665e-09
8.42836e-08
1.03576e-09
8.42817e-08
1.00402e-09
8.42798e-08
9.7135e-10
8.4278e-08
9.37709e-10
8.42761e-08
9.03044e-10
8.42742e-08
8.67318e-10
8.42721e-08
8.30502e-10
8.42698e-08
7.9258e-10
8.42672e-08
7.53554e-10
8.42643e-08
7.13444e-10
8.42609e-08
6.72298e-10
8.4257e-08
6.302e-10
8.42524e-08
5.87277e-10
8.42469e-08
5.43713e-10
8.42406e-08
4.99756e-10
8.42332e-08
4.55724e-10
8.42248e-08
4.12001e-10
8.42154e-08
3.69019e-10
8.4205e-08
3.27238e-10
8.41939e-08
2.87101e-10
8.41822e-08
2.49011e-10
8.41702e-08
2.13296e-10
8.4158e-08
1.80201e-10
8.4146e-08
1.49883e-10
8.41342e-08
1.22412e-10
8.4123e-08
9.77776e-11
8.41124e-08
7.59042e-11
8.41025e-08
5.66605e-11
8.40935e-08
3.98727e-11
8.40852e-08
2.53364e-11
8.40777e-08
1.28302e-11
8.40709e-08
2.12746e-12
8.40648e-08
-6.98809e-12
8.40594e-08
-1.47172e-11
8.40545e-08
-2.12507e-11
8.40501e-08
-2.67645e-11
8.40461e-08
-3.14176e-11
8.40425e-08
-3.53526e-11
8.40392e-08
-3.86945e-11
8.4036e-08
-4.15514e-11
8.40331e-08
-4.40132e-11
8.40302e-08
-4.61497e-11
8.40275e-08
-4.80115e-11
8.4025e-08
-4.96465e-11
-5.11702e-11
9.20566e-08
1.92847e-09
-9.19951e-08
9.21334e-08
2.0379e-09
9.22228e-08
2.13817e-09
9.2321e-08
2.22697e-09
9.24242e-08
2.30256e-09
9.25286e-08
2.36398e-09
9.26311e-08
2.41096e-09
9.27288e-08
2.4438e-09
9.28195e-08
2.46327e-09
9.29016e-08
2.47048e-09
9.2974e-08
2.46679e-09
9.30363e-08
2.45369e-09
9.30886e-08
2.43273e-09
9.31311e-08
2.4054e-09
9.31647e-08
2.3731e-09
9.31902e-08
2.33708e-09
9.32086e-08
2.29842e-09
9.32208e-08
2.25802e-09
9.3228e-08
2.21662e-09
9.32309e-08
2.17479e-09
9.32304e-08
2.13296e-09
9.32273e-08
2.09147e-09
9.32221e-08
2.05055e-09
9.32153e-08
2.01035e-09
9.32074e-08
1.971e-09
9.31988e-08
1.93254e-09
9.31896e-08
1.89502e-09
9.31802e-08
1.85845e-09
9.31707e-08
1.82282e-09
9.31612e-08
1.7881e-09
9.31519e-08
1.75429e-09
9.31428e-08
1.72133e-09
9.3134e-08
1.6892e-09
9.31256e-08
1.65784e-09
9.31176e-08
1.62721e-09
9.311e-08
1.59725e-09
9.31028e-08
1.56791e-09
9.30961e-08
1.53913e-09
9.30899e-08
1.51084e-09
9.30841e-08
1.48298e-09
9.30788e-08
1.45549e-09
9.30739e-08
1.42828e-09
9.30695e-08
1.4013e-09
9.30655e-08
1.37446e-09
9.3062e-08
1.3477e-09
9.30589e-08
1.32093e-09
9.30562e-08
1.29407e-09
9.30539e-08
1.26706e-09
9.30519e-08
1.23981e-09
9.30503e-08
1.21224e-09
9.3049e-08
1.18427e-09
9.3048e-08
1.15584e-09
9.30472e-08
1.12685e-09
9.30467e-08
1.09725e-09
9.30464e-08
1.06695e-09
9.30463e-08
1.03589e-09
9.30463e-08
1.00401e-09
9.30464e-08
9.71258e-10
9.30465e-08
9.37573e-10
9.30466e-08
9.02916e-10
9.30467e-08
8.67253e-10
9.30466e-08
8.30565e-10
9.30464e-08
7.92842e-10
9.30458e-08
7.54096e-10
9.30449e-08
7.14357e-10
9.30435e-08
6.73686e-10
9.30416e-08
6.32173e-10
9.30389e-08
5.89953e-10
9.30354e-08
5.47207e-10
9.3031e-08
5.04171e-10
9.30256e-08
4.61135e-10
9.30191e-08
4.18444e-10
9.30117e-08
3.76478e-10
9.30033e-08
3.35636e-10
9.29941e-08
2.9631e-10
9.29842e-08
2.58857e-10
9.29739e-08
2.2358e-10
9.29634e-08
1.90712e-10
9.29529e-08
1.60415e-10
9.29425e-08
1.32773e-10
9.29325e-08
1.07803e-10
9.2923e-08
8.54585e-11
9.2914e-08
6.56417e-11
9.29056e-08
4.82131e-11
9.2898e-08
3.30026e-11
9.2891e-08
1.98199e-11
9.28846e-08
8.46695e-12
9.28789e-08
-1.25766e-12
9.28737e-08
-9.54488e-12
9.28691e-08
-1.65764e-11
9.28648e-08
-2.25221e-11
9.28609e-08
-2.75392e-11
9.28574e-08
-3.17706e-11
9.2854e-08
-3.5345e-11
9.28508e-08
-3.83763e-11
9.28478e-08
-4.0964e-11
9.28448e-08
-4.31945e-11
9.2842e-08
-4.51454e-11
9.28392e-08
-4.69042e-11
-4.86071e-11
1.01814e-07
1.8775e-09
-1.01763e-07
1.01877e-07
1.97504e-09
1.0195e-07
2.06537e-09
1.0203e-07
2.14675e-09
1.02115e-07
2.21774e-09
1.02201e-07
2.27736e-09
1.02287e-07
2.32515e-09
1.0237e-07
2.36109e-09
1.02448e-07
2.38556e-09
1.02519e-07
2.39921e-09
1.02583e-07
2.40294e-09
1.02639e-07
2.39783e-09
1.02686e-07
2.38502e-09
1.02726e-07
2.36568e-09
1.02758e-07
2.34095e-09
1.02783e-07
2.31189e-09
1.02802e-07
2.27948e-09
1.02816e-07
2.24455e-09
1.02825e-07
2.20783e-09
1.0283e-07
2.16993e-09
1.02831e-07
2.13134e-09
1.0283e-07
2.09247e-09
1.02827e-07
2.05361e-09
1.02822e-07
2.01501e-09
1.02817e-07
1.97684e-09
1.0281e-07
1.93925e-09
1.02803e-07
1.90232e-09
1.02795e-07
1.86612e-09
1.02787e-07
1.83067e-09
1.02779e-07
1.796e-09
1.02771e-07
1.76212e-09
1.02764e-07
1.72901e-09
1.02756e-07
1.69664e-09
1.02749e-07
1.665e-09
1.02742e-07
1.63404e-09
1.02736e-07
1.60373e-09
1.0273e-07
1.57401e-09
1.02724e-07
1.54483e-09
1.02719e-07
1.51613e-09
1.02714e-07
1.48786e-09
1.02709e-07
1.45995e-09
1.02705e-07
1.43233e-09
1.02702e-07
1.40493e-09
1.02698e-07
1.37769e-09
1.02696e-07
1.35053e-09
1.02693e-07
1.32337e-09
1.02691e-07
1.29615e-09
1.02689e-07
1.26878e-09
1.02688e-07
1.24118e-09
1.02687e-07
1.21329e-09
1.02686e-07
1.18502e-09
1.02686e-07
1.15631e-09
1.02685e-07
1.12707e-09
1.02685e-07
1.09724e-09
1.02686e-07
1.06674e-09
1.02686e-07
1.03552e-09
1.02687e-07
1.00351e-09
1.02687e-07
9.7067e-10
1.02688e-07
9.3694e-10
1.02688e-07
9.02286e-10
1.02689e-07
8.66682e-10
1.02689e-07
8.30112e-10
1.0269e-07
7.92575e-10
1.0269e-07
7.54092e-10
1.02689e-07
7.147e-10
1.02689e-07
6.74469e-10
1.02687e-07
6.33495e-10
1.02685e-07
5.91915e-10
1.02683e-07
5.49907e-10
1.02679e-07
5.07694e-10
1.02675e-07
4.65545e-10
1.02669e-07
4.23767e-10
1.02663e-07
3.82699e-10
1.02656e-07
3.42695e-10
1.02648e-07
3.04101e-10
1.0264e-07
2.67238e-10
1.02631e-07
2.32384e-10
1.02622e-07
1.99762e-10
1.02613e-07
1.69534e-10
1.02604e-07
1.41795e-10
1.02595e-07
1.16583e-10
1.02587e-07
9.38743e-11
1.02579e-07
7.36e-11
1.02571e-07
5.5649e-11
1.02564e-07
3.98793e-11
1.02558e-07
2.61272e-11
1.02552e-07
1.42168e-11
1.02547e-07
3.96773e-12
1.02542e-07
-4.80263e-12
1.02538e-07
-1.22658e-11
1.02534e-07
-1.85864e-11
1.02531e-07
-2.39189e-11
1.02527e-07
-2.84069e-11
1.02524e-07
-3.21817e-11
1.02521e-07
-3.53628e-11
1.02518e-07
-3.80588e-11
1.02515e-07
-4.0369e-11
1.02512e-07
-4.23889e-11
1.0251e-07
-4.42216e-11
-4.59867e-11
1.12596e-07
1.83843e-09
-1.12557e-07
1.12644e-07
1.92727e-09
1.12699e-07
2.01019e-09
1.1276e-07
2.08583e-09
1.12825e-07
2.15299e-09
1.12891e-07
2.21076e-09
1.12958e-07
2.2586e-09
1.13022e-07
2.29633e-09
1.13084e-07
2.32404e-09
1.13141e-07
2.34212e-09
1.13193e-07
2.35113e-09
1.13239e-07
2.35184e-09
1.13279e-07
2.3451e-09
1.13313e-07
2.33182e-09
1.13341e-07
2.31294e-09
1.13363e-07
2.28937e-09
1.13381e-07
2.26196e-09
1.13394e-07
2.23149e-09
1.13403e-07
2.19867e-09
1.13409e-07
2.16409e-09
1.13412e-07
2.1283e-09
1.13413e-07
2.09171e-09
1.13411e-07
2.0547e-09
1.13409e-07
2.01756e-09
1.13405e-07
1.98052e-09
1.13401e-07
1.94377e-09
1.13396e-07
1.90744e-09
1.1339e-07
1.87164e-09
1.13384e-07
1.83644e-09
1.13378e-07
1.80189e-09
1.13372e-07
1.76801e-09
1.13367e-07
1.73482e-09
1.13361e-07
1.70231e-09
1.13356e-07
1.67048e-09
1.1335e-07
1.63928e-09
1.13345e-07
1.6087e-09
1.13341e-07
1.57869e-09
1.13336e-07
1.5492e-09
1.13332e-07
1.52018e-09
1.13329e-07
1.49158e-09
1.13325e-07
1.46334e-09
1.13322e-07
1.43538e-09
1.13319e-07
1.40766e-09
1.13317e-07
1.38009e-09
1.13315e-07
1.3526e-09
1.13313e-07
1.32513e-09
1.13312e-07
1.2976e-09
1.1331e-07
1.26994e-09
1.1331e-07
1.24207e-09
1.13309e-07
1.21391e-09
1.13309e-07
1.1854e-09
1.13308e-07
1.15645e-09
1.13309e-07
1.12701e-09
1.13309e-07
1.09699e-09
1.13309e-07
1.06633e-09
1.1331e-07
1.03498e-09
1.1331e-07
1.00287e-09
1.13311e-07
9.69959e-10
1.13312e-07
9.36197e-10
1.13313e-07
9.01553e-10
1.13313e-07
8.66004e-10
1.13314e-07
8.2954e-10
1.13314e-07
7.92168e-10
1.13314e-07
7.53912e-10
1.13314e-07
7.14818e-10
1.13314e-07
6.74959e-10
1.13313e-07
6.34437e-10
1.13311e-07
5.93389e-10
1.13309e-07
5.51988e-10
1.13307e-07
5.10447e-10
1.13303e-07
4.69015e-10
1.13299e-07
4.27975e-10
1.13294e-07
3.87632e-10
1.13288e-07
3.48305e-10
1.13282e-07
3.10307e-10
1.13275e-07
2.73931e-10
1.13268e-07
2.39435e-10
1.13261e-07
2.07033e-10
1.13254e-07
1.76884e-10
1.13246e-07
1.49094e-10
1.13239e-07
1.23711e-10
1.13232e-07
1.00734e-10
1.13226e-07
8.0112e-11
1.1322e-07
6.17584e-11
1.13214e-07
4.55532e-11
1.13209e-07
3.13534e-11
1.13204e-07
1.90015e-11
1.132e-07
8.33119e-12
1.13196e-07
-8.25498e-13
1.13192e-07
-8.63886e-12
1.13189e-07
-1.52621e-11
1.13186e-07
-2.08497e-11
1.13183e-07
-2.55455e-11
1.1318e-07
-2.94829e-11
1.13178e-07
-3.27861e-11
1.13175e-07
-3.55706e-11
1.13173e-07
-3.7945e-11
1.1317e-07
-4.00151e-11
1.13168e-07
-4.18899e-11
-4.36816e-11
1.24513e-07
1.81353e-09
-1.24488e-07
1.24544e-07
1.89685e-09
1.24579e-07
1.97497e-09
1.24618e-07
2.04678e-09
1.2466e-07
2.11122e-09
1.24703e-07
2.16747e-09
1.24747e-07
2.21499e-09
1.2479e-07
2.25347e-09
1.24831e-07
2.28291e-09
1.24869e-07
2.3035e-09
1.24905e-07
2.31564e-09
1.24937e-07
2.31988e-09
1.24965e-07
2.31691e-09
1.24989e-07
2.30748e-09
1.2501e-07
2.29238e-09
1.25027e-07
2.2724e-09
1.25041e-07
2.24832e-09
1.25051e-07
2.22086e-09
1.25059e-07
2.19071e-09
1.25065e-07
2.15846e-09
1.25068e-07
2.12464e-09
1.2507e-07
2.08971e-09
1.25071e-07
2.05406e-09
1.25071e-07
2.01801e-09
1.25069e-07
1.98184e-09
1.25067e-07
1.94575e-09
1.25065e-07
1.90992e-09
1.25062e-07
1.87447e-09
1.25059e-07
1.8395e-09
1.25056e-07
1.80509e-09
1.25052e-07
1.77127e-09
1.25049e-07
1.73808e-09
1.25046e-07
1.70551e-09
1.25043e-07
1.67358e-09
1.2504e-07
1.64226e-09
1.25037e-07
1.61152e-09
1.25034e-07
1.58133e-09
1.25032e-07
1.55166e-09
1.2503e-07
1.52244e-09
1.25028e-07
1.49363e-09
1.25026e-07
1.46517e-09
1.25024e-07
1.437e-09
1.25023e-07
1.40906e-09
1.25022e-07
1.38128e-09
1.25021e-07
1.35358e-09
1.2502e-07
1.32591e-09
1.25019e-07
1.29817e-09
1.25019e-07
1.27032e-09
1.25019e-07
1.24226e-09
1.25019e-07
1.21393e-09
1.25019e-07
1.18525e-09
1.25019e-07
1.15615e-09
1.2502e-07
1.12657e-09
1.2502e-07
1.09643e-09
1.25021e-07
1.06567e-09
1.25022e-07
1.03423e-09
1.25022e-07
1.00206e-09
1.25023e-07
9.69102e-10
1.25024e-07
9.35325e-10
1.25025e-07
9.00695e-10
1.25026e-07
8.65193e-10
1.25027e-07
8.28813e-10
1.25027e-07
7.91564e-10
1.25028e-07
7.53475e-10
1.25028e-07
7.14598e-10
1.25028e-07
6.75006e-10
1.25027e-07
6.34806e-10
1.25027e-07
5.94133e-10
1.25025e-07
5.53157e-10
1.25024e-07
5.12082e-10
1.25022e-07
4.71146e-10
1.25019e-07
4.30614e-10
1.25016e-07
3.9077e-10
1.25012e-07
3.5191e-10
1.25008e-07
3.14326e-10
1.25004e-07
2.78292e-10
1.24999e-07
2.44053e-10
1.24995e-07
2.11815e-10
1.2499e-07
1.81738e-10
1.24985e-07
1.5393e-10
1.2498e-07
1.28449e-10
1.24976e-07
1.05305e-10
1.24971e-07
8.4463e-11
1.24967e-07
6.58499e-11
1.24963e-07
4.9361e-11
1.2496e-07
3.48674e-11
1.24957e-07
2.22257e-11
1.24954e-07
1.12775e-11
1.24951e-07
1.87302e-12
1.24948e-07
-6.17907e-12
1.24946e-07
-1.3e-11
1.24944e-07
-1.87538e-11
1.24942e-07
-2.35826e-11
1.2494e-07
-2.76216e-11
1.24939e-07
-3.09981e-11
1.24937e-07
-3.38324e-11
1.24935e-07
-3.62389e-11
1.24933e-07
-3.83281e-11
1.24932e-07
-4.0205e-11
-4.19371e-11
1.37677e-07
-1.37669e-07
1.37686e-07
1.37697e-07
1.3771e-07
1.37725e-07
1.3774e-07
1.37756e-07
1.37773e-07
1.37789e-07
1.37804e-07
1.37819e-07
1.37833e-07
1.37845e-07
1.37857e-07
1.37867e-07
1.37876e-07
1.37884e-07
1.37891e-07
1.37896e-07
1.37901e-07
1.37905e-07
1.37909e-07
1.37912e-07
1.37914e-07
1.37916e-07
1.37917e-07
1.37919e-07
1.3792e-07
1.37921e-07
1.37922e-07
1.37922e-07
1.37923e-07
1.37924e-07
1.37924e-07
1.37925e-07
1.37925e-07
1.37926e-07
1.37926e-07
1.37927e-07
1.37928e-07
1.37928e-07
1.37929e-07
1.3793e-07
1.37931e-07
1.37932e-07
1.37933e-07
1.37934e-07
1.37935e-07
1.37936e-07
1.37937e-07
1.37938e-07
1.37939e-07
1.37941e-07
1.37942e-07
1.37943e-07
1.37945e-07
1.37946e-07
1.37948e-07
1.37949e-07
1.3795e-07
1.37952e-07
1.37953e-07
1.37954e-07
1.37956e-07
1.37957e-07
1.37958e-07
1.37958e-07
1.37959e-07
1.3796e-07
1.3796e-07
1.3796e-07
1.3796e-07
1.37959e-07
1.37958e-07
1.37958e-07
1.37956e-07
1.37955e-07
1.37954e-07
1.37952e-07
1.37951e-07
1.3795e-07
1.37948e-07
1.37947e-07
1.37945e-07
1.37944e-07
1.37943e-07
1.37941e-07
1.3794e-07
1.37939e-07
1.37938e-07
1.37937e-07
1.37936e-07
1.37935e-07
1.37934e-07
1.37933e-07
1.37932e-07
1.37931e-07
1.3793e-07
1.37929e-07
3.44588e-08
5.11739e-12
3.44535e-08
1.10577e-11
3.44459e-08
1.78833e-11
3.44358e-08
2.56208e-11
3.44234e-08
3.43215e-11
3.44083e-08
4.40564e-11
3.43904e-08
5.49126e-11
3.43695e-08
6.69903e-11
3.43452e-08
8.0405e-11
3.43173e-08
9.52942e-11
3.42853e-08
1.11826e-10
3.42487e-08
1.30214e-10
3.4207e-08
1.50737e-10
3.41595e-08
1.73773e-10
3.4105e-08
1.99849e-10
3.40425e-08
2.29725e-10
3.397e-08
2.64532e-10
3.38851e-08
3.06032e-10
3.37838e-08
3.57109e-10
3.36597e-08
4.2282e-10
3.35015e-08
5.12912e-10
3.32866e-08
6.48786e-10
3.29622e-08
8.87224e-10
3.2363e-08
1.43483e-09
3.05825e-09
3.80456e-08
8.19729e-12
3.80399e-08
1.68014e-11
3.80315e-08
2.62302e-11
3.80206e-08
3.65871e-11
3.80069e-08
4.79955e-11
3.79904e-08
6.0593e-11
3.79708e-08
7.45227e-11
3.79478e-08
8.99349e-11
3.79212e-08
1.06996e-10
3.78906e-08
1.259e-10
3.78556e-08
1.46881e-10
3.78155e-08
1.70239e-10
3.77699e-08
1.96363e-10
3.77179e-08
2.2579e-10
3.76585e-08
2.59269e-10
3.75903e-08
2.97888e-10
3.75116e-08
3.4328e-10
3.74196e-08
3.97987e-10
3.73105e-08
4.66169e-10
3.71783e-08
5.55059e-10
3.70129e-08
6.78277e-10
3.67976e-08
8.6409e-10
3.65073e-08
1.1776e-09
3.61616e-08
1.7805e-09
3.02418e-09
4.20059e-08
1.15008e-11
4.19996e-08
2.30529e-11
4.19905e-08
3.53222e-11
4.19786e-08
4.85439e-11
4.19637e-08
6.29152e-11
4.19456e-08
7.86423e-11
4.19242e-08
9.59285e-11
4.18992e-08
1.14979e-10
4.18701e-08
1.36013e-10
4.18368e-08
1.59285e-10
4.17985e-08
1.85098e-10
4.17549e-08
2.13836e-10
4.17053e-08
2.46006e-10
4.16488e-08
2.82295e-10
4.15844e-08
3.23672e-10
4.15107e-08
3.71537e-10
4.1426e-08
4.27977e-10
4.13278e-08
4.96212e-10
4.12126e-08
5.81414e-10
4.10753e-08
6.92294e-10
4.09093e-08
8.44336e-10
4.07069e-08
1.06648e-09
4.04706e-08
1.41388e-09
4.0268e-08
1.98314e-09
2.88958e-09
4.63784e-08
1.50455e-11
4.63716e-08
2.98237e-11
4.63617e-08
4.51853e-11
4.63487e-08
6.15245e-11
4.63325e-08
7.91218e-11
4.63129e-08
9.82535e-11
4.62897e-08
1.19186e-10
4.62625e-08
1.42184e-10
4.6231e-08
1.67522e-10
4.61947e-08
1.95514e-10
4.61533e-08
2.26533e-10
4.61061e-08
2.61047e-10
4.60524e-08
2.99669e-10
4.59915e-08
3.43232e-10
4.59223e-08
3.92896e-10
4.58435e-08
4.50327e-10
4.57535e-08
5.17973e-10
4.56501e-08
5.99535e-10
4.55308e-08
7.0077e-10
4.53922e-08
8.30898e-10
4.52315e-08
1.00504e-09
4.50499e-08
1.24808e-09
4.48652e-08
1.59853e-09
4.47447e-08
2.10362e-09
2.77741e-09
5.1206e-08
1.88385e-11
5.11987e-08
3.71153e-11
5.1188e-08
5.58293e-11
5.1174e-08
7.5543e-11
5.11565e-08
9.66324e-11
5.11353e-08
1.19446e-10
5.11102e-08
1.44318e-10
5.10808e-08
1.71569e-10
5.10468e-08
2.01536e-10
5.10077e-08
2.34589e-10
5.09631e-08
2.71166e-10
5.09123e-08
3.11811e-10
5.08548e-08
3.57233e-10
5.07896e-08
4.08379e-10
5.07159e-08
4.6656e-10
5.06326e-08
5.33627e-10
5.05384e-08
6.1224e-10
5.04316e-08
7.06302e-10
5.03108e-08
8.21613e-10
5.01748e-08
9.66876e-10
5.00248e-08
1.15503e-09
4.98685e-08
1.40441e-09
4.97296e-08
1.73742e-09
4.96631e-08
2.17015e-09
2.68146e-09
5.65361e-08
2.28787e-11
5.65283e-08
4.49156e-11
5.65169e-08
6.72399e-11
5.65019e-08
9.05819e-11
5.64831e-08
1.15424e-10
5.64603e-08
1.42191e-10
5.64334e-08
1.71282e-10
5.64019e-08
2.03083e-10
5.63654e-08
2.37982e-10
5.63236e-08
2.76406e-10
5.62759e-08
3.18849e-10
5.62218e-08
3.65918e-10
5.61607e-08
4.18387e-10
5.60918e-08
4.77283e-10
5.60143e-08
5.43998e-10
5.59275e-08
6.20451e-10
5.58304e-08
7.09325e-10
5.57223e-08
8.14391e-10
5.5603e-08
9.40944e-10
5.54736e-08
1.0963e-09
5.53384e-08
1.29014e-09
5.5209e-08
1.53389e-09
5.51089e-08
1.83745e-09
5.50789e-08
2.2002e-09
2.59399e-09
6.24211e-08
2.71527e-11
6.24129e-08
5.31903e-11
6.24007e-08
7.93668e-11
6.23847e-08
1.06576e-10
6.23647e-08
1.35414e-10
6.23406e-08
1.66384e-10
6.23119e-08
1.99953e-10
6.22784e-08
2.36565e-10
6.22397e-08
2.76662e-10
6.21954e-08
3.20716e-10
6.2145e-08
3.69263e-10
6.2088e-08
4.22948e-10
6.20238e-08
4.82579e-10
6.19519e-08
5.49202e-10
6.18717e-08
6.242e-10
6.17827e-08
7.09426e-10
6.16846e-08
8.07364e-10
6.15777e-08
9.2133e-10
6.1463e-08
1.05565e-09
6.13436e-08
1.21574e-09
6.1226e-08
1.40773e-09
6.11227e-08
1.63714e-09
6.10545e-08
1.90569e-09
6.10492e-08
2.2055e-09
2.51144e-09
6.89188e-08
3.16295e-11
6.89101e-08
6.18724e-11
6.88973e-08
9.21096e-11
6.88805e-08
1.23393e-10
6.88595e-08
1.56435e-10
6.88341e-08
1.9182e-10
6.88039e-08
2.3008e-10
6.87688e-08
2.71714e-10
6.87282e-08
3.1721e-10
6.86819e-08
3.67071e-10
6.86293e-08
4.21857e-10
6.857e-08
4.8222e-10
6.85036e-08
5.48952e-10
6.84298e-08
6.2305e-10
6.83482e-08
7.05786e-10
6.82588e-08
7.98795e-10
6.8162e-08
9.0416e-10
6.80589e-08
1.02447e-09
6.79517e-08
1.16282e-09
6.78449e-08
1.32254e-09
6.77461e-08
1.5066e-09
6.7667e-08
1.71624e-09
6.7624e-08
1.94868e-09
6.76354e-08
2.19407e-09
2.43281e-09
6.8919e-08
3.58349e-11
6.89109e-08
7.00287e-11
6.88989e-08
1.04096e-10
6.88831e-08
1.3922e-10
6.88633e-08
1.76218e-10
6.88394e-08
2.15749e-10
6.8811e-08
2.58403e-10
6.8778e-08
3.04723e-10
6.874e-08
3.55225e-10
6.86966e-08
4.10431e-10
6.86476e-08
4.70898e-10
6.85926e-08
5.3725e-10
6.85313e-08
6.10221e-10
6.84637e-08
6.90696e-10
6.83897e-08
7.79758e-10
6.83098e-08
8.78728e-10
6.82247e-08
9.89183e-10
6.81363e-08
1.11293e-09
6.80473e-08
1.25183e-09
6.79623e-08
1.40753e-09
6.78882e-08
1.58071e-09
6.78343e-08
1.77011e-09
6.78119e-08
1.9711e-09
6.78317e-08
2.17427e-09
2.36494e-09
7.60931e-08
4.01362e-11
7.60848e-08
7.8373e-11
7.60725e-08
1.16365e-10
7.60563e-08
1.55426e-10
7.6036e-08
1.96474e-10
7.60116e-08
2.4024e-10
7.59826e-08
2.87366e-10
7.59489e-08
3.38432e-10
7.59101e-08
3.93974e-10
7.58661e-08
4.54514e-10
7.58164e-08
5.20578e-10
7.57609e-08
5.92733e-10
7.56995e-08
6.71603e-10
7.56323e-08
7.579e-10
7.55596e-08
8.52437e-10
7.54822e-08
9.56132e-10
7.54014e-08
1.06997e-09
7.53194e-08
1.19492e-09
7.52395e-08
1.33173e-09
7.51665e-08
1.48057e-09
7.51066e-08
1.64056e-09
7.50677e-08
1.80906e-09
7.50578e-08
1.98096e-09
7.50838e-08
2.14829e-09
2.30047e-09
8.40141e-08
4.44357e-11
8.40057e-08
8.67119e-11
8.39935e-08
1.28631e-10
8.39773e-08
1.71631e-10
8.3957e-08
2.16723e-10
8.39325e-08
2.64709e-10
8.39036e-08
3.16275e-10
8.387e-08
3.72029e-10
8.38315e-08
4.32514e-10
8.37878e-08
4.98229e-10
8.37387e-08
5.69651e-10
8.36842e-08
6.47249e-10
8.36243e-08
7.31497e-10
8.35593e-08
8.22879e-10
8.34899e-08
9.21883e-10
8.3417e-08
1.02897e-09
8.33425e-08
1.14452e-09
8.32687e-08
1.26869e-09
8.31992e-08
1.40129e-09
8.31383e-08
1.54143e-09
8.30916e-08
1.68726e-09
8.30651e-08
1.8356e-09
8.30643e-08
1.98167e-09
8.30935e-08
2.11917e-09
2.24071e-09
9.27596e-08
4.85929e-11
9.27516e-08
9.47689e-11
9.27397e-08
1.40484e-10
9.27241e-08
1.8729e-10
9.27045e-08
2.36286e-10
9.26809e-08
2.88332e-10
9.2653e-08
3.44155e-10
9.26207e-08
4.04379e-10
9.25836e-08
4.69538e-10
9.25418e-08
5.40096e-10
9.2495e-08
6.16452e-10
9.24433e-08
6.98952e-10
9.23869e-08
7.87887e-10
9.23263e-08
8.8348e-10
9.22623e-08
9.85867e-10
9.21962e-08
1.09505e-09
9.21299e-08
1.21083e-09
9.20659e-08
1.33271e-09
9.20074e-08
1.45975e-09
9.19585e-08
1.59039e-09
9.19234e-08
1.72232e-09
9.19067e-08
1.85234e-09
9.1912e-08
1.97636e-09
9.19415e-08
2.08964e-09
2.18714e-09
1.02416e-07
5.24128e-11
1.02408e-07
1.02162e-10
1.02397e-07
1.51359e-10
1.02383e-07
2.01657e-10
1.02365e-07
2.54229e-10
1.02343e-07
3.09985e-10
1.02318e-07
3.69682e-10
1.02288e-07
4.33951e-10
1.02255e-07
5.03307e-10
1.02217e-07
5.78162e-10
1.02174e-07
6.58827e-10
1.02128e-07
7.45509e-10
1.02077e-07
8.38303e-10
1.02024e-07
9.37166e-10
1.01967e-07
1.04189e-09
1.0191e-07
1.15207e-09
1.01854e-07
1.26702e-09
1.01801e-07
1.38571e-09
1.01754e-07
1.50672e-09
1.01717e-07
1.62814e-09
1.01691e-07
1.74752e-09
1.01682e-07
1.86192e-09
1.0169e-07
1.96801e-09
1.01717e-07
2.06231e-09
2.14143e-09
1.13077e-07
5.5632e-11
1.13071e-07
1.08379e-10
1.13062e-07
1.60501e-10
1.1305e-07
2.13735e-10
1.13035e-07
2.69309e-10
1.13016e-07
3.28174e-10
1.12995e-07
3.91107e-10
1.1297e-07
4.58737e-10
1.12942e-07
5.31557e-10
1.1291e-07
6.09922e-10
1.12875e-07
6.94055e-10
1.12836e-07
7.8403e-10
1.12795e-07
8.79759e-10
1.12751e-07
9.80964e-10
1.12706e-07
1.08715e-09
1.1266e-07
1.19756e-09
1.12616e-07
1.31116e-09
1.12575e-07
1.42658e-09
1.1254e-07
1.54208e-09
1.12513e-07
1.65561e-09
1.12495e-07
1.76478e-09
1.1249e-07
1.86698e-09
1.12499e-07
1.95954e-09
1.12521e-07
2.0399e-09
2.10575e-09
1.24849e-07
5.79051e-11
1.24844e-07
1.12752e-10
1.24838e-07
1.66931e-10
1.24829e-07
2.2223e-10
1.24819e-07
2.79917e-10
1.24806e-07
3.40969e-10
1.24791e-07
4.06175e-10
1.24773e-07
4.76161e-10
1.24754e-07
5.51399e-10
1.24731e-07
6.322e-10
1.24707e-07
7.18717e-10
1.2468e-07
8.10923e-10
1.24651e-07
9.08594e-10
1.24621e-07
1.01128e-09
1.24589e-07
1.1183e-09
1.24558e-07
1.22865e-09
1.24528e-07
1.34107e-09
1.24501e-07
1.45399e-09
1.24478e-07
1.56553e-09
1.2446e-07
1.67358e-09
1.24448e-07
1.77586e-09
1.24445e-07
1.87005e-09
1.24451e-07
1.95388e-09
1.24466e-07
2.02537e-09
2.08287e-09
1.37846e-07
1.37844e-07
1.37841e-07
1.37838e-07
1.37834e-07
1.37828e-07
1.37822e-07
1.37815e-07
1.37807e-07
1.37797e-07
1.37787e-07
1.37775e-07
1.37763e-07
1.37749e-07
1.37736e-07
1.37722e-07
1.37708e-07
1.37695e-07
1.37683e-07
1.37674e-07
1.37666e-07
1.37662e-07
1.37661e-07
1.37664e-07
)
;

boundaryField
{
    top
    {
        type            calculated;
        value           nonuniform List<scalar> 
125
(
1.80636e-09
1.8875e-09
1.96361e-09
2.03367e-09
2.09673e-09
2.152e-09
2.19894e-09
2.23726e-09
2.26689e-09
2.28799e-09
2.30091e-09
2.30614e-09
2.30428e-09
2.29605e-09
2.28217e-09
2.2634e-09
2.24048e-09
2.21411e-09
2.18494e-09
2.15358e-09
2.12054e-09
2.08629e-09
2.05121e-09
2.01566e-09
1.97989e-09
1.94414e-09
1.90858e-09
1.87334e-09
1.83855e-09
1.80427e-09
1.77055e-09
1.73743e-09
1.70492e-09
1.67301e-09
1.6417e-09
1.61096e-09
1.58077e-09
1.55107e-09
1.52182e-09
1.49298e-09
1.46448e-09
1.43626e-09
1.40827e-09
1.38043e-09
1.35269e-09
1.32496e-09
1.29717e-09
1.26926e-09
1.24115e-09
1.21277e-09
1.18404e-09
1.1549e-09
1.12527e-09
1.09509e-09
1.0643e-09
1.03284e-09
1.00065e-09
9.67687e-10
9.33914e-10
8.99299e-10
8.63826e-10
8.2749e-10
7.90302e-10
7.52294e-10
7.13517e-10
6.7405e-10
6.33997e-10
5.93494e-10
5.52711e-10
5.11848e-10
4.71138e-10
4.30839e-10
3.91229e-10
3.52594e-10
3.15217e-10
2.79364e-10
2.45276e-10
2.13155e-10
1.83159e-10
1.55399e-10
1.29934e-10
1.06779e-10
8.59034e-11
6.72409e-11
5.0692e-11
3.61337e-11
2.34256e-11
1.24147e-11
2.94687e-12
-5.14271e-12
-1.19972e-11
-1.777e-11
-2.26049e-11
-2.66373e-11
-2.99959e-11
-3.2803e-11
-3.5177e-11
-3.72359e-11
-3.91078e-11
-4.09479e-11
5.88071e-11
1.14485e-10
1.69498e-10
2.25648e-10
2.8422e-10
3.462e-10
4.12383e-10
4.83396e-10
5.59701e-10
6.41594e-10
7.29201e-10
8.22453e-10
9.21075e-10
1.02455e-09
1.13209e-09
1.24264e-09
1.35482e-09
1.46697e-09
1.57717e-09
1.68328e-09
1.78306e-09
1.87426e-09
1.9548e-09
2.02288e-09
2.07708e-09
)
;
    }
    inlet
    {
        type            calculated;
        value           nonuniform List<scalar> 
16
(
-6.89232e-08
-7.60974e-08
-8.40184e-08
-9.27638e-08
-1.0242e-07
-1.1308e-07
-1.24851e-07
-1.37846e-07
-3.44616e-08
-3.80487e-08
-4.20092e-08
-4.63819e-08
-5.12098e-08
-5.65402e-08
-6.24254e-08
-6.89232e-08
)
;
    }
    outlet
    {
        type            calculated;
        value           nonuniform List<scalar> 
16
(
6.81592e-08
7.58842e-08
8.40228e-08
9.28367e-08
1.02507e-07
1.13166e-07
1.2493e-07
1.37928e-07
2.85216e-09
9.6195e-09
1.79236e-08
2.7468e-08
3.77006e-08
4.79576e-08
5.7707e-08
6.67601e-08
)
;
    }
    plate
    {
        type            calculated;
        value           uniform 0;
    }
    symmBound
    {
        type            calculated;
        value           nonuniform List<scalar> 
25
(
-2.26176e-12
-5.78404e-12
-1.0252e-11
-1.56106e-11
-2.18453e-11
-2.89716e-11
-3.70259e-11
-4.60615e-11
-5.61467e-11
-6.73667e-11
-7.98271e-11
-9.36611e-11
-1.0904e-10
-1.26192e-10
-1.45427e-10
-1.67181e-10
-1.92089e-10
-2.21114e-10
-2.55785e-10
-2.987e-10
-3.54682e-10
-4.33945e-10
-5.62858e-10
-8.35533e-10
-1.6142e-09
)
;
    }
    frontAndBack
    {
        type            empty;
        value           nonuniform 0();
    }
}


// ************************************************************************* //
