/*--------------------------------*- C++ -*----------------------------------*\
| =========                 |                                                 |
| \\      /  F ield         | OpenFOAM: The Open Source CFD Toolbox           |
|  \\    /   O peration     | Version:  2.3.0                                 |
|   \\  /    A nd           | Web:      www.OpenFOAM.org                      |
|    \\/     M anipulation  |                                                 |
\*---------------------------------------------------------------------------*/
FoamFile
{
    version     2.0;
    format      ascii;
    class       surfaceScalarField;
    location    "0.25";
    object      phi_0;
}
// * * * * * * * * * * * * * * * * * * * * * * * * * * * * * * * * * * * * * //

dimensions      [0 3 -1 0 0 0 0];

internalField   nonuniform List<scalar> 
3859
(
2.88522e-08
2.75758e-09
-3.16098e-08
2.53876e-08
3.46465e-09
2.19354e-08
3.45218e-09
1.87347e-08
3.20066e-09
1.58277e-08
2.90705e-09
1.32938e-08
2.53388e-09
1.12226e-08
2.07118e-09
9.62312e-09
1.5995e-09
8.45536e-09
1.16776e-09
7.63494e-09
8.20415e-10
7.06548e-09
5.69459e-10
6.66296e-09
4.02521e-10
6.36506e-09
2.97904e-10
6.12926e-09
2.35793e-10
5.92709e-09
2.02178e-10
5.74209e-09
1.84994e-10
5.56726e-09
1.74827e-10
5.40091e-09
1.66357e-10
5.24303e-09
1.57878e-10
5.09378e-09
1.49251e-10
4.95338e-09
1.40395e-10
4.82216e-09
1.31221e-10
4.70025e-09
1.21908e-10
4.58746e-09
1.12789e-10
4.48332e-09
1.04149e-10
4.38717e-09
9.6148e-11
4.29829e-09
8.88756e-11
4.21588e-09
8.2412e-11
4.13917e-09
7.67076e-11
4.06761e-09
7.15659e-11
4.00077e-09
6.68366e-11
3.93831e-09
6.2461e-11
3.87991e-09
5.8394e-11
3.8253e-09
5.46193e-11
3.77417e-09
5.11246e-11
3.72632e-09
4.78491e-11
3.68159e-09
4.47361e-11
3.63982e-09
4.17629e-11
3.60091e-09
3.89145e-11
3.56472e-09
3.61881e-11
3.53114e-09
3.35799e-11
3.50008e-09
3.10584e-11
3.47148e-09
2.86039e-11
3.44525e-09
2.62299e-11
3.42132e-09
2.39297e-11
3.39965e-09
2.16673e-11
3.3802e-09
1.94494e-11
3.3629e-09
1.7303e-11
3.3477e-09
1.51937e-11
3.33462e-09
1.30817e-11
3.3236e-09
1.10252e-11
3.31453e-09
9.06672e-12
3.3074e-09
7.1319e-12
3.30222e-09
5.17682e-12
3.29893e-09
3.28813e-12
3.29741e-09
1.5291e-12
3.29753e-09
-1.27207e-13
3.29922e-09
-1.68772e-12
3.30222e-09
-2.9972e-12
3.30637e-09
-4.15357e-12
3.31129e-09
-4.91618e-12
3.31677e-09
-5.48627e-12
3.32255e-09
-5.77687e-12
3.32835e-09
-5.79718e-12
3.33394e-09
-5.5955e-12
3.3392e-09
-5.25739e-12
3.34402e-09
-4.82438e-12
3.34837e-09
-4.34431e-12
3.35223e-09
-3.86023e-12
3.35563e-09
-3.40112e-12
3.35861e-09
-2.98473e-12
3.36123e-09
-2.61706e-12
3.36353e-09
-2.29862e-12
3.36555e-09
-2.02185e-12
3.36734e-09
-1.78524e-12
3.36892e-09
-1.57884e-12
3.37031e-09
-1.39697e-12
3.37155e-09
-1.23565e-12
3.37264e-09
-1.09116e-12
3.3736e-09
-9.6002e-13
3.37444e-09
-8.40682e-13
3.37517e-09
-7.3109e-13
3.3758e-09
-6.30575e-13
3.37634e-09
-5.38838e-13
3.3768e-09
-4.56484e-13
3.37718e-09
-3.83643e-13
3.3775e-09
-3.1985e-13
3.37777e-09
-2.64421e-13
3.37798e-09
-2.15689e-13
3.37815e-09
-1.72476e-13
3.37829e-09
-1.33469e-13
3.37839e-09
-9.9313e-14
3.37846e-09
-6.87413e-14
3.3785e-09
-4.38956e-14
3.37852e-09
-2.28303e-14
3.37853e-09
-8.88108e-15
3.37853e-09
2.34989e-15
3.37852e-09
6.26059e-15
3.37851e-09
1.05522e-14
6.82308e-15
3.62631e-08
2.44965e-09
-3.59552e-08
3.6102e-08
3.62577e-09
3.53969e-08
4.15724e-09
3.44013e-08
4.19632e-09
3.32333e-08
4.075e-09
3.192e-08
3.84723e-09
3.04876e-08
3.50358e-09
2.90127e-08
3.07438e-09
2.7568e-08
2.6125e-09
2.62036e-08
2.18477e-09
2.49404e-08
1.83264e-09
2.378e-08
1.563e-09
2.27206e-08
1.35729e-09
2.17627e-08
1.19363e-09
2.08981e-08
1.06683e-09
2.01165e-08
9.66598e-10
1.94081e-08
8.83206e-10
1.87642e-08
8.10296e-10
1.81766e-08
7.45455e-10
1.7638e-08
6.87812e-10
1.71424e-08
6.36021e-10
1.6685e-08
5.88613e-10
1.62621e-08
5.44839e-10
1.58703e-08
5.04525e-10
1.55069e-08
4.67602e-10
1.51691e-08
4.33928e-10
1.48546e-08
4.03358e-10
1.45612e-08
3.7579e-10
1.4287e-08
3.50917e-10
1.40304e-08
3.28194e-10
1.37901e-08
3.07188e-10
1.35648e-08
2.87675e-10
1.33537e-08
2.69491e-10
1.31558e-08
2.52535e-10
1.29702e-08
2.36704e-10
1.27963e-08
2.21807e-10
1.26334e-08
2.07662e-10
1.2481e-08
1.94168e-10
1.23386e-08
1.81254e-10
1.22059e-08
1.68875e-10
1.20825e-08
1.56985e-10
1.19681e-08
1.4549e-10
1.18624e-08
1.34327e-10
1.17651e-08
1.235e-10
1.1676e-08
1.12984e-10
1.1595e-08
1.02692e-10
1.15218e-08
9.26299e-11
1.14563e-08
8.28501e-11
1.13982e-08
7.32761e-11
1.13475e-08
6.38319e-11
1.13038e-08
5.46512e-11
1.12671e-08
4.58341e-11
1.1237e-08
3.72418e-11
1.12133e-08
2.88148e-11
1.11958e-08
2.0782e-11
1.1184e-08
1.336e-11
1.11774e-08
6.43726e-12
1.11756e-08
1.34956e-13
1.11778e-08
-5.17076e-12
1.11834e-08
-9.75199e-12
1.11915e-08
-1.299e-11
1.12014e-08
-1.5398e-11
1.12124e-08
-1.67854e-11
1.12238e-08
-1.72502e-11
1.12352e-08
-1.69598e-11
1.12461e-08
-1.6177e-11
1.12563e-08
-1.50549e-11
1.12658e-08
-1.37531e-11
1.12743e-08
-1.24065e-11
1.1282e-08
-1.11087e-11
1.12889e-08
-9.91519e-12
1.12952e-08
-8.84548e-12
1.13008e-08
-7.90479e-12
1.13058e-08
-7.07378e-12
1.13104e-08
-6.34645e-12
1.13145e-08
-5.69708e-12
1.13182e-08
-5.11095e-12
1.13216e-08
-4.57656e-12
1.13246e-08
-4.08471e-12
1.13272e-08
-3.62652e-12
1.13296e-08
-3.19959e-12
1.13316e-08
-2.79959e-12
1.13334e-08
-2.42708e-12
1.1335e-08
-2.08188e-12
1.13363e-08
-1.76725e-12
1.13374e-08
-1.48329e-12
1.13383e-08
-1.23043e-12
1.1339e-08
-1.00663e-12
1.13396e-08
-8.09409e-13
1.13401e-08
-6.35276e-13
1.13405e-08
-4.82514e-13
1.13407e-08
-3.51497e-13
1.13409e-08
-2.39316e-13
1.1341e-08
-1.50091e-13
1.1341e-08
-7.78824e-14
1.13411e-08
-3.03935e-14
1.13411e-08
7.34605e-15
1.1341e-08
2.00697e-14
1.1341e-08
3.59539e-14
2.21162e-14
4.02979e-08
2.31946e-09
-4.01677e-08
4.07294e-08
3.19422e-09
4.09984e-08
3.8883e-09
4.1071e-08
4.12369e-09
4.10222e-08
4.12381e-09
4.08526e-08
4.01685e-09
4.05317e-08
3.82444e-09
4.00626e-08
3.54344e-09
3.94759e-08
3.1992e-09
3.88131e-08
2.84766e-09
3.8107e-08
2.53872e-09
3.73777e-08
2.29225e-09
3.66365e-08
2.09855e-09
3.58896e-08
1.94052e-09
3.51468e-08
1.80958e-09
3.44152e-08
1.69817e-09
3.36992e-08
1.59924e-09
3.3001e-08
1.50846e-09
3.23219e-08
1.4246e-09
3.16627e-08
1.34704e-09
3.10245e-08
1.27421e-09
3.04085e-08
1.20458e-09
2.98156e-08
1.1378e-09
2.92457e-08
1.07437e-09
2.86987e-08
1.01463e-09
2.81741e-08
9.58542e-10
2.76715e-08
9.05936e-10
2.71907e-08
8.56606e-10
2.67315e-08
8.10116e-10
2.62938e-08
7.65882e-10
2.58774e-08
7.23572e-10
2.5482e-08
6.83137e-10
2.51068e-08
6.44607e-10
2.47514e-08
6.08014e-10
2.44148e-08
5.73286e-10
2.40964e-08
5.40198e-10
2.37955e-08
5.08505e-10
2.35117e-08
4.78058e-10
2.32441e-08
4.48766e-10
2.29925e-08
4.20551e-10
2.27561e-08
3.9331e-10
2.25348e-08
3.6688e-10
2.23279e-08
3.41136e-10
2.21354e-08
3.16054e-10
2.19568e-08
2.91594e-10
2.17919e-08
2.67619e-10
2.16404e-08
2.44109e-10
2.15021e-08
2.21153e-10
2.13767e-08
1.98669e-10
2.1264e-08
1.76536e-10
2.11637e-08
1.5495e-10
2.10754e-08
1.34103e-10
2.09988e-08
1.13841e-10
2.09335e-08
9.40985e-11
2.0879e-08
7.52565e-11
2.08347e-08
5.77005e-11
2.07998e-08
4.13711e-11
2.07736e-08
2.63404e-11
2.07552e-08
1.31576e-11
2.07437e-08
1.76093e-12
2.07377e-08
-6.94617e-12
2.07362e-08
-1.39612e-11
2.07383e-08
-1.88497e-11
2.07429e-08
-2.18271e-11
2.07491e-08
-2.3169e-11
2.07563e-08
-2.33569e-11
2.07639e-08
-2.26798e-11
2.07716e-08
-2.14554e-11
2.07791e-08
-1.99538e-11
2.07864e-08
-1.83768e-11
2.07934e-08
-1.68523e-11
2.07999e-08
-1.54396e-11
2.08062e-08
-1.41721e-11
2.08122e-08
-1.30264e-11
2.08178e-08
-1.20053e-11
2.08232e-08
-1.10693e-11
2.08283e-08
-1.01985e-11
2.08331e-08
-9.37506e-12
2.08376e-08
-8.58637e-12
2.08418e-08
-7.81864e-12
2.08457e-08
-7.072e-12
2.08492e-08
-6.34125e-12
2.08524e-08
-5.63231e-12
2.08553e-08
-4.94766e-12
2.08578e-08
-4.2982e-12
2.086e-08
-3.68717e-12
2.08619e-08
-3.12122e-12
2.08635e-08
-2.60035e-12
2.08648e-08
-2.12696e-12
2.08659e-08
-1.6984e-12
2.08667e-08
-1.31747e-12
2.08673e-08
-9.86298e-13
2.08678e-08
-7.0302e-13
2.08681e-08
-4.74351e-13
2.08683e-08
-2.9021e-13
2.08685e-08
-1.62031e-13
2.08685e-08
-6.14459e-14
2.08686e-08
-1.43699e-14
2.08686e-08
2.97716e-14
2.19555e-14
4.47607e-08
2.26247e-09
-4.47037e-08
4.50808e-08
2.87417e-09
4.54854e-08
3.48367e-09
4.57994e-08
3.80969e-09
4.6037e-08
3.88623e-09
4.62255e-08
3.8283e-09
4.63469e-08
3.70309e-09
4.63774e-08
3.51288e-09
4.63095e-08
3.26709e-09
4.61579e-08
2.99933e-09
4.59465e-08
2.75008e-09
4.56931e-08
2.54562e-09
4.5406e-08
2.38568e-09
4.50877e-08
2.25883e-09
4.47435e-08
2.15375e-09
4.43794e-08
2.06229e-09
4.40002e-08
1.97842e-09
4.36095e-08
1.8992e-09
4.32093e-08
1.82483e-09
4.28006e-08
1.75573e-09
4.23842e-08
1.69061e-09
4.19614e-08
1.62737e-09
4.15345e-08
1.56469e-09
4.11064e-08
1.50249e-09
4.06794e-08
1.44159e-09
4.02548e-08
1.38314e-09
3.98326e-08
1.32813e-09
3.94125e-08
1.27676e-09
3.89946e-08
1.22802e-09
3.85801e-08
1.18036e-09
3.81708e-08
1.13283e-09
3.77686e-08
1.08533e-09
3.73749e-08
1.03835e-09
3.69905e-08
9.92409e-10
3.66162e-08
9.47596e-10
3.62527e-08
9.03649e-10
3.59009e-08
8.60339e-10
3.55613e-08
8.1767e-10
3.52342e-08
7.75822e-10
3.49199e-08
7.34899e-10
3.46184e-08
6.94807e-10
3.43299e-08
6.5535e-10
3.40547e-08
6.16383e-10
3.37929e-08
5.77858e-10
3.35447e-08
5.39755e-10
3.33103e-08
5.01979e-10
3.30899e-08
4.64501e-10
3.28837e-08
4.2744e-10
3.26915e-08
3.90775e-10
3.25137e-08
3.5443e-10
3.23499e-08
3.18658e-10
3.22003e-08
2.83726e-10
3.20646e-08
2.49547e-10
3.19426e-08
2.16156e-10
3.18337e-08
1.84091e-10
3.17376e-08
1.53783e-10
3.16539e-08
1.25161e-10
3.15817e-08
9.85219e-11
3.15202e-08
7.46475e-11
3.14683e-08
5.36699e-11
3.14254e-08
3.59001e-11
3.13904e-08
2.10343e-11
3.13623e-08
9.28846e-12
3.134e-08
5.15066e-13
3.13224e-08
-5.60521e-12
3.13088e-08
-9.76593e-12
3.12984e-08
-1.23078e-11
3.12906e-08
-1.36788e-11
3.1285e-08
-1.42661e-11
3.1281e-08
-1.43963e-11
3.12784e-08
-1.42863e-11
3.1277e-08
-1.40657e-11
3.12767e-08
-1.38313e-11
3.12772e-08
-1.35671e-11
3.12786e-08
-1.33214e-11
3.12805e-08
-1.30506e-11
3.12831e-08
-1.27448e-11
3.12861e-08
-1.23881e-11
3.12895e-08
-1.19702e-11
3.12931e-08
-1.14735e-11
3.1297e-08
-1.09039e-11
3.13009e-08
-1.02566e-11
3.13048e-08
-9.5473e-12
3.13086e-08
-8.78459e-12
3.13123e-08
-7.99113e-12
3.13158e-08
-7.1761e-12
3.1319e-08
-6.3557e-12
3.1322e-08
-5.53576e-12
3.13246e-08
-4.73119e-12
3.13268e-08
-3.94929e-12
3.13287e-08
-3.2106e-12
3.13303e-08
-2.53109e-12
3.13315e-08
-1.92514e-12
3.13324e-08
-1.40923e-12
3.13331e-08
-9.83045e-13
3.13336e-08
-6.56395e-13
3.1334e-08
-4.05182e-13
3.13342e-08
-2.3978e-13
3.13343e-08
-1.2647e-13
-6.26369e-14
4.97026e-08
2.20072e-09
-4.96408e-08
4.99208e-08
2.65591e-09
5.02794e-08
3.12514e-09
5.06255e-08
3.46354e-09
5.09105e-08
3.6012e-09
5.1149e-08
3.58983e-09
5.13543e-08
3.49779e-09
5.15126e-08
3.35458e-09
5.16089e-08
3.17079e-09
5.16435e-08
2.96475e-09
5.16302e-08
2.76339e-09
5.15861e-08
2.58971e-09
5.15198e-08
2.45197e-09
5.14333e-08
2.34534e-09
5.13282e-08
2.25885e-09
5.12069e-08
2.18359e-09
5.10719e-08
2.11336e-09
5.09255e-08
2.04563e-09
5.0769e-08
1.9813e-09
5.06029e-08
1.92185e-09
5.04266e-08
1.8669e-09
5.02394e-08
1.81457e-09
5.00414e-08
1.76268e-09
4.98342e-08
1.70978e-09
4.962e-08
1.65578e-09
4.94011e-08
1.60204e-09
4.91783e-08
1.55086e-09
4.8951e-08
1.50407e-09
4.87174e-08
1.46162e-09
4.84763e-08
1.42152e-09
4.8228e-08
1.38113e-09
4.79745e-08
1.33877e-09
4.77181e-08
1.29473e-09
4.746e-08
1.25053e-09
4.72006e-08
1.20704e-09
4.69403e-08
1.16386e-09
4.66806e-08
1.12009e-09
4.64229e-08
1.0754e-09
4.61683e-08
1.03035e-09
4.59176e-08
9.85604e-10
4.56712e-08
9.41288e-10
4.54293e-08
8.97165e-10
4.51927e-08
8.53036e-10
4.49617e-08
8.08816e-10
4.4737e-08
7.64477e-10
4.4519e-08
7.19956e-10
4.43083e-08
6.75207e-10
4.41055e-08
6.30299e-10
4.3911e-08
5.85259e-10
4.37253e-08
5.40097e-10
4.35489e-08
4.95085e-10
4.33821e-08
4.50525e-10
4.32252e-08
4.06458e-10
4.30783e-08
3.6305e-10
4.29415e-08
3.20874e-10
4.28149e-08
2.80369e-10
4.26984e-08
2.41647e-10
4.25918e-08
2.05177e-10
4.24947e-08
1.71713e-10
4.24068e-08
1.41537e-10
4.23279e-08
1.14835e-10
4.22573e-08
9.16579e-11
4.21943e-08
7.22448e-11
4.21384e-08
5.64347e-11
4.2089e-08
4.38072e-11
4.20455e-08
3.37722e-11
4.20072e-08
2.59604e-11
4.19737e-08
1.98424e-11
4.19444e-08
1.50182e-11
4.19189e-08
1.10616e-11
4.18969e-08
7.71864e-12
4.18781e-08
4.79416e-12
4.18621e-08
2.13052e-12
4.18487e-08
-2.10549e-13
4.18378e-08
-2.36778e-12
4.1829e-08
-4.2796e-12
4.18222e-08
-5.95879e-12
4.18172e-08
-7.40448e-12
4.18139e-08
-8.61353e-12
4.1812e-08
-9.56206e-12
4.18113e-08
-1.0256e-11
4.18118e-08
-1.06819e-11
4.18131e-08
-1.08656e-11
4.18151e-08
-1.08288e-11
4.18177e-08
-1.06129e-11
4.18208e-08
-1.0236e-11
4.18242e-08
-9.71774e-12
4.18277e-08
-9.05683e-12
4.18312e-08
-8.2686e-12
4.18346e-08
-7.36094e-12
4.18378e-08
-6.3766e-12
4.18406e-08
-5.35358e-12
4.1843e-08
-4.35321e-12
4.18451e-08
-3.41424e-12
4.18467e-08
-2.59359e-12
4.18479e-08
-1.88708e-12
4.18488e-08
-1.34471e-12
4.18495e-08
-8.93146e-13
4.185e-08
-6.35899e-13
-3.54884e-13
5.5139e-08
2.12884e-09
-5.50671e-08
5.5309e-08
2.48592e-09
5.55978e-08
2.83636e-09
5.59201e-08
3.14121e-09
5.62107e-08
3.31059e-09
5.64535e-08
3.34704e-09
5.666e-08
3.29131e-09
5.68317e-08
3.18295e-09
5.696e-08
3.04242e-09
5.70415e-08
2.88324e-09
5.7083e-08
2.72196e-09
5.70974e-08
2.57527e-09
5.70959e-08
2.45344e-09
5.70838e-08
2.35744e-09
5.70628e-08
2.27987e-09
5.70337e-08
2.21271e-09
5.69972e-08
2.1498e-09
5.69545e-08
2.08835e-09
5.69067e-08
2.02912e-09
5.68546e-08
1.97392e-09
5.67982e-08
1.92333e-09
5.67364e-08
1.87634e-09
5.66683e-08
1.8308e-09
5.65938e-08
1.78429e-09
5.65141e-08
1.73552e-09
5.64308e-08
1.68529e-09
5.63454e-08
1.63623e-09
5.62582e-08
1.59129e-09
5.61679e-08
1.5519e-09
5.60724e-08
1.51709e-09
5.59698e-08
1.48371e-09
5.58604e-08
1.44816e-09
5.5746e-08
1.40919e-09
5.56279e-08
1.36859e-09
5.55062e-08
1.32871e-09
5.53802e-08
1.28985e-09
5.525e-08
1.25032e-09
5.51168e-08
1.20865e-09
5.49819e-08
1.16522e-09
5.48462e-08
1.12135e-09
5.47097e-08
1.07771e-09
5.45728e-08
1.03413e-09
5.44355e-08
9.90278e-10
5.42984e-08
9.45946e-10
5.41617e-08
9.01149e-10
5.40258e-08
8.559e-10
5.38909e-08
8.10088e-10
5.37575e-08
7.63657e-10
5.36262e-08
7.16636e-10
5.34972e-08
6.69083e-10
5.3371e-08
6.21232e-10
5.32482e-08
5.73395e-10
5.31289e-08
5.25708e-10
5.30136e-08
4.78395e-10
5.29024e-08
4.3202e-10
5.27958e-08
3.87035e-10
5.26938e-08
3.43608e-10
5.25968e-08
3.02197e-10
5.2505e-08
2.63538e-10
5.24184e-08
2.28066e-10
5.23373e-08
1.95972e-10
5.22615e-08
1.67417e-10
5.21911e-08
1.42668e-10
5.21259e-08
1.2167e-10
5.20656e-08
1.04057e-10
5.201e-08
8.93425e-11
5.19589e-08
7.70903e-11
5.1912e-08
6.67847e-11
5.1869e-08
5.79849e-11
5.18298e-08
5.03117e-11
5.1794e-08
4.34634e-11
5.17616e-08
3.71892e-11
5.17325e-08
3.12817e-11
5.17065e-08
2.57579e-11
5.16836e-08
2.05726e-11
5.16635e-08
1.5803e-11
5.16461e-08
1.14453e-11
5.16312e-08
7.47087e-12
5.16187e-08
3.86307e-12
5.16085e-08
6.53709e-13
5.16004e-08
-2.15474e-12
5.15942e-08
-4.5056e-12
5.15898e-08
-6.40056e-12
5.15868e-08
-7.86249e-12
5.15851e-08
-8.95951e-12
5.15846e-08
-9.74312e-12
5.15852e-08
-1.0253e-11
5.15866e-08
-1.04821e-11
5.15888e-08
-1.04219e-11
5.15914e-08
-1.00441e-11
5.15944e-08
-9.37411e-12
5.15975e-08
-8.43759e-12
5.16005e-08
-7.33865e-12
5.16032e-08
-6.12873e-12
5.16056e-08
-4.97051e-12
5.16075e-08
-3.83111e-12
5.16091e-08
-2.93602e-12
5.16103e-08
-2.04883e-12
5.16112e-08
-1.58426e-12
-9.1288e-13
6.11265e-08
2.05357e-09
-6.10512e-08
6.1273e-08
2.33945e-09
6.1499e-08
2.61034e-09
6.17801e-08
2.8601e-09
6.20559e-08
3.03484e-09
6.2298e-08
3.10487e-09
6.25006e-08
3.0887e-09
6.26673e-08
3.01626e-09
6.27979e-08
2.91179e-09
6.28909e-08
2.79033e-09
6.2949e-08
2.66384e-09
6.29805e-08
2.54373e-09
6.29957e-08
2.43828e-09
6.30025e-08
2.35066e-09
6.30041e-08
2.27825e-09
6.30013e-08
2.21552e-09
6.2994e-08
2.15707e-09
6.29826e-08
2.09979e-09
6.29678e-08
2.04386e-09
6.29508e-08
1.9909e-09
6.29323e-08
1.94183e-09
6.29124e-08
1.89631e-09
6.28904e-08
1.85276e-09
6.28659e-08
1.80883e-09
6.28387e-08
1.76273e-09
6.28094e-08
1.71458e-09
6.27791e-08
1.66652e-09
6.27489e-08
1.62144e-09
6.27193e-08
1.5815e-09
6.26894e-08
1.54699e-09
6.26576e-08
1.51557e-09
6.26225e-08
1.48319e-09
6.25846e-08
1.44708e-09
6.2545e-08
1.4082e-09
6.2504e-08
1.36978e-09
6.24605e-08
1.3333e-09
6.24139e-08
1.29695e-09
6.23643e-08
1.25822e-09
6.23126e-08
1.21688e-09
6.22595e-08
1.17445e-09
6.22051e-08
1.13212e-09
6.21492e-08
1.09002e-09
6.20919e-08
1.04764e-09
6.20332e-08
1.00461e-09
6.19734e-08
9.60979e-10
6.19124e-08
9.1688e-10
6.18503e-08
8.72164e-10
6.17873e-08
8.26686e-10
6.17235e-08
7.80439e-10
6.16591e-08
7.33462e-10
6.15944e-08
6.85983e-10
6.15294e-08
6.38314e-10
6.14646e-08
5.90595e-10
6.13999e-08
5.43095e-10
6.13355e-08
4.96417e-10
6.12715e-08
4.5096e-10
6.12083e-08
4.06798e-10
6.11462e-08
3.64329e-10
6.10855e-08
3.24266e-10
6.10265e-08
2.87083e-10
6.09695e-08
2.5293e-10
6.09149e-08
2.21997e-10
6.0863e-08
1.94629e-10
6.08137e-08
1.709e-10
6.07672e-08
1.50581e-10
6.07232e-08
1.33307e-10
6.06817e-08
1.18634e-10
6.06425e-08
1.06015e-10
6.06055e-08
9.49809e-11
6.05706e-08
8.51853e-11
6.05378e-08
7.63005e-11
6.05069e-08
6.80119e-11
6.04782e-08
6.00587e-11
6.04515e-08
5.23788e-11
6.04271e-08
4.49888e-11
6.04049e-08
3.80085e-11
6.03849e-08
3.14954e-11
6.03669e-08
2.54478e-11
6.03509e-08
1.98248e-11
6.0337e-08
1.46139e-11
6.0325e-08
9.8387e-12
6.03149e-08
5.59452e-12
6.03065e-08
1.94234e-12
6.02998e-08
-1.10146e-12
6.02944e-08
-3.5988e-12
6.02903e-08
-5.64286e-12
6.02874e-08
-7.31359e-12
6.02855e-08
-8.6434e-12
6.02847e-08
-9.61317e-12
6.02849e-08
-1.0169e-11
6.02858e-08
-1.02792e-11
6.02872e-08
-9.92523e-12
6.02891e-08
-9.19394e-12
6.02911e-08
-8.11899e-12
6.02931e-08
-6.94149e-12
6.02948e-08
-5.58939e-12
6.02964e-08
-4.48939e-12
6.02976e-08
-3.22459e-12
6.02986e-08
-2.59324e-12
-1.50604e-12
6.7728e-08
1.97942e-09
-6.76538e-08
6.7856e-08
2.21147e-09
6.80389e-08
2.42741e-09
6.82726e-08
2.62641e-09
6.85207e-08
2.78671e-09
6.87522e-08
2.87339e-09
6.89501e-08
2.89078e-09
6.91116e-08
2.85479e-09
6.92392e-08
2.78421e-09
6.93351e-08
2.6944e-09
6.94017e-08
2.59722e-09
6.94438e-08
2.50166e-09
6.94685e-08
2.41358e-09
6.94833e-08
2.33583e-09
6.94929e-08
2.26862e-09
6.94989e-08
2.20954e-09
6.95012e-08
2.15476e-09
6.94997e-08
2.10135e-09
6.94946e-08
2.04891e-09
6.9487e-08
1.99855e-09
6.94779e-08
1.95097e-09
6.94682e-08
1.90594e-09
6.94583e-08
1.86269e-09
6.94475e-08
1.81962e-09
6.94352e-08
1.775e-09
6.94212e-08
1.72861e-09
6.94059e-08
1.68188e-09
6.93903e-08
1.637e-09
6.93758e-08
1.59597e-09
6.93633e-08
1.55954e-09
6.93524e-08
1.52639e-09
6.93421e-08
1.49353e-09
6.93312e-08
1.45803e-09
6.93197e-08
1.41963e-09
6.93083e-08
1.38117e-09
6.92968e-08
1.34486e-09
6.92844e-08
1.30929e-09
6.92709e-08
1.27181e-09
6.92559e-08
1.23182e-09
6.92399e-08
1.19049e-09
6.92229e-08
1.14905e-09
6.92051e-08
1.1079e-09
6.91861e-08
1.06659e-09
6.91661e-08
1.02459e-09
6.91451e-08
9.82007e-10
6.9123e-08
9.39018e-10
6.90997e-08
8.95409e-10
6.90754e-08
8.51011e-10
6.905e-08
8.05826e-10
6.90236e-08
7.59865e-10
6.89962e-08
7.13354e-10
6.89679e-08
6.66633e-10
6.89387e-08
6.19858e-10
6.89085e-08
5.73309e-10
6.88773e-08
5.27569e-10
6.88453e-08
4.83e-10
6.88124e-08
4.3964e-10
6.8779e-08
3.97797e-10
6.87452e-08
3.58043e-10
6.87115e-08
3.20756e-10
6.86783e-08
2.86088e-10
6.8646e-08
2.54317e-10
6.86149e-08
2.25803e-10
6.85851e-08
2.00701e-10
6.85567e-08
1.78946e-10
6.85296e-08
1.60355e-10
6.85038e-08
1.44518e-10
6.84789e-08
1.30879e-10
6.8455e-08
1.18913e-10
6.84319e-08
1.08271e-10
6.84096e-08
9.86113e-11
6.8388e-08
8.95665e-11
6.83673e-08
8.08001e-11
6.83475e-08
7.21468e-11
6.83289e-08
6.36242e-11
6.83115e-08
5.5386e-11
6.82954e-08
4.75581e-11
6.82807e-08
4.01982e-11
6.82672e-08
3.32779e-11
6.82551e-08
2.67591e-11
6.82442e-08
2.06638e-11
6.82348e-08
1.50891e-11
6.82265e-08
1.01539e-11
6.82195e-08
5.9235e-12
6.82135e-08
2.38255e-12
6.82085e-08
-5.83835e-13
6.82042e-08
-3.07131e-12
6.82008e-08
-5.18544e-12
6.81981e-08
-6.91145e-12
6.81961e-08
-8.23202e-12
6.81949e-08
-9.05501e-12
6.81943e-08
-9.35624e-12
6.81943e-08
-9.14769e-12
6.81946e-08
-8.45931e-12
6.81952e-08
-7.51614e-12
6.81959e-08
-6.24027e-12
6.81965e-08
-5.15152e-12
6.8197e-08
-3.74558e-12
6.81975e-08
-3.05835e-12
-1.73469e-12
6.79293e-08
1.9172e-09
-6.78671e-08
6.80298e-08
2.11094e-09
6.81687e-08
2.2885e-09
6.83431e-08
2.452e-09
6.85385e-08
2.59132e-09
6.87304e-08
2.68154e-09
6.8902e-08
2.71911e-09
6.90457e-08
2.71113e-09
6.91608e-08
2.66913e-09
6.92496e-08
2.60558e-09
6.9315e-08
2.53183e-09
6.93603e-08
2.45633e-09
6.93901e-08
2.38376e-09
6.94096e-08
2.31633e-09
6.94231e-08
2.25517e-09
6.94327e-08
2.19992e-09
6.94389e-08
2.14856e-09
6.94415e-08
2.09877e-09
6.94407e-08
2.04966e-09
6.94374e-08
2.00193e-09
6.94322e-08
1.95614e-09
6.94262e-08
1.91192e-09
6.94201e-08
1.86884e-09
6.94135e-08
1.82615e-09
6.94059e-08
1.78262e-09
6.93967e-08
1.73782e-09
6.93859e-08
1.69265e-09
6.93744e-08
1.64855e-09
6.93633e-08
1.60708e-09
6.93539e-08
1.56892e-09
6.9347e-08
1.53327e-09
6.93421e-08
1.49846e-09
6.93378e-08
1.46233e-09
6.93335e-08
1.42392e-09
6.93295e-08
1.38519e-09
6.93261e-08
1.34826e-09
6.93232e-08
1.31215e-09
6.93204e-08
1.27465e-09
6.93169e-08
1.23529e-09
6.93126e-08
1.19478e-09
6.93077e-08
1.15397e-09
6.93022e-08
1.11339e-09
6.92961e-08
1.0727e-09
6.92893e-08
1.03134e-09
6.92818e-08
9.8948e-10
6.92736e-08
9.47285e-10
6.92645e-08
9.04462e-10
6.92547e-08
8.60845e-10
6.92441e-08
8.16455e-10
6.92327e-08
7.71252e-10
6.92206e-08
7.25458e-10
6.92077e-08
6.79497e-10
6.9194e-08
6.33582e-10
6.91793e-08
5.87964e-10
6.91637e-08
5.43197e-10
6.91471e-08
4.99635e-10
6.91294e-08
4.57291e-10
6.91108e-08
4.16349e-10
6.90917e-08
3.77221e-10
6.90722e-08
3.40191e-10
6.90529e-08
3.05451e-10
6.90339e-08
2.73339e-10
6.90155e-08
2.442e-10
6.89979e-08
2.18257e-10
6.89813e-08
1.95592e-10
6.89654e-08
1.76169e-10
6.89503e-08
1.59656e-10
6.89357e-08
1.4551e-10
6.89214e-08
1.33174e-10
6.89074e-08
1.22271e-10
6.88936e-08
1.12412e-10
6.888e-08
1.03173e-10
6.88666e-08
9.41601e-11
6.88536e-08
8.51409e-11
6.88412e-08
7.61105e-11
6.88293e-08
6.72191e-11
6.88182e-08
5.8636e-11
6.8808e-08
5.04703e-11
6.87985e-08
4.27282e-11
6.87899e-08
3.53794e-11
6.87821e-08
2.84586e-11
6.87751e-08
2.20497e-11
6.8769e-08
1.63054e-11
6.87636e-08
1.13118e-11
6.87589e-08
7.09941e-12
6.87548e-08
3.5424e-12
6.87511e-08
5.67064e-13
6.87479e-08
-1.99444e-12
6.87451e-08
-4.11523e-12
6.87428e-08
-5.853e-12
6.87408e-08
-7.06353e-12
6.87392e-08
-7.78223e-12
6.8738e-08
-7.92739e-12
6.87371e-08
-7.58311e-12
6.87365e-08
-6.88107e-12
6.8736e-08
-5.8068e-12
6.87357e-08
-4.82463e-12
6.87354e-08
-3.48258e-12
6.87352e-08
-2.81528e-12
-1.47669e-12
7.51862e-08
1.85702e-09
-7.5126e-08
7.52761e-08
2.02096e-09
7.53957e-08
2.16887e-09
7.55424e-08
2.3053e-09
7.57097e-08
2.42407e-09
7.58794e-08
2.51182e-09
7.60377e-08
2.56087e-09
7.6175e-08
2.57378e-09
7.62879e-08
2.5562e-09
7.63772e-08
2.51633e-09
7.64454e-08
2.46358e-09
7.64958e-08
2.40599e-09
7.65317e-08
2.34784e-09
7.6557e-08
2.29101e-09
7.65751e-08
2.23709e-09
7.65881e-08
2.18687e-09
7.65972e-08
2.13949e-09
7.66027e-08
2.09327e-09
7.6605e-08
2.04737e-09
7.66045e-08
2.00241e-09
7.66018e-08
1.95887e-09
7.65977e-08
1.91601e-09
7.65931e-08
1.87342e-09
7.65881e-08
1.83123e-09
7.65818e-08
1.78886e-09
7.6574e-08
1.74564e-09
7.65647e-08
1.70191e-09
7.65545e-08
1.65881e-09
7.65441e-08
1.61747e-09
7.65349e-08
1.5781e-09
7.6528e-08
1.54021e-09
7.65231e-08
1.5033e-09
7.65193e-08
1.46613e-09
7.65158e-08
1.42745e-09
7.65126e-08
1.3884e-09
7.65101e-08
1.35071e-09
7.65086e-08
1.31363e-09
7.65076e-08
1.27566e-09
7.65064e-08
1.23657e-09
7.65045e-08
1.19664e-09
7.65022e-08
1.15631e-09
7.64994e-08
1.11611e-09
7.64963e-08
1.07585e-09
7.64926e-08
1.03504e-09
7.64882e-08
9.93821e-10
7.64833e-08
9.52266e-10
7.64777e-08
9.10062e-10
7.64714e-08
8.67093e-10
7.64645e-08
8.23368e-10
7.64569e-08
7.78819e-10
7.64487e-08
7.33691e-10
7.64398e-08
6.88409e-10
7.64302e-08
6.43198e-10
7.64197e-08
5.98394e-10
7.64084e-08
5.54569e-10
7.6396e-08
5.11982e-10
7.63827e-08
4.70595e-10
7.63685e-08
4.30538e-10
7.63537e-08
3.9209e-10
7.63384e-08
3.55409e-10
7.63232e-08
3.20674e-10
7.63083e-08
2.88292e-10
7.62938e-08
2.58624e-10
7.62801e-08
2.31968e-10
7.62672e-08
2.0853e-10
7.6255e-08
1.88409e-10
7.62433e-08
1.71344e-10
7.6232e-08
1.56826e-10
7.62208e-08
1.44294e-10
7.62098e-08
1.33309e-10
7.61988e-08
1.23422e-10
7.61878e-08
1.14144e-10
7.61769e-08
1.0504e-10
7.61663e-08
9.58228e-11
7.61559e-08
8.64767e-11
7.6146e-08
7.71278e-11
7.61366e-08
6.79695e-11
7.6128e-08
5.9142e-11
7.612e-08
5.06985e-11
7.61127e-08
4.26396e-11
7.61062e-08
3.50315e-11
7.61003e-08
2.79523e-11
7.6095e-08
2.15767e-11
7.60903e-08
1.59755e-11
7.60862e-08
1.12248e-11
7.60826e-08
7.18548e-12
7.60793e-08
3.82788e-12
7.60764e-08
9.31887e-13
7.60737e-08
-1.44012e-12
7.60713e-08
-3.43139e-12
7.60691e-08
-4.83844e-12
7.60671e-08
-5.80742e-12
7.60653e-08
-6.14516e-12
7.60638e-08
-6.05672e-12
7.60624e-08
-5.52432e-12
7.60613e-08
-4.67753e-12
7.60603e-08
-3.80745e-12
7.60594e-08
-2.64007e-12
7.60586e-08
-2.01598e-12
-8.12587e-13
8.31966e-08
1.80032e-09
-8.31399e-08
8.32764e-08
1.94116e-09
8.3379e-08
2.06625e-09
8.35024e-08
2.18195e-09
8.36428e-08
2.2836e-09
8.37885e-08
2.36611e-09
8.39287e-08
2.42069e-09
8.4055e-08
2.44756e-09
8.41625e-08
2.44869e-09
8.42501e-08
2.42873e-09
8.4319e-08
2.39467e-09
8.43718e-08
2.35318e-09
8.44114e-08
2.30818e-09
8.44408e-08
2.26162e-09
8.44626e-08
2.21531e-09
8.44788e-08
2.17069e-09
8.44906e-08
2.12767e-09
8.44988e-08
2.08512e-09
8.45037e-08
2.04248e-09
8.45057e-08
2.00038e-09
8.45054e-08
1.95918e-09
8.45033e-08
1.91806e-09
8.45002e-08
1.8765e-09
8.44964e-08
1.83504e-09
8.44914e-08
1.79388e-09
8.44848e-08
1.75221e-09
8.44771e-08
1.70964e-09
8.44685e-08
1.66738e-09
8.44594e-08
1.62656e-09
8.44509e-08
1.58661e-09
8.44441e-08
1.54708e-09
8.44388e-08
1.50857e-09
8.44345e-08
1.47043e-09
8.44307e-08
1.43129e-09
8.44271e-08
1.39195e-09
8.44242e-08
1.35361e-09
8.44223e-08
1.31555e-09
8.4421e-08
1.27695e-09
8.44197e-08
1.2379e-09
8.4418e-08
1.1983e-09
8.44161e-08
1.15828e-09
8.44138e-08
1.11832e-09
8.44114e-08
1.07828e-09
8.44086e-08
1.03787e-09
8.44052e-08
9.97205e-10
8.44013e-08
9.56213e-10
8.43967e-08
9.1457e-10
8.43916e-08
8.72198e-10
8.4386e-08
8.29038e-10
8.43797e-08
7.85045e-10
8.43729e-08
7.40538e-10
8.43654e-08
6.95906e-10
8.43572e-08
6.51381e-10
8.43482e-08
6.07412e-10
8.43383e-08
5.64518e-10
8.43274e-08
5.22808e-10
8.43158e-08
4.82239e-10
8.43033e-08
4.42998e-10
8.42902e-08
4.05224e-10
8.42767e-08
3.68894e-10
8.42632e-08
3.34183e-10
8.42499e-08
3.01558e-10
8.42371e-08
2.71431e-10
8.42249e-08
2.44151e-10
8.42134e-08
2.20057e-10
8.42025e-08
1.9934e-10
8.4192e-08
1.81808e-10
8.41819e-08
1.66981e-10
8.41718e-08
1.54321e-10
8.41618e-08
1.43324e-10
8.41518e-08
1.33472e-10
8.41417e-08
1.242e-10
8.41317e-08
1.15027e-10
8.41219e-08
1.05667e-10
8.41123e-08
9.60552e-11
8.41031e-08
8.6314e-11
8.40944e-08
7.6646e-11
8.40864e-08
6.71988e-11
8.4079e-08
5.80856e-11
8.40723e-08
4.93401e-11
8.40663e-08
4.10751e-11
8.40608e-08
3.33734e-11
8.4056e-08
2.64359e-11
8.40517e-08
2.02982e-11
8.40478e-08
1.50662e-11
8.40444e-08
1.05779e-11
8.40414e-08
6.85816e-12
8.40387e-08
3.64527e-12
8.40362e-08
1.07305e-12
8.40338e-08
-1.11081e-12
8.40316e-08
-2.6188e-12
8.40296e-08
-3.74453e-12
8.40276e-08
-4.16122e-12
8.40258e-08
-4.25282e-12
8.4024e-08
-3.79985e-12
8.40225e-08
-3.16309e-12
8.40211e-08
-2.36047e-12
8.40199e-08
-1.4094e-12
8.40187e-08
-8.22731e-13
1.70205e-13
9.20409e-08
1.7494e-09
-9.199e-08
9.21097e-08
1.8724e-09
9.21961e-08
1.97982e-09
9.22985e-08
2.07958e-09
9.24136e-08
2.16844e-09
9.25351e-08
2.24463e-09
9.26547e-08
2.30105e-09
9.27662e-08
2.33608e-09
9.28646e-08
2.35035e-09
9.29471e-08
2.34617e-09
9.30138e-08
2.32802e-09
9.30663e-08
2.30067e-09
9.31071e-08
2.26736e-09
9.31385e-08
2.23022e-09
9.31625e-08
2.1913e-09
9.31808e-08
2.15238e-09
9.31945e-08
2.11397e-09
9.32044e-08
2.07519e-09
9.32112e-08
2.03567e-09
9.32154e-08
1.99626e-09
9.32172e-08
1.9573e-09
9.32173e-08
1.91805e-09
9.32158e-08
1.87799e-09
9.32133e-08
1.8375e-09
9.32099e-08
1.79734e-09
9.3205e-08
1.75709e-09
9.31989e-08
1.71569e-09
9.31922e-08
1.67408e-09
9.3185e-08
1.63378e-09
9.31778e-08
1.59376e-09
9.31716e-08
1.55334e-09
9.31663e-08
1.51387e-09
9.31617e-08
1.47502e-09
9.31576e-08
1.43537e-09
9.31538e-08
1.39572e-09
9.31505e-08
1.35694e-09
9.31479e-08
1.31815e-09
9.31459e-08
1.27898e-09
9.3144e-08
1.23976e-09
9.31421e-08
1.20017e-09
9.31401e-08
1.16028e-09
9.3138e-08
1.12048e-09
9.31357e-08
1.08057e-09
9.31332e-08
1.0404e-09
9.31302e-08
1.00012e-09
9.31269e-08
9.5951e-10
9.31232e-08
9.18295e-10
9.31189e-08
8.76501e-10
9.3114e-08
8.33929e-10
9.31086e-08
7.90452e-10
9.31027e-08
7.4649e-10
9.30961e-08
7.02461e-10
9.30889e-08
6.58573e-10
9.3081e-08
6.15352e-10
9.30722e-08
5.73324e-10
9.30625e-08
5.32508e-10
9.30519e-08
4.92806e-10
9.30406e-08
4.54349e-10
9.30286e-08
4.17154e-10
9.30164e-08
3.81111e-10
9.30042e-08
3.46415e-10
9.29922e-08
3.13572e-10
9.29806e-08
2.83042e-10
9.29695e-08
2.55247e-10
9.29589e-08
2.30625e-10
9.29488e-08
2.09437e-10
9.29391e-08
1.91525e-10
9.29296e-08
1.76472e-10
9.29201e-08
1.63759e-10
9.29107e-08
1.52788e-10
9.29011e-08
1.4301e-10
9.28916e-08
1.33747e-10
9.28821e-08
1.24522e-10
9.28727e-08
1.15035e-10
9.28636e-08
1.05162e-10
9.28549e-08
9.5048e-11
9.28466e-08
8.48996e-11
9.2839e-08
7.48709e-11
9.28319e-08
6.51125e-11
9.28256e-08
5.57023e-11
9.28199e-08
4.68044e-11
9.28147e-08
3.85072e-11
9.28101e-08
3.10311e-11
9.2806e-08
2.43834e-11
9.28024e-08
1.86916e-11
9.27992e-08
1.37763e-11
9.27964e-08
9.70855e-12
9.27938e-08
6.18483e-12
9.27915e-08
3.4208e-12
9.27893e-08
1.06709e-12
9.27872e-08
-4.89799e-13
9.27851e-08
-1.70895e-12
9.27831e-08
-2.12493e-12
9.27812e-08
-2.32747e-12
9.27793e-08
-1.88261e-12
9.27775e-08
-1.42173e-12
9.27758e-08
-6.37488e-13
9.27743e-08
8.90692e-14
9.27728e-08
6.74826e-13
1.39589e-12
1.01807e-07
1.70628e-09
-1.01764e-07
1.01864e-07
1.81575e-09
1.01934e-07
1.90957e-09
1.02017e-07
1.99731e-09
1.02108e-07
2.07689e-09
1.02206e-07
2.14713e-09
1.02303e-07
2.20338e-09
1.02397e-07
2.24275e-09
1.02481e-07
2.26561e-09
1.02555e-07
2.27291e-09
1.02616e-07
2.26709e-09
1.02665e-07
2.25129e-09
1.02704e-07
2.22806e-09
1.02735e-07
2.19955e-09
1.02759e-07
2.16767e-09
1.02777e-07
2.134e-09
1.02791e-07
2.09957e-09
1.02802e-07
2.06422e-09
1.0281e-07
2.02775e-09
1.02816e-07
1.99088e-09
1.02819e-07
1.95379e-09
1.02821e-07
1.91609e-09
1.02821e-07
1.87771e-09
1.0282e-07
1.8386e-09
1.02818e-07
1.79926e-09
1.02816e-07
1.75997e-09
1.02811e-07
1.71978e-09
1.02807e-07
1.67898e-09
1.02801e-07
1.63895e-09
1.02796e-07
1.59904e-09
1.02791e-07
1.55847e-09
1.02786e-07
1.51851e-09
1.02782e-07
1.47917e-09
1.02778e-07
1.43931e-09
1.02774e-07
1.39945e-09
1.02771e-07
1.36022e-09
1.02768e-07
1.32092e-09
1.02766e-07
1.28144e-09
1.02764e-07
1.24201e-09
1.02762e-07
1.20228e-09
1.0276e-07
1.16233e-09
1.02758e-07
1.12249e-09
1.02756e-07
1.08258e-09
1.02753e-07
1.04258e-09
1.02751e-07
1.00259e-09
1.02748e-07
9.62279e-10
1.02745e-07
9.21404e-10
1.02742e-07
8.80007e-10
1.02738e-07
8.3784e-10
1.02733e-07
7.94822e-10
1.02728e-07
7.5142e-10
1.02723e-07
7.07998e-10
1.02717e-07
6.6473e-10
1.0271e-07
6.22161e-10
1.02702e-07
5.80843e-10
1.02694e-07
5.40817e-10
1.02685e-07
5.01935e-10
1.02675e-07
4.6419e-10
1.02665e-07
4.275e-10
1.02654e-07
3.91769e-10
1.02643e-07
3.57183e-10
1.02633e-07
3.24189e-10
1.02622e-07
2.93282e-10
1.02613e-07
2.65019e-10
1.02603e-07
2.39959e-10
1.02594e-07
2.18403e-10
1.02586e-07
2.00219e-10
1.02577e-07
1.85038e-10
1.02568e-07
1.72326e-10
1.0256e-07
1.61464e-10
1.02551e-07
1.51758e-10
1.02542e-07
1.42546e-10
1.02533e-07
1.33287e-10
1.02525e-07
1.23665e-10
1.02516e-07
1.13566e-10
1.02508e-07
1.03112e-10
1.02501e-07
9.25119e-11
1.02494e-07
8.19391e-11
1.02487e-07
7.15726e-11
1.02481e-07
6.15464e-11
1.02476e-07
5.20613e-11
1.02471e-07
4.32149e-11
1.02467e-07
3.52442e-11
1.02463e-07
2.81168e-11
1.0246e-07
2.20035e-11
1.02457e-07
1.66714e-11
1.02455e-07
1.22857e-11
1.02452e-07
8.46436e-12
1.0245e-07
5.53846e-12
1.02448e-07
3.03539e-12
1.02446e-07
1.48042e-12
1.02444e-07
1.92908e-13
1.02442e-07
-1.31885e-13
1.02441e-07
-3.85843e-13
1.02439e-07
1.46963e-13
1.02437e-07
4.76972e-13
1.02435e-07
1.32348e-12
1.02433e-07
1.82624e-12
1.02431e-07
2.42586e-12
2.90649e-12
1.12595e-07
1.67302e-09
-1.12562e-07
1.12638e-07
1.77269e-09
1.12692e-07
1.85629e-09
1.12754e-07
1.93523e-09
1.12822e-07
2.00844e-09
1.12895e-07
2.07425e-09
1.12969e-07
2.12957e-09
1.13041e-07
2.17059e-09
1.13109e-07
2.19816e-09
1.13168e-07
2.21318e-09
1.13219e-07
2.21646e-09
1.13261e-07
2.20934e-09
1.13295e-07
2.1939e-09
1.13322e-07
2.17249e-09
1.13343e-07
2.14675e-09
1.13359e-07
2.11759e-09
1.13373e-07
2.0861e-09
1.13384e-07
2.0534e-09
1.13392e-07
2.0198e-09
1.13397e-07
1.98513e-09
1.13402e-07
1.94934e-09
1.13405e-07
1.91286e-09
1.13407e-07
1.87604e-09
1.13407e-07
1.83844e-09
1.13406e-07
1.79983e-09
1.13405e-07
1.7609e-09
1.13403e-07
1.7218e-09
1.134e-07
1.68208e-09
1.13397e-07
1.64202e-09
1.13394e-07
1.60205e-09
1.13391e-07
1.5621e-09
1.13387e-07
1.52206e-09
1.13384e-07
1.48207e-09
1.13381e-07
1.44226e-09
1.13378e-07
1.40261e-09
1.13375e-07
1.36297e-09
1.13373e-07
1.32331e-09
1.13371e-07
1.28371e-09
1.13369e-07
1.24399e-09
1.13367e-07
1.20407e-09
1.13365e-07
1.16413e-09
1.13363e-07
1.1242e-09
1.13362e-07
1.08422e-09
1.1336e-07
1.04428e-09
1.13358e-07
1.00435e-09
1.13356e-07
9.64208e-10
1.13354e-07
9.23695e-10
1.13351e-07
8.82612e-10
1.13348e-07
8.40745e-10
1.13345e-07
7.98167e-10
1.13341e-07
7.55171e-10
1.13337e-07
7.12074e-10
1.13333e-07
6.69326e-10
1.13327e-07
6.27461e-10
1.13321e-07
5.86813e-10
1.13315e-07
5.47457e-10
1.13307e-07
5.09296e-10
1.133e-07
4.72122e-10
1.13291e-07
4.35749e-10
1.13283e-07
4.00229e-10
1.13274e-07
3.6578e-10
1.13266e-07
3.32706e-10
1.13257e-07
3.01511e-10
1.1325e-07
2.72932e-10
1.13242e-07
2.47606e-10
1.13234e-07
2.25802e-10
1.13227e-07
2.07431e-10
1.1322e-07
1.92173e-10
1.13213e-07
1.79507e-10
1.13206e-07
1.68755e-10
1.13198e-07
1.59158e-10
1.13191e-07
1.50021e-10
1.13183e-07
1.40774e-10
1.13176e-07
1.3105e-10
1.13169e-07
1.20763e-10
1.13162e-07
1.10003e-10
1.13155e-07
9.90156e-11
1.13149e-07
8.79631e-11
1.13144e-07
7.70801e-11
1.13139e-07
6.65076e-11
1.13134e-07
5.64983e-11
1.1313e-07
4.71542e-11
1.13127e-07
3.87282e-11
1.13124e-07
3.11937e-11
1.13121e-07
2.47213e-11
1.13119e-07
1.90408e-11
1.13117e-07
1.4393e-11
1.13115e-07
1.03275e-11
1.13113e-07
7.28484e-12
1.13111e-07
4.67954e-12
1.1311e-07
3.17916e-12
1.13108e-07
1.90709e-12
1.13106e-07
1.75255e-12
1.13104e-07
1.50124e-12
1.13102e-07
2.23275e-12
1.131e-07
2.49204e-12
1.13098e-07
3.48649e-12
1.13096e-07
3.79982e-12
1.13094e-07
4.51163e-12
4.60341e-12
1.24517e-07
1.65198e-09
-1.24496e-07
1.24544e-07
1.7453e-09
1.24578e-07
1.82206e-09
1.24618e-07
1.89533e-09
1.24662e-07
1.96481e-09
1.24708e-07
2.02789e-09
1.24756e-07
2.08167e-09
1.24804e-07
2.12283e-09
1.24849e-07
2.15268e-09
1.2489e-07
2.17243e-09
1.24925e-07
2.18144e-09
1.24955e-07
2.17952e-09
1.2498e-07
2.16891e-09
1.25e-07
2.15237e-09
1.25016e-07
2.13111e-09
1.25028e-07
2.1052e-09
1.25039e-07
2.07552e-09
1.25048e-07
2.0444e-09
1.25054e-07
2.01301e-09
1.25059e-07
1.98005e-09
1.25064e-07
1.94496e-09
1.25068e-07
1.90915e-09
1.2507e-07
1.8735e-09
1.25071e-07
1.83715e-09
1.25072e-07
1.79911e-09
1.25073e-07
1.76009e-09
1.25073e-07
1.72174e-09
1.25072e-07
1.68329e-09
1.25071e-07
1.6431e-09
1.2507e-07
1.60277e-09
1.25068e-07
1.5637e-09
1.25066e-07
1.524e-09
1.25065e-07
1.48339e-09
1.25064e-07
1.44373e-09
1.25062e-07
1.40446e-09
1.2506e-07
1.36442e-09
1.25059e-07
1.32457e-09
1.25058e-07
1.28515e-09
1.25056e-07
1.2452e-09
1.25055e-07
1.20502e-09
1.25054e-07
1.16507e-09
1.25054e-07
1.12501e-09
1.25053e-07
1.08496e-09
1.25052e-07
1.04515e-09
1.25051e-07
1.00526e-09
1.2505e-07
9.65171e-10
1.25049e-07
9.24877e-10
1.25048e-07
8.83935e-10
1.25046e-07
8.42227e-10
1.25044e-07
8.00072e-10
1.25042e-07
7.57482e-10
1.25039e-07
7.14614e-10
1.25037e-07
6.72223e-10
1.25033e-07
6.30843e-10
1.25029e-07
5.90561e-10
1.25025e-07
5.51606e-10
1.25021e-07
5.14061e-10
1.25015e-07
4.77442e-10
1.2501e-07
4.41353e-10
1.25004e-07
4.05996e-10
1.24998e-07
3.71655e-10
1.24992e-07
3.38489e-10
1.24987e-07
3.07013e-10
1.24981e-07
2.78164e-10
1.24976e-07
2.5267e-10
1.24971e-07
2.30755e-10
1.24967e-07
2.12324e-10
1.24962e-07
1.97097e-10
1.24957e-07
1.84549e-10
1.24951e-07
1.73941e-10
1.24946e-07
1.64468e-10
1.24941e-07
1.55403e-10
1.24935e-07
1.46168e-10
1.2493e-07
1.3639e-10
1.24925e-07
1.25977e-10
1.2492e-07
1.15011e-10
1.24915e-07
1.03723e-10
1.24911e-07
9.23026e-11
1.24907e-07
8.1023e-11
1.24903e-07
7.00328e-11
1.249e-07
5.9634e-11
1.24897e-07
4.99112e-11
1.24895e-07
4.1161e-11
1.24893e-07
3.32748e-11
1.24891e-07
2.65179e-11
1.2489e-07
2.05388e-11
1.24888e-07
1.56822e-11
1.24887e-07
1.14104e-11
1.24886e-07
8.33343e-12
1.24885e-07
5.67517e-12
1.24884e-07
4.34111e-12
1.24883e-07
3.15228e-12
1.24881e-07
3.33041e-12
1.24879e-07
3.19358e-12
1.24877e-07
4.31019e-12
1.24875e-07
4.58098e-12
1.24873e-07
5.8989e-12
1.24871e-07
6.04391e-12
1.24868e-07
6.90316e-12
6.91243e-12
1.37699e-07
-1.37692e-07
1.37708e-07
1.37719e-07
1.37733e-07
1.37748e-07
1.37764e-07
1.37782e-07
1.37799e-07
1.37816e-07
1.37832e-07
1.37845e-07
1.37857e-07
1.37868e-07
1.37876e-07
1.37883e-07
1.37889e-07
1.37894e-07
1.37899e-07
1.37903e-07
1.37906e-07
1.37909e-07
1.37912e-07
1.37914e-07
1.37916e-07
1.37918e-07
1.3792e-07
1.37921e-07
1.37922e-07
1.37923e-07
1.37924e-07
1.37924e-07
1.37925e-07
1.37925e-07
1.37926e-07
1.37926e-07
1.37926e-07
1.37927e-07
1.37928e-07
1.37928e-07
1.37929e-07
1.3793e-07
1.3793e-07
1.37931e-07
1.37932e-07
1.37933e-07
1.37934e-07
1.37935e-07
1.37935e-07
1.37936e-07
1.37936e-07
1.37936e-07
1.37937e-07
1.37936e-07
1.37936e-07
1.37936e-07
1.37935e-07
1.37934e-07
1.37933e-07
1.37932e-07
1.3793e-07
1.37929e-07
1.37927e-07
1.37926e-07
1.37924e-07
1.37923e-07
1.37922e-07
1.3792e-07
1.37919e-07
1.37917e-07
1.37915e-07
1.37913e-07
1.37911e-07
1.37908e-07
1.37906e-07
1.37904e-07
1.37901e-07
1.37899e-07
1.37897e-07
1.37895e-07
1.37894e-07
1.37893e-07
1.37892e-07
1.37891e-07
1.3789e-07
1.37889e-07
1.37889e-07
1.37889e-07
1.37888e-07
1.37888e-07
1.37888e-07
1.37887e-07
1.37886e-07
1.37885e-07
1.37883e-07
1.37881e-07
1.37879e-07
1.37876e-07
1.37874e-07
1.37871e-07
3.4447e-08
9.21275e-11
3.44463e-08
-6.01298e-11
3.44392e-08
6.90737e-11
3.44372e-08
-5.8903e-11
3.44249e-08
9.00533e-11
3.44174e-08
-1.45072e-11
3.43973e-08
7.92779e-11
3.43829e-08
-4.03198e-11
3.43574e-08
6.42767e-11
3.43393e-08
1.75468e-11
3.43064e-08
1.44239e-10
3.42801e-08
9.04378e-11
3.42385e-08
1.49485e-10
3.4204e-08
6.07779e-11
3.41539e-08
9.95896e-11
3.41072e-08
7.57341e-11
3.40387e-08
1.61637e-10
3.39727e-08
2.09087e-10
3.38803e-08
2.81232e-10
3.3783e-08
3.19437e-10
3.36556e-08
3.31754e-10
3.34855e-08
3.96997e-10
3.32256e-08
4.58057e-10
3.26641e-08
9.01488e-10
1.52451e-09
3.8043e-08
9.78127e-11
3.80414e-08
-5.84814e-11
3.80328e-08
7.76591e-11
3.80269e-08
-5.30366e-11
3.8015e-08
1.01983e-10
3.80024e-08
-1.89429e-12
3.7986e-08
9.56562e-11
3.79625e-08
-1.68497e-11
3.79431e-08
8.37073e-11
3.79116e-08
4.90394e-11
3.78896e-08
1.66246e-10
3.78458e-08
1.34202e-10
3.78186e-08
1.76685e-10
3.7759e-08
1.20385e-10
3.7725e-08
1.33607e-10
3.76451e-08
1.55649e-10
3.76002e-08
2.06543e-10
3.74909e-08
3.18333e-10
3.743e-08
3.42148e-10
3.72738e-08
4.75684e-10
3.71737e-08
4.31806e-10
3.69186e-08
6.52113e-10
3.66673e-08
7.09423e-10
3.62391e-08
1.32963e-09
1.80845e-09
4.20226e-08
8.43481e-11
4.19987e-08
-3.44913e-11
4.20109e-08
6.54188e-11
4.19813e-08
-2.34177e-11
4.19916e-08
9.16703e-11
4.1955e-08
3.46919e-11
4.19596e-08
9.10864e-11
4.19108e-08
3.19054e-11
4.19098e-08
8.47485e-11
4.18545e-08
1.04312e-10
4.18497e-08
1.71033e-10
4.17866e-08
1.97314e-10
4.17707e-08
1.92596e-10
4.16944e-08
1.9666e-10
4.16598e-08
1.68202e-10
4.15718e-08
2.43697e-10
4.15133e-08
2.65016e-10
4.14148e-08
4.16849e-10
4.13182e-08
4.38776e-10
4.11964e-08
5.9743e-10
4.10163e-08
6.11941e-10
4.0833e-08
8.35418e-10
4.05228e-08
1.01956e-09
4.03469e-08
1.5056e-09
1.98764e-09
4.64048e-08
6.14438e-11
4.63719e-08
-1.54173e-12
4.63897e-08
4.75411e-11
4.63533e-08
1.30044e-11
4.63667e-08
7.82497e-11
4.63276e-08
7.37793e-11
4.63299e-08
8.87899e-11
4.62814e-08
8.04187e-11
4.62705e-08
9.56701e-11
4.62213e-08
1.53512e-10
4.62025e-08
1.89883e-10
4.61529e-08
2.46866e-10
4.61164e-08
2.29119e-10
4.60552e-08
2.57878e-10
4.59906e-08
2.32809e-10
4.59189e-08
3.15319e-10
4.58287e-08
3.55279e-10
4.57494e-08
4.96166e-10
4.56232e-08
5.64903e-10
4.5514e-08
7.06653e-10
4.53199e-08
8.06077e-10
4.51531e-08
1.00218e-09
4.49139e-08
1.25878e-09
4.48076e-08
1.61191e-09
2.09149e-09
5.12296e-08
4.16516e-11
5.12033e-08
2.47317e-11
5.12116e-08
3.91823e-11
5.1183e-08
4.16509e-11
5.11856e-08
7.56716e-11
5.11578e-08
1.01524e-10
5.11459e-08
1.00739e-10
5.11084e-08
1.17881e-10
5.10797e-08
1.24404e-10
5.10425e-08
1.90712e-10
5.10074e-08
2.25018e-10
5.09706e-08
2.83635e-10
5.09182e-08
2.81515e-10
5.08638e-08
3.12254e-10
5.0782e-08
3.14668e-10
5.07103e-08
3.86945e-10
5.0609e-08
4.56595e-10
5.05246e-08
5.80562e-10
5.03987e-08
6.90808e-10
5.02785e-08
8.26818e-10
5.01125e-08
9.72107e-10
4.99522e-08
1.16247e-09
4.9793e-08
1.41805e-09
4.96849e-08
1.72001e-09
2.13553e-09
5.65527e-08
2.91482e-11
5.65375e-08
3.99175e-11
5.65336e-08
4.31159e-11
5.6514e-08
6.11565e-11
5.65051e-08
8.46007e-11
5.64871e-08
1.19525e-10
5.64639e-08
1.23908e-10
5.64334e-08
1.4841e-10
5.63939e-08
1.639e-10
5.6361e-08
2.23599e-10
5.63184e-08
2.67645e-10
5.62833e-08
3.18776e-10
5.62257e-08
3.39104e-10
5.61673e-08
3.70593e-10
5.60808e-08
4.01198e-10
5.59995e-08
4.68292e-10
5.58975e-08
5.58572e-10
5.58015e-08
6.76536e-10
5.56836e-08
8.08672e-10
5.55614e-08
9.49098e-10
5.54216e-08
1.11187e-09
5.52829e-08
1.3012e-09
5.51675e-08
1.53344e-09
5.50772e-08
1.81029e-09
2.14558e-09
6.24319e-08
2.26981e-11
6.24251e-08
4.66767e-11
6.24137e-08
5.45076e-11
6.23983e-08
7.65707e-11
6.23826e-08
1.00303e-10
6.23676e-08
1.34484e-10
6.23399e-08
1.51593e-10
6.23102e-08
1.78131e-10
6.22676e-08
2.0651e-10
6.22324e-08
2.58836e-10
6.21881e-08
3.11952e-10
6.21477e-08
3.59103e-10
6.20897e-08
3.97166e-10
6.20241e-08
4.36211e-10
6.19375e-08
4.87715e-10
6.18468e-08
5.5904e-10
6.17457e-08
6.59662e-10
6.16434e-08
7.78883e-10
6.15333e-08
9.18685e-10
6.14183e-08
1.06411e-09
6.13004e-08
1.22976e-09
6.11891e-08
1.41259e-09
6.10993e-08
1.62321e-09
6.10408e-08
1.86876e-09
2.13515e-09
6.89258e-08
2.01328e-11
6.8923e-08
4.94397e-11
6.89098e-08
6.77464e-11
6.88947e-08
9.167e-11
6.88761e-08
1.18923e-10
6.88594e-08
1.51209e-10
6.88312e-08
1.79771e-10
6.87994e-08
2.09937e-10
6.87576e-08
2.48331e-10
6.87179e-08
2.98441e-10
6.86734e-08
3.56501e-10
6.86265e-08
4.05998e-10
6.85677e-08
4.56001e-10
6.84963e-08
5.07567e-10
6.84103e-08
5.73683e-10
6.83156e-08
6.53757e-10
6.82162e-08
7.59119e-10
6.81143e-08
8.80725e-10
6.80118e-08
1.02118e-09
6.79085e-08
1.1674e-09
6.78103e-08
1.32797e-09
6.77251e-08
1.49782e-09
6.76586e-08
1.68968e-09
6.76283e-08
1.8991e-09
2.10961e-09
6.89237e-08
1.97195e-11
6.89211e-08
5.19704e-11
6.89104e-08
7.85138e-11
6.88963e-08
1.05694e-10
6.88787e-08
1.36563e-10
6.88604e-08
1.69524e-10
6.8835e-08
2.05168e-10
6.88044e-08
2.4053e-10
6.87675e-08
2.85234e-10
6.87285e-08
3.37402e-10
6.86871e-08
3.97954e-10
6.86403e-08
4.52716e-10
6.8585e-08
5.1132e-10
6.8518e-08
5.74562e-10
6.84411e-08
6.50628e-10
6.83567e-08
7.38122e-10
6.82698e-08
8.46034e-10
6.81819e-08
9.6861e-10
6.80966e-08
1.10647e-09
6.80151e-08
1.24894e-09
6.79432e-08
1.39982e-09
6.78846e-08
1.5565e-09
6.78444e-08
1.72981e-09
6.78355e-08
1.90806e-09
2.07804e-09
7.60969e-08
2.02726e-11
7.60935e-08
5.53246e-11
7.60839e-08
8.80927e-11
7.60699e-08
1.19738e-10
7.60521e-08
1.54359e-10
7.60314e-08
1.90172e-10
7.60058e-08
2.30811e-10
7.59746e-08
2.7173e-10
7.59381e-08
3.21691e-10
7.58976e-08
3.77993e-10
7.58545e-08
4.41036e-10
7.58054e-08
5.01805e-10
7.57482e-08
5.68527e-10
7.56808e-08
6.41992e-10
7.56054e-08
7.25945e-10
7.55245e-08
8.19067e-10
7.54419e-08
9.28612e-10
7.53598e-08
1.05068e-09
7.52825e-08
1.18378e-09
7.52127e-08
1.31881e-09
7.51558e-08
1.4567e-09
7.5111e-08
1.60127e-09
7.50864e-08
1.75445e-09
7.50891e-08
1.90535e-09
2.04116e-09
8.40173e-08
2.13473e-11
8.40131e-08
5.9487e-11
8.40042e-08
9.69956e-11
8.39908e-08
1.33156e-10
8.39735e-08
1.71672e-10
8.39518e-08
2.11892e-10
8.39258e-08
2.56751e-10
8.38948e-08
3.02757e-10
8.3859e-08
3.57531e-10
8.38182e-08
4.18775e-10
8.37742e-08
4.85055e-10
8.37243e-08
5.51712e-10
8.36668e-08
6.26024e-10
8.36009e-08
7.07811e-10
8.35291e-08
7.97749e-10
8.34535e-08
8.94687e-10
8.33775e-08
1.0046e-09
8.33037e-08
1.12455e-09
8.32363e-08
1.25114e-09
8.31795e-08
1.37559e-09
8.3134e-08
1.50219e-09
8.31017e-08
1.63359e-09
8.30889e-08
1.76723e-09
8.31002e-08
1.89405e-09
2.00152e-09
9.27625e-08
2.26467e-11
9.27579e-08
6.41303e-11
9.27494e-08
1.05417e-10
9.2737e-08
1.45608e-10
9.27205e-08
1.88126e-10
9.26993e-08
2.33086e-10
9.2674e-08
2.8206e-10
9.26438e-08
3.32944e-10
9.26091e-08
3.92239e-10
9.25698e-08
4.58124e-10
9.25266e-08
5.28283e-10
9.24776e-08
6.00694e-10
9.24221e-08
6.81528e-10
9.23605e-08
7.69387e-10
9.22947e-08
8.63563e-10
9.22262e-08
9.6317e-10
9.21586e-08
1.07217e-09
9.20952e-08
1.18795e-09
9.20403e-08
1.30606e-09
9.19952e-08
1.42072e-09
9.19595e-08
1.5379e-09
9.19376e-08
1.65541e-09
9.1934e-08
1.77091e-09
9.19508e-08
1.87724e-09
1.96231e-09
1.02418e-07
2.38856e-11
1.02414e-07
6.88668e-11
1.02406e-07
1.13115e-10
1.02395e-07
1.56702e-10
1.0238e-07
2.03348e-10
1.0236e-07
2.52426e-10
1.02337e-07
3.0501e-10
1.02309e-07
3.61068e-10
1.02277e-07
4.24826e-10
1.02241e-07
4.9399e-10
1.02201e-07
5.67955e-10
1.02155e-07
6.46369e-10
1.02104e-07
7.32503e-10
1.0205e-07
8.23812e-10
1.01993e-07
9.20523e-10
1.01934e-07
1.0223e-09
1.01876e-07
1.12967e-09
1.01826e-07
1.23859e-09
1.01784e-07
1.348e-09
1.01748e-07
1.45655e-09
1.01721e-07
1.56466e-09
1.01707e-07
1.66927e-09
1.0171e-07
1.76847e-09
1.01729e-07
1.8582e-09
1.92674e-09
1.13079e-07
2.4832e-11
1.13075e-07
7.32238e-11
1.13068e-07
1.19656e-10
1.1306e-07
1.65657e-10
1.13046e-07
2.16513e-10
1.1303e-07
2.68779e-10
1.13011e-07
3.23702e-10
1.12987e-07
3.84939e-10
1.12959e-07
4.53259e-10
1.12929e-07
5.24029e-10
1.12896e-07
6.008e-10
1.12857e-07
6.85394e-10
1.12814e-07
7.7572e-10
1.1277e-07
8.67972e-10
1.12725e-07
9.6566e-10
1.12678e-07
1.06935e-09
1.12633e-07
1.17426e-09
1.12595e-07
1.27608e-09
1.12564e-07
1.37904e-09
1.12538e-07
1.4828e-09
1.12519e-07
1.58407e-09
1.1251e-07
1.67791e-09
1.12515e-07
1.76323e-09
1.12533e-07
1.84028e-09
1.89791e-09
1.2485e-07
2.5389e-11
1.24847e-07
7.64601e-11
1.24842e-07
1.24363e-10
1.24836e-07
1.71681e-10
1.24827e-07
2.26045e-10
1.24815e-07
2.80503e-10
1.24802e-07
3.36379e-10
1.24786e-07
4.01717e-10
1.24765e-07
4.74092e-10
1.24743e-07
5.45281e-10
1.24721e-07
6.2343e-10
1.24693e-07
7.13237e-10
1.24662e-07
8.06652e-10
1.24632e-07
8.98408e-10
1.24601e-07
9.96107e-10
1.2457e-07
1.10085e-09
1.2454e-07
1.2036e-09
1.24515e-07
1.30171e-09
1.24495e-07
1.39875e-09
1.24478e-07
1.49967e-09
1.24465e-07
1.5971e-09
1.2446e-07
1.68349e-09
1.24464e-07
1.7588e-09
1.24477e-07
1.82744e-09
1.87917e-09
1.37846e-07
1.37845e-07
1.37843e-07
1.37841e-07
1.37837e-07
1.37832e-07
1.37828e-07
1.37821e-07
1.37812e-07
1.37803e-07
1.37794e-07
1.37782e-07
1.37769e-07
1.37757e-07
1.37745e-07
1.37732e-07
1.37719e-07
1.37708e-07
1.377e-07
1.37693e-07
1.37686e-07
1.37683e-07
1.37683e-07
1.37687e-07
)
;

boundaryField
{
    top
    {
        type            calculated;
        value           nonuniform List<scalar> 
125
(
1.64567e-09
1.73641e-09
1.81048e-09
1.88156e-09
1.94965e-09
2.01162e-09
2.06442e-09
2.10532e-09
2.1357e-09
2.15689e-09
2.16779e-09
2.16757e-09
2.15853e-09
2.14373e-09
2.12413e-09
2.09941e-09
2.07032e-09
2.03976e-09
2.00925e-09
1.97687e-09
1.94187e-09
1.90626e-09
1.87106e-09
1.83524e-09
1.79744e-09
1.75834e-09
1.7203e-09
1.68245e-09
1.64223e-09
1.60177e-09
1.56317e-09
1.52364e-09
1.48271e-09
1.4432e-09
1.4042e-09
1.36395e-09
1.32395e-09
1.28458e-09
1.24454e-09
1.20431e-09
1.1644e-09
1.12423e-09
1.08408e-09
1.0443e-09
1.00436e-09
9.64303e-10
9.24244e-10
8.83454e-10
8.41741e-10
7.99642e-10
7.57168e-10
7.14423e-10
6.72252e-10
6.31148e-10
5.91074e-10
5.52332e-10
5.15058e-10
4.78625e-10
4.42595e-10
4.07311e-10
3.7309e-10
3.39982e-10
3.0848e-10
2.79586e-10
2.5407e-10
2.3215e-10
2.13751e-10
1.98623e-10
1.86236e-10
1.7582e-10
1.66546e-10
1.57653e-10
1.48533e-10
1.38797e-10
1.28362e-10
1.17304e-10
1.05882e-10
9.42819e-11
8.27951e-11
7.156e-11
6.09275e-11
5.09586e-11
4.20192e-11
3.39445e-11
2.70653e-11
2.09314e-11
1.60265e-11
1.16764e-11
8.68286e-12
6.05589e-12
4.99766e-12
3.98356e-12
4.62838e-12
4.72083e-12
6.37228e-12
6.7925e-12
8.57289e-12
8.7147e-12
9.89758e-12
9.38182e-12
2.55669e-11
7.76964e-11
1.26106e-10
1.7392e-10
2.29914e-10
2.85217e-10
3.41361e-10
4.0861e-10
4.82834e-10
5.54e-10
6.3269e-10
7.2489e-10
8.19529e-10
9.10835e-10
1.00852e-09
1.11378e-09
1.21606e-09
1.31241e-09
1.40698e-09
1.50719e-09
1.60349e-09
1.68697e-09
1.75829e-09
1.82383e-09
1.8738e-09
)
;
    }
    inlet
    {
        type            calculated;
        value           nonuniform List<scalar> 
16
(
-6.89232e-08
-7.60974e-08
-8.40184e-08
-9.27638e-08
-1.0242e-07
-1.1308e-07
-1.24851e-07
-1.37846e-07
-3.44616e-08
-3.80487e-08
-4.20092e-08
-4.63819e-08
-5.12098e-08
-5.65402e-08
-6.24254e-08
-6.89232e-08
)
;
    }
    outlet
    {
        type            calculated;
        value           nonuniform List<scalar> 
16
(
6.87349e-08
7.6058e-08
8.40177e-08
9.27716e-08
1.0243e-07
1.13092e-07
1.24866e-07
1.37868e-07
3.37851e-09
1.1341e-08
2.08686e-08
3.13344e-08
4.18503e-08
5.16118e-08
6.02992e-08
6.81977e-08
)
;
    }
    plate
    {
        type            calculated;
        value           uniform 0;
    }
    symmBound
    {
        type            calculated;
        value           nonuniform List<scalar> 
25
(
-7.74676e-11
6.08188e-11
-6.20491e-11
6.09163e-11
-7.76971e-11
2.19666e-11
-5.91836e-11
5.47675e-11
-3.87631e-11
5.19594e-13
-1.11302e-10
-6.41916e-11
-1.0788e-10
-2.6264e-11
-4.95055e-11
-2.90423e-11
-9.31188e-11
-1.43099e-10
-1.88864e-10
-2.22144e-10
-2.04265e-10
-2.26946e-10
-1.9814e-10
-3.39972e-10
-4.7024e-10
)
;
    }
    frontAndBack
    {
        type            empty;
        value           nonuniform 0();
    }
}


// ************************************************************************* //
