/*--------------------------------*- C++ -*----------------------------------*\
| =========                 |                                                 |
| \\      /  F ield         | OpenFOAM: The Open Source CFD Toolbox           |
|  \\    /   O peration     | Version:  2.3.0                                 |
|   \\  /    A nd           | Web:      www.OpenFOAM.org                      |
|    \\/     M anipulation  |                                                 |
\*---------------------------------------------------------------------------*/
FoamFile
{
    version     2.0;
    format      ascii;
    class       surfaceScalarField;
    location    "0.8";
    object      phi;
}
// * * * * * * * * * * * * * * * * * * * * * * * * * * * * * * * * * * * * * //

dimensions      [0 3 -1 0 0 0 0];

internalField   nonuniform List<scalar> 
3859
(
2.88216e-08
2.77031e-09
-3.15919e-08
2.53567e-08
3.46488e-09
2.19151e-08
3.44165e-09
1.87277e-08
3.18741e-09
1.58268e-08
2.90088e-09
1.32905e-08
2.53627e-09
1.12128e-08
2.07769e-09
9.60781e-09
1.605e-09
8.43767e-09
1.17014e-09
7.61653e-09
8.21139e-10
7.0463e-09
5.70234e-10
6.6427e-09
4.03603e-10
6.34348e-09
2.99222e-10
6.10607e-09
2.37406e-10
5.90224e-09
2.03827e-10
5.71573e-09
1.8651e-10
5.53905e-09
1.76679e-10
5.36989e-09
1.69165e-10
5.2083e-09
1.61592e-10
5.05504e-09
1.53252e-10
4.91081e-09
1.44239e-10
4.77588e-09
1.34926e-10
4.65017e-09
1.2571e-10
4.53327e-09
1.16901e-10
4.42457e-09
1.087e-10
4.32336e-09
1.01207e-10
4.22892e-09
9.44454e-11
4.14053e-09
8.83916e-11
4.05754e-09
8.29895e-11
3.97937e-09
7.81676e-11
3.90552e-09
7.38513e-11
3.83555e-09
6.99697e-11
3.76909e-09
6.64595e-11
3.70582e-09
6.32659e-11
3.64548e-09
6.03433e-11
3.58782e-09
5.76537e-11
3.53266e-09
5.51666e-11
3.4798e-09
5.28572e-11
3.4291e-09
5.07052e-11
3.3804e-09
4.86948e-11
3.33359e-09
4.68123e-11
3.28854e-09
4.50479e-11
3.24515e-09
4.33905e-11
3.20332e-09
4.18346e-11
3.16295e-09
4.03699e-11
3.12395e-09
3.89939e-11
3.08626e-09
3.76959e-11
3.04978e-09
3.64756e-11
3.01446e-09
3.53218e-11
2.98022e-09
3.42362e-11
2.94702e-09
3.32063e-11
2.91478e-09
3.22368e-11
2.88347e-09
3.13124e-11
2.85302e-09
3.04428e-11
2.82342e-09
2.96082e-11
2.79459e-09
2.8824e-11
2.76653e-09
2.80658e-11
2.73917e-09
2.73545e-11
2.71251e-09
2.6661e-11
2.6865e-09
2.60129e-11
2.66112e-09
2.53735e-11
2.63634e-09
2.4781e-11
2.61216e-09
2.41871e-11
2.58851e-09
2.36434e-11
2.56542e-09
2.30881e-11
2.54284e-09
2.25876e-11
2.52077e-09
2.20648e-11
2.49917e-09
2.16037e-11
2.47806e-09
2.11073e-11
2.45738e-09
2.06832e-11
2.43717e-09
2.02078e-11
2.41735e-09
1.9819e-11
2.39799e-09
1.93601e-11
2.37899e-09
1.90049e-11
2.36043e-09
1.85584e-11
2.34219e-09
1.82377e-11
2.32439e-09
1.77979e-11
2.30688e-09
1.75143e-11
2.2898e-09
1.70771e-11
2.27297e-09
1.6832e-11
2.25658e-09
1.63934e-11
2.24038e-09
1.61916e-11
2.22464e-09
1.57455e-11
2.20904e-09
1.55954e-11
2.19391e-09
1.51351e-11
2.17886e-09
1.5046e-11
2.1643e-09
1.45658e-11
2.14975e-09
1.45495e-11
2.13571e-09
1.40408e-11
2.12159e-09
1.41177e-11
2.10802e-09
1.35671e-11
2.09426e-09
1.37626e-11
2.0811e-09
1.31583e-11
2.06759e-09
1.35064e-11
2.05477e-09
1.28244e-11
2.04138e-09
1.33858e-11
2.0288e-09
1.2585e-11
2.01533e-09
1.34729e-11
2.00284e-09
1.24827e-11
1.55326e-11
3.62377e-08
2.47165e-09
-3.5939e-08
3.60723e-08
3.63024e-09
3.53686e-08
4.14537e-09
3.43819e-08
4.17411e-09
3.32253e-08
4.05751e-09
3.19188e-08
3.84276e-09
3.0486e-08
3.51044e-09
2.90038e-08
3.0872e-09
2.75475e-08
2.62642e-09
2.61717e-08
2.19698e-09
2.49002e-08
1.84179e-09
2.37348e-08
1.56895e-09
2.26728e-08
1.36126e-09
2.17126e-08
1.19762e-09
2.08446e-08
1.07175e-09
2.00585e-08
9.72617e-10
1.93441e-08
8.91075e-10
1.86924e-08
8.20923e-10
1.80954e-08
7.58537e-10
1.75467e-08
7.01991e-10
1.70406e-08
6.50322e-10
1.65725e-08
6.03056e-10
1.61382e-08
5.59931e-10
1.57344e-08
5.20746e-10
1.53578e-08
4.85294e-10
1.50057e-08
4.53313e-10
1.46756e-08
4.24528e-10
1.43654e-08
3.98637e-10
1.4073e-08
3.75333e-10
1.37969e-08
3.5431e-10
1.35355e-08
3.35285e-10
1.32874e-08
3.17998e-10
1.30517e-08
3.02225e-10
1.28272e-08
2.87766e-10
1.2613e-08
2.7446e-10
1.24085e-08
2.62164e-10
1.22129e-08
2.50765e-10
1.20256e-08
2.40163e-10
1.18461e-08
2.30281e-10
1.16737e-08
2.21046e-10
1.15081e-08
2.12407e-10
1.13489e-08
2.04309e-10
1.11955e-08
1.96712e-10
1.10478e-08
1.89577e-10
1.09053e-08
1.82871e-10
1.07677e-08
1.76562e-10
1.06348e-08
1.70621e-10
1.05062e-08
1.65022e-10
1.03818e-08
1.5974e-10
1.02613e-08
1.54752e-10
1.01445e-08
1.50036e-10
1.00311e-08
1.45573e-10
9.92112e-09
1.41341e-10
9.81423e-09
1.37329e-10
9.71033e-09
1.33511e-10
9.60927e-09
1.29886e-10
9.51091e-09
1.26423e-10
9.41513e-09
1.23129e-10
9.32183e-09
1.1997e-10
9.23088e-09
1.16961e-10
9.14219e-09
1.14062e-10
9.05567e-09
1.11301e-10
8.97123e-09
1.08624e-10
8.8888e-09
1.0608e-10
8.80829e-09
1.03595e-10
8.72964e-09
1.0124e-10
8.65278e-09
9.89207e-11
8.57765e-09
9.67317e-11
8.5042e-09
9.45547e-11
8.43237e-09
9.25156e-11
8.36212e-09
9.04598e-11
8.29338e-09
8.85561e-11
8.22614e-09
8.66047e-11
8.16032e-09
8.48236e-11
8.09592e-09
8.29624e-11
8.03286e-09
8.12972e-11
7.97114e-09
7.95099e-11
7.9107e-09
7.79587e-11
7.85154e-09
7.62343e-11
7.79358e-09
7.47931e-11
7.73685e-09
7.31236e-11
7.68125e-09
7.17959e-11
7.62682e-09
7.01704e-11
7.57345e-09
6.89686e-11
7.52121e-09
6.73783e-11
7.46994e-09
6.63162e-11
7.41974e-09
6.4758e-11
7.37044e-09
6.38545e-11
7.32215e-09
6.23249e-11
7.27466e-09
6.16161e-11
7.22811e-09
6.01086e-11
7.18224e-09
5.96391e-11
7.13723e-09
5.81625e-11
7.09275e-09
5.7988e-11
7.04903e-09
5.65458e-11
7.00565e-09
5.67669e-11
6.96287e-09
5.53643e-11
6.92014e-09
5.62031e-11
6.87766e-09
5.49603e-11
5.95331e-11
4.02782e-08
2.34685e-09
-4.01534e-08
4.07051e-08
3.20327e-09
4.09713e-08
3.8792e-09
4.10464e-08
4.09903e-09
4.10064e-08
4.09744e-09
4.08474e-08
4.00176e-09
4.05338e-08
3.82411e-09
4.00653e-08
3.55563e-09
3.94717e-08
3.22001e-09
3.87964e-08
2.87233e-09
3.80762e-08
2.56199e-09
3.73348e-08
2.31033e-09
3.65851e-08
2.11095e-09
3.58334e-08
1.94936e-09
3.50877e-08
1.81744e-09
3.4353e-08
1.70731e-09
3.36322e-08
1.61187e-09
3.29272e-08
1.52597e-09
3.22392e-08
1.44646e-09
3.15696e-08
1.37167e-09
3.09191e-08
1.30078e-09
3.02887e-08
1.23349e-09
2.96789e-08
1.1697e-09
2.90902e-08
1.10944e-09
2.85228e-08
1.05272e-09
2.79766e-08
9.99469e-10
2.74515e-08
9.49636e-10
2.69471e-08
9.03087e-10
2.64627e-08
8.59666e-10
2.59979e-08
8.19169e-10
2.55518e-08
7.81402e-10
2.51236e-08
7.46149e-10
2.47126e-08
7.13225e-10
2.43179e-08
6.82433e-10
2.39388e-08
6.53619e-10
2.35743e-08
6.26612e-10
2.32238e-08
6.01292e-10
2.28865e-08
5.77511e-10
2.25616e-08
5.5518e-10
2.22484e-08
5.34168e-10
2.19464e-08
5.14409e-10
2.1655e-08
4.95788e-10
2.13734e-08
4.78256e-10
2.11013e-08
4.61707e-10
2.08381e-08
4.46107e-10
2.05833e-08
4.31356e-10
2.03364e-08
4.17434e-10
2.00972e-08
4.04242e-10
1.98652e-08
3.91777e-10
1.964e-08
3.79938e-10
1.94213e-08
3.68735e-10
1.92088e-08
3.58067e-10
1.90022e-08
3.47956e-10
1.88012e-08
3.38303e-10
1.86056e-08
3.29138e-10
1.84151e-08
3.20362e-10
1.82295e-08
3.12019e-10
1.80487e-08
3.04002e-10
1.78722e-08
2.96373e-10
1.77002e-08
2.89015e-10
1.75322e-08
2.82006e-10
1.73683e-08
2.75223e-10
1.72082e-08
2.68753e-10
1.70518e-08
2.62471e-10
1.68989e-08
2.56475e-10
1.67495e-08
2.50627e-10
1.66034e-08
2.45047e-10
1.64606e-08
2.3958e-10
1.63208e-08
2.34363e-10
1.6184e-08
2.29231e-10
1.60502e-08
2.24335e-10
1.59192e-08
2.19497e-10
1.57909e-08
2.14886e-10
1.56655e-08
2.10304e-10
1.55425e-08
2.0595e-10
1.54222e-08
2.01598e-10
1.53042e-08
1.97471e-10
1.51888e-08
1.93328e-10
1.50757e-08
1.89412e-10
1.4965e-08
1.85456e-10
1.48564e-08
1.81743e-10
1.47502e-08
1.77961e-10
1.46459e-08
1.74442e-10
1.45441e-08
1.70836e-10
1.44439e-08
1.67511e-10
1.43462e-08
1.64082e-10
1.425e-08
1.60968e-10
1.41561e-08
1.57724e-10
1.40636e-08
1.54845e-10
1.39734e-08
1.51816e-10
1.38843e-08
1.49204e-10
1.37975e-08
1.46431e-10
1.37115e-08
1.44155e-10
1.36278e-08
1.41692e-10
1.35445e-08
1.39824e-10
1.34635e-08
1.37817e-10
1.33824e-08
1.36411e-10
1.33033e-08
1.35362e-10
1.32237e-08
1.34556e-10
1.37914e-10
4.47471e-08
2.29284e-09
-4.46931e-08
4.50641e-08
2.88633e-09
4.54661e-08
3.47717e-09
4.57787e-08
3.78645e-09
4.60194e-08
3.85675e-09
4.62149e-08
3.80621e-09
4.63436e-08
3.6954e-09
4.63786e-08
3.52061e-09
4.63099e-08
3.28877e-09
4.61513e-08
3.03095e-09
4.59284e-08
2.78483e-09
4.56621e-08
2.57662e-09
4.53637e-08
2.40941e-09
4.50375e-08
2.27555e-09
4.4689e-08
2.16587e-09
4.4323e-08
2.0734e-09
4.39421e-08
1.99271e-09
4.35483e-08
1.91977e-09
4.31429e-08
1.85187e-09
4.27272e-08
1.78737e-09
4.23026e-08
1.72542e-09
4.18704e-08
1.66561e-09
4.14323e-08
1.60782e-09
4.09897e-08
1.55202e-09
4.05442e-08
1.49828e-09
4.0097e-08
1.44661e-09
3.96496e-08
1.39706e-09
3.92031e-08
1.3496e-09
3.87586e-08
1.30421e-09
3.8317e-08
1.26078e-09
3.78791e-08
1.21927e-09
3.74457e-08
1.17953e-09
3.70174e-08
1.14151e-09
3.65948e-08
1.10506e-09
3.61782e-08
1.07016e-09
3.57682e-08
1.03667e-09
3.53649e-08
1.00459e-09
3.49686e-08
9.73782e-10
3.45795e-08
9.44269e-10
3.41978e-08
9.15914e-10
3.38234e-08
8.88766e-10
3.34565e-08
8.62677e-10
3.30971e-08
8.37717e-10
3.27451e-08
8.13723e-10
3.24004e-08
7.90787e-10
3.2063e-08
7.68728e-10
3.17328e-08
7.4766e-10
3.14096e-08
7.27377e-10
3.10934e-08
7.08025e-10
3.0784e-08
6.89364e-10
3.04811e-08
6.71577e-10
3.01848e-08
6.54389e-10
2.98947e-08
6.38022e-10
2.96109e-08
6.22166e-10
2.93329e-08
6.07082e-10
2.90609e-08
5.9242e-10
2.87944e-08
5.78495e-10
2.85335e-08
5.64897e-10
2.82779e-08
5.52014e-10
2.80275e-08
5.39365e-10
2.77821e-08
5.27415e-10
2.75417e-08
5.15609e-10
2.7306e-08
5.04495e-10
2.7075e-08
4.93434e-10
2.68484e-08
4.83072e-10
2.66264e-08
4.72662e-10
2.64084e-08
4.62978e-10
2.61949e-08
4.53139e-10
2.59852e-08
4.44063e-10
2.57797e-08
4.34723e-10
2.55778e-08
4.26198e-10
2.538e-08
4.17287e-10
2.51857e-08
4.09267e-10
2.49952e-08
4.00721e-10
2.4808e-08
3.93171e-10
2.46247e-08
3.84934e-10
2.44443e-08
3.7782e-10
2.42678e-08
3.6985e-10
2.40941e-08
3.63156e-10
2.39241e-08
3.55401e-10
2.37567e-08
3.49127e-10
2.35932e-08
3.4155e-10
2.34319e-08
3.35699e-10
2.32745e-08
3.2828e-10
2.31191e-08
3.22871e-10
2.29676e-08
3.15591e-10
2.28179e-08
3.10671e-10
2.26721e-08
3.03513e-10
2.25278e-08
2.99146e-10
2.23875e-08
2.92133e-10
2.22483e-08
2.88392e-10
2.21131e-08
2.81571e-10
2.19787e-08
2.78572e-10
2.18484e-08
2.72038e-10
2.17183e-08
2.69869e-10
2.15922e-08
2.63914e-10
2.1466e-08
2.62606e-10
2.13433e-08
2.58092e-10
2.122e-08
2.57838e-10
2.57433e-10
4.96967e-08
2.23092e-09
-4.96348e-08
4.99134e-08
2.66964e-09
5.0269e-08
3.12152e-09
5.06109e-08
3.44457e-09
5.08933e-08
3.57438e-09
5.11327e-08
3.56684e-09
5.13412e-08
3.48689e-09
5.1503e-08
3.3588e-09
5.16012e-08
3.19059e-09
5.16343e-08
2.99784e-09
5.16155e-08
2.80363e-09
5.15629e-08
2.62924e-09
5.14871e-08
2.48516e-09
5.13924e-08
2.37025e-09
5.12817e-08
2.27657e-09
5.11575e-08
2.19761e-09
5.10213e-08
2.12888e-09
5.08739e-08
2.06722e-09
5.07152e-08
2.0105e-09
5.05454e-08
1.95721e-09
5.03643e-08
1.9065e-09
5.01721e-08
1.85779e-09
4.99691e-08
1.81086e-09
4.97556e-08
1.76549e-09
4.95322e-08
1.72172e-09
4.92994e-08
1.67942e-09
4.90578e-08
1.63868e-09
4.8808e-08
1.59938e-09
4.85506e-08
1.56157e-09
4.82863e-08
1.52507e-09
4.80157e-08
1.48993e-09
4.77393e-08
1.45594e-09
4.74576e-08
1.42316e-09
4.71713e-08
1.39135e-09
4.68809e-08
1.36062e-09
4.65868e-08
1.33072e-09
4.62896e-08
1.30181e-09
4.59898e-08
1.27362e-09
4.56877e-08
1.24636e-09
4.53838e-08
1.21974e-09
4.50786e-08
1.194e-09
4.47725e-08
1.16883e-09
4.44657e-08
1.14452e-09
4.41587e-08
1.12071e-09
4.38517e-08
1.09776e-09
4.35452e-08
1.07525e-09
4.32393e-08
1.05358e-09
4.29344e-08
1.03229e-09
4.26305e-08
1.01184e-09
4.23282e-08
9.91684e-10
4.20274e-08
9.72394e-10
4.17285e-08
9.53298e-10
4.14314e-08
9.35088e-10
4.11366e-08
9.16981e-10
4.08439e-08
8.99783e-10
4.05537e-08
8.82585e-10
4.02659e-08
8.66337e-10
3.99808e-08
8.49966e-10
3.96982e-08
8.34606e-10
3.94186e-08
8.18989e-10
3.91416e-08
8.04453e-10
3.88677e-08
7.8952e-10
3.85964e-08
7.75753e-10
3.83284e-08
7.6143e-10
3.80631e-08
7.48385e-10
3.78012e-08
7.34597e-10
3.75419e-08
7.22232e-10
3.72861e-08
7.0891e-10
3.7033e-08
6.97181e-10
3.67835e-08
6.84261e-10
3.65366e-08
6.73134e-10
3.62933e-08
6.6055e-10
3.60526e-08
6.50003e-10
3.58156e-08
6.37682e-10
3.55811e-08
6.27702e-10
3.53504e-08
6.15585e-10
3.51221e-08
6.06156e-10
3.48977e-08
5.94191e-10
3.46756e-08
5.85318e-10
3.44575e-08
5.7344e-10
3.42415e-08
5.65151e-10
3.40298e-08
5.53307e-10
3.38198e-08
5.45628e-10
3.36143e-08
5.3379e-10
3.34104e-08
5.26765e-10
3.32111e-08
5.14907e-10
3.30132e-08
5.08615e-10
3.282e-08
4.96718e-10
3.26278e-08
4.91255e-10
3.24406e-08
4.7936e-10
3.22542e-08
4.74816e-10
3.20727e-08
4.6302e-10
3.18918e-08
4.59532e-10
3.17158e-08
4.48004e-10
3.154e-08
4.45672e-10
3.13691e-08
4.34855e-10
3.11979e-08
4.33769e-10
3.10314e-08
4.24643e-10
3.0864e-08
4.25236e-10
4.19356e-10
5.51392e-08
2.15617e-09
-5.50644e-08
5.53086e-08
2.50025e-09
5.55938e-08
2.83628e-09
5.59101e-08
3.12831e-09
5.61943e-08
3.29017e-09
5.6433e-08
3.32808e-09
5.66383e-08
3.28164e-09
5.68106e-08
3.18645e-09
5.69408e-08
3.06047e-09
5.70237e-08
2.91488e-09
5.70648e-08
2.7626e-09
5.70762e-08
2.61776e-09
5.70697e-08
2.49166e-09
5.70516e-08
2.38835e-09
5.70248e-08
2.30344e-09
5.69909e-08
2.23144e-09
5.69514e-08
2.16844e-09
5.69068e-08
2.11179e-09
5.68574e-08
2.0599e-09
5.6803e-08
2.01156e-09
5.67434e-08
1.96611e-09
5.66783e-08
1.92291e-09
5.66074e-08
1.88176e-09
5.65306e-08
1.8423e-09
5.64478e-08
1.80457e-09
5.63589e-08
1.76832e-09
5.62639e-08
1.73367e-09
5.61629e-08
1.70036e-09
5.60559e-08
1.66855e-09
5.59431e-08
1.63793e-09
5.58243e-08
1.60867e-09
5.56999e-08
1.58041e-09
5.55697e-08
1.55336e-09
5.54339e-08
1.5271e-09
5.52926e-08
1.50194e-09
5.51459e-08
1.47738e-09
5.49939e-08
1.45383e-09
5.48368e-08
1.43073e-09
5.46746e-08
1.40858e-09
5.45075e-08
1.38676e-09
5.43357e-08
1.36585e-09
5.41594e-08
1.34516e-09
5.39785e-08
1.32537e-09
5.37935e-08
1.3057e-09
5.36043e-08
1.28694e-09
5.34114e-08
1.26817e-09
5.32146e-08
1.25036e-09
5.30145e-08
1.23242e-09
5.28109e-08
1.21549e-09
5.26043e-08
1.19829e-09
5.23945e-08
1.18216e-09
5.21822e-08
1.16562e-09
5.1967e-08
1.15023e-09
5.17497e-08
1.13429e-09
5.15299e-08
1.11958e-09
5.13084e-08
1.10414e-09
5.10846e-08
1.09007e-09
5.08595e-08
1.07507e-09
5.06325e-08
1.06159e-09
5.04046e-08
1.04695e-09
5.0175e-08
1.03402e-09
4.99448e-08
1.01969e-09
4.97133e-08
1.00726e-09
4.94816e-08
9.93176e-10
4.92487e-08
9.81235e-10
4.9016e-08
9.67319e-10
4.87824e-08
9.55846e-10
4.85493e-08
9.42037e-10
4.83154e-08
9.31013e-10
4.80824e-08
9.17257e-10
4.78489e-08
9.06669e-10
4.76166e-08
8.92908e-10
4.73838e-08
8.82761e-10
4.71526e-08
8.68919e-10
4.6921e-08
8.5923e-10
4.66914e-08
8.45252e-10
4.64615e-08
8.36024e-10
4.62338e-08
8.21874e-10
4.6006e-08
8.13134e-10
4.57807e-08
7.98747e-10
4.55553e-08
7.90554e-10
4.53327e-08
7.75878e-10
4.51101e-08
7.68279e-10
4.48905e-08
7.53309e-10
4.46709e-08
7.46365e-10
4.44548e-08
7.311e-10
4.42385e-08
7.24909e-10
4.40258e-08
7.09348e-10
4.38131e-08
7.04033e-10
4.36041e-08
6.8827e-10
4.3395e-08
6.83923e-10
4.31899e-08
6.68122e-10
4.29845e-08
6.64918e-10
4.27832e-08
6.49302e-10
4.25815e-08
6.47404e-10
4.23839e-08
6.325e-10
4.21855e-08
6.32188e-10
4.19913e-08
6.18838e-10
4.17958e-08
6.20684e-10
6.09989e-10
6.11288e-08
2.07681e-09
-6.10495e-08
6.12754e-08
2.35364e-09
6.14981e-08
2.61358e-09
6.17729e-08
2.85353e-09
6.20406e-08
3.02245e-09
6.22756e-08
3.0931e-09
6.24735e-08
3.08379e-09
6.26382e-08
3.0217e-09
6.27695e-08
2.92915e-09
6.2865e-08
2.81945e-09
6.29258e-08
2.7018e-09
6.29585e-08
2.58499e-09
6.29726e-08
2.47758e-09
6.2976e-08
2.38497e-09
6.29724e-08
2.30701e-09
6.29638e-08
2.24001e-09
6.29515e-08
2.18083e-09
6.29362e-08
2.12702e-09
6.29187e-08
2.07742e-09
6.28993e-08
2.03098e-09
6.2878e-08
1.9874e-09
6.28549e-08
1.94604e-09
6.28297e-08
1.9069e-09
6.28026e-08
1.86947e-09
6.27732e-08
1.83393e-09
6.27417e-08
1.79984e-09
6.27079e-08
1.76749e-09
6.26718e-08
1.73642e-09
6.26333e-08
1.70701e-09
6.25926e-08
1.6787e-09
6.25493e-08
1.65196e-09
6.25035e-08
1.62614e-09
6.24551e-08
1.60177e-09
6.24041e-08
1.57809e-09
6.23503e-08
1.55579e-09
6.22937e-08
1.53397e-09
6.22341e-08
1.51346e-09
6.21716e-08
1.49325e-09
6.21058e-08
1.4743e-09
6.20371e-08
1.45549e-09
6.1965e-08
1.43794e-09
6.18898e-08
1.42035e-09
6.18112e-08
1.40405e-09
6.17293e-08
1.38753e-09
6.16439e-08
1.37235e-09
6.15553e-08
1.35678e-09
6.1463e-08
1.34262e-09
6.13676e-08
1.32787e-09
6.12684e-08
1.31463e-09
6.11661e-08
1.3006e-09
6.10601e-08
1.28818e-09
6.0951e-08
1.27475e-09
6.08382e-08
1.26307e-09
6.07223e-08
1.25014e-09
6.06028e-08
1.23912e-09
6.04803e-08
1.22658e-09
6.03542e-08
1.21616e-09
6.02254e-08
1.20393e-09
6.00929e-08
1.19405e-09
5.99579e-08
1.18201e-09
5.98193e-08
1.17261e-09
5.96783e-08
1.16069e-09
5.95338e-08
1.15171e-09
5.93872e-08
1.13984e-09
5.92371e-08
1.13125e-09
5.90851e-08
1.11932e-09
5.89299e-08
1.11111e-09
5.87729e-08
1.09904e-09
5.86127e-08
1.09116e-09
5.84511e-08
1.07889e-09
5.82864e-08
1.07132e-09
5.81206e-08
1.05879e-09
5.79518e-08
1.05153e-09
5.77821e-08
1.03864e-09
5.76096e-08
1.03171e-09
5.74364e-08
1.0184e-09
5.72607e-08
1.01178e-09
5.70845e-08
9.98031e-10
5.69059e-08
9.91745e-10
5.67272e-08
9.77482e-10
5.65461e-08
9.7159e-10
5.63652e-08
9.5676e-10
5.61822e-08
9.51293e-10
5.59996e-08
9.35924e-10
5.58151e-08
9.3093e-10
5.56311e-08
9.15057e-10
5.54454e-08
9.10628e-10
5.52605e-08
8.94251e-10
5.5074e-08
8.90522e-10
5.48885e-08
8.7379e-10
5.47016e-08
8.70835e-10
5.45157e-08
8.53975e-10
5.43286e-08
8.52017e-10
5.41427e-08
8.35252e-10
5.39555e-08
8.34542e-10
5.37696e-08
8.18435e-10
5.35823e-08
8.19422e-10
5.33966e-08
8.04613e-10
5.32094e-08
8.07815e-10
7.95671e-10
6.77288e-08
1.99854e-09
-6.76506e-08
6.78576e-08
2.22488e-09
6.8038e-08
2.43323e-09
6.82659e-08
2.62559e-09
6.8506e-08
2.78235e-09
6.87293e-08
2.86979e-09
6.8921e-08
2.89208e-09
6.90793e-08
2.86345e-09
6.92067e-08
2.80174e-09
6.9305e-08
2.72118e-09
6.9375e-08
2.63174e-09
6.942e-08
2.54004e-09
6.94456e-08
2.45198e-09
6.94588e-08
2.37176e-09
6.94643e-08
2.30148e-09
6.94646e-08
2.23977e-09
6.94607e-08
2.18465e-09
6.94539e-08
2.13389e-09
6.94447e-08
2.08662e-09
6.94338e-08
2.04181e-09
6.94217e-08
1.99952e-09
6.94087e-08
1.95909e-09
6.93947e-08
1.92084e-09
6.93801e-08
1.88412e-09
6.93646e-08
1.84936e-09
6.93486e-08
1.81586e-09
6.93319e-08
1.7842e-09
6.93147e-08
1.75361e-09
6.92969e-08
1.72481e-09
6.92787e-08
1.69691e-09
6.92599e-08
1.67076e-09
6.92407e-08
1.64533e-09
6.92209e-08
1.6216e-09
6.92006e-08
1.59839e-09
6.91795e-08
1.57683e-09
6.91579e-08
1.55557e-09
6.91355e-08
1.53595e-09
6.91123e-08
1.51642e-09
6.90881e-08
1.49854e-09
6.9063e-08
1.48054e-09
6.90367e-08
1.46422e-09
6.90095e-08
1.44759e-09
6.89808e-08
1.4327e-09
6.89511e-08
1.41728e-09
6.89198e-08
1.40368e-09
6.88872e-08
1.38934e-09
6.88529e-08
1.37693e-09
6.88172e-08
1.36353e-09
6.87796e-08
1.35221e-09
6.87406e-08
1.33964e-09
6.86995e-08
1.3293e-09
6.86568e-08
1.31744e-09
6.86119e-08
1.30799e-09
6.85653e-08
1.29671e-09
6.85164e-08
1.28806e-09
6.84657e-08
1.27725e-09
6.84125e-08
1.26934e-09
6.83575e-08
1.25889e-09
6.83e-08
1.25163e-09
6.82405e-08
1.24144e-09
6.81784e-08
1.23474e-09
6.81144e-08
1.22472e-09
6.80476e-08
1.21853e-09
6.79788e-08
1.20856e-09
6.79072e-08
1.20284e-09
6.78337e-08
1.19283e-09
6.77573e-08
1.18753e-09
6.7679e-08
1.17738e-09
6.75977e-08
1.17244e-09
6.75145e-08
1.16209e-09
6.74284e-08
1.15744e-09
6.73403e-08
1.14682e-09
6.72494e-08
1.14248e-09
6.71566e-08
1.13146e-09
6.70609e-08
1.12741e-09
6.69633e-08
1.11595e-09
6.6863e-08
1.11212e-09
6.67608e-08
1.1002e-09
6.6656e-08
1.0966e-09
6.65493e-08
1.08415e-09
6.64401e-08
1.08083e-09
6.6329e-08
1.06779e-09
6.62156e-08
1.06473e-09
6.61004e-08
1.05114e-09
6.5983e-08
1.04834e-09
6.58637e-08
1.0343e-09
6.57425e-08
1.03187e-09
6.56194e-08
1.01731e-09
6.54946e-08
1.01537e-09
6.53678e-08
1.00052e-09
6.52396e-08
9.99067e-10
6.51094e-08
9.84183e-10
6.49779e-08
9.8356e-10
6.48443e-08
9.68793e-10
6.47096e-08
9.69258e-10
6.45728e-08
9.55236e-10
6.44349e-08
9.57285e-10
6.42951e-08
9.44484e-10
6.41542e-08
9.48636e-10
9.38711e-10
6.79274e-08
1.93339e-09
-6.78622e-08
6.80286e-08
2.12365e-09
6.81656e-08
2.2962e-09
6.83357e-08
2.45553e-09
6.85249e-08
2.59315e-09
6.87102e-08
2.68445e-09
6.88766e-08
2.72571e-09
6.90171e-08
2.72292e-09
6.91314e-08
2.68746e-09
6.92214e-08
2.63113e-09
6.92893e-08
2.56391e-09
6.93371e-08
2.49224e-09
6.93681e-08
2.42097e-09
6.93867e-08
2.35311e-09
6.93971e-08
2.29111e-09
6.94019e-08
2.23493e-09
6.94026e-08
2.18397e-09
6.94001e-08
2.13639e-09
6.93951e-08
2.09167e-09
6.93882e-08
2.04871e-09
6.93798e-08
2.00787e-09
6.93705e-08
1.96843e-09
6.93603e-08
1.93102e-09
6.93496e-08
1.89484e-09
6.93383e-08
1.8606e-09
6.93268e-08
1.8274e-09
6.9315e-08
1.79605e-09
6.9303e-08
1.76555e-09
6.9291e-08
1.73688e-09
6.9279e-08
1.7089e-09
6.9267e-08
1.68276e-09
6.92552e-08
1.65715e-09
6.92434e-08
1.63338e-09
6.92318e-08
1.60994e-09
6.92203e-08
1.58835e-09
6.9209e-08
1.56687e-09
6.91977e-08
1.54725e-09
6.91866e-08
1.52754e-09
6.91754e-08
1.50972e-09
6.91643e-08
1.4916e-09
6.91531e-08
1.47543e-09
6.9142e-08
1.45873e-09
6.91306e-08
1.44407e-09
6.91192e-08
1.42866e-09
6.91075e-08
1.4154e-09
6.90957e-08
1.40114e-09
6.90835e-08
1.38917e-09
6.90711e-08
1.37593e-09
6.90581e-08
1.36515e-09
6.90449e-08
1.35283e-09
6.90311e-08
1.34312e-09
6.90169e-08
1.33161e-09
6.9002e-08
1.32289e-09
6.89867e-08
1.31205e-09
6.89705e-08
1.30424e-09
6.89538e-08
1.29395e-09
6.89362e-08
1.28698e-09
6.89179e-08
1.27715e-09
6.88986e-08
1.27092e-09
6.88786e-08
1.26146e-09
6.88575e-08
1.25586e-09
6.88355e-08
1.24667e-09
6.88124e-08
1.24167e-09
6.87883e-08
1.23262e-09
6.8763e-08
1.22817e-09
6.87367e-08
1.21917e-09
6.8709e-08
1.2152e-09
6.86802e-08
1.20619e-09
6.865e-08
1.2026e-09
6.86186e-08
1.19351e-09
6.85858e-08
1.19024e-09
6.85517e-08
1.18096e-09
6.85161e-08
1.17805e-09
6.84791e-08
1.16847e-09
6.84407e-08
1.16585e-09
6.84006e-08
1.15598e-09
6.83592e-08
1.15351e-09
6.83161e-08
1.14332e-09
6.82717e-08
1.14105e-09
6.82254e-08
1.13042e-09
6.81778e-08
1.12843e-09
6.81282e-08
1.11734e-09
6.80775e-08
1.11549e-09
6.80246e-08
1.10404e-09
6.79706e-08
1.1023e-09
6.79144e-08
1.09054e-09
6.78571e-08
1.08915e-09
6.77974e-08
1.07696e-09
6.77369e-08
1.07593e-09
6.76737e-08
1.06369e-09
6.76099e-08
1.06293e-09
6.75433e-08
1.05078e-09
6.74759e-08
1.05088e-09
6.74058e-08
1.03897e-09
6.7335e-08
1.04e-09
6.72612e-08
1.02903e-09
6.7187e-08
1.03155e-09
6.71096e-08
1.02182e-09
6.70317e-08
1.02663e-09
1.01946e-09
7.51812e-08
1.87118e-09
-7.5119e-08
7.52716e-08
2.03329e-09
7.53896e-08
2.17812e-09
7.5533e-08
2.31213e-09
7.56956e-08
2.43058e-09
7.58602e-08
2.51986e-09
7.6014e-08
2.57189e-09
7.61485e-08
2.58846e-09
7.62603e-08
2.5757e-09
7.63499e-08
2.5415e-09
7.64195e-08
2.49432e-09
7.64714e-08
2.44033e-09
7.65081e-08
2.38429e-09
7.65325e-08
2.32866e-09
7.65479e-08
2.27572e-09
7.65569e-08
2.2259e-09
7.65613e-08
2.17964e-09
7.6562e-08
2.13569e-09
7.65597e-08
2.09394e-09
7.65551e-08
2.0533e-09
7.65487e-08
2.0143e-09
7.65409e-08
1.97619e-09
7.65321e-08
1.93982e-09
7.65226e-08
1.90436e-09
7.65125e-08
1.87072e-09
7.6502e-08
1.83788e-09
7.64912e-08
1.80684e-09
7.64803e-08
1.77646e-09
7.64693e-08
1.74787e-09
7.64584e-08
1.7198e-09
7.64476e-08
1.69358e-09
7.6437e-08
1.66774e-09
7.64266e-08
1.64378e-09
7.64165e-08
1.62003e-09
7.64066e-08
1.59819e-09
7.63971e-08
1.57637e-09
7.63879e-08
1.5565e-09
7.6379e-08
1.53644e-09
7.63703e-08
1.51837e-09
7.6362e-08
1.49992e-09
7.63539e-08
1.48352e-09
7.63461e-08
1.46653e-09
7.63385e-08
1.45168e-09
7.63312e-08
1.436e-09
7.6324e-08
1.42259e-09
7.6317e-08
1.40811e-09
7.63102e-08
1.39603e-09
7.63035e-08
1.38263e-09
7.62968e-08
1.37176e-09
7.62903e-08
1.35935e-09
7.62839e-08
1.3496e-09
7.62774e-08
1.33805e-09
7.6271e-08
1.32933e-09
7.62645e-08
1.31851e-09
7.6258e-08
1.31076e-09
7.62514e-08
1.30056e-09
7.62447e-08
1.29368e-09
7.62378e-08
1.28402e-09
7.62308e-08
1.27789e-09
7.62236e-08
1.26872e-09
7.62162e-08
1.26325e-09
7.62084e-08
1.25443e-09
7.62005e-08
1.2496e-09
7.61921e-08
1.24098e-09
7.61836e-08
1.23675e-09
7.61744e-08
1.22829e-09
7.61651e-08
1.22454e-09
7.61551e-08
1.2162e-09
7.61449e-08
1.21282e-09
7.61338e-08
1.20454e-09
7.61226e-08
1.20149e-09
7.61104e-08
1.1931e-09
7.6098e-08
1.19046e-09
7.60846e-08
1.18188e-09
7.6071e-08
1.17949e-09
7.60561e-08
1.17083e-09
7.60411e-08
1.16853e-09
7.60248e-08
1.15968e-09
7.60082e-08
1.15761e-09
7.59902e-08
1.14841e-09
7.5972e-08
1.14661e-09
7.59522e-08
1.13715e-09
7.59323e-08
1.13541e-09
7.59106e-08
1.12579e-09
7.58888e-08
1.1241e-09
7.5865e-08
1.11428e-09
7.58412e-08
1.11302e-09
7.58152e-08
1.1029e-09
7.57893e-08
1.10187e-09
7.57609e-08
1.09201e-09
7.57327e-08
1.09122e-09
7.5702e-08
1.08145e-09
7.56712e-08
1.08165e-09
7.56378e-08
1.07235e-09
7.56045e-08
1.07333e-09
7.55684e-08
1.06513e-09
7.55323e-08
1.06768e-09
7.54933e-08
1.0608e-09
7.54542e-08
1.06569e-09
1.06099e-09
8.31887e-08
1.81326e-09
-8.31308e-08
8.32687e-08
1.95329e-09
8.33702e-08
2.07663e-09
8.34911e-08
2.19119e-09
8.36282e-08
2.29351e-09
8.37701e-08
2.3779e-09
8.3907e-08
2.43499e-09
8.4031e-08
2.46453e-09
8.41372e-08
2.46947e-09
8.42244e-08
2.45427e-09
8.42937e-08
2.42505e-09
8.43471e-08
2.38687e-09
8.4387e-08
2.34442e-09
8.44156e-08
2.30009e-09
8.44351e-08
2.25617e-09
8.44479e-08
2.21315e-09
8.44555e-08
2.17201e-09
8.44592e-08
2.13203e-09
8.44596e-08
2.09354e-09
8.44573e-08
2.05554e-09
8.4453e-08
2.01869e-09
8.44469e-08
1.98224e-09
8.44396e-08
1.94715e-09
8.44313e-08
1.91262e-09
8.44224e-08
1.87969e-09
8.44129e-08
1.84735e-09
8.44031e-08
1.81667e-09
8.4393e-08
1.7865e-09
8.43829e-08
1.75803e-09
8.43727e-08
1.72997e-09
8.43626e-08
1.70367e-09
8.43527e-08
1.67767e-09
8.4343e-08
1.65351e-09
8.43335e-08
1.6295e-09
8.43243e-08
1.60738e-09
8.43154e-08
1.58527e-09
8.43068e-08
1.56506e-09
8.42986e-08
1.5447e-09
8.42907e-08
1.52628e-09
8.42831e-08
1.50753e-09
8.42758e-08
1.49078e-09
8.42688e-08
1.4735e-09
8.42622e-08
1.45832e-09
8.42558e-08
1.44237e-09
8.42498e-08
1.42865e-09
8.42439e-08
1.41393e-09
8.42384e-08
1.40153e-09
8.42331e-08
1.38795e-09
8.42281e-08
1.37677e-09
8.42232e-08
1.36423e-09
8.42187e-08
1.35417e-09
8.42142e-08
1.34252e-09
8.421e-08
1.33352e-09
8.42059e-08
1.32264e-09
8.4202e-08
1.31463e-09
8.41981e-08
1.30441e-09
8.41946e-08
1.29727e-09
8.41909e-08
1.28767e-09
8.41875e-08
1.28126e-09
8.4184e-08
1.27222e-09
8.41808e-08
1.26647e-09
8.41774e-08
1.25783e-09
8.41743e-08
1.25275e-09
8.41709e-08
1.24435e-09
8.41678e-08
1.23987e-09
8.41644e-08
1.23171e-09
8.41612e-08
1.22768e-09
8.41577e-08
1.21975e-09
8.41544e-08
1.21606e-09
8.41507e-08
1.20827e-09
8.41472e-08
1.20494e-09
8.41433e-08
1.19706e-09
8.41396e-08
1.19416e-09
8.41353e-08
1.1862e-09
8.41313e-08
1.18347e-09
8.41265e-08
1.1756e-09
8.41221e-08
1.17294e-09
8.41169e-08
1.16491e-09
8.41119e-08
1.16255e-09
8.41061e-08
1.15422e-09
8.41006e-08
1.1521e-09
8.40941e-08
1.14368e-09
8.40879e-08
1.14157e-09
8.40806e-08
1.13312e-09
8.40736e-08
1.1311e-09
8.40655e-08
1.12243e-09
8.40575e-08
1.12096e-09
8.40483e-08
1.11214e-09
8.40394e-08
1.11078e-09
8.4029e-08
1.10243e-09
8.40187e-08
1.10143e-09
8.40071e-08
1.09307e-09
8.39956e-08
1.09319e-09
8.39824e-08
1.08554e-09
8.39694e-08
1.08637e-09
8.39546e-08
1.07984e-09
8.39399e-08
1.08243e-09
8.39234e-08
1.07729e-09
8.3907e-08
1.08208e-09
1.07889e-09
9.2031e-08
1.76161e-09
-9.19793e-08
9.20998e-08
1.88444e-09
9.21853e-08
1.99114e-09
9.22858e-08
2.09075e-09
9.23985e-08
2.18081e-09
9.25175e-08
2.25886e-09
9.26349e-08
2.31757e-09
9.27445e-08
2.35497e-09
9.28414e-08
2.37249e-09
9.29234e-08
2.37231e-09
9.29901e-08
2.35836e-09
9.30428e-08
2.3342e-09
9.30833e-08
2.30387e-09
9.31137e-08
2.26972e-09
9.31357e-08
2.23415e-09
9.31511e-08
2.19778e-09
9.31613e-08
2.16184e-09
9.31673e-08
2.12595e-09
9.31701e-08
2.09077e-09
9.31701e-08
2.05555e-09
9.31678e-08
2.02099e-09
9.31636e-08
1.98641e-09
9.3158e-08
1.95277e-09
9.31513e-08
1.91937e-09
9.31437e-08
1.88725e-09
9.31355e-08
1.85553e-09
9.31269e-08
1.82526e-09
9.3118e-08
1.7954e-09
9.3109e-08
1.76708e-09
9.30998e-08
1.73911e-09
9.30907e-08
1.71278e-09
9.30817e-08
1.68671e-09
9.30728e-08
1.66237e-09
9.30641e-08
1.6382e-09
9.30557e-08
1.61581e-09
9.30475e-08
1.59347e-09
9.30396e-08
1.57294e-09
9.3032e-08
1.55233e-09
9.30247e-08
1.53356e-09
9.30177e-08
1.51456e-09
9.3011e-08
1.49745e-09
9.30046e-08
1.47993e-09
9.29985e-08
1.46439e-09
9.29927e-08
1.44822e-09
9.29872e-08
1.43415e-09
9.29819e-08
1.41923e-09
9.29769e-08
1.40648e-09
9.29721e-08
1.39275e-09
9.29677e-08
1.38121e-09
9.29634e-08
1.36854e-09
9.29594e-08
1.35813e-09
9.29555e-08
1.34639e-09
9.2952e-08
1.33706e-09
9.29485e-08
1.32611e-09
9.29454e-08
1.31778e-09
9.29423e-08
1.30752e-09
9.29395e-08
1.30005e-09
9.29367e-08
1.29047e-09
9.29342e-08
1.28371e-09
9.29317e-08
1.27474e-09
9.29295e-08
1.26865e-09
9.29273e-08
1.26009e-09
9.29253e-08
1.2547e-09
9.29233e-08
1.24641e-09
9.29215e-08
1.24161e-09
9.29196e-08
1.23361e-09
9.29181e-08
1.22923e-09
9.29163e-08
1.22153e-09
9.29149e-08
1.21748e-09
9.29132e-08
1.20994e-09
9.29119e-08
1.20628e-09
9.29103e-08
1.19867e-09
9.2909e-08
1.19544e-09
9.29074e-08
1.18782e-09
9.29061e-08
1.18472e-09
9.29045e-08
1.17724e-09
9.29032e-08
1.17425e-09
9.29015e-08
1.16661e-09
9.29001e-08
1.16396e-09
9.28982e-08
1.15606e-09
9.28967e-08
1.15362e-09
9.28946e-08
1.14573e-09
9.28929e-08
1.14329e-09
9.28906e-08
1.13541e-09
9.28886e-08
1.13315e-09
9.2886e-08
1.12502e-09
9.28836e-08
1.12336e-09
9.28805e-08
1.1152e-09
9.28777e-08
1.1136e-09
9.28742e-08
1.10597e-09
9.28707e-08
1.10493e-09
9.28665e-08
1.09723e-09
9.28624e-08
1.09731e-09
9.28574e-08
1.09051e-09
9.28524e-08
1.09135e-09
9.28467e-08
1.08559e-09
9.28408e-08
1.08833e-09
9.28341e-08
1.08399e-09
9.28274e-08
1.08876e-09
1.08627e-09
1.01797e-07
1.71784e-09
-1.01753e-07
1.01854e-07
1.82768e-09
1.01923e-07
1.92187e-09
1.02003e-07
2.01025e-09
1.02093e-07
2.09113e-09
1.02189e-07
2.16297e-09
1.02285e-07
2.22137e-09
1.02377e-07
2.26308e-09
1.02461e-07
2.28885e-09
1.02533e-07
2.29955e-09
1.02594e-07
2.29758e-09
1.02643e-07
2.28512e-09
1.02682e-07
2.26527e-09
1.02712e-07
2.24004e-09
1.02734e-07
2.21183e-09
1.0275e-07
2.18145e-09
1.02762e-07
2.1503e-09
1.02769e-07
2.11828e-09
1.02774e-07
2.08626e-09
1.02776e-07
2.0537e-09
1.02775e-07
2.02138e-09
1.02773e-07
1.9887e-09
1.02769e-07
1.95657e-09
1.02764e-07
1.92438e-09
1.02758e-07
1.89314e-09
1.02752e-07
1.8621e-09
1.02745e-07
1.83228e-09
1.02737e-07
1.80277e-09
1.0273e-07
1.77465e-09
1.02722e-07
1.74682e-09
1.02714e-07
1.72051e-09
1.02707e-07
1.69443e-09
1.02699e-07
1.66998e-09
1.02692e-07
1.6457e-09
1.02684e-07
1.6231e-09
1.02677e-07
1.60059e-09
1.0267e-07
1.57979e-09
1.02664e-07
1.55898e-09
1.02657e-07
1.53991e-09
1.02651e-07
1.5207e-09
1.02645e-07
1.50329e-09
1.0264e-07
1.48555e-09
1.02634e-07
1.46971e-09
1.02629e-07
1.45334e-09
1.02625e-07
1.43896e-09
1.0262e-07
1.42386e-09
1.02616e-07
1.41081e-09
1.02611e-07
1.39692e-09
1.02607e-07
1.38508e-09
1.02604e-07
1.37228e-09
1.026e-07
1.36159e-09
1.02597e-07
1.34973e-09
1.02594e-07
1.34013e-09
1.02591e-07
1.32908e-09
1.02588e-07
1.32048e-09
1.02586e-07
1.31015e-09
1.02583e-07
1.30242e-09
1.02581e-07
1.2928e-09
1.02579e-07
1.28578e-09
1.02577e-07
1.27678e-09
1.02575e-07
1.27045e-09
1.02573e-07
1.26188e-09
1.02572e-07
1.25625e-09
1.0257e-07
1.24798e-09
1.02569e-07
1.24294e-09
1.02567e-07
1.23499e-09
1.02566e-07
1.23037e-09
1.02565e-07
1.22273e-09
1.02564e-07
1.21846e-09
1.02563e-07
1.21099e-09
1.02562e-07
1.20713e-09
1.02561e-07
1.19961e-09
1.0256e-07
1.19616e-09
1.0256e-07
1.18868e-09
1.02559e-07
1.18535e-09
1.02558e-07
1.17801e-09
1.02558e-07
1.17485e-09
1.02557e-07
1.16734e-09
1.02556e-07
1.16453e-09
1.02556e-07
1.15682e-09
1.02555e-07
1.15419e-09
1.02554e-07
1.14652e-09
1.02554e-07
1.14393e-09
1.02553e-07
1.13626e-09
1.02552e-07
1.13394e-09
1.02551e-07
1.12602e-09
1.0255e-07
1.12427e-09
1.02549e-07
1.11642e-09
1.02548e-07
1.11478e-09
1.02546e-07
1.10741e-09
1.02545e-07
1.10646e-09
1.02543e-07
1.0991e-09
1.02541e-07
1.09921e-09
1.02539e-07
1.0928e-09
1.02536e-07
1.09381e-09
1.02533e-07
1.0884e-09
1.0253e-07
1.09128e-09
1.02527e-07
1.0873e-09
1.02524e-07
1.09211e-09
1.08995e-09
1.12586e-07
1.68383e-09
-1.12552e-07
1.12629e-07
1.78441e-09
1.12681e-07
1.86968e-09
1.12741e-07
1.95005e-09
1.12808e-07
2.02425e-09
1.1288e-07
2.09095e-09
1.12953e-07
2.14816e-09
1.13025e-07
2.19194e-09
1.13091e-07
2.22266e-09
1.1315e-07
2.24056e-09
1.132e-07
2.24706e-09
1.13242e-07
2.24339e-09
1.13275e-07
2.23181e-09
1.13302e-07
2.21383e-09
1.13322e-07
2.19165e-09
1.13337e-07
2.16619e-09
1.13348e-07
2.139e-09
1.13356e-07
2.11023e-09
1.13362e-07
2.08088e-09
1.13365e-07
2.05062e-09
1.13366e-07
2.02025e-09
1.13365e-07
1.98927e-09
1.13363e-07
1.95854e-09
1.1336e-07
1.92749e-09
1.13356e-07
1.89711e-09
1.13352e-07
1.86672e-09
1.13347e-07
1.83736e-09
1.13341e-07
1.80819e-09
1.13336e-07
1.78028e-09
1.1333e-07
1.75261e-09
1.13324e-07
1.72636e-09
1.13318e-07
1.70033e-09
1.13312e-07
1.67583e-09
1.13306e-07
1.65149e-09
1.13301e-07
1.62875e-09
1.13295e-07
1.60612e-09
1.1329e-07
1.58514e-09
1.13285e-07
1.56417e-09
1.1328e-07
1.54489e-09
1.13275e-07
1.5255e-09
1.1327e-07
1.50787e-09
1.13266e-07
1.48996e-09
1.13262e-07
1.47389e-09
1.13258e-07
1.45736e-09
1.13254e-07
1.44274e-09
1.1325e-07
1.4275e-09
1.13247e-07
1.41422e-09
1.13244e-07
1.40018e-09
1.13241e-07
1.38813e-09
1.13238e-07
1.3752e-09
1.13235e-07
1.3643e-09
1.13232e-07
1.35232e-09
1.1323e-07
1.34252e-09
1.13228e-07
1.33137e-09
1.13226e-07
1.32258e-09
1.13224e-07
1.31218e-09
1.13222e-07
1.30425e-09
1.1322e-07
1.29456e-09
1.13218e-07
1.28738e-09
1.13217e-07
1.27831e-09
1.13215e-07
1.27183e-09
1.13214e-07
1.26321e-09
1.13213e-07
1.25742e-09
1.13212e-07
1.24913e-09
1.13211e-07
1.24393e-09
1.1321e-07
1.23597e-09
1.13209e-07
1.23121e-09
1.13208e-07
1.22355e-09
1.13207e-07
1.21916e-09
1.13207e-07
1.21167e-09
1.13206e-07
1.2077e-09
1.13206e-07
1.20021e-09
1.13205e-07
1.19662e-09
1.13205e-07
1.18918e-09
1.13204e-07
1.18576e-09
1.13204e-07
1.17841e-09
1.13203e-07
1.1752e-09
1.13203e-07
1.16772e-09
1.13203e-07
1.16483e-09
1.13202e-07
1.1572e-09
1.13202e-07
1.15448e-09
1.13202e-07
1.14688e-09
1.13201e-07
1.14427e-09
1.13201e-07
1.13664e-09
1.13201e-07
1.13435e-09
1.132e-07
1.12653e-09
1.132e-07
1.12474e-09
1.13199e-07
1.11706e-09
1.13198e-07
1.11548e-09
1.13198e-07
1.1082e-09
1.13197e-07
1.10735e-09
1.13196e-07
1.10022e-09
1.13194e-07
1.10039e-09
1.13193e-07
1.09418e-09
1.13191e-07
1.09539e-09
1.1319e-07
1.09017e-09
1.13188e-07
1.09316e-09
1.13186e-07
1.08937e-09
1.13184e-07
1.0942e-09
1.09229e-09
1.24509e-07
1.66182e-09
-1.24487e-07
1.24537e-07
1.75664e-09
1.2457e-07
1.83643e-09
1.24609e-07
1.91179e-09
1.24651e-07
1.9817e-09
1.24697e-07
2.04493e-09
1.24745e-07
2.10068e-09
1.24791e-07
2.14523e-09
1.24836e-07
2.17847e-09
1.24876e-07
2.20038e-09
1.24911e-07
2.21189e-09
1.24941e-07
2.21368e-09
1.24965e-07
2.20748e-09
1.24984e-07
2.19438e-09
1.25e-07
2.17634e-09
1.25012e-07
2.15427e-09
1.25021e-07
2.1298e-09
1.25028e-07
2.10325e-09
1.25033e-07
2.07576e-09
1.25036e-07
2.04712e-09
1.25038e-07
2.01816e-09
1.25039e-07
1.98843e-09
1.25039e-07
1.95875e-09
1.25038e-07
1.92859e-09
1.25036e-07
1.89889e-09
1.25034e-07
1.86903e-09
1.25031e-07
1.84004e-09
1.25028e-07
1.81114e-09
1.25025e-07
1.78343e-09
1.25022e-07
1.75591e-09
1.25018e-07
1.72974e-09
1.25015e-07
1.70378e-09
1.25012e-07
1.67928e-09
1.25008e-07
1.65494e-09
1.25005e-07
1.63215e-09
1.25001e-07
1.60946e-09
1.24998e-07
1.58838e-09
1.24995e-07
1.56732e-09
1.24992e-07
1.54792e-09
1.24989e-07
1.52843e-09
1.24986e-07
1.51066e-09
1.24984e-07
1.49265e-09
1.24981e-07
1.47644e-09
1.24979e-07
1.4598e-09
1.24976e-07
1.44505e-09
1.24974e-07
1.42971e-09
1.24972e-07
1.41629e-09
1.2497e-07
1.40216e-09
1.24968e-07
1.38998e-09
1.24966e-07
1.37695e-09
1.24965e-07
1.36594e-09
1.24963e-07
1.35387e-09
1.24962e-07
1.34395e-09
1.2496e-07
1.33273e-09
1.24959e-07
1.32382e-09
1.24958e-07
1.31336e-09
1.24957e-07
1.30532e-09
1.24956e-07
1.29557e-09
1.24955e-07
1.2883e-09
1.24954e-07
1.27916e-09
1.24953e-07
1.2726e-09
1.24953e-07
1.26393e-09
1.24952e-07
1.25805e-09
1.24951e-07
1.24974e-09
1.24951e-07
1.24445e-09
1.2495e-07
1.23646e-09
1.2495e-07
1.23163e-09
1.2495e-07
1.22393e-09
1.24949e-07
1.21949e-09
1.24949e-07
1.21198e-09
1.24949e-07
1.20794e-09
1.24948e-07
1.20046e-09
1.24948e-07
1.19679e-09
1.24948e-07
1.18935e-09
1.24948e-07
1.18589e-09
1.24948e-07
1.17852e-09
1.24948e-07
1.17529e-09
1.24948e-07
1.16782e-09
1.24948e-07
1.16488e-09
1.24948e-07
1.1573e-09
1.24948e-07
1.15454e-09
1.24947e-07
1.14696e-09
1.24947e-07
1.14436e-09
1.24947e-07
1.13674e-09
1.24947e-07
1.13447e-09
1.24947e-07
1.12674e-09
1.24947e-07
1.12491e-09
1.24946e-07
1.11731e-09
1.24946e-07
1.11581e-09
1.24946e-07
1.10857e-09
1.24945e-07
1.10779e-09
1.24945e-07
1.10083e-09
1.24944e-07
1.10105e-09
1.24943e-07
1.09495e-09
1.24942e-07
1.09629e-09
1.24941e-07
1.09121e-09
1.2494e-07
1.09423e-09
1.24939e-07
1.09056e-09
1.24938e-07
1.09555e-09
1.09356e-09
1.37696e-07
-1.37689e-07
1.37705e-07
1.37716e-07
1.37729e-07
1.37743e-07
1.37759e-07
1.37776e-07
1.37793e-07
1.3781e-07
1.37825e-07
1.37839e-07
1.37851e-07
1.37861e-07
1.37869e-07
1.37876e-07
1.37882e-07
1.37886e-07
1.3789e-07
1.37893e-07
1.37896e-07
1.37898e-07
1.37899e-07
1.379e-07
1.37901e-07
1.37901e-07
1.37901e-07
1.37901e-07
1.37901e-07
1.37901e-07
1.37901e-07
1.37901e-07
1.379e-07
1.379e-07
1.37899e-07
1.37899e-07
1.37898e-07
1.37898e-07
1.37898e-07
1.37897e-07
1.37897e-07
1.37897e-07
1.37896e-07
1.37896e-07
1.37896e-07
1.37895e-07
1.37895e-07
1.37895e-07
1.37895e-07
1.37895e-07
1.37895e-07
1.37895e-07
1.37895e-07
1.37895e-07
1.37895e-07
1.37895e-07
1.37895e-07
1.37895e-07
1.37895e-07
1.37895e-07
1.37896e-07
1.37896e-07
1.37896e-07
1.37896e-07
1.37897e-07
1.37897e-07
1.37897e-07
1.37897e-07
1.37898e-07
1.37898e-07
1.37898e-07
1.37899e-07
1.37899e-07
1.379e-07
1.379e-07
1.379e-07
1.37901e-07
1.37901e-07
1.37902e-07
1.37902e-07
1.37902e-07
1.37903e-07
1.37903e-07
1.37904e-07
1.37904e-07
1.37904e-07
1.37905e-07
1.37905e-07
1.37906e-07
1.37906e-07
1.37906e-07
1.37906e-07
1.37907e-07
1.37907e-07
1.37907e-07
1.37907e-07
1.37907e-07
1.37907e-07
1.37907e-07
1.37907e-07
3.44464e-08
8.6808e-11
3.44463e-08
-5.79269e-11
3.44391e-08
7.61978e-11
3.44374e-08
-5.04674e-11
3.44246e-08
7.54035e-11
3.44165e-08
-3.2764e-11
3.43966e-08
8.21627e-11
3.43834e-08
-1.19717e-11
3.43567e-08
9.33705e-11
3.434e-08
1.41859e-11
3.43063e-08
1.09485e-10
3.42806e-08
4.39784e-11
3.42388e-08
1.26616e-10
3.4203e-08
7.84231e-11
3.41503e-08
1.48626e-10
3.41016e-08
1.21412e-10
3.40339e-08
1.78206e-10
3.39676e-08
1.77262e-10
3.38787e-08
2.20026e-10
3.37841e-08
2.55107e-10
3.36568e-08
2.89283e-10
3.3488e-08
3.97703e-10
3.32216e-08
4.89064e-10
3.2654e-08
9.51313e-10
1.56802e-09
3.80424e-08
9.31622e-11
3.80412e-08
-5.67716e-11
3.80326e-08
8.4796e-11
3.80272e-08
-4.50468e-11
3.80144e-08
8.81736e-11
3.80011e-08
-1.94349e-11
3.79852e-08
9.80972e-11
3.79628e-08
1.03899e-11
3.7944e-08
1.1216e-10
3.79122e-08
4.59915e-11
3.78896e-08
1.3211e-10
3.78451e-08
8.84475e-11
3.78173e-08
1.54429e-10
3.77569e-08
1.388e-10
3.77224e-08
1.83112e-10
3.76413e-08
2.02489e-10
3.75974e-08
2.22178e-10
3.74876e-08
2.87062e-10
3.74278e-08
2.79756e-10
3.72729e-08
4.10053e-10
3.71721e-08
3.90102e-10
3.6917e-08
6.52789e-10
3.66615e-08
7.44595e-10
3.62281e-08
1.38467e-09
1.85713e-09
4.20219e-08
8.0436e-11
4.19985e-08
-3.33176e-11
4.20108e-08
7.24814e-11
4.19819e-08
-1.62129e-11
4.19909e-08
7.92448e-11
4.19532e-08
1.82571e-11
4.19579e-08
9.33637e-11
4.19113e-08
5.69892e-11
4.19117e-08
1.11813e-10
4.1856e-08
1.01687e-10
4.18499e-08
1.38218e-10
4.17841e-08
1.54206e-10
4.17672e-08
1.71321e-10
4.1691e-08
2.15045e-10
4.1658e-08
2.16061e-10
4.15709e-08
2.89627e-10
4.15132e-08
2.798e-10
4.14134e-08
3.86908e-10
4.13151e-08
3.78076e-10
4.11918e-08
5.33361e-10
4.10102e-08
5.71678e-10
4.08262e-08
8.3675e-10
4.05149e-08
1.05595e-09
4.03371e-08
1.56244e-09
2.04089e-09
4.64041e-08
5.82329e-11
4.63716e-08
-7.70344e-13
4.63898e-08
5.42351e-11
4.63544e-08
1.91856e-11
4.6366e-08
6.7686e-11
4.63252e-08
5.90291e-11
4.63274e-08
9.11475e-11
4.6282e-08
1.02387e-10
4.62737e-08
1.20155e-10
4.62241e-08
1.51264e-10
4.62028e-08
1.59518e-10
4.61486e-08
2.0842e-10
4.61098e-08
2.10076e-10
4.60498e-08
2.75017e-10
4.59893e-08
2.76639e-10
4.59214e-08
3.57541e-10
4.58325e-08
3.68686e-10
4.57507e-08
4.68698e-10
4.56198e-08
5.08979e-10
4.55054e-08
6.4774e-10
4.53074e-08
7.69695e-10
4.51402e-08
1.00397e-09
4.49021e-08
1.29398e-09
4.47975e-08
1.66707e-09
2.14526e-09
5.12289e-08
3.91028e-11
5.12029e-08
2.51805e-11
5.1212e-08
4.52172e-11
5.11845e-08
4.66355e-11
5.11849e-08
6.73229e-11
5.11546e-08
8.93324e-11
5.11427e-08
1.02992e-10
5.1109e-08
1.36114e-10
5.10842e-08
1.45005e-10
5.10466e-08
1.88774e-10
5.10077e-08
1.98512e-10
5.09645e-08
2.51553e-10
5.09086e-08
2.6595e-10
5.08567e-08
3.26964e-10
5.07814e-08
3.51934e-10
5.07161e-08
4.22857e-10
5.06168e-08
4.67997e-10
5.05283e-08
5.57136e-10
5.03945e-08
6.42781e-10
5.02657e-08
7.76586e-10
5.00936e-08
9.41756e-10
4.99331e-08
1.16453e-09
4.97773e-08
1.44975e-09
4.96747e-08
1.76965e-09
2.1852e-09
5.65521e-08
2.71726e-11
5.6537e-08
4.02808e-11
5.65341e-08
4.81468e-11
5.65158e-08
6.49113e-11
5.65045e-08
7.86407e-11
5.64834e-08
1.10407e-10
5.64605e-08
1.25848e-10
5.6434e-08
1.62649e-10
5.63991e-08
1.79934e-10
5.63659e-08
2.21979e-10
5.63185e-08
2.45908e-10
5.62762e-08
2.93847e-10
5.62144e-08
3.27701e-10
5.61592e-08
3.82242e-10
5.60807e-08
4.30349e-10
5.60071e-08
4.96453e-10
5.59075e-08
5.67685e-10
5.58064e-08
6.5822e-10
5.56787e-08
7.70474e-10
5.55457e-08
9.09545e-10
5.53986e-08
1.08884e-09
5.52593e-08
1.30388e-09
5.5149e-08
1.56005e-09
5.5067e-08
1.85163e-09
2.18778e-09
6.24314e-08
2.12008e-11
6.24246e-08
4.71102e-11
6.24142e-08
5.84849e-11
6.24e-08
7.91075e-11
6.23821e-08
9.65915e-11
6.2364e-08
1.28481e-10
6.23366e-08
1.53201e-10
6.23108e-08
1.88533e-10
6.22726e-08
2.18064e-10
6.22372e-08
2.57436e-10
6.21878e-08
2.9523e-10
6.21406e-08
3.41105e-10
6.20783e-08
3.89943e-10
6.20157e-08
4.4493e-10
6.19374e-08
5.08558e-10
6.18546e-08
5.79333e-10
6.17558e-08
6.66481e-10
6.16481e-08
7.65846e-10
6.15279e-08
8.90752e-10
6.14017e-08
1.03568e-09
6.12761e-08
1.21449e-09
6.11636e-08
1.41631e-09
6.10795e-08
1.64418e-09
6.10304e-08
1.90079e-09
2.16865e-09
6.89254e-08
1.90396e-11
6.89226e-08
4.99263e-11
6.89101e-08
7.09288e-11
6.88961e-08
9.31664e-11
6.88757e-08
1.16972e-10
6.88562e-08
1.47965e-10
6.88283e-08
1.81082e-10
6.87998e-08
2.1706e-10
6.87618e-08
2.56098e-10
6.8722e-08
2.97251e-10
6.86728e-08
3.44438e-10
6.86199e-08
3.93944e-10
6.85576e-08
4.52232e-10
6.84888e-08
5.13755e-10
6.841e-08
5.87341e-10
6.83219e-08
6.6743e-10
6.82242e-08
7.6419e-10
6.81176e-08
8.72507e-10
6.80058e-08
1.00254e-09
6.78924e-08
1.14905e-09
6.77872e-08
1.31969e-09
6.77009e-08
1.50257e-09
6.76394e-08
1.7057e-09
6.76173e-08
1.92292e-09
2.13536e-09
6.89233e-08
1.89481e-11
6.89208e-08
5.24694e-11
6.89106e-08
8.10657e-11
6.8897e-08
1.06781e-10
6.88782e-08
1.35758e-10
6.88582e-08
1.68044e-10
6.8833e-08
2.06267e-10
6.88046e-08
2.45483e-10
6.87703e-08
2.90398e-10
6.87312e-08
3.36292e-10
6.86862e-08
3.89479e-10
6.86351e-08
4.45032e-10
6.85776e-08
5.09745e-10
6.85125e-08
5.78866e-10
6.84404e-08
6.59448e-10
6.83602e-08
7.47569e-10
6.82743e-08
8.50148e-10
6.8183e-08
9.63782e-10
6.8091e-08
1.09455e-09
6.80019e-08
1.23811e-09
6.79248e-08
1.39682e-09
6.78651e-08
1.56223e-09
6.78283e-08
1.74249e-09
6.78252e-08
1.92609e-09
2.09832e-09
7.60966e-08
1.97598e-11
7.60932e-08
5.58475e-11
7.60842e-08
9.00947e-11
7.60703e-08
1.20729e-10
7.60515e-08
1.54467e-10
7.60299e-08
1.89729e-10
7.60044e-08
2.31681e-10
7.59746e-08
2.75324e-10
7.594e-08
3.25055e-10
7.58995e-08
3.76774e-10
7.58535e-08
4.35417e-10
7.58009e-08
4.9766e-10
7.57422e-08
5.68409e-10
7.56763e-08
6.44802e-10
7.56043e-08
7.31461e-10
7.55259e-08
8.25913e-10
7.54437e-08
9.32403e-10
7.53591e-08
1.04839e-09
7.52767e-08
1.17697e-09
7.52008e-08
1.31394e-09
7.51398e-08
1.4579e-09
7.5094e-08
1.60799e-09
7.50716e-08
1.76486e-09
7.50783e-08
1.91939e-09
2.05766e-09
8.40171e-08
2.09966e-11
8.40129e-08
6.00876e-11
8.40045e-08
9.84675e-11
8.3991e-08
1.34252e-10
8.39729e-08
1.72543e-10
8.39506e-08
2.12e-10
8.3925e-08
2.57303e-10
8.38948e-08
3.05581e-10
8.386e-08
3.59842e-10
8.38193e-08
4.1743e-10
8.37732e-08
4.81559e-10
8.37206e-08
5.50295e-10
8.36621e-08
6.26865e-10
8.35973e-08
7.09559e-10
8.35276e-08
8.01246e-10
8.34533e-08
9.00149e-10
8.33771e-08
1.00861e-09
8.33012e-08
1.12429e-09
8.323e-08
1.24817e-09
8.31688e-08
1.37519e-09
8.31202e-08
1.50641e-09
8.3087e-08
1.64121e-09
8.30754e-08
1.77646e-09
8.3089e-08
1.90585e-09
2.01585e-09
9.27624e-08
2.23931e-11
9.27577e-08
6.47651e-11
9.27497e-08
1.06478e-10
9.27371e-08
1.46853e-10
9.27202e-08
1.8945e-10
9.26987e-08
2.33537e-10
9.26735e-08
2.82511e-10
9.26438e-08
3.35248e-10
9.26097e-08
3.93917e-10
9.25702e-08
4.56976e-10
9.25253e-08
5.26433e-10
9.24745e-08
6.01091e-10
9.24184e-08
6.82931e-10
9.23572e-08
7.70775e-10
9.22922e-08
8.66226e-10
9.22246e-08
9.67778e-10
9.21569e-08
1.07632e-09
9.20917e-08
1.18947e-09
9.20337e-08
1.30621e-09
9.19854e-08
1.42343e-09
9.19477e-08
1.54414e-09
9.19251e-08
1.6638e-09
9.19215e-08
1.78004e-09
9.19391e-08
1.88829e-09
1.97563e-09
1.02418e-07
2.37768e-11
1.02414e-07
6.93113e-11
1.02406e-07
1.13947e-10
1.02395e-07
1.58139e-10
1.0238e-07
2.04595e-10
1.0236e-07
2.53061e-10
1.02337e-07
3.05952e-10
1.02309e-07
3.6294e-10
1.02277e-07
4.25783e-10
1.0224e-07
4.93671e-10
1.02199e-07
5.67911e-10
1.02152e-07
6.47609e-10
1.02102e-07
7.3387e-10
1.02047e-07
8.25644e-10
1.01989e-07
9.23601e-10
1.01931e-07
1.02619e-09
1.01874e-07
1.13324e-09
1.01822e-07
1.24164e-09
1.01777e-07
1.35087e-09
1.01739e-07
1.46153e-09
1.01711e-07
1.57175e-09
1.01697e-07
1.67804e-09
1.01699e-07
1.77852e-09
1.01717e-07
1.86987e-09
1.93972e-09
1.13079e-07
2.49847e-11
1.13075e-07
7.31955e-11
1.13069e-07
1.20295e-10
1.1306e-07
1.67512e-10
1.13047e-07
2.1714e-10
1.13031e-07
2.69301e-10
1.13011e-07
3.2579e-10
1.12987e-07
3.86605e-10
1.1296e-07
4.53134e-10
1.12929e-07
5.25008e-10
1.12893e-07
6.03117e-10
1.12854e-07
6.86738e-10
1.12812e-07
7.7636e-10
1.12766e-07
8.70898e-10
1.1272e-07
9.70293e-10
1.12673e-07
1.07274e-09
1.1263e-07
1.17629e-09
1.12592e-07
1.27959e-09
1.12558e-07
1.38508e-09
1.1253e-07
1.48936e-09
1.12511e-07
1.5907e-09
1.12503e-07
1.6864e-09
1.12507e-07
1.77487e-09
1.12523e-07
1.85368e-09
1.91081e-09
1.2485e-07
2.58342e-11
1.24847e-07
7.59116e-11
1.24843e-07
1.24745e-10
1.24836e-07
1.74037e-10
1.24828e-07
2.25884e-10
1.24816e-07
2.80656e-10
1.24802e-07
3.39814e-10
1.24785e-07
4.03485e-10
1.24766e-07
4.72766e-10
1.24743e-07
5.47472e-10
1.24718e-07
6.28258e-10
1.2469e-07
7.1449e-10
1.2466e-07
8.06303e-10
1.24629e-07
9.02534e-10
1.24596e-07
1.0026e-09
1.24565e-07
1.10408e-09
1.24538e-07
1.20319e-09
1.24512e-07
1.30541e-09
1.2449e-07
1.40772e-09
1.24472e-07
1.50733e-09
1.2446e-07
1.60261e-09
1.24455e-07
1.69131e-09
1.24458e-07
1.77206e-09
1.24468e-07
1.84294e-09
1.89202e-09
1.37846e-07
1.37845e-07
1.37844e-07
1.37842e-07
1.37838e-07
1.37834e-07
1.37828e-07
1.37821e-07
1.37813e-07
1.37803e-07
1.37792e-07
1.37781e-07
1.37768e-07
1.37755e-07
1.37742e-07
1.37729e-07
1.37718e-07
1.37707e-07
1.37698e-07
1.3769e-07
1.37684e-07
1.37681e-07
1.37681e-07
1.37684e-07
)
;

boundaryField
{
    top
    {
        type            calculated;
        value           nonuniform List<scalar> 
125
(
1.65529e-09
1.74779e-09
1.82546e-09
1.89885e-09
1.96705e-09
2.02888e-09
2.08372e-09
2.12821e-09
2.16204e-09
2.18508e-09
2.19814e-09
2.20172e-09
2.19737e-09
2.186e-09
2.16948e-09
2.14866e-09
2.1252e-09
2.09948e-09
2.07268e-09
2.04463e-09
2.0162e-09
1.98695e-09
1.95768e-09
1.92788e-09
1.89846e-09
1.86883e-09
1.84001e-09
1.81124e-09
1.78363e-09
1.75618e-09
1.73008e-09
1.70416e-09
1.67969e-09
1.65538e-09
1.63258e-09
1.6099e-09
1.5888e-09
1.56773e-09
1.54831e-09
1.52879e-09
1.511e-09
1.49296e-09
1.47671e-09
1.46006e-09
1.44526e-09
1.4299e-09
1.41645e-09
1.40228e-09
1.39008e-09
1.37701e-09
1.36597e-09
1.35388e-09
1.34393e-09
1.33269e-09
1.32374e-09
1.31327e-09
1.3052e-09
1.29543e-09
1.28813e-09
1.27898e-09
1.27239e-09
1.26371e-09
1.2578e-09
1.24949e-09
1.24416e-09
1.23617e-09
1.23132e-09
1.2236e-09
1.21915e-09
1.21163e-09
1.20757e-09
1.2001e-09
1.19639e-09
1.18897e-09
1.18549e-09
1.17811e-09
1.17488e-09
1.16742e-09
1.16445e-09
1.1569e-09
1.15411e-09
1.14655e-09
1.14395e-09
1.13634e-09
1.13407e-09
1.12639e-09
1.12453e-09
1.11698e-09
1.11551e-09
1.10828e-09
1.10752e-09
1.10066e-09
1.10088e-09
1.09484e-09
1.09622e-09
1.09122e-09
1.09424e-09
1.09064e-09
1.09563e-09
1.0937e-09
2.61254e-11
7.67179e-11
1.26168e-10
1.76331e-10
2.29198e-10
2.85179e-10
3.45595e-10
4.10582e-10
4.8112e-10
5.5705e-10
6.38958e-10
7.26224e-10
8.18867e-10
9.15658e-10
1.0158e-09
1.11664e-09
1.21435e-09
1.31613e-09
1.41728e-09
1.51518e-09
1.60822e-09
1.69433e-09
1.7722e-09
1.84016e-09
1.88659e-09
)
;
    }
    inlet
    {
        type            calculated;
        value           nonuniform List<scalar> 
16
(
-6.89232e-08
-7.60974e-08
-8.40184e-08
-9.27638e-08
-1.0242e-07
-1.1308e-07
-1.24851e-07
-1.37846e-07
-3.44616e-08
-3.80487e-08
-4.20092e-08
-4.63819e-08
-5.12098e-08
-5.65402e-08
-6.24254e-08
-6.89232e-08
)
;
    }
    outlet
    {
        type            calculated;
        value           nonuniform List<scalar> 
16
(
6.69509e-08
7.54127e-08
8.38891e-08
9.282e-08
1.0252e-07
1.13181e-07
1.24936e-07
1.37907e-07
1.98731e-09
6.83366e-09
1.31453e-08
2.11005e-08
3.0702e-08
4.16052e-08
5.30238e-08
6.40112e-08
)
;
    }
    plate
    {
        type            calculated;
        value           uniform 0;
    }
    symmBound
    {
        type            calculated;
        value           nonuniform List<scalar> 
25
(
-7.15407e-11
5.7976e-11
-6.8971e-11
5.21861e-11
-6.26115e-11
4.08627e-11
-6.22683e-11
2.51224e-11
-6.66818e-11
2.52642e-12
-7.57864e-11
-1.82312e-11
-8.48563e-11
-4.26448e-11
-9.58533e-11
-7.2778e-11
-1.10509e-10
-1.10907e-10
-1.31196e-10
-1.60489e-10
-1.6197e-10
-2.28912e-10
-2.22624e-10
-3.83761e-10
-5.05895e-10
)
;
    }
    frontAndBack
    {
        type            empty;
        value           nonuniform 0();
    }
}


// ************************************************************************* //
