/*--------------------------------*- C++ -*----------------------------------*\
| =========                 |                                                 |
| \\      /  F ield         | OpenFOAM: The Open Source CFD Toolbox           |
|  \\    /   O peration     | Version:  2.3.0                                 |
|   \\  /    A nd           | Web:      www.OpenFOAM.org                      |
|    \\/     M anipulation  |                                                 |
\*---------------------------------------------------------------------------*/
FoamFile
{
    version     2.0;
    format      ascii;
    class       volVectorField;
    location    "0.45";
    object      U;
}
// * * * * * * * * * * * * * * * * * * * * * * * * * * * * * * * * * * * * * //

dimensions      [0 1 -1 0 0 0 0];

internalField   nonuniform List<vector> 
3105
(
(0.171537 0.00584494 0)
(0.154912 0.00598818 0)
(0.139092 0.00560965 0)
(0.124087 0.00502369 0)
(0.110279 0.00436634 0)
(0.0978621 0.00369668 0)
(0.0868654 0.00305236 0)
(0.0772573 0.00245957 0)
(0.0689814 0.00193455 0)
(0.0619528 0.00148568 0)
(0.0560581 0.00111494 0)
(0.0511638 0.000819028 0)
(0.0471279 0.000590614 0)
(0.0438102 0.000419934 0)
(0.0410791 0.000296362 0)
(0.0388179 0.000209646 0)
(0.0369264 0.000150669 0)
(0.0353228 0.000111812 0)
(0.0339416 8.70089e-05 0)
(0.0327325 7.16368e-05 0)
(0.0316574 6.23154e-05 0)
(0.0306881 5.66784e-05 0)
(0.0298041 5.31456e-05 0)
(0.0289904 5.07163e-05 0)
(0.0282359 4.87954e-05 0)
(0.0275327 4.70579e-05 0)
(0.0268744 4.53469e-05 0)
(0.0262564 4.36045e-05 0)
(0.0256746 4.18245e-05 0)
(0.0251259 4.00248e-05 0)
(0.0246074 3.82309e-05 0)
(0.0241166 3.6467e-05 0)
(0.0236514 3.47528e-05 0)
(0.0232098 3.31023e-05 0)
(0.0227901 3.15244e-05 0)
(0.0223906 3.00235e-05 0)
(0.0220099 2.86009e-05 0)
(0.0216467 2.72555e-05 0)
(0.0212999 2.59847e-05 0)
(0.0209683 2.47852e-05 0)
(0.020651 2.36528e-05 0)
(0.0203471 2.25835e-05 0)
(0.0200557 2.15731e-05 0)
(0.0197763 2.06176e-05 0)
(0.019508 1.97132e-05 0)
(0.0192504 1.88562e-05 0)
(0.0190028 1.80434e-05 0)
(0.0187646 1.72715e-05 0)
(0.0185356 1.65378e-05 0)
(0.0183152 1.58395e-05 0)
(0.0181029 1.51742e-05 0)
(0.0178986 1.45395e-05 0)
(0.0177018 1.39334e-05 0)
(0.0175122 1.33539e-05 0)
(0.0173295 1.27991e-05 0)
(0.0171535 1.22674e-05 0)
(0.016984 1.17572e-05 0)
(0.0168207 1.12671e-05 0)
(0.0166633 1.07956e-05 0)
(0.0165118 1.03416e-05 0)
(0.016366 9.9039e-06 0)
(0.0162257 9.48135e-06 0)
(0.0160907 9.07296e-06 0)
(0.0159609 8.67779e-06 0)
(0.0158363 8.29497e-06 0)
(0.0157167 7.92367e-06 0)
(0.015602 7.56314e-06 0)
(0.0154921 7.21264e-06 0)
(0.015387 6.87149e-06 0)
(0.0152866 6.53905e-06 0)
(0.0151908 6.21469e-06 0)
(0.0150996 5.89787e-06 0)
(0.015013 5.58814e-06 0)
(0.0149308 5.28528e-06 0)
(0.0148532 4.98924e-06 0)
(0.01478 4.70037e-06 0)
(0.0147112 4.41932e-06 0)
(0.0146468 4.14697e-06 0)
(0.0145867 3.88408e-06 0)
(0.014531 3.63064e-06 0)
(0.0144796 3.38493e-06 0)
(0.0144325 3.14228e-06 0)
(0.0143899 2.89371e-06 0)
(0.0143518 2.62478e-06 0)
(0.0143185 2.3154e-06 0)
(0.0142904 1.94218e-06 0)
(0.0142679 1.49066e-06 0)
(0.0142517 9.9101e-07 0)
(0.0142422 5.37541e-07 0)
(0.0142398 1.47922e-07 0)
(0.014243 -2.66512e-07 0)
(0.0142502 -6.03376e-07 0)
(0.0142606 -8.58286e-07 0)
(0.014273 -1.0192e-06 0)
(0.0142867 -1.08356e-06 0)
(0.0143007 -1.06588e-06 0)
(0.0143143 -9.74535e-07 0)
(0.0143265 -8.01753e-07 0)
(0.0143365 -5.75373e-07 0)
(0.0143437 -1.56257e-07 0)
(0.190563 0.00926444 0)
(0.188192 0.00988351 0)
(0.184303 0.00972143 0)
(0.179177 0.00924305 0)
(0.173281 0.00861758 0)
(0.166971 0.00790034 0)
(0.160477 0.00712967 0)
(0.153968 0.00634076 0)
(0.147578 0.00556362 0)
(0.141407 0.00482291 0)
(0.135524 0.0041379 0)
(0.129971 0.00352196 0)
(0.124766 0.00298227 0)
(0.119915 0.00252026 0)
(0.11541 0.00213265 0)
(0.111235 0.00181281 0)
(0.107372 0.00155216 0)
(0.103797 0.0013414 0)
(0.100488 0.00117144 0)
(0.0974208 0.0010341 0)
(0.0945731 0.000922336 0)
(0.0919243 0.000830411 0)
(0.0894551 0.000753786 0)
(0.0871484 0.000688975 0)
(0.0849886 0.000633354 0)
(0.0829619 0.000584978 0)
(0.081056 0.000542407 0)
(0.07926 0.000504579 0)
(0.0775643 0.000470698 0)
(0.0759604 0.000440159 0)
(0.0744407 0.000412492 0)
(0.0729985 0.000387321 0)
(0.0716277 0.000364339 0)
(0.070323 0.000343289 0)
(0.0690796 0.000323954 0)
(0.0678931 0.000306146 0)
(0.0667597 0.000289702 0)
(0.0656758 0.000274479 0)
(0.0646382 0.000260352 0)
(0.063644 0.000247213 0)
(0.0626907 0.000234965 0)
(0.0617758 0.000223522 0)
(0.0608971 0.000212809 0)
(0.0600527 0.00020276 0)
(0.0592408 0.000193316 0)
(0.0584596 0.000184423 0)
(0.0577076 0.000176035 0)
(0.0569835 0.00016811 0)
(0.0562859 0.000160609 0)
(0.0556136 0.000153499 0)
(0.0549655 0.000146748 0)
(0.0543406 0.000140328 0)
(0.053738 0.000134214 0)
(0.0531569 0.000128383 0)
(0.0525963 0.000122813 0)
(0.0520557 0.000117484 0)
(0.0515343 0.000112378 0)
(0.0510315 0.000107479 0)
(0.0505467 0.000102771 0)
(0.0500795 9.82405e-05 0)
(0.0496293 9.38739e-05 0)
(0.0491958 8.9659e-05 0)
(0.0487785 8.55846e-05 0)
(0.0483772 8.16401e-05 0)
(0.0479914 7.78159e-05 0)
(0.0476209 7.41029e-05 0)
(0.0472655 7.04926e-05 0)
(0.0469249 6.69772e-05 0)
(0.046599 6.35494e-05 0)
(0.0462876 6.02024e-05 0)
(0.0459905 5.69301e-05 0)
(0.0457077 5.37268e-05 0)
(0.0454391 5.05877e-05 0)
(0.0451845 4.75088e-05 0)
(0.044944 4.44871e-05 0)
(0.0447175 4.15206e-05 0)
(0.0445049 3.86078e-05 0)
(0.0443063 3.57472e-05 0)
(0.0441217 3.29357e-05 0)
(0.043951 3.01664e-05 0)
(0.0437944 2.74259e-05 0)
(0.043652 2.46919e-05 0)
(0.0435241 2.19309e-05 0)
(0.0434109 1.90983e-05 0)
(0.0433131 1.61419e-05 0)
(0.043231 1.30098e-05 0)
(0.0431654 9.66896e-06 0)
(0.0431166 6.14995e-06 0)
(0.0430848 2.5977e-06 0)
(0.04307 -6.46056e-07 0)
(0.0430716 -3.23249e-06 0)
(0.0430846 -4.91615e-06 0)
(0.0431058 -6.02892e-06 0)
(0.0431326 -6.7038e-06 0)
(0.0431628 -6.95614e-06 0)
(0.0431942 -6.81813e-06 0)
(0.0432252 -6.30803e-06 0)
(0.0432538 -5.38414e-06 0)
(0.0432782 -3.9958e-06 0)
(0.0432947 -1.33941e-06 0)
(0.193538 0.00893106 0)
(0.194282 0.00995479 0)
(0.194433 0.0103401 0)
(0.193809 0.0103666 0)
(0.192498 0.0101561 0)
(0.190619 0.00975451 0)
(0.188263 0.00920587 0)
(0.18552 0.00855907 0)
(0.182479 0.00785978 0)
(0.179228 0.00714693 0)
(0.175844 0.00645183 0)
(0.17239 0.00579758 0)
(0.168918 0.00519897 0)
(0.165467 0.0046633 0)
(0.162067 0.00419176 0)
(0.158739 0.00378119 0)
(0.155495 0.00342581 0)
(0.152344 0.0031186 0)
(0.14929 0.00285243 0)
(0.146335 0.00262062 0)
(0.143478 0.00241739 0)
(0.140719 0.00223789 0)
(0.138054 0.00207815 0)
(0.135483 0.00193503 0)
(0.133001 0.00180602 0)
(0.130607 0.00168913 0)
(0.128297 0.00158276 0)
(0.126069 0.00148563 0)
(0.123919 0.00139665 0)
(0.121845 0.00131495 0)
(0.119844 0.00123975 0)
(0.117913 0.00117039 0)
(0.11605 0.0011063 0)
(0.114251 0.00104696 0)
(0.112515 0.00099192 0)
(0.110838 0.00094078 0)
(0.109219 0.000893178 0)
(0.107655 0.00084879 0)
(0.106144 0.000807327 0)
(0.104683 0.000768531 0)
(0.103271 0.000732167 0)
(0.101906 0.000698028 0)
(0.100585 0.000665925 0)
(0.0993082 0.000635687 0)
(0.0980723 0.000607163 0)
(0.0968763 0.000580214 0)
(0.0957188 0.000554714 0)
(0.0945982 0.000530549 0)
(0.0935134 0.000507617 0)
(0.0924631 0.000485823 0)
(0.0914461 0.00046508 0)
(0.0904614 0.000445309 0)
(0.089508 0.000426439 0)
(0.0885849 0.000408402 0)
(0.0876912 0.000391137 0)
(0.0868261 0.000374588 0)
(0.0859889 0.000358701 0)
(0.0851788 0.000343428 0)
(0.0843953 0.000328724 0)
(0.0836378 0.000314548 0)
(0.0829056 0.00030086 0)
(0.0821984 0.000287623 0)
(0.0815157 0.000274805 0)
(0.0808571 0.000262373 0)
(0.0802222 0.000250298 0)
(0.0796108 0.000238552 0)
(0.0790225 0.00022711 0)
(0.0784572 0.000215949 0)
(0.0779147 0.000205045 0)
(0.0773949 0.000194378 0)
(0.0768976 0.000183929 0)
(0.0764227 0.000173682 0)
(0.0759702 0.000163619 0)
(0.0755401 0.00015373 0)
(0.0751323 0.000144001 0)
(0.074747 0.000134423 0)
(0.0743842 0.000124988 0)
(0.0740438 0.000115685 0)
(0.0737262 0.000106501 0)
(0.0734313 9.74134e-05 0)
(0.0731594 8.83899e-05 0)
(0.0729107 7.93842e-05 0)
(0.0726857 7.0337e-05 0)
(0.0724845 6.11823e-05 0)
(0.0723077 5.18621e-05 0)
(0.0721556 4.23485e-05 0)
(0.0720282 3.26719e-05 0)
(0.0719252 2.29394e-05 0)
(0.0718455 1.33299e-05 0)
(0.071787 4.18707e-06 0)
(0.0717494 -3.84014e-06 0)
(0.0717352 -9.84739e-06 0)
(0.0717378 -1.36933e-05 0)
(0.0717525 -1.59181e-05 0)
(0.0717755 -1.69158e-05 0)
(0.0718036 -1.69178e-05 0)
(0.071834 -1.60042e-05 0)
(0.071864 -1.40506e-05 0)
(0.0718907 -1.06619e-05 0)
(0.0719064 -3.64434e-06 0)
(0.194575 0.0083118 0)
(0.195684 0.00939634 0)
(0.196718 0.00999195 0)
(0.197456 0.0102567 0)
(0.197858 0.0102828 0)
(0.197925 0.0101088 0)
(0.197657 0.00977013 0)
(0.197058 0.00930858 0)
(0.196153 0.00876582 0)
(0.194975 0.00817939 0)
(0.193567 0.0075812 0)
(0.19197 0.00699659 0)
(0.190226 0.00644376 0)
(0.188369 0.00593396 0)
(0.186432 0.00547248 0)
(0.184439 0.00505997 0)
(0.182411 0.00469391 0)
(0.180363 0.00436997 0)
(0.178307 0.00408297 0)
(0.17625 0.00382765 0)
(0.1742 0.00359915 0)
(0.172161 0.00339318 0)
(0.170136 0.00320615 0)
(0.168129 0.00303512 0)
(0.166142 0.00287772 0)
(0.164177 0.00273209 0)
(0.162236 0.00259675 0)
(0.160321 0.0024705 0)
(0.158432 0.00235239 0)
(0.156572 0.00224165 0)
(0.15474 0.00213761 0)
(0.152939 0.00203973 0)
(0.151168 0.00194751 0)
(0.149429 0.00186053 0)
(0.147722 0.0017784 0)
(0.146047 0.00170077 0)
(0.144405 0.00162732 0)
(0.142795 0.00155777 0)
(0.141217 0.00149184 0)
(0.139673 0.00142929 0)
(0.138161 0.00136989 0)
(0.136681 0.00131344 0)
(0.135234 0.00125974 0)
(0.133818 0.0012086 0)
(0.132435 0.00115986 0)
(0.131082 0.00111336 0)
(0.129761 0.00106897 0)
(0.12847 0.00102653 0)
(0.12721 0.000985931 0)
(0.12598 0.000947049 0)
(0.124779 0.000909775 0)
(0.123608 0.000874005 0)
(0.122466 0.000839641 0)
(0.121352 0.000806593 0)
(0.120267 0.000774774 0)
(0.11921 0.000744103 0)
(0.11818 0.000714505 0)
(0.117178 0.000685907 0)
(0.116203 0.000658243 0)
(0.115255 0.000631447 0)
(0.114334 0.000605461 0)
(0.113439 0.000580226 0)
(0.112571 0.000555689 0)
(0.111729 0.000531799 0)
(0.110914 0.000508508 0)
(0.110124 0.00048577 0)
(0.109361 0.000463544 0)
(0.108624 0.000441789 0)
(0.107914 0.000420466 0)
(0.10723 0.000399542 0)
(0.106572 0.000378983 0)
(0.10594 0.000358759 0)
(0.105336 0.000338843 0)
(0.104758 0.000319211 0)
(0.104207 0.000299842 0)
(0.103683 0.000280717 0)
(0.103187 0.000261817 0)
(0.102719 0.000243122 0)
(0.102278 0.000224607 0)
(0.101866 0.000206237 0)
(0.101483 0.000187967 0)
(0.101129 0.000169738 0)
(0.100805 0.000151486 0)
(0.10051 0.000133151 0)
(0.100246 0.000114707 0)
(0.100012 9.61923e-05 0)
(0.0998075 7.77591e-05 0)
(0.0996324 5.97066e-05 0)
(0.0994852 4.24705e-05 0)
(0.0993636 2.64485e-05 0)
(0.0992639 1.19382e-05 0)
(0.0991829 -6.18421e-07 0)
(0.0991254 -1.06564e-05 0)
(0.099091 -1.77211e-05 0)
(0.0990732 -2.18462e-05 0)
(0.0990676 -2.36028e-05 0)
(0.0990706 -2.34036e-05 0)
(0.0990785 -2.1226e-05 0)
(0.0990876 -1.62684e-05 0)
(0.0990861 -4.67044e-06 0)
(0.195311 0.00782106 0)
(0.196289 0.00882336 0)
(0.197348 0.00944577 0)
(0.198325 0.00978248 0)
(0.199168 0.00990718 0)
(0.199854 0.00985474 0)
(0.200358 0.00965203 0)
(0.20066 0.00933043 0)
(0.20075 0.00892313 0)
(0.200631 0.00846151 0)
(0.200318 0.00797354 0)
(0.199829 0.00748263 0)
(0.199188 0.00700682 0)
(0.198416 0.00655847 0)
(0.197537 0.00614473 0)
(0.196571 0.00576845 0)
(0.195534 0.0054293 0)
(0.194439 0.00512488 0)
(0.193298 0.00485163 0)
(0.19212 0.0046056 0)
(0.190909 0.00438288 0)
(0.189672 0.00417992 0)
(0.188412 0.00399364 0)
(0.187134 0.00382148 0)
(0.185838 0.00366136 0)
(0.184529 0.00351162 0)
(0.183208 0.00337092 0)
(0.181878 0.00323822 0)
(0.180541 0.00311268 0)
(0.179198 0.00299361 0)
(0.177852 0.00288044 0)
(0.176504 0.00277271 0)
(0.175156 0.00266999 0)
(0.17381 0.00257193 0)
(0.172466 0.00247823 0)
(0.171127 0.00238858 0)
(0.169794 0.00230275 0)
(0.168468 0.00222049 0)
(0.16715 0.00214159 0)
(0.165842 0.00206586 0)
(0.164543 0.00199311 0)
(0.163256 0.00192318 0)
(0.161981 0.00185591 0)
(0.160718 0.00179115 0)
(0.159469 0.00172877 0)
(0.158235 0.00166863 0)
(0.157015 0.00161063 0)
(0.155811 0.00155464 0)
(0.154623 0.00150055 0)
(0.153451 0.00144827 0)
(0.152297 0.0013977 0)
(0.151159 0.00134873 0)
(0.15004 0.00130129 0)
(0.148939 0.00125529 0)
(0.147857 0.00121065 0)
(0.146794 0.00116728 0)
(0.14575 0.00112512 0)
(0.144727 0.00108409 0)
(0.143723 0.00104412 0)
(0.142739 0.00100515 0)
(0.141777 0.000967101 0)
(0.140835 0.000929924 0)
(0.139915 0.000893557 0)
(0.139017 0.000857941 0)
(0.138141 0.000823022 0)
(0.137288 0.000788748 0)
(0.136458 0.000755068 0)
(0.13565 0.000721935 0)
(0.134867 0.000689305 0)
(0.134108 0.000657133 0)
(0.133373 0.00062538 0)
(0.132663 0.00059401 0)
(0.131979 0.000562989 0)
(0.131321 0.000532286 0)
(0.13069 0.000501875 0)
(0.130085 0.000471729 0)
(0.129508 0.000441826 0)
(0.128959 0.000412137 0)
(0.128438 0.000382631 0)
(0.127947 0.00035327 0)
(0.127485 0.000324006 0)
(0.127054 0.000294784 0)
(0.126653 0.000265556 0)
(0.126284 0.000236298 0)
(0.125946 0.000207044 0)
(0.12564 0.000177924 0)
(0.125365 0.000149216 0)
(0.12512 0.000121371 0)
(0.124904 9.50018e-05 0)
(0.124715 7.0779e-05 0)
(0.124552 4.92161e-05 0)
(0.124411 3.03011e-05 0)
(0.124288 1.40503e-05 0)
(0.124181 9.09915e-07 0)
(0.124093 -9.04563e-06 0)
(0.124025 -1.58261e-05 0)
(0.123973 -1.92366e-05 0)
(0.123934 -1.9179e-05 0)
(0.123903 -1.47198e-05 0)
(0.123865 -7.17054e-07 0)
(0.195939 0.00739475 0)
(0.196749 0.00828519 0)
(0.197674 0.00888556 0)
(0.198599 0.00924498 0)
(0.199471 0.00941659 0)
(0.200268 0.00943066 0)
(0.200967 0.00930961 0)
(0.201544 0.00907867 0)
(0.201987 0.00876521 0)
(0.202288 0.00839584 0)
(0.20245 0.00799468 0)
(0.202481 0.00758247 0)
(0.202392 0.00717571 0)
(0.202196 0.00678637 0)
(0.20191 0.00642207 0)
(0.201545 0.00608663 0)
(0.201114 0.005781 0)
(0.200628 0.0055041 0)
(0.200095 0.00525359 0)
(0.19952 0.00502654 0)
(0.19891 0.00481989 0)
(0.198267 0.0046307 0)
(0.197594 0.00445636 0)
(0.196895 0.00429462 0)
(0.19617 0.0041436 0)
(0.195422 0.00400178 0)
(0.194651 0.00386794 0)
(0.19386 0.00374107 0)
(0.193049 0.00362039 0)
(0.19222 0.00350524 0)
(0.191374 0.00339511 0)
(0.190513 0.00328955 0)
(0.189637 0.00318819 0)
(0.188748 0.00309071 0)
(0.187848 0.00299684 0)
(0.186937 0.00290633 0)
(0.186016 0.00281896 0)
(0.185087 0.00273455 0)
(0.184151 0.00265292 0)
(0.183209 0.0025739 0)
(0.182262 0.00249736 0)
(0.18131 0.00242315 0)
(0.180356 0.00235116 0)
(0.1794 0.00228126 0)
(0.178443 0.00221336 0)
(0.177486 0.00214735 0)
(0.17653 0.00208313 0)
(0.175575 0.00202061 0)
(0.174623 0.00195972 0)
(0.173674 0.00190037 0)
(0.172729 0.00184248 0)
(0.17179 0.00178597 0)
(0.170856 0.00173078 0)
(0.169928 0.00167684 0)
(0.169008 0.00162407 0)
(0.168095 0.00157241 0)
(0.167192 0.00152179 0)
(0.166297 0.00147216 0)
(0.165413 0.00142346 0)
(0.164539 0.00137561 0)
(0.163677 0.00132858 0)
(0.162827 0.00128229 0)
(0.16199 0.0012367 0)
(0.161167 0.00119175 0)
(0.160357 0.00114739 0)
(0.159563 0.00110356 0)
(0.158784 0.00106023 0)
(0.158022 0.00101735 0)
(0.157276 0.000974865 0)
(0.156548 0.000932738 0)
(0.155839 0.000890931 0)
(0.155149 0.000849406 0)
(0.154479 0.00080813 0)
(0.15383 0.000767075 0)
(0.153202 0.000726212 0)
(0.152596 0.000685516 0)
(0.152013 0.000644964 0)
(0.151454 0.00060453 0)
(0.15092 0.000564184 0)
(0.150411 0.000523891 0)
(0.149928 0.000483614 0)
(0.149472 0.000443319 0)
(0.149043 0.00040299 0)
(0.148642 0.000362656 0)
(0.14827 0.000322424 0)
(0.147926 0.000282526 0)
(0.14761 0.000243351 0)
(0.147321 0.000205467 0)
(0.147059 0.000169587 0)
(0.146822 0.000136458 0)
(0.146609 0.000106697 0)
(0.146418 8.06462e-05 0)
(0.146248 5.84656e-05 0)
(0.146097 3.99394e-05 0)
(0.145961 2.4698e-05 0)
(0.145838 1.28571e-05 0)
(0.145727 4.7446e-06 0)
(0.145629 5.65213e-07 0)
(0.145547 1.37711e-06 0)
(0.145461 1.25365e-05 0)
(0.196489 0.00702723 0)
(0.197162 0.00781085 0)
(0.19795 0.00837463 0)
(0.198769 0.0087371 0)
(0.199571 0.00893264 0)
(0.200331 0.00898612 0)
(0.20103 0.00891721 0)
(0.201648 0.00874726 0)
(0.202173 0.00849954 0)
(0.202598 0.00819697 0)
(0.202922 0.00786061 0)
(0.203149 0.00750873 0)
(0.203287 0.00715623 0)
(0.203343 0.00681435 0)
(0.20333 0.00649063 0)
(0.203256 0.00618945 0)
(0.20313 0.00591254 0)
(0.202962 0.00565977 0)
(0.202757 0.00542974 0)
(0.202519 0.00522034 0)
(0.202254 0.00502917 0)
(0.201964 0.00485384 0)
(0.20165 0.0046921 0)
(0.201314 0.00454198 0)
(0.200957 0.00440178 0)
(0.200581 0.00427009 0)
(0.200185 0.00414573 0)
(0.19977 0.00402775 0)
(0.199337 0.00391539 0)
(0.198887 0.00380799 0)
(0.198419 0.00370505 0)
(0.197935 0.00360613 0)
(0.197435 0.00351085 0)
(0.196919 0.00341892 0)
(0.196389 0.00333006 0)
(0.195844 0.00324403 0)
(0.195286 0.00316063 0)
(0.194715 0.00307967 0)
(0.194132 0.003001 0)
(0.193538 0.00292445 0)
(0.192932 0.00284991 0)
(0.192316 0.00277725 0)
(0.191691 0.00270635 0)
(0.191057 0.00263712 0)
(0.190415 0.00256946 0)
(0.189765 0.00250328 0)
(0.189109 0.0024385 0)
(0.188447 0.00237504 0)
(0.187779 0.00231283 0)
(0.187107 0.0022518 0)
(0.18643 0.00219188 0)
(0.185751 0.00213301 0)
(0.185069 0.00207512 0)
(0.184385 0.00201816 0)
(0.1837 0.00196207 0)
(0.183015 0.00190679 0)
(0.18233 0.00185226 0)
(0.181645 0.00179843 0)
(0.180963 0.00174524 0)
(0.180283 0.00169265 0)
(0.179607 0.0016406 0)
(0.178934 0.00158904 0)
(0.178266 0.00153792 0)
(0.177604 0.00148719 0)
(0.176948 0.0014368 0)
(0.176299 0.00138671 0)
(0.175658 0.00133687 0)
(0.175025 0.00128725 0)
(0.174402 0.00123779 0)
(0.173789 0.00118846 0)
(0.173187 0.00113922 0)
(0.172597 0.00109004 0)
(0.17202 0.0010409 0)
(0.171457 0.000991758 0)
(0.170907 0.000942598 0)
(0.170374 0.000893397 0)
(0.169856 0.000844137 0)
(0.169356 0.000794797 0)
(0.168874 0.000745357 0)
(0.16841 0.000695793 0)
(0.167966 0.000646087 0)
(0.167542 0.000596234 0)
(0.16714 0.000546261 0)
(0.166759 0.000496254 0)
(0.1664 0.000446398 0)
(0.166063 0.000397011 0)
(0.165748 0.000348578 0)
(0.165454 0.000301749 0)
(0.165182 0.000257297 0)
(0.164931 0.000216005 0)
(0.164699 0.000178529 0)
(0.164486 0.000145291 0)
(0.164291 0.000116466 0)
(0.164113 9.20038e-05 0)
(0.16395 7.1831e-05 0)
(0.1638 5.58094e-05 0)
(0.163664 4.36801e-05 0)
(0.163538 3.54388e-05 0)
(0.163425 3.19501e-05 0)
(0.163301 3.66083e-05 0)
(0.196973 0.00670859 0)
(0.197541 0.0073958 0)
(0.198211 0.00791587 0)
(0.198925 0.00826976 0)
(0.199641 0.00847725 0)
(0.200334 0.00855738 0)
(0.200982 0.00852689 0)
(0.201572 0.00840373 0)
(0.20209 0.00820754 0)
(0.202531 0.00795801 0)
(0.202893 0.00767349 0)
(0.203179 0.00737019 0)
(0.203393 0.00706158 0)
(0.203544 0.00675812 0)
(0.203639 0.00646725 0)
(0.203685 0.00619363 0)
(0.203692 0.00593962 0)
(0.203666 0.00570583 0)
(0.203612 0.00549163 0)
(0.203535 0.00529563 0)
(0.203437 0.00511605 0)
(0.203323 0.00495098 0)
(0.203193 0.00479855 0)
(0.203048 0.00465705 0)
(0.20289 0.00452499 0)
(0.202719 0.00440107 0)
(0.202535 0.00428419 0)
(0.202338 0.00417345 0)
(0.202129 0.00406809 0)
(0.201908 0.00396748 0)
(0.201675 0.00387111 0)
(0.201429 0.00377853 0)
(0.201172 0.00368936 0)
(0.200903 0.00360329 0)
(0.200622 0.00352004 0)
(0.20033 0.00343937 0)
(0.200027 0.00336107 0)
(0.199713 0.00328494 0)
(0.199388 0.00321082 0)
(0.199052 0.00313855 0)
(0.198706 0.003068 0)
(0.19835 0.00299904 0)
(0.197984 0.00293157 0)
(0.197609 0.00286547 0)
(0.197225 0.00280065 0)
(0.196832 0.00273703 0)
(0.196431 0.00267451 0)
(0.196022 0.00261303 0)
(0.195605 0.00255251 0)
(0.195181 0.00249287 0)
(0.19475 0.00243406 0)
(0.194313 0.002376 0)
(0.19387 0.00231865 0)
(0.193421 0.00226193 0)
(0.192968 0.0022058 0)
(0.19251 0.00215019 0)
(0.192048 0.00209505 0)
(0.191583 0.00204032 0)
(0.191115 0.00198596 0)
(0.190644 0.00193191 0)
(0.190172 0.00187812 0)
(0.189699 0.00182454 0)
(0.189225 0.00177112 0)
(0.188751 0.00171782 0)
(0.188278 0.00166457 0)
(0.187806 0.00161135 0)
(0.187337 0.0015581 0)
(0.18687 0.00150479 0)
(0.186406 0.00145137 0)
(0.185947 0.00139781 0)
(0.185492 0.00134407 0)
(0.185043 0.00129011 0)
(0.184601 0.00123593 0)
(0.184166 0.00118148 0)
(0.183738 0.00112675 0)
(0.18332 0.00107172 0)
(0.182911 0.00101638 0)
(0.182512 0.000960716 0)
(0.182124 0.000904718 0)
(0.181748 0.000848378 0)
(0.181385 0.000791701 0)
(0.181035 0.000734712 0)
(0.180699 0.000677483 0)
(0.180378 0.000620154 0)
(0.180071 0.000562974 0)
(0.179779 0.00050633 0)
(0.179502 0.000450773 0)
(0.179239 0.000397005 0)
(0.178992 0.000345826 0)
(0.178758 0.000298033 0)
(0.178539 0.000254296 0)
(0.178334 0.000215062 0)
(0.178142 0.000180557 0)
(0.177963 0.000150814 0)
(0.177796 0.000125758 0)
(0.177641 0.000105202 0)
(0.177497 8.89322e-05 0)
(0.177363 7.69235e-05 0)
(0.17724 6.9533e-05 0)
(0.177105 6.71815e-05 0)
(0.197399 0.00642706 0)
(0.197885 0.00702924 0)
(0.198458 0.00750347 0)
(0.199079 0.00784204 0)
(0.199713 0.00805437 0)
(0.200336 0.00815375 0)
(0.200926 0.0081537 0)
(0.201471 0.00806902 0)
(0.201959 0.00791602 0)
(0.202384 0.00771146 0)
(0.202743 0.00747127 0)
(0.203039 0.00720973 0)
(0.203274 0.00693901 0)
(0.203456 0.0066688 0)
(0.20359 0.00640631 0)
(0.203683 0.00615636 0)
(0.203742 0.00592178 0)
(0.203774 0.00570376 0)
(0.203783 0.00550235 0)
(0.203773 0.00531678 0)
(0.203749 0.00514582 0)
(0.203711 0.00498806 0)
(0.203663 0.00484198 0)
(0.203606 0.00470618 0)
(0.20354 0.00457936 0)
(0.203466 0.00446037 0)
(0.203384 0.00434823 0)
(0.203296 0.00424208 0)
(0.2032 0.00414121 0)
(0.203097 0.00404502 0)
(0.202987 0.003953 0)
(0.20287 0.00386472 0)
(0.202746 0.00377978 0)
(0.202615 0.00369789 0)
(0.202477 0.00361874 0)
(0.202332 0.0035421 0)
(0.20218 0.00346775 0)
(0.20202 0.00339549 0)
(0.201854 0.00332514 0)
(0.20168 0.00325655 0)
(0.2015 0.00318957 0)
(0.201312 0.00312407 0)
(0.201117 0.00305994 0)
(0.200916 0.00299706 0)
(0.200707 0.00293532 0)
(0.200492 0.00287464 0)
(0.20027 0.00281493 0)
(0.200042 0.00275609 0)
(0.199807 0.00269806 0)
(0.199566 0.00264075 0)
(0.199319 0.0025841 0)
(0.199065 0.00252803 0)
(0.198806 0.00247249 0)
(0.198542 0.0024174 0)
(0.198272 0.0023627 0)
(0.197997 0.00230833 0)
(0.197718 0.00225424 0)
(0.197434 0.00220036 0)
(0.197145 0.00214663 0)
(0.196853 0.00209301 0)
(0.196558 0.00203943 0)
(0.196259 0.00198584 0)
(0.195957 0.00193219 0)
(0.195653 0.00187842 0)
(0.195347 0.00182449 0)
(0.19504 0.00177035 0)
(0.194731 0.00171595 0)
(0.194422 0.00166124 0)
(0.194113 0.00160618 0)
(0.193804 0.00155074 0)
(0.193496 0.00149487 0)
(0.193189 0.00143855 0)
(0.192885 0.00138175 0)
(0.192583 0.00132444 0)
(0.192284 0.00126661 0)
(0.19199 0.00120824 0)
(0.191699 0.00114932 0)
(0.191414 0.00108985 0)
(0.191134 0.00102982 0)
(0.19086 0.000969245 0)
(0.190593 0.000908148 0)
(0.190333 0.000846587 0)
(0.190081 0.000784668 0)
(0.189837 0.000722577 0)
(0.189601 0.00066061 0)
(0.189373 0.000599201 0)
(0.189154 0.000538934 0)
(0.188943 0.000480532 0)
(0.188741 0.000424794 0)
(0.188547 0.000372511 0)
(0.188361 0.000324348 0)
(0.188185 0.000280774 0)
(0.188017 0.000242046 0)
(0.187858 0.000208232 0)
(0.187708 0.000179277 0)
(0.187566 0.000155026 0)
(0.187432 0.000135274 0)
(0.187306 0.00011985 0)
(0.18719 0.000108535 0)
(0.187061 9.95872e-05 0)
(0.197776 0.00617443 0)
(0.198195 0.00670298 0)
(0.198688 0.00713254 0)
(0.199229 0.00745201 0)
(0.199789 0.007664 0)
(0.200346 0.00777689 0)
(0.20088 0.00780103 0)
(0.201379 0.00774837 0)
(0.201831 0.00763231 0)
(0.202231 0.00746692 0)
(0.202576 0.00726586 0)
(0.202867 0.00704166 0)
(0.203105 0.00680518 0)
(0.203295 0.00656531 0)
(0.203444 0.00632892 0)
(0.203555 0.00610087 0)
(0.203637 0.00588426 0)
(0.203692 0.00568078 0)
(0.203728 0.00549098 0)
(0.203747 0.00531465 0)
(0.203752 0.00515109 0)
(0.203747 0.00499927 0)
(0.203733 0.00485808 0)
(0.203712 0.00472639 0)
(0.203684 0.00460311 0)
(0.203652 0.00448727 0)
(0.203615 0.004378 0)
(0.203573 0.00427453 0)
(0.203527 0.00417623 0)
(0.203478 0.00408251 0)
(0.203425 0.00399291 0)
(0.203368 0.00390699 0)
(0.203307 0.00382441 0)
(0.203243 0.00374485 0)
(0.203175 0.00366803 0)
(0.203104 0.00359371 0)
(0.203029 0.00352167 0)
(0.20295 0.00345171 0)
(0.202868 0.00338366 0)
(0.202781 0.00331736 0)
(0.202691 0.00325265 0)
(0.202597 0.00318942 0)
(0.2025 0.00312752 0)
(0.202398 0.00306685 0)
(0.202292 0.00300731 0)
(0.202182 0.00294878 0)
(0.202068 0.00289118 0)
(0.20195 0.00283441 0)
(0.201828 0.00277839 0)
(0.201702 0.00272305 0)
(0.201572 0.0026683 0)
(0.201438 0.00261406 0)
(0.2013 0.00256027 0)
(0.201158 0.00250685 0)
(0.201012 0.00245374 0)
(0.200863 0.00240087 0)
(0.200709 0.00234817 0)
(0.200552 0.00229557 0)
(0.200392 0.00224302 0)
(0.200228 0.00219046 0)
(0.200061 0.00213781 0)
(0.19989 0.00208502 0)
(0.199717 0.00203204 0)
(0.199541 0.0019788 0)
(0.199363 0.00192524 0)
(0.199183 0.00187132 0)
(0.199 0.00181699 0)
(0.198816 0.00176219 0)
(0.19863 0.00170687 0)
(0.198443 0.001651 0)
(0.198255 0.00159453 0)
(0.198066 0.00153743 0)
(0.197878 0.00147967 0)
(0.197689 0.00142123 0)
(0.197501 0.00136208 0)
(0.197313 0.00130221 0)
(0.197127 0.00124161 0)
(0.196942 0.00118029 0)
(0.196759 0.00111825 0)
(0.196579 0.00105551 0)
(0.196401 0.000992118 0)
(0.196226 0.000928152 0)
(0.196054 0.000863748 0)
(0.195885 0.000799123 0)
(0.195719 0.000734603 0)
(0.195557 0.000670644 0)
(0.195398 0.000607838 0)
(0.195243 0.000546901 0)
(0.195091 0.00048861 0)
(0.194944 0.000433727 0)
(0.1948 0.000382903 0)
(0.194661 0.000336611 0)
(0.194526 0.000295129 0)
(0.194397 0.000258558 0)
(0.194273 0.000226869 0)
(0.194154 0.000199923 0)
(0.194042 0.000177497 0)
(0.193934 0.000159291 0)
(0.193834 0.000144657 0)
(0.193721 0.000130786 0)
(0.198109 0.00594508 0)
(0.198475 0.00641044 0)
(0.198902 0.00679819 0)
(0.199372 0.00709669 0)
(0.199867 0.00730448 0)
(0.200363 0.00742615 0)
(0.200845 0.00746923 0)
(0.201298 0.00744311 0)
(0.201715 0.00735866 0)
(0.202089 0.00722754 0)
(0.202416 0.00706135 0)
(0.202696 0.00687092 0)
(0.202931 0.00666586 0)
(0.203123 0.00645425 0)
(0.203277 0.00624251 0)
(0.203397 0.00603542 0)
(0.203489 0.00583625 0)
(0.203557 0.005647 0)
(0.203606 0.00546865 0)
(0.203638 0.00530145 0)
(0.203658 0.0051451 0)
(0.203668 0.00499899 0)
(0.203669 0.00486234 0)
(0.203663 0.00473428 0)
(0.203652 0.00461396 0)
(0.203637 0.00450057 0)
(0.203618 0.00439337 0)
(0.203596 0.0042917 0)
(0.203571 0.00419498 0)
(0.203543 0.0041027 0)
(0.203514 0.00401441 0)
(0.203482 0.00392973 0)
(0.203448 0.00384832 0)
(0.203413 0.00376989 0)
(0.203376 0.00369418 0)
(0.203337 0.00362094 0)
(0.203297 0.00354997 0)
(0.203255 0.00348108 0)
(0.203212 0.0034141 0)
(0.203167 0.00334887 0)
(0.20312 0.00328525 0)
(0.203072 0.0032231 0)
(0.203022 0.00316231 0)
(0.20297 0.00310276 0)
(0.202916 0.00304433 0)
(0.202861 0.00298694 0)
(0.202804 0.00293048 0)
(0.202745 0.00287486 0)
(0.202684 0.00281999 0)
(0.202621 0.0027658 0)
(0.202556 0.00271219 0)
(0.202489 0.00265909 0)
(0.20242 0.00260643 0)
(0.202348 0.00255412 0)
(0.202275 0.0025021 0)
(0.2022 0.0024503 0)
(0.202122 0.00239863 0)
(0.202042 0.00234705 0)
(0.20196 0.00229546 0)
(0.201876 0.00224382 0)
(0.20179 0.00219205 0)
(0.201702 0.00214008 0)
(0.201612 0.00208786 0)
(0.20152 0.00203532 0)
(0.201426 0.0019824 0)
(0.20133 0.00192904 0)
(0.201232 0.00187518 0)
(0.201133 0.00182078 0)
(0.201032 0.00176578 0)
(0.20093 0.00171013 0)
(0.200827 0.00165379 0)
(0.200722 0.00159672 0)
(0.200616 0.00153889 0)
(0.20051 0.00148027 0)
(0.200402 0.00142084 0)
(0.200294 0.0013606 0)
(0.200186 0.00129952 0)
(0.200077 0.00123762 0)
(0.199969 0.00117491 0)
(0.19986 0.00111142 0)
(0.199751 0.00104722 0)
(0.199643 0.000982391 0)
(0.199535 0.000917098 0)
(0.199427 0.000851576 0)
(0.19932 0.000786164 0)
(0.199212 0.00072132 0)
(0.199105 0.000657626 0)
(0.198998 0.000595769 0)
(0.198891 0.000536487 0)
(0.198785 0.000480502 0)
(0.19868 0.000428435 0)
(0.198576 0.000380754 0)
(0.198474 0.000337749 0)
(0.198375 0.000299546 0)
(0.198278 0.000266136 0)
(0.198185 0.000237398 0)
(0.198095 0.000213097 0)
(0.198009 0.000192848 0)
(0.197928 0.000175769 0)
(0.197833 0.000158938 0)
(0.198404 0.00573503 0)
(0.198725 0.00614634 0)
(0.199097 0.00649592 0)
(0.199508 0.00677295 0)
(0.199943 0.00697386 0)
(0.200385 0.00710053 0)
(0.200818 0.00715809 0)
(0.20123 0.00715375 0)
(0.201612 0.00709618 0)
(0.201959 0.0069949 0)
(0.202267 0.00685965 0)
(0.202535 0.0066997 0)
(0.202762 0.00652348 0)
(0.202953 0.00633822 0)
(0.203109 0.00614986 0)
(0.203234 0.00596299 0)
(0.203332 0.00578092 0)
(0.203408 0.00560587 0)
(0.203465 0.00543913 0)
(0.203506 0.0052813 0)
(0.203535 0.00513246 0)
(0.203553 0.00499233 0)
(0.203562 0.00486042 0)
(0.203565 0.00473612 0)
(0.203562 0.0046188 0)
(0.203555 0.00450782 0)
(0.203545 0.00440256 0)
(0.203531 0.00430246 0)
(0.203515 0.00420703 0)
(0.203497 0.00411582 0)
(0.203477 0.00402843 0)
(0.203456 0.00394451 0)
(0.203433 0.00386375 0)
(0.203409 0.00378588 0)
(0.203385 0.00371066 0)
(0.20336 0.00363786 0)
(0.203334 0.00356729 0)
(0.203307 0.00349878 0)
(0.20328 0.00343215 0)
(0.203253 0.00336726 0)
(0.203224 0.00330397 0)
(0.203196 0.00324216 0)
(0.203167 0.0031817 0)
(0.203137 0.00312249 0)
(0.203107 0.00306442 0)
(0.203077 0.00300738 0)
(0.203046 0.0029513 0)
(0.203015 0.00289607 0)
(0.202983 0.00284161 0)
(0.20295 0.00278784 0)
(0.202917 0.00273467 0)
(0.202883 0.00268202 0)
(0.202849 0.00262983 0)
(0.202813 0.002578 0)
(0.202777 0.00252647 0)
(0.20274 0.00247516 0)
(0.202703 0.00242401 0)
(0.202664 0.00237293 0)
(0.202625 0.00232186 0)
(0.202585 0.00227073 0)
(0.202543 0.00221946 0)
(0.202501 0.002168 0)
(0.202458 0.00211628 0)
(0.202413 0.00206422 0)
(0.202368 0.00201177 0)
(0.202322 0.00195887 0)
(0.202274 0.00190545 0)
(0.202226 0.00185145 0)
(0.202176 0.00179684 0)
(0.202126 0.00174155 0)
(0.202074 0.00168554 0)
(0.202022 0.00162876 0)
(0.201968 0.0015712 0)
(0.201914 0.00151281 0)
(0.201858 0.00145358 0)
(0.201801 0.00139349 0)
(0.201744 0.00133255 0)
(0.201685 0.00127075 0)
(0.201626 0.00120811 0)
(0.201566 0.00114469 0)
(0.201504 0.00108055 0)
(0.201441 0.00101579 0)
(0.201378 0.000950595 0)
(0.201313 0.000885203 0)
(0.201246 0.000819956 0)
(0.201178 0.000755301 0)
(0.201108 0.000691797 0)
(0.201036 0.000630088 0)
(0.200963 0.000570863 0)
(0.200889 0.000514795 0)
(0.200814 0.00046247 0)
(0.200738 0.000414339 0)
(0.200663 0.000370697 0)
(0.200588 0.000331686 0)
(0.200515 0.000297319 0)
(0.200443 0.000267488 0)
(0.200373 0.00024196 0)
(0.200305 0.000220313 0)
(0.200241 0.000201634 0)
(0.200163 0.000183494 0)
(0.198665 0.00554142 0)
(0.198949 0.00590649 0)
(0.199273 0.00622178 0)
(0.199633 0.00647782 0)
(0.200017 0.00667015 0)
(0.200409 0.00679885 0)
(0.200797 0.00686717 0)
(0.20117 0.00688046 0)
(0.20152 0.00684551 0)
(0.20184 0.00677002 0)
(0.202129 0.00666204 0)
(0.202382 0.00652945 0)
(0.202602 0.00637955 0)
(0.202788 0.00621875 0)
(0.202943 0.00605246 0)
(0.203071 0.00588501 0)
(0.203174 0.00571966 0)
(0.203255 0.00555875 0)
(0.203318 0.00540379 0)
(0.203366 0.00525564 0)
(0.203401 0.00511467 0)
(0.203425 0.00498091 0)
(0.203441 0.00485412 0)
(0.203449 0.00473393 0)
(0.203452 0.0046199 0)
(0.203451 0.00451154 0)
(0.203445 0.00440838 0)
(0.203436 0.00430997 0)
(0.203425 0.00421589 0)
(0.203412 0.00412574 0)
(0.203397 0.0040392 0)
(0.20338 0.00395594 0)
(0.203363 0.0038757 0)
(0.203344 0.00379822 0)
(0.203325 0.00372329 0)
(0.203306 0.0036507 0)
(0.203286 0.00358026 0)
(0.203265 0.00351183 0)
(0.203245 0.00344523 0)
(0.203224 0.00338034 0)
(0.203204 0.00331703 0)
(0.203183 0.00325517 0)
(0.203163 0.00319465 0)
(0.203143 0.00313537 0)
(0.203122 0.00307723 0)
(0.203102 0.00302013 0)
(0.203082 0.00296398 0)
(0.203063 0.00290869 0)
(0.203043 0.00285418 0)
(0.203024 0.00280037 0)
(0.203004 0.00274717 0)
(0.202985 0.00269452 0)
(0.202966 0.00264232 0)
(0.202947 0.00259052 0)
(0.202928 0.00253903 0)
(0.202909 0.00248778 0)
(0.20289 0.00243669 0)
(0.202871 0.00238571 0)
(0.202852 0.00233475 0)
(0.202833 0.00228374 0)
(0.202813 0.00223262 0)
(0.202794 0.00218132 0)
(0.202774 0.00212977 0)
(0.202754 0.00207791 0)
(0.202733 0.00202566 0)
(0.202713 0.00197298 0)
(0.202691 0.00191979 0)
(0.20267 0.00186604 0)
(0.202647 0.00181169 0)
(0.202625 0.00175666 0)
(0.202601 0.00170093 0)
(0.202577 0.00164445 0)
(0.202552 0.00158719 0)
(0.202527 0.00152912 0)
(0.2025 0.00147021 0)
(0.202473 0.00141047 0)
(0.202445 0.00134988 0)
(0.202415 0.00128846 0)
(0.202385 0.00122624 0)
(0.202353 0.00116327 0)
(0.202319 0.00109961 0)
(0.202284 0.00103541 0)
(0.202247 0.000970823 0)
(0.202209 0.000906107 0)
(0.202167 0.000841596 0)
(0.202124 0.00077772 0)
(0.202078 0.000715004 0)
(0.20203 0.000654045 0)
(0.201979 0.000595481 0)
(0.201926 0.00053993 0)
(0.201872 0.000487938 0)
(0.201816 0.000439936 0)
(0.201759 0.000396214 0)
(0.201702 0.000356927 0)
(0.201645 0.000322104 0)
(0.201588 0.000291654 0)
(0.201533 0.000265358 0)
(0.201479 0.000242807 0)
(0.201427 0.000223194 0)
(0.201362 0.000204818 0)
(0.198895 0.00536211 0)
(0.199147 0.0056876 0)
(0.199432 0.00597241 0)
(0.199748 0.00620853 0)
(0.200086 0.00639135 0)
(0.200434 0.00651984 0)
(0.200781 0.00659584 0)
(0.201117 0.00662318 0)
(0.201436 0.00660708 0)
(0.201731 0.00655369 0)
(0.201999 0.00646959 0)
(0.202239 0.0063614 0)
(0.202448 0.00623535 0)
(0.202629 0.00609709 0)
(0.202782 0.00595148 0)
(0.20291 0.00580254 0)
(0.203015 0.00565341 0)
(0.2031 0.00550646 0)
(0.203168 0.00536332 0)
(0.203221 0.00522506 0)
(0.203261 0.0050923 0)
(0.203291 0.00496527 0)
(0.203312 0.00484399 0)
(0.203325 0.00472829 0)
(0.203333 0.00461789 0)
(0.203335 0.00451248 0)
(0.203333 0.00441169 0)
(0.203328 0.00431519 0)
(0.203321 0.00422263 0)
(0.203311 0.0041337 0)
(0.203299 0.00404811 0)
(0.203285 0.0039656 0)
(0.203271 0.00388592 0)
(0.203256 0.00380885 0)
(0.203239 0.00373419 0)
(0.203223 0.00366178 0)
(0.203206 0.00359143 0)
(0.203188 0.003523 0)
(0.203171 0.00345635 0)
(0.203154 0.00339136 0)
(0.203137 0.00332789 0)
(0.20312 0.00326585 0)
(0.203103 0.00320512 0)
(0.203086 0.0031456 0)
(0.20307 0.00308721 0)
(0.203054 0.00302984 0)
(0.203039 0.00297342 0)
(0.203024 0.00291786 0)
(0.203009 0.00286308 0)
(0.202995 0.002809 0)
(0.202982 0.00275554 0)
(0.202968 0.00270263 0)
(0.202956 0.00265019 0)
(0.202943 0.00259815 0)
(0.202931 0.00254644 0)
(0.20292 0.00249499 0)
(0.202909 0.00244372 0)
(0.202898 0.00239257 0)
(0.202888 0.00234146 0)
(0.202878 0.00229033 0)
(0.202868 0.00223911 0)
(0.202858 0.00218773 0)
(0.202849 0.00213612 0)
(0.202839 0.00208422 0)
(0.20283 0.00203197 0)
(0.202821 0.0019793 0)
(0.202812 0.00192616 0)
(0.202803 0.00187249 0)
(0.202793 0.00181824 0)
(0.202784 0.00176335 0)
(0.202774 0.00170779 0)
(0.202763 0.00165152 0)
(0.202753 0.00159449 0)
(0.202742 0.0015367 0)
(0.20273 0.00147811 0)
(0.202717 0.00141872 0)
(0.202703 0.00135854 0)
(0.202689 0.00129759 0)
(0.202673 0.00123588 0)
(0.202656 0.0011735 0)
(0.202637 0.0011105 0)
(0.202617 0.00104704 0)
(0.202595 0.000983286 0)
(0.202571 0.000919485 0)
(0.202544 0.000855963 0)
(0.202514 0.000793129 0)
(0.202482 0.000731472 0)
(0.202447 0.000671545 0)
(0.20241 0.000613928 0)
(0.20237 0.00055919 0)
(0.202328 0.000507836 0)
(0.202284 0.00046027 0)
(0.202239 0.000416778 0)
(0.202193 0.000377519 0)
(0.202147 0.000342537 0)
(0.202101 0.000311761 0)
(0.202055 0.000284995 0)
(0.202011 0.000261879 0)
(0.201966 0.000241778 0)
(0.201911 0.000223677 0)
(0.199098 0.00519554 0)
(0.199322 0.00548707 0)
(0.199574 0.00574495 0)
(0.199851 0.00596256 0)
(0.200149 0.0061355 0)
(0.200458 0.00626216 0)
(0.200768 0.00634335 0)
(0.20107 0.00638171 0)
(0.201359 0.00638117 0)
(0.20163 0.00634657 0)
(0.201878 0.00628322 0)
(0.202102 0.00619661 0)
(0.202301 0.00609205 0)
(0.202475 0.00597441 0)
(0.202625 0.00584804 0)
(0.202751 0.00571659 0)
(0.202857 0.00558304 0)
(0.202945 0.00544971 0)
(0.203016 0.00531832 0)
(0.203073 0.00519006 0)
(0.203117 0.00506572 0)
(0.203151 0.00494573 0)
(0.203176 0.00483028 0)
(0.203194 0.0047194 0)
(0.203205 0.00461297 0)
(0.203212 0.0045108 0)
(0.203214 0.00441267 0)
(0.203212 0.00431832 0)
(0.203207 0.00422751 0)
(0.2032 0.00413999 0)
(0.203191 0.00405551 0)
(0.20318 0.00397387 0)
(0.203168 0.00389486 0)
(0.203155 0.00381829 0)
(0.203141 0.00374399 0)
(0.203126 0.0036718 0)
(0.203111 0.00360158 0)
(0.203096 0.00353319 0)
(0.203081 0.00346649 0)
(0.203065 0.00340139 0)
(0.20305 0.00333776 0)
(0.203035 0.00327551 0)
(0.20302 0.00321453 0)
(0.203005 0.00315474 0)
(0.202991 0.00309605 0)
(0.202977 0.00303836 0)
(0.202964 0.0029816 0)
(0.202951 0.00292569 0)
(0.202939 0.00287056 0)
(0.202927 0.00281612 0)
(0.202915 0.0027623 0)
(0.202905 0.00270904 0)
(0.202895 0.00265625 0)
(0.202885 0.00260387 0)
(0.202876 0.00255183 0)
(0.202867 0.00250005 0)
(0.202859 0.00244848 0)
(0.202852 0.00239703 0)
(0.202845 0.00234565 0)
(0.202838 0.00229426 0)
(0.202832 0.00224281 0)
(0.202827 0.00219121 0)
(0.202822 0.00213942 0)
(0.202817 0.00208736 0)
(0.202812 0.00203498 0)
(0.202808 0.00198221 0)
(0.202803 0.001929 0)
(0.202799 0.00187529 0)
(0.202795 0.00182104 0)
(0.202791 0.0017662 0)
(0.202787 0.00171071 0)
(0.202783 0.00165456 0)
(0.202778 0.00159771 0)
(0.202773 0.00154014 0)
(0.202768 0.00148182 0)
(0.202762 0.00142277 0)
(0.202755 0.00136299 0)
(0.202747 0.00130249 0)
(0.202738 0.00124133 0)
(0.202728 0.00117955 0)
(0.202717 0.00111727 0)
(0.202703 0.00105461 0)
(0.202688 0.000991747 0)
(0.202671 0.000928934 0)
(0.202651 0.00086648 0)
(0.202629 0.000804771 0)
(0.202604 0.000744261 0)
(0.202577 0.000685457 0)
(0.202547 0.000628891 0)
(0.202514 0.00057508 0)
(0.202479 0.000524491 0)
(0.202443 0.000477502 0)
(0.202405 0.000434388 0)
(0.202366 0.000395314 0)
(0.202326 0.000360335 0)
(0.202286 0.000329402 0)
(0.202247 0.00030235 0)
(0.202207 0.000278886 0)
(0.202169 0.000258555 0)
(0.202119 0.000240852 0)
(0.199276 0.0050405 0)
(0.199476 0.00530282 0)
(0.199698 0.00553703 0)
(0.199943 0.00573768 0)
(0.200206 0.00590079 0)
(0.200479 0.00602448 0)
(0.200755 0.0061089 0)
(0.201027 0.00615574 0)
(0.201288 0.00616791 0)
(0.201535 0.00614915 0)
(0.201764 0.0061037 0)
(0.201973 0.00603607 0)
(0.20216 0.0059507 0)
(0.202326 0.00585181 0)
(0.20247 0.00574318 0)
(0.202595 0.00562813 0)
(0.2027 0.00550942 0)
(0.202788 0.00538928 0)
(0.202861 0.00526942 0)
(0.202921 0.00515114 0)
(0.202969 0.00503533 0)
(0.203006 0.00492258 0)
(0.203035 0.00481323 0)
(0.203057 0.00470745 0)
(0.203072 0.00460527 0)
(0.203081 0.00450663 0)
(0.203086 0.00441141 0)
(0.203088 0.00431947 0)
(0.203086 0.00423062 0)
(0.203081 0.0041447 0)
(0.203075 0.00406151 0)
(0.203066 0.0039809 0)
(0.203056 0.00390269 0)
(0.203045 0.00382674 0)
(0.203033 0.00375289 0)
(0.203021 0.00368101 0)
(0.203007 0.00361098 0)
(0.202994 0.00354268 0)
(0.20298 0.00347599 0)
(0.202966 0.00341082 0)
(0.202952 0.00334706 0)
(0.202938 0.00328462 0)
(0.202925 0.00322341 0)
(0.202912 0.00316335 0)
(0.202899 0.00310436 0)
(0.202886 0.00304635 0)
(0.202874 0.00298924 0)
(0.202862 0.00293298 0)
(0.202851 0.00287747 0)
(0.20284 0.00282265 0)
(0.20283 0.00276845 0)
(0.202821 0.0027148 0)
(0.202812 0.00266163 0)
(0.202803 0.00260887 0)
(0.202796 0.00255646 0)
(0.202788 0.00250432 0)
(0.202782 0.00245239 0)
(0.202776 0.00240061 0)
(0.20277 0.0023489 0)
(0.202765 0.00229721 0)
(0.20276 0.00224546 0)
(0.202756 0.0021936 0)
(0.202753 0.00214157 0)
(0.202749 0.00208929 0)
(0.202746 0.00203672 0)
(0.202744 0.00198379 0)
(0.202742 0.00193046 0)
(0.202739 0.00187666 0)
(0.202737 0.00182236 0)
(0.202735 0.0017675 0)
(0.202734 0.00171206 0)
(0.202731 0.00165598 0)
(0.202729 0.00159926 0)
(0.202727 0.00154187 0)
(0.202724 0.0014838 0)
(0.20272 0.00142506 0)
(0.202716 0.00136565 0)
(0.202711 0.0013056 0)
(0.202705 0.00124496 0)
(0.202698 0.0011838 0)
(0.202689 0.00112222 0)
(0.202679 0.00106036 0)
(0.202667 0.000998401 0)
(0.202653 0.000936578 0)
(0.202637 0.000875192 0)
(0.202618 0.000814606 0)
(0.202597 0.000755241 0)
(0.202574 0.000697563 0)
(0.202548 0.000642056 0)
(0.202519 0.000589194 0)
(0.202489 0.000539405 0)
(0.202456 0.000493043 0)
(0.202422 0.000450372 0)
(0.202388 0.000411558 0)
(0.202352 0.000376669 0)
(0.202316 0.000345676 0)
(0.20228 0.000318453 0)
(0.202245 0.000294775 0)
(0.202209 0.000274339 0)
(0.202164 0.000256959 0)
(0.199431 0.00489605 0)
(0.19961 0.00513321 0)
(0.199807 0.00534664 0)
(0.200022 0.00553192 0)
(0.200254 0.00568553 0)
(0.200496 0.00580555 0)
(0.200742 0.00589166 0)
(0.200985 0.0059449 0)
(0.20122 0.00596734 0)
(0.201445 0.00596182 0)
(0.201655 0.0059317 0)
(0.201848 0.00588064 0)
(0.202024 0.00581232 0)
(0.20218 0.00573031 0)
(0.202319 0.00563793 0)
(0.202439 0.00553811 0)
(0.202543 0.00543339 0)
(0.202631 0.00532586 0)
(0.202705 0.00521721 0)
(0.202767 0.00510876 0)
(0.202817 0.00500148 0)
(0.202857 0.00489605 0)
(0.202889 0.00479296 0)
(0.202913 0.00469249 0)
(0.202931 0.00459479 0)
(0.202944 0.00449991 0)
(0.202952 0.00440784 0)
(0.202956 0.00431851 0)
(0.202957 0.00423183 0)
(0.202955 0.00414769 0)
(0.202951 0.00406597 0)
(0.202944 0.00398653 0)
(0.202936 0.00390926 0)
(0.202927 0.00383404 0)
(0.202917 0.00376075 0)
(0.202906 0.00368928 0)
(0.202895 0.00361953 0)
(0.202883 0.00355139 0)
(0.20287 0.00348477 0)
(0.202858 0.00341959 0)
(0.202845 0.00335575 0)
(0.202833 0.00329317 0)
(0.20282 0.00323177 0)
(0.202808 0.00317147 0)
(0.202797 0.0031122 0)
(0.202785 0.00305389 0)
(0.202774 0.00299647 0)
(0.202763 0.00293986 0)
(0.202753 0.00288399 0)
(0.202743 0.0028288 0)
(0.202734 0.00277423 0)
(0.202725 0.0027202 0)
(0.202717 0.00266665 0)
(0.202709 0.00261351 0)
(0.202702 0.00256072 0)
(0.202696 0.00250821 0)
(0.20269 0.00245592 0)
(0.202684 0.00240379 0)
(0.202679 0.00235175 0)
(0.202675 0.00229974 0)
(0.202671 0.0022477 0)
(0.202668 0.00219556 0)
(0.202665 0.00214326 0)
(0.202662 0.00209076 0)
(0.20266 0.00203798 0)
(0.202658 0.00198488 0)
(0.202656 0.0019314 0)
(0.202655 0.0018775 0)
(0.202653 0.00182312 0)
(0.202652 0.00176824 0)
(0.202651 0.00171281 0)
(0.20265 0.0016568 0)
(0.202648 0.00160019 0)
(0.202646 0.00154297 0)
(0.202644 0.00148513 0)
(0.202642 0.00142668 0)
(0.202638 0.00136763 0)
(0.202634 0.00130802 0)
(0.202629 0.0012479 0)
(0.202623 0.00118734 0)
(0.202616 0.00112646 0)
(0.202607 0.00106538 0)
(0.202597 0.0010043 0)
(0.202584 0.000943444 0)
(0.20257 0.000883096 0)
(0.202553 0.0008236 0)
(0.202534 0.000765344 0)
(0.202513 0.000708757 0)
(0.202489 0.000654281 0)
(0.202463 0.000602348 0)
(0.202435 0.000553353 0)
(0.202406 0.000507627 0)
(0.202375 0.000465423 0)
(0.202343 0.000426906 0)
(0.20231 0.000392156 0)
(0.202277 0.000361165 0)
(0.202244 0.000333845 0)
(0.20221 0.000310036 0)
(0.202177 0.000289549 0)
(0.202135 0.000272363 0)
(0.199566 0.00476148 0)
(0.199725 0.00497691 0)
(0.1999 0.00517215 0)
(0.20009 0.00534359 0)
(0.200295 0.00548819 0)
(0.200509 0.00560411 0)
(0.200727 0.00569076 0)
(0.200943 0.00574869 0)
(0.201155 0.00577933 0)
(0.201358 0.00578481 0)
(0.20155 0.00576775 0)
(0.201728 0.00573106 0)
(0.201891 0.00567779 0)
(0.202038 0.00561094 0)
(0.20217 0.00553335 0)
(0.202286 0.0054476 0)
(0.202386 0.00535598 0)
(0.202473 0.00526045 0)
(0.202547 0.0051626 0)
(0.202609 0.00506375 0)
(0.202661 0.00496491 0)
(0.202703 0.00486684 0)
(0.202737 0.0047701 0)
(0.202764 0.00467507 0)
(0.202784 0.00458202 0)
(0.2028 0.00449109 0)
(0.20281 0.00440235 0)
(0.202817 0.00431582 0)
(0.20282 0.00423148 0)
(0.20282 0.00414928 0)
(0.202818 0.00406916 0)
(0.202814 0.00399103 0)
(0.202808 0.00391481 0)
(0.202801 0.00384043 0)
(0.202792 0.00376779 0)
(0.202783 0.00369681 0)
(0.202773 0.00362741 0)
(0.202763 0.0035595 0)
(0.202752 0.00349301 0)
(0.202741 0.00342786 0)
(0.20273 0.00336399 0)
(0.202718 0.0033013 0)
(0.202707 0.00323975 0)
(0.202696 0.00317925 0)
(0.202685 0.00311974 0)
(0.202675 0.00306115 0)
(0.202665 0.00300342 0)
(0.202655 0.00294649 0)
(0.202645 0.00289028 0)
(0.202636 0.00283474 0)
(0.202628 0.00277981 0)
(0.20262 0.00272541 0)
(0.202612 0.00267149 0)
(0.202605 0.00261798 0)
(0.202599 0.00256483 0)
(0.202593 0.00251196 0)
(0.202588 0.00245932 0)
(0.202583 0.00240685 0)
(0.202578 0.00235448 0)
(0.202574 0.00230215 0)
(0.202571 0.00224981 0)
(0.202567 0.0021974 0)
(0.202565 0.00214485 0)
(0.202562 0.00209211 0)
(0.202561 0.00203913 0)
(0.202559 0.00198585 0)
(0.202557 0.00193223 0)
(0.202556 0.00187822 0)
(0.202555 0.00182377 0)
(0.202554 0.00176886 0)
(0.202553 0.00171344 0)
(0.202552 0.00165749 0)
(0.202551 0.001601 0)
(0.202549 0.00154394 0)
(0.202548 0.00148633 0)
(0.202545 0.00142816 0)
(0.202542 0.00136947 0)
(0.202539 0.00131029 0)
(0.202534 0.00125068 0)
(0.202529 0.00119072 0)
(0.202522 0.00113051 0)
(0.202513 0.0010702 0)
(0.202504 0.00100998 0)
(0.202492 0.000950051 0)
(0.202479 0.000890702 0)
(0.202463 0.000832249 0)
(0.202445 0.000775055 0)
(0.202426 0.00071951 0)
(0.202404 0.000666021 0)
(0.20238 0.000614984 0)
(0.202354 0.000566761 0)
(0.202326 0.000521662 0)
(0.202298 0.000479929 0)
(0.202268 0.000441728 0)
(0.202237 0.000407147 0)
(0.202206 0.000376202 0)
(0.202175 0.000348837 0)
(0.202144 0.000324948 0)
(0.202113 0.000304424 0)
(0.202073 0.000287313 0)
(0.199681 0.00463624 0)
(0.199824 0.00483293 0)
(0.199978 0.00501228 0)
(0.200146 0.00517137 0)
(0.200326 0.00530759 0)
(0.200515 0.00541922 0)
(0.200708 0.00550555 0)
(0.200901 0.00556678 0)
(0.201091 0.00560386 0)
(0.201274 0.00561834 0)
(0.201448 0.00561224 0)
(0.201611 0.00558787 0)
(0.201762 0.00554772 0)
(0.201899 0.00549428 0)
(0.202023 0.00542997 0)
(0.202133 0.00535704 0)
(0.20223 0.00527753 0)
(0.202314 0.00519323 0)
(0.202387 0.00510564 0)
(0.202449 0.00501603 0)
(0.202501 0.00492542 0)
(0.202544 0.00483461 0)
(0.20258 0.00474423 0)
(0.202609 0.00465473 0)
(0.202631 0.00456644 0)
(0.202648 0.00447961 0)
(0.202661 0.00439436 0)
(0.20267 0.0043108 0)
(0.202675 0.00422897 0)
(0.202677 0.00414888 0)
(0.202677 0.00407052 0)
(0.202675 0.00399384 0)
(0.202671 0.00391882 0)
(0.202666 0.0038454 0)
(0.202659 0.00377353 0)
(0.202651 0.00370314 0)
(0.202643 0.00363418 0)
(0.202634 0.00356659 0)
(0.202624 0.00350031 0)
(0.202615 0.00343527 0)
(0.202605 0.00337142 0)
(0.202595 0.0033087 0)
(0.202585 0.00324704 0)
(0.202575 0.00318638 0)
(0.202565 0.00312667 0)
(0.202555 0.00306785 0)
(0.202546 0.00300986 0)
(0.202537 0.00295263 0)
(0.202529 0.00289612 0)
(0.202521 0.00284025 0)
(0.202513 0.00278498 0)
(0.202505 0.00273024 0)
(0.202499 0.00267597 0)
(0.202492 0.00262211 0)
(0.202486 0.00256861 0)
(0.202481 0.0025154 0)
(0.202476 0.00246242 0)
(0.202471 0.00240963 0)
(0.202467 0.00235694 0)
(0.202463 0.00230432 0)
(0.20246 0.00225169 0)
(0.202457 0.00219901 0)
(0.202455 0.00214622 0)
(0.202453 0.00209326 0)
(0.202451 0.00204008 0)
(0.20245 0.00198664 0)
(0.202448 0.00193289 0)
(0.202447 0.00187877 0)
(0.202446 0.00182426 0)
(0.202445 0.00176932 0)
(0.202445 0.00171392 0)
(0.202444 0.00165804 0)
(0.202442 0.00160166 0)
(0.202441 0.00154478 0)
(0.202439 0.00148739 0)
(0.202437 0.00142951 0)
(0.202434 0.00137118 0)
(0.202431 0.00131243 0)
(0.202426 0.00125332 0)
(0.202421 0.00119394 0)
(0.202414 0.00113439 0)
(0.202407 0.00107483 0)
(0.202397 0.00101543 0)
(0.202386 0.000956407 0)
(0.202374 0.000898016 0)
(0.202359 0.00084056 0)
(0.202342 0.000784376 0)
(0.202324 0.000729824 0)
(0.202303 0.000677276 0)
(0.202281 0.000627096 0)
(0.202257 0.000579618 0)
(0.202231 0.000535133 0)
(0.202205 0.000493872 0)
(0.202177 0.000456 0)
(0.202148 0.000421616 0)
(0.20212 0.000390752 0)
(0.20209 0.000363386 0)
(0.202061 0.000339457 0)
(0.202031 0.000318905 0)
(0.201994 0.000301788 0)
(0.19978 0.00451965 0)
(0.199906 0.00470007 0)
(0.200043 0.00486552 0)
(0.200191 0.00501362 0)
(0.200349 0.00514216 0)
(0.200516 0.00524957 0)
(0.200686 0.00533508 0)
(0.200858 0.00539866 0)
(0.201027 0.00544088 0)
(0.201191 0.00546286 0)
(0.201348 0.0054661 0)
(0.201497 0.00545242 0)
(0.201635 0.00542381 0)
(0.201762 0.00538233 0)
(0.201877 0.00533001 0)
(0.201981 0.00526879 0)
(0.202073 0.00520047 0)
(0.202154 0.00512665 0)
(0.202225 0.00504874 0)
(0.202286 0.00496795 0)
(0.202338 0.00488527 0)
(0.202381 0.00480153 0)
(0.202418 0.00471738 0)
(0.202447 0.00463334 0)
(0.202471 0.00454981 0)
(0.20249 0.00446708 0)
(0.202504 0.00438537 0)
(0.202515 0.00430483 0)
(0.202522 0.00422557 0)
(0.202526 0.00414765 0)
(0.202527 0.00407111 0)
(0.202527 0.00399595 0)
(0.202525 0.00392218 0)
(0.202521 0.00384978 0)
(0.202516 0.00377873 0)
(0.202509 0.00370898 0)
(0.202502 0.00364052 0)
(0.202495 0.00357329 0)
(0.202487 0.00350725 0)
(0.202478 0.00344236 0)
(0.20247 0.00337857 0)
(0.202461 0.00331584 0)
(0.202452 0.0032541 0)
(0.202443 0.00319332 0)
(0.202434 0.00313344 0)
(0.202426 0.00307441 0)
(0.202417 0.00301617 0)
(0.202409 0.00295868 0)
(0.202401 0.00290188 0)
(0.202394 0.00284571 0)
(0.202387 0.00279012 0)
(0.20238 0.00273505 0)
(0.202374 0.00268046 0)
(0.202368 0.00262627 0)
(0.202363 0.00257244 0)
(0.202358 0.0025189 0)
(0.202353 0.00246561 0)
(0.202349 0.0024125 0)
(0.202345 0.00235952 0)
(0.202342 0.00230661 0)
(0.202339 0.00225371 0)
(0.202337 0.00220078 0)
(0.202334 0.00214776 0)
(0.202333 0.00209459 0)
(0.202331 0.00204123 0)
(0.20233 0.00198763 0)
(0.202328 0.00193375 0)
(0.202327 0.00187954 0)
(0.202326 0.00182498 0)
(0.202326 0.00177002 0)
(0.202325 0.00171465 0)
(0.202324 0.00165883 0)
(0.202323 0.00160257 0)
(0.202321 0.00154586 0)
(0.20232 0.0014887 0)
(0.202317 0.00143111 0)
(0.202315 0.00137313 0)
(0.202311 0.00131479 0)
(0.202307 0.00125618 0)
(0.202302 0.00119737 0)
(0.202296 0.00113847 0)
(0.202288 0.00107963 0)
(0.202279 0.00102102 0)
(0.202269 0.000962855 0)
(0.202257 0.000905376 0)
(0.202243 0.000848865 0)
(0.202228 0.000793636 0)
(0.202211 0.000740022 0)
(0.202191 0.000688363 0)
(0.202171 0.000638995 0)
(0.202148 0.000592227 0)
(0.202125 0.000548332 0)
(0.2021 0.000507531 0)
(0.202074 0.000469988 0)
(0.202048 0.00043581 0)
(0.202021 0.000405047 0)
(0.201993 0.000377703 0)
(0.201966 0.000353751 0)
(0.201938 0.000333168 0)
(0.201903 0.000315989 0)
(0.199878 0.00439241 0)
(0.199988 0.00455611 0)
(0.200105 0.00470706 0)
(0.200232 0.00484341 0)
(0.200368 0.00496336 0)
(0.20051 0.00506554 0)
(0.200656 0.00514919 0)
(0.200804 0.00521413 0)
(0.20095 0.00526064 0)
(0.201093 0.00528944 0)
(0.201231 0.00530157 0)
(0.201362 0.00529839 0)
(0.201485 0.00528139 0)
(0.201599 0.00525218 0)
(0.201703 0.00521241 0)
(0.201798 0.00516366 0)
(0.201884 0.00510745 0)
(0.20196 0.00504517 0)
(0.202026 0.00497808 0)
(0.202085 0.00490729 0)
(0.202135 0.00483374 0)
(0.202178 0.00475824 0)
(0.202214 0.00468147 0)
(0.202244 0.00460397 0)
(0.202269 0.00452621 0)
(0.202288 0.00444852 0)
(0.202304 0.00437119 0)
(0.202316 0.00429444 0)
(0.202324 0.00421844 0)
(0.20233 0.00414329 0)
(0.202333 0.00406911 0)
(0.202334 0.00399593 0)
(0.202334 0.00392382 0)
(0.202331 0.00385279 0)
(0.202328 0.00378285 0)
(0.202323 0.003714 0)
(0.202318 0.00364623 0)
(0.202312 0.00357954 0)
(0.202305 0.00351389 0)
(0.202298 0.00344926 0)
(0.202291 0.00338562 0)
(0.202283 0.00332294 0)
(0.202276 0.00326119 0)
(0.202268 0.00320031 0)
(0.202261 0.00314028 0)
(0.202253 0.00308105 0)
(0.202246 0.00302257 0)
(0.202239 0.0029648 0)
(0.202232 0.00290769 0)
(0.202226 0.0028512 0)
(0.20222 0.00279527 0)
(0.202214 0.00273985 0)
(0.202208 0.00268489 0)
(0.202203 0.00263033 0)
(0.202198 0.00257614 0)
(0.202194 0.00252224 0)
(0.20219 0.00246859 0)
(0.202187 0.00241513 0)
(0.202183 0.00236182 0)
(0.202181 0.00230859 0)
(0.202178 0.00225539 0)
(0.202176 0.00220218 0)
(0.202174 0.0021489 0)
(0.202172 0.0020955 0)
(0.202171 0.00204194 0)
(0.20217 0.00198817 0)
(0.202169 0.00193416 0)
(0.202168 0.00187986 0)
(0.202168 0.00182524 0)
(0.202167 0.00177027 0)
(0.202166 0.00171494 0)
(0.202165 0.00165922 0)
(0.202164 0.00160311 0)
(0.202163 0.0015466 0)
(0.202162 0.00148972 0)
(0.20216 0.00143247 0)
(0.202157 0.00137491 0)
(0.202154 0.00131707 0)
(0.20215 0.00125903 0)
(0.202145 0.00120088 0)
(0.20214 0.00114273 0)
(0.202133 0.00108472 0)
(0.202125 0.00102702 0)
(0.202115 0.000969826 0)
(0.202104 0.000913378 0)
(0.202092 0.000857935 0)
(0.202078 0.000803783 0)
(0.202062 0.000751225 0)
(0.202045 0.000700572 0)
(0.202026 0.000652127 0)
(0.202006 0.000606176 0)
(0.201984 0.00056297 0)
(0.201962 0.000522719 0)
(0.201939 0.000485587 0)
(0.201915 0.000451687 0)
(0.20189 0.000421087 0)
(0.201865 0.000393816 0)
(0.20184 0.000369878 0)
(0.201815 0.000349275 0)
(0.201783 0.000332064 0)
(0.199962 0.00425661 0)
(0.200054 0.00440433 0)
(0.200152 0.00454142 0)
(0.200257 0.00466646 0)
(0.200369 0.00477803 0)
(0.200487 0.00487498 0)
(0.200608 0.00495658 0)
(0.200731 0.00502254 0)
(0.200853 0.00507289 0)
(0.200974 0.00510802 0)
(0.201091 0.00512859 0)
(0.201203 0.0051355 0)
(0.201309 0.00512983 0)
(0.201408 0.00511276 0)
(0.2015 0.00508553 0)
(0.201585 0.0050494 0)
(0.201662 0.00500559 0)
(0.201731 0.00495527 0)
(0.201792 0.00489953 0)
(0.201847 0.00483933 0)
(0.201894 0.00477557 0)
(0.201935 0.00470901 0)
(0.201971 0.00464032 0)
(0.202001 0.00457007 0)
(0.202026 0.00449875 0)
(0.202046 0.00442675 0)
(0.202063 0.00435441 0)
(0.202076 0.00428201 0)
(0.202086 0.00420977 0)
(0.202093 0.00413787 0)
(0.202098 0.00406645 0)
(0.202101 0.00399563 0)
(0.202102 0.00392549 0)
(0.202102 0.0038561 0)
(0.2021 0.00378751 0)
(0.202098 0.00371977 0)
(0.202094 0.00365288 0)
(0.20209 0.00358686 0)
(0.202085 0.00352172 0)
(0.20208 0.00345744 0)
(0.202074 0.00339404 0)
(0.202068 0.00333147 0)
(0.202062 0.00326974 0)
(0.202056 0.0032088 0)
(0.20205 0.00314863 0)
(0.202044 0.00308921 0)
(0.202038 0.00303049 0)
(0.202032 0.00297243 0)
(0.202026 0.00291501 0)
(0.202021 0.00285817 0)
(0.202016 0.00280187 0)
(0.202011 0.00274607 0)
(0.202007 0.00269072 0)
(0.202002 0.00263577 0)
(0.201999 0.00258117 0)
(0.201995 0.00252688 0)
(0.201992 0.00247284 0)
(0.201989 0.002419 0)
(0.201986 0.00236532 0)
(0.201984 0.00231173 0)
(0.201982 0.00225821 0)
(0.20198 0.00220469 0)
(0.201978 0.00215112 0)
(0.201977 0.00209747 0)
(0.201976 0.00204369 0)
(0.201975 0.00198974 0)
(0.201974 0.00193558 0)
(0.201974 0.00188118 0)
(0.201973 0.0018265 0)
(0.201973 0.00177153 0)
(0.201972 0.00171625 0)
(0.201971 0.00166064 0)
(0.20197 0.00160469 0)
(0.201969 0.00154843 0)
(0.201968 0.00149185 0)
(0.201966 0.001435 0)
(0.201964 0.0013779 0)
(0.201961 0.00132061 0)
(0.201957 0.00126321 0)
(0.201953 0.00120579 0)
(0.201948 0.00114846 0)
(0.201941 0.00109135 0)
(0.201934 0.00103464 0)
(0.201926 0.000978509 0)
(0.201916 0.000923174 0)
(0.201905 0.000868874 0)
(0.201892 0.000815872 0)
(0.201878 0.000764441 0)
(0.201863 0.000714859 0)
(0.201846 0.000667401 0)
(0.201828 0.000622324 0)
(0.201809 0.00057986 0)
(0.20179 0.000540209 0)
(0.201769 0.000503531 0)
(0.201748 0.000469948 0)
(0.201726 0.000439542 0)
(0.201704 0.000412366 0)
(0.201681 0.000388449 0)
(0.201659 0.000367813 0)
(0.20163 0.000350557 0)
(0.200024 0.00413004 0)
(0.200099 0.00426396 0)
(0.200178 0.00438889 0)
(0.200262 0.00450379 0)
(0.200352 0.00460753 0)
(0.200447 0.00469917 0)
(0.200545 0.00477806 0)
(0.200644 0.00484386 0)
(0.200743 0.00489647 0)
(0.200841 0.00493607 0)
(0.200937 0.00496302 0)
(0.20103 0.00497791 0)
(0.201119 0.00498148 0)
(0.201202 0.00497455 0)
(0.201281 0.00495805 0)
(0.201353 0.00493294 0)
(0.20142 0.00490018 0)
(0.20148 0.00486071 0)
(0.201535 0.00481543 0)
(0.201584 0.00476519 0)
(0.201627 0.00471077 0)
(0.201665 0.00465288 0)
(0.201698 0.00459215 0)
(0.201726 0.00452914 0)
(0.20175 0.00446435 0)
(0.20177 0.0043982 0)
(0.201787 0.00433106 0)
(0.201801 0.00426324 0)
(0.201812 0.00419503 0)
(0.20182 0.00412663 0)
(0.201826 0.00405824 0)
(0.201831 0.00399002 0)
(0.201834 0.0039221 0)
(0.201835 0.0038546 0)
(0.201835 0.00378759 0)
(0.201834 0.00372114 0)
(0.201832 0.00365531 0)
(0.20183 0.00359015 0)
(0.201827 0.00352567 0)
(0.201823 0.00346191 0)
(0.201819 0.00339886 0)
(0.201815 0.00333654 0)
(0.201811 0.00327493 0)
(0.201806 0.00321404 0)
(0.201802 0.00315384 0)
(0.201797 0.00309431 0)
(0.201793 0.00303543 0)
(0.201789 0.00297717 0)
(0.201784 0.00291949 0)
(0.20178 0.00286238 0)
(0.201776 0.00280578 0)
(0.201773 0.00274965 0)
(0.201769 0.00269397 0)
(0.201766 0.00263868 0)
(0.201763 0.00258374 0)
(0.201761 0.0025291 0)
(0.201758 0.00247472 0)
(0.201756 0.00242055 0)
(0.201754 0.00236655 0)
(0.201752 0.00231266 0)
(0.201751 0.00225885 0)
(0.20175 0.00220507 0)
(0.201749 0.00215127 0)
(0.201748 0.00209741 0)
(0.201747 0.00204345 0)
(0.201747 0.00198936 0)
(0.201746 0.0019351 0)
(0.201746 0.00188063 0)
(0.201746 0.00182594 0)
(0.201745 0.00177101 0)
(0.201745 0.00171582 0)
(0.201744 0.00166036 0)
(0.201744 0.00160463 0)
(0.201743 0.00154864 0)
(0.201742 0.00149241 0)
(0.20174 0.00143598 0)
(0.201738 0.00137938 0)
(0.201736 0.00132268 0)
(0.201732 0.00126595 0)
(0.201729 0.00120928 0)
(0.201724 0.00115279 0)
(0.201719 0.0010966 0)
(0.201712 0.00104088 0)
(0.201705 0.000985806 0)
(0.201697 0.000931574 0)
(0.201687 0.000878406 0)
(0.201676 0.00082654 0)
(0.201664 0.000776223 0)
(0.201651 0.000727706 0)
(0.201637 0.000681235 0)
(0.201622 0.000637047 0)
(0.201606 0.000595354 0)
(0.201589 0.000556346 0)
(0.201571 0.00052018 0)
(0.201553 0.000486983 0)
(0.201534 0.000456849 0)
(0.201515 0.000429847 0)
(0.201495 0.000406027 0)
(0.201476 0.000385425 0)
(0.201451 0.000368161 0)
(0.20006 0.00401601 0)
(0.200119 0.00413852 0)
(0.20018 0.00425337 0)
(0.200245 0.00435979 0)
(0.200315 0.00445688 0)
(0.200388 0.00454387 0)
(0.200463 0.0046202 0)
(0.20054 0.00468551 0)
(0.200617 0.00473964 0)
(0.200694 0.00478259 0)
(0.200769 0.00481456 0)
(0.200842 0.00483588 0)
(0.200913 0.00484703 0)
(0.20098 0.00484857 0)
(0.201043 0.00484117 0)
(0.201102 0.00482553 0)
(0.201157 0.00480239 0)
(0.201208 0.00477249 0)
(0.201253 0.00473657 0)
(0.201295 0.00469535 0)
(0.201332 0.00464948 0)
(0.201365 0.00459963 0)
(0.201394 0.00454635 0)
(0.201419 0.00449021 0)
(0.201441 0.00443167 0)
(0.20146 0.00437117 0)
(0.201476 0.0043091 0)
(0.201489 0.00424581 0)
(0.2015 0.00418159 0)
(0.201509 0.00411671 0)
(0.201516 0.00405139 0)
(0.201521 0.00398583 0)
(0.201525 0.0039202 0)
(0.201528 0.00385465 0)
(0.201529 0.00378928 0)
(0.20153 0.00372422 0)
(0.20153 0.00365953 0)
(0.201529 0.00359529 0)
(0.201527 0.00353155 0)
(0.201526 0.00346835 0)
(0.201523 0.00340573 0)
(0.201521 0.0033437 0)
(0.201518 0.00328229 0)
(0.201516 0.00322148 0)
(0.201513 0.00316129 0)
(0.20151 0.0031017 0)
(0.201507 0.00304269 0)
(0.201504 0.00298426 0)
(0.201501 0.00292637 0)
(0.201499 0.002869 0)
(0.201496 0.00281212 0)
(0.201494 0.0027557 0)
(0.201492 0.0026997 0)
(0.20149 0.00264409 0)
(0.201488 0.00258881 0)
(0.201486 0.00253384 0)
(0.201485 0.00247913 0)
(0.201483 0.00242464 0)
(0.201482 0.00237033 0)
(0.201481 0.00231614 0)
(0.201481 0.00226205 0)
(0.20148 0.002208 0)
(0.20148 0.00215396 0)
(0.201479 0.00209989 0)
(0.201479 0.00204575 0)
(0.201479 0.00199151 0)
(0.201479 0.00193714 0)
(0.201479 0.00188261 0)
(0.201479 0.00182789 0)
(0.201479 0.00177298 0)
(0.201479 0.00171785 0)
(0.201479 0.00166252 0)
(0.201479 0.00160697 0)
(0.201478 0.00155123 0)
(0.201477 0.00149532 0)
(0.201476 0.00143927 0)
(0.201475 0.00138313 0)
(0.201473 0.00132695 0)
(0.20147 0.00127083 0)
(0.201467 0.00121484 0)
(0.201464 0.0011591 0)
(0.201459 0.00110374 0)
(0.201454 0.00104891 0)
(0.201448 0.000994774 0)
(0.201441 0.000941521 0)
(0.201433 0.000889354 0)
(0.201425 0.00083849 0)
(0.201415 0.000789151 0)
(0.201404 0.000741566 0)
(0.201393 0.000695959 0)
(0.20138 0.000652545 0)
(0.201367 0.000611524 0)
(0.201353 0.000573073 0)
(0.201339 0.000537348 0)
(0.201324 0.000504476 0)
(0.201309 0.000474562 0)
(0.201293 0.000447686 0)
(0.201277 0.000423912 0)
(0.201261 0.000403288 0)
(0.201241 0.000385948 0)
(0.200071 0.00391901 0)
(0.200114 0.00403243 0)
(0.200158 0.00413918 0)
(0.200204 0.00423865 0)
(0.200254 0.00433015 0)
(0.200307 0.00441302 0)
(0.200361 0.00448679 0)
(0.200416 0.0045511 0)
(0.200472 0.00460576 0)
(0.200527 0.00465069 0)
(0.200582 0.00468596 0)
(0.200636 0.00471174 0)
(0.200688 0.00472832 0)
(0.200738 0.00473609 0)
(0.200785 0.00473551 0)
(0.20083 0.00472711 0)
(0.200872 0.00471143 0)
(0.20091 0.00468907 0)
(0.200946 0.00466062 0)
(0.200978 0.00462668 0)
(0.201008 0.00458783 0)
(0.201034 0.00454463 0)
(0.201058 0.00449762 0)
(0.201079 0.00444729 0)
(0.201097 0.00439411 0)
(0.201113 0.00433851 0)
(0.201127 0.00428089 0)
(0.201139 0.00422159 0)
(0.201149 0.00416094 0)
(0.201157 0.00409923 0)
(0.201164 0.00403671 0)
(0.20117 0.0039736 0)
(0.201174 0.0039101 0)
(0.201178 0.00384638 0)
(0.20118 0.00378259 0)
(0.201182 0.00371887 0)
(0.201183 0.00365531 0)
(0.201184 0.00359201 0)
(0.201184 0.00352904 0)
(0.201184 0.00346647 0)
(0.201183 0.00340434 0)
(0.201183 0.00334269 0)
(0.201182 0.00328156 0)
(0.201181 0.00322094 0)
(0.201179 0.00316087 0)
(0.201178 0.00310133 0)
(0.201177 0.00304233 0)
(0.201176 0.00298385 0)
(0.201174 0.00292587 0)
(0.201173 0.00286839 0)
(0.201172 0.00281137 0)
(0.201171 0.00275479 0)
(0.20117 0.00269861 0)
(0.201169 0.00264281 0)
(0.201169 0.00258734 0)
(0.201168 0.00253218 0)
(0.201168 0.00247728 0)
(0.201167 0.0024226 0)
(0.201167 0.00236811 0)
(0.201167 0.00231375 0)
(0.201167 0.00225951 0)
(0.201167 0.00220533 0)
(0.201168 0.00215117 0)
(0.201168 0.00209701 0)
(0.201168 0.00204281 0)
(0.201169 0.00198853 0)
(0.201169 0.00193416 0)
(0.20117 0.00187966 0)
(0.20117 0.00182502 0)
(0.201171 0.00177022 0)
(0.201171 0.00171526 0)
(0.201171 0.00166013 0)
(0.201171 0.00160485 0)
(0.201171 0.00154943 0)
(0.201171 0.00149389 0)
(0.20117 0.00143828 0)
(0.20117 0.00138264 0)
(0.201168 0.00132704 0)
(0.201167 0.00127155 0)
(0.201165 0.00121626 0)
(0.201162 0.00116129 0)
(0.201159 0.00110676 0)
(0.201155 0.00105281 0)
(0.201151 0.000999597 0)
(0.201146 0.000947305 0)
(0.20114 0.000896116 0)
(0.201134 0.00084623 0)
(0.201126 0.000797853 0)
(0.201118 0.000751194 0)
(0.20111 0.000706458 0)
(0.2011 0.000663845 0)
(0.201091 0.000623541 0)
(0.20108 0.000585715 0)
(0.201069 0.000550519 0)
(0.201058 0.000518081 0)
(0.201046 0.000488511 0)
(0.201034 0.000461897 0)
(0.201022 0.000438309 0)
(0.20101 0.000417802 0)
(0.200995 0.000400515 0)
(0.200057 0.00384485 0)
(0.200083 0.00395183 0)
(0.20011 0.00405283 0)
(0.200139 0.00414737 0)
(0.200169 0.00423488 0)
(0.200201 0.00431481 0)
(0.200235 0.00438671 0)
(0.200269 0.00445028 0)
(0.200303 0.00450528 0)
(0.200337 0.00455161 0)
(0.200372 0.00458924 0)
(0.200405 0.00461826 0)
(0.200438 0.00463885 0)
(0.20047 0.00465125 0)
(0.200501 0.0046558 0)
(0.20053 0.00465288 0)
(0.200557 0.00464293 0)
(0.200582 0.00462641 0)
(0.200606 0.00460381 0)
(0.200628 0.00457563 0)
(0.200648 0.00454238 0)
(0.200667 0.00450456 0)
(0.200683 0.00446264 0)
(0.200698 0.00441709 0)
(0.200712 0.00436836 0)
(0.200724 0.00431686 0)
(0.200735 0.00426298 0)
(0.200744 0.00420708 0)
(0.200752 0.00414949 0)
(0.200759 0.0040905 0)
(0.200766 0.0040304 0)
(0.200771 0.00396942 0)
(0.200776 0.00390778 0)
(0.20078 0.00384568 0)
(0.200783 0.00378328 0)
(0.200786 0.00372073 0)
(0.200788 0.00365816 0)
(0.20079 0.00359569 0)
(0.200792 0.0035334 0)
(0.200794 0.00347137 0)
(0.200795 0.00340966 0)
(0.200796 0.00334834 0)
(0.200797 0.00328743 0)
(0.200797 0.00322696 0)
(0.200798 0.00316697 0)
(0.200799 0.00310745 0)
(0.200799 0.00304841 0)
(0.2008 0.00298986 0)
(0.2008 0.00293177 0)
(0.200801 0.00287415 0)
(0.200801 0.00281696 0)
(0.200802 0.00276019 0)
(0.200802 0.00270382 0)
(0.200803 0.0026478 0)
(0.200804 0.00259212 0)
(0.200805 0.00253674 0)
(0.200805 0.00248162 0)
(0.200806 0.00242672 0)
(0.200807 0.00237202 0)
(0.200808 0.00231747 0)
(0.200809 0.00226303 0)
(0.20081 0.00220867 0)
(0.200811 0.00215436 0)
(0.200813 0.00210006 0)
(0.200814 0.00204574 0)
(0.200815 0.00199137 0)
(0.200816 0.00193693 0)
(0.200817 0.00188239 0)
(0.200818 0.00182775 0)
(0.200819 0.00177298 0)
(0.20082 0.00171808 0)
(0.200821 0.00166305 0)
(0.200822 0.00160791 0)
(0.200823 0.00155268 0)
(0.200823 0.00149737 0)
(0.200823 0.00144204 0)
(0.200824 0.00138673 0)
(0.200823 0.0013315 0)
(0.200823 0.00127643 0)
(0.200822 0.00122162 0)
(0.200821 0.00116717 0)
(0.200819 0.0011132 0)
(0.200817 0.00105985 0)
(0.200815 0.00100727 0)
(0.200812 0.000955628 0)
(0.200809 0.000905097 0)
(0.200805 0.000855866 0)
(0.200801 0.000808126 0)
(0.200796 0.000762072 0)
(0.200791 0.000717897 0)
(0.200785 0.000675788 0)
(0.200779 0.000635921 0)
(0.200773 0.000598461 0)
(0.200766 0.000563554 0)
(0.200759 0.000531331 0)
(0.200752 0.000501902 0)
(0.200744 0.000475361 0)
(0.200736 0.000451782 0)
(0.200729 0.000431225 0)
(0.200719 0.000413837 0)
(0.200021 0.00380092 0)
(0.200031 0.00390384 0)
(0.200041 0.0040011 0)
(0.200051 0.0040923 0)
(0.200062 0.00417692 0)
(0.200074 0.00425447 0)
(0.200086 0.00432453 0)
(0.200099 0.00438683 0)
(0.200112 0.00444114 0)
(0.200126 0.00448733 0)
(0.200139 0.00452536 0)
(0.200153 0.00455527 0)
(0.200166 0.00457719 0)
(0.200179 0.00459131 0)
(0.200192 0.00459791 0)
(0.200204 0.00459729 0)
(0.200217 0.00458984 0)
(0.200228 0.00457595 0)
(0.200239 0.00455607 0)
(0.20025 0.00453064 0)
(0.20026 0.00450012 0)
(0.20027 0.00446496 0)
(0.200279 0.00442563 0)
(0.200287 0.00438257 0)
(0.200295 0.00433619 0)
(0.200303 0.00428691 0)
(0.20031 0.0042351 0)
(0.200316 0.00418111 0)
(0.200323 0.00412529 0)
(0.200329 0.00406793 0)
(0.200334 0.0040093 0)
(0.20034 0.00394966 0)
(0.200345 0.00388923 0)
(0.200349 0.00382822 0)
(0.200354 0.0037668 0)
(0.200358 0.00370513 0)
(0.200362 0.00364335 0)
(0.200366 0.00358157 0)
(0.20037 0.0035199 0)
(0.200374 0.00345841 0)
(0.200377 0.0033972 0)
(0.200381 0.0033363 0)
(0.200384 0.00327577 0)
(0.200387 0.00321563 0)
(0.200391 0.00315593 0)
(0.200394 0.00309667 0)
(0.200397 0.00303786 0)
(0.2004 0.00297951 0)
(0.200403 0.0029216 0)
(0.200406 0.00286413 0)
(0.200409 0.00280709 0)
(0.200412 0.00275045 0)
(0.200415 0.00269419 0)
(0.200418 0.00263828 0)
(0.20042 0.0025827 0)
(0.200423 0.00252741 0)
(0.200426 0.00247239 0)
(0.200429 0.00241758 0)
(0.200432 0.00236297 0)
(0.200435 0.00230852 0)
(0.200437 0.00225419 0)
(0.20044 0.00219994 0)
(0.200443 0.00214574 0)
(0.200446 0.00209157 0)
(0.200448 0.00203739 0)
(0.200451 0.00198318 0)
(0.200454 0.0019289 0)
(0.200456 0.00187455 0)
(0.200459 0.00182011 0)
(0.200461 0.00176556 0)
(0.200464 0.00171091 0)
(0.200466 0.00165617 0)
(0.200468 0.00160133 0)
(0.20047 0.00154642 0)
(0.200472 0.00149147 0)
(0.200474 0.00143653 0)
(0.200476 0.00138164 0)
(0.200478 0.00132687 0)
(0.200479 0.00127229 0)
(0.200481 0.001218 0)
(0.200482 0.0011641 0)
(0.200483 0.00111072 0)
(0.200484 0.00105798 0)
(0.200484 0.00100603 0)
(0.200485 0.000955029 0)
(0.200485 0.000905154 0)
(0.200485 0.000856579 0)
(0.200484 0.000809489 0)
(0.200484 0.00076407 0)
(0.200483 0.000720507 0)
(0.200482 0.000678978 0)
(0.200481 0.000639655 0)
(0.200479 0.000602696 0)
(0.200477 0.000568247 0)
(0.200476 0.000536436 0)
(0.200474 0.000507373 0)
(0.200471 0.000481152 0)
(0.200469 0.000457849 0)
(0.200467 0.000437519 0)
(0.200464 0.0004203 0)
(0.199973 1.38295e-05 0)
(0.199887 3.30968e-05 0)
(0.199742 5.77615e-05 0)
(0.199546 8.81542e-05 0)
(0.199302 0.000124963 0)
(0.199005 0.000169323 0)
(0.19865 0.00022303 0)
(0.198225 0.000288907 0)
(0.197715 0.000371536 0)
(0.197089 0.000478816 0)
(0.1963 0.00062568 0)
(0.195253 0.000844456 0)
(0.193732 0.0012215 0)
(0.191144 0.00209171 0)
(0.190206 0.00489645 0)
(0.199974 2.91098e-05 0)
(0.199889 6.32741e-05 0)
(0.199746 0.000103375 0)
(0.199552 0.000150406 0)
(0.199309 0.000205852 0)
(0.199015 0.000271915 0)
(0.198664 0.000351905 0)
(0.198246 0.000450945 0)
(0.197744 0.000577354 0)
(0.197133 0.000745603 0)
(0.196372 0.000983283 0)
(0.195388 0.00134992 0)
(0.194056 0.00199731 0)
(0.192218 0.00342314 0)
(0.191633 0.00735526 0)
(0.199974 4.22134e-05 0)
(0.199891 8.81187e-05 0)
(0.19975 0.000140062 0)
(0.199558 0.000199731 0)
(0.199319 0.000269255 0)
(0.199029 0.000351672 0)
(0.198684 0.000451431 0)
(0.198275 0.000575331 0)
(0.197787 0.000734337 0)
(0.197199 0.000947321 0)
(0.19648 0.00124943 0)
(0.195584 0.00171263 0)
(0.194467 0.00249943 0)
(0.193196 0.00400181 0)
(0.192861 0.00708821 0)
(0.199975 5.51303e-05 0)
(0.199894 0.00011304 0)
(0.199755 0.000177237 0)
(0.199566 0.000250079 0)
(0.19933 0.000334297 0)
(0.199047 0.000433701 0)
(0.19871 0.000553793 0)
(0.198312 0.000702859 0)
(0.197842 0.000894046 0)
(0.197284 0.00114942 0)
(0.196617 0.0015083 0)
(0.195821 0.00204506 0)
(0.194907 0.00290471 0)
(0.194018 0.00435052 0)
(0.19386 0.00671149 0)
(0.199975 6.82619e-05 0)
(0.199896 0.000138664 0)
(0.19976 0.000215547 0)
(0.199574 0.000301927 0)
(0.199344 0.000401109 0)
(0.199067 0.000517618 0)
(0.19874 0.000657883 0)
(0.198356 0.000831416 0)
(0.197908 0.00105296 0)
(0.197384 0.00134643 0)
(0.196776 0.00175213 0)
(0.196084 0.00233959 0)
(0.195351 0.00322525 0)
(0.194736 0.00457112 0)
(0.194707 0.00646725 0)
(0.199976 8.15543e-05 0)
(0.199898 0.000164709 0)
(0.199765 0.000254451 0)
(0.199584 0.000354452 0)
(0.19936 0.000468568 0)
(0.199091 0.000601951 0)
(0.198775 0.000761788 0)
(0.198407 0.000958489 0)
(0.197984 0.00120772 0)
(0.1975 0.00153384 0)
(0.196954 0.00197536 0)
(0.196363 0.00259242 0)
(0.195786 0.0034709 0)
(0.19537 0.00469946 0)
(0.19543 0.00626201 0)
(0.199977 9.4972e-05 0)
(0.199901 0.000191071 0)
(0.199771 0.000293812 0)
(0.199595 0.000407486 0)
(0.199377 0.000536452 0)
(0.199118 0.000686375 0)
(0.198815 0.000865005 0)
(0.198466 0.00108328 0)
(0.19807 0.00135711 0)
(0.197627 0.00171003 0)
(0.197145 0.00217673 0)
(0.196649 0.00280582 0)
(0.196203 0.00365552 0)
(0.195932 0.00476489 0)
(0.19605 0.00607469 0)
(0.199977 0.000108484 0)
(0.199904 0.000217667 0)
(0.199778 0.000333497 0)
(0.199607 0.000460819 0)
(0.199397 0.000604431 0)
(0.199148 0.000770386 0)
(0.198859 0.000966777 0)
(0.198531 0.0012047 0)
(0.198165 0.00149965 0)
(0.197765 0.00187337 0)
(0.197344 0.00235542 0)
(0.196935 0.00298261 0)
(0.196598 0.00379046 0)
(0.196433 0.00478674 0)
(0.196587 0.00590001 0)
(0.199978 0.000122053 0)
(0.199907 0.000244398 0)
(0.199785 0.000373336 0)
(0.199621 0.000514191 0)
(0.199419 0.000672118 0)
(0.199181 0.000853426 0)
(0.198908 0.00106633 0)
(0.198602 0.00132171 0)
(0.198267 0.00163412 0)
(0.19791 0.00202275 0)
(0.197548 0.00251151 0)
(0.197216 0.00312626 0)
(0.196967 0.00388519 0)
(0.196881 0.00477785 0)
(0.197056 0.00573453 0)
(0.199979 0.000135631 0)
(0.199911 0.000271152 0)
(0.199793 0.000413144 0)
(0.199636 0.000567324 0)
(0.199443 0.000739114 0)
(0.199217 0.000934941 0)
(0.198961 0.00116292 0)
(0.198678 0.0014334 0)
(0.198374 0.00175956 0)
(0.198059 0.00215758 0)
(0.197753 0.00264573 0)
(0.197488 0.00324048 0)
(0.197311 0.00394757 0)
(0.197282 0.00474696 0)
(0.197468 0.0055764 0)
(0.19998 0.000149167 0)
(0.199914 0.000297811 0)
(0.199802 0.000452723 0)
(0.199652 0.000619925 0)
(0.199468 0.00080501 0)
(0.199256 0.00101438 0)
(0.199018 0.00125585 0)
(0.198759 0.00153897 0)
(0.198485 0.00187523 0)
(0.198211 0.00227767 0)
(0.197956 0.00275928 0)
(0.197748 0.00332892 0)
(0.197629 0.00398396 0)
(0.197641 0.0047003 0)
(0.197832 0.00542475 0)
(0.199981 0.0001626 0)
(0.199918 0.000324245 0)
(0.199811 0.000491863 0)
(0.199669 0.000671693 0)
(0.199496 0.000869393 0)
(0.199297 0.00109121 0)
(0.199078 0.00134449 0)
(0.198842 0.00163777 0)
(0.1986 0.00198068 0)
(0.198364 0.00238318 0)
(0.198154 0.00285363 0)
(0.197996 0.00339505 0)
(0.197922 0.00399956 0)
(0.197963 0.00464237 0)
(0.198153 0.0052792 0)
(0.199982 0.000175868 0)
(0.199922 0.000350319 0)
(0.199821 0.000530349 0)
(0.199686 0.000722319 0)
(0.199525 0.000931858 0)
(0.199341 0.00116494 0)
(0.199139 0.00142828 0)
(0.198928 0.00172929 0)
(0.198715 0.00207569 0)
(0.198514 0.00247457 0)
(0.198344 0.00293042 0)
(0.198228 0.00344203 0)
(0.19819 0.0039986 0)
(0.198252 0.00457653 0)
(0.198437 0.00513956 0)
(0.199983 0.000188904 0)
(0.199927 0.000375893 0)
(0.199831 0.00056796 0)
(0.199705 0.000771499 0)
(0.199555 0.000992017 0)
(0.199386 0.00123511 0)
(0.199203 0.00150677 0)
(0.199014 0.00181319 0)
(0.198829 0.00216026 0)
(0.198661 0.00255251 0)
(0.198527 0.00299137 0)
(0.198445 0.00347275 0)
(0.198434 0.00398454 0)
(0.19851 0.00450534 0)
(0.198688 0.00500578 0)
(0.199984 0.000201638 0)
(0.199931 0.000400823 0)
(0.199842 0.000604475 0)
(0.199725 0.000818938 0)
(0.199586 0.00104951 0)
(0.199431 0.00130133 0)
(0.199267 0.00157959 0)
(0.199101 0.00188928 0)
(0.198942 0.00223457 0)
(0.198804 0.00261785 0)
(0.198699 0.0030382 0)
(0.198645 0.00348976 0)
(0.198656 0.00396023 0)
(0.198741 0.00443079 0)
(0.19891 0.00487783 0)
(0.199985 0.000213999 0)
(0.199936 0.000424968 0)
(0.199853 0.00063968 0)
(0.199745 0.000864355 0)
(0.199618 0.00110401 0)
(0.199478 0.00136326 0)
(0.199331 0.00164649 0)
(0.199186 0.00195751 0)
(0.199052 0.00229899 0)
(0.198939 0.00267154 0)
(0.198861 0.00307261 0)
(0.19883 0.00349536 0)
(0.198856 0.00392803 0)
(0.198946 0.00435443 0)
(0.199105 0.00475571 0)
(0.199986 0.000225918 0)
(0.199941 0.000448188 0)
(0.199864 0.000673373 0)
(0.199765 0.000907496 0)
(0.19965 0.00115523 0)
(0.199524 0.00142065 0)
(0.199395 0.00170732 0)
(0.19927 0.00201797 0)
(0.199158 0.00235398 0)
(0.199068 0.00271459 0)
(0.199012 0.00309618 0)
(0.198998 0.00349156 0)
(0.199036 0.00388989 0)
(0.199127 0.00427752 0)
(0.199277 0.00463945 0)
(0.199987 0.000237328 0)
(0.199945 0.000470349 0)
(0.199876 0.00070536 0)
(0.199786 0.000948131 0)
(0.199682 0.00120295 0)
(0.19957 0.00147333 0)
(0.199457 0.00176205 0)
(0.199351 0.00207089 0)
(0.199258 0.00240016 0)
(0.199188 0.00274811 0)
(0.19915 0.00311048 0)
(0.199151 0.00348018 0)
(0.199196 0.00384751 0)
(0.199287 0.00420111 0)
(0.199426 0.00452909 0)
(0.199988 0.000248171 0)
(0.19995 0.000491333 0)
(0.199887 0.000735474 0)
(0.199806 0.000986057 0)
(0.199713 0.00124697 0)
(0.199615 0.00152115 0)
(0.199518 0.00181068 0)
(0.199428 0.00211652 0)
(0.199353 0.00243812 0)
(0.1993 0.00277307 0)
(0.199277 0.00311683 0)
(0.199288 0.0034627 0)
(0.199338 0.0038022 0)
(0.199426 0.00412596 0)
(0.199555 0.00442466 0)
(0.199989 0.000258387 0)
(0.199955 0.000511063 0)
(0.199898 0.000763641 0)
(0.199826 0.00102123 0)
(0.199744 0.00128731 0)
(0.199659 0.00156427 0)
(0.199575 0.00185358 0)
(0.199501 0.00215548 0)
(0.199441 0.00246882 0)
(0.199403 0.00279078 0)
(0.199391 0.00311679 0)
(0.199411 0.0034407 0)
(0.199463 0.00375524 0)
(0.199548 0.00405279 0)
(0.199666 0.00432608 0)
(0.199991 0.000269502 0)
(0.199961 0.000532537 0)
(0.199912 0.000794164 0)
(0.199849 0.00105904 0)
(0.19978 0.00133013 0)
(0.199708 0.00160927 0)
(0.199641 0.00189724 0)
(0.199582 0.00219369 0)
(0.199539 0.00249693 0)
(0.199515 0.00280394 0)
(0.199514 0.00311035 0)
(0.19954 0.00341078 0)
(0.199593 0.00369925 0)
(0.199672 0.00396987 0)
(0.199778 0.00421724 0)
(0.199992 0.000281425 0)
(0.199967 0.000555432 0)
(0.199926 0.000826377 0)
(0.199875 0.00109837 0)
(0.199819 0.00137382 0)
(0.199763 0.00165397 0)
(0.199711 0.00193901 0)
(0.199668 0.00222805 0)
(0.199639 0.00251913 0)
(0.199627 0.00280925 0)
(0.199635 0.00309453 0)
(0.199664 0.00337055 0)
(0.199715 0.00363273 0)
(0.199786 0.00387682 0)
(0.199878 0.00409909 0)
(0.199994 0.000292412 0)
(0.199974 0.000576394 0)
(0.199941 0.000855582 0)
(0.199901 0.00113352 0)
(0.199858 0.0014121 0)
(0.199815 0.00169205 0)
(0.199778 0.0019731 0)
(0.199748 0.00225406 0)
(0.199731 0.00253288 0)
(0.199728 0.0028068 0)
(0.199741 0.00307255 0)
(0.199771 0.00332665 0)
(0.199817 0.00356574 0)
(0.199878 0.00378689 0)
(0.199954 0.00398765 0)
(0.199995 0.000302062 0)
(0.19998 0.000594706 0)
(0.199956 0.000880841 0)
(0.199926 0.00116345 0)
(0.199894 0.00144398 0)
(0.199864 0.00172274 0)
(0.199838 0.00199915 0)
(0.19982 0.00227188 0)
(0.199811 0.00253899 0)
(0.199814 0.00279807 0)
(0.199828 0.0030465 0)
(0.199856 0.00328166 0)
(0.199895 0.00350119 0)
(0.199945 0.00370318 0)
(0.200006 0.00388612 0)
(0.199997 0.00030999 0)
(0.199986 0.000609667 0)
(0.199969 0.000901269 0)
(0.199949 0.00118728 0)
(0.199927 0.00146877 0)
(0.199908 0.00174574 0)
(0.199892 0.00201747 0)
(0.199882 0.00228262 0)
(0.199878 0.00253942 0)
(0.199883 0.00278585 0)
(0.199897 0.00301989 0)
(0.199919 0.00323961 0)
(0.199949 0.00344343 0)
(0.199987 0.00363019 0)
(0.200031 0.00379903 0)
(0.199998 0.000315795 0)
(0.199992 0.000620577 0)
(0.199982 0.000916027 0)
(0.19997 0.00120424 0)
(0.199958 0.00148598 0)
(0.199947 0.00176111 0)
(0.199938 0.0020288 0)
(0.199933 0.00228778 0)
(0.199933 0.00253649 0)
(0.199937 0.00277327 0)
(0.199947 0.00299653 0)
(0.199962 0.00320489 0)
(0.199981 0.0033973 0)
(0.200005 0.00357312 0)
(0.200033 0.0037319 0)
(0.199999 0.000319006 0)
(0.199997 0.00062662 0)
(0.199994 0.0009242 0)
(0.19999 0.0012136 0)
(0.199986 0.00149543 0)
(0.199982 0.00176943 0)
(0.199979 0.00203475 0)
(0.199977 0.00229016 0)
(0.199977 0.00253421 0)
(0.199979 0.00276544 0)
(0.199982 0.00298251 0)
(0.199987 0.00318432 0)
(0.199994 0.00337012 0)
(0.200003 0.0035395 0)
(0.200013 0.00369229 0)
)
;

boundaryField
{
    top
    {
        type            zeroGradient;
    }
    inlet
    {
        type            fixedValue;
        value           uniform (0.2 0 0);
    }
    outlet
    {
        type            zeroGradient;
    }
    plate
    {
        type            fixedValue;
        value           uniform (0 0 0);
    }
    symmBound
    {
        type            zeroGradient;
    }
    frontAndBack
    {
        type            empty;
    }
}


// ************************************************************************* //
