/*--------------------------------*- C++ -*----------------------------------*\
| =========                 |                                                 |
| \\      /  F ield         | OpenFOAM: The Open Source CFD Toolbox           |
|  \\    /   O peration     | Version:  2.3.0                                 |
|   \\  /    A nd           | Web:      www.OpenFOAM.org                      |
|    \\/     M anipulation  |                                                 |
\*---------------------------------------------------------------------------*/
FoamFile
{
    version     2.0;
    format      ascii;
    class       volVectorField;
    location    "0.6";
    object      U_0;
}
// * * * * * * * * * * * * * * * * * * * * * * * * * * * * * * * * * * * * * //

dimensions      [0 1 -1 0 0 0 0];

internalField   nonuniform List<vector> 
3105
(
(0.176798 0.00434428 0)
(0.156089 0.00594953 0)
(0.137393 0.00612136 0)
(0.119258 0.00553029 0)
(0.101768 0.00473128 0)
(0.0857235 0.00384838 0)
(0.0721615 0.00288935 0)
(0.0615016 0.00187653 0)
(0.0535727 0.000988344 0)
(0.0478499 0.000380566 0)
(0.0437671 5.37482e-05 0)
(0.0408507 -8.08076e-05 0)
(0.038719 -0.000107189 0)
(0.0370873 -8.24941e-05 0)
(0.0357521 -3.90118e-05 0)
(0.0345841 4.17448e-06 0)
(0.0335123 3.76333e-05 0)
(0.0325037 5.92207e-05 0)
(0.0315473 7.06529e-05 0)
(0.0306413 7.48336e-05 0)
(0.0297867 7.44799e-05 0)
(0.028984 7.1648e-05 0)
(0.0282321 6.76991e-05 0)
(0.0275288 6.34337e-05 0)
(0.0268706 5.92803e-05 0)
(0.0262538 5.54233e-05 0)
(0.0256747 5.19191e-05 0)
(0.0251295 4.87555e-05 0)
(0.024615 4.58988e-05 0)
(0.0241282 4.33086e-05 0)
(0.0236666 4.0945e-05 0)
(0.023228 3.87787e-05 0)
(0.0228105 3.67778e-05 0)
(0.0224123 3.4927e-05 0)
(0.0220322 3.32014e-05 0)
(0.0216688 3.15951e-05 0)
(0.0213209 3.00883e-05 0)
(0.0209876 2.86795e-05 0)
(0.0206679 2.73537e-05 0)
(0.020361 2.61103e-05 0)
(0.0200661 2.49383e-05 0)
(0.0197825 2.38368e-05 0)
(0.0195097 2.27966e-05 0)
(0.0192469 2.18185e-05 0)
(0.0189938 2.08915e-05 0)
(0.0187495 2.00213e-05 0)
(0.018514 1.91918e-05 0)
(0.0182864 1.84156e-05 0)
(0.0180667 1.76706e-05 0)
(0.0178542 1.69754e-05 0)
(0.0176489 1.63042e-05 0)
(0.01745 1.56789e-05 0)
(0.0172578 1.50719e-05 0)
(0.0170714 1.45075e-05 0)
(0.0168911 1.39559e-05 0)
(0.0167161 1.34456e-05 0)
(0.0165468 1.29413e-05 0)
(0.0163822 1.24792e-05 0)
(0.016223 1.20153e-05 0)
(0.0160681 1.15963e-05 0)
(0.0159184 1.11677e-05 0)
(0.0157723 1.07859e-05 0)
(0.0156314 1.03896e-05 0)
(0.0154937 1.00396e-05 0)
(0.015361 9.67254e-06 0)
(0.015231 9.35095e-06 0)
(0.0151061 9.00825e-06 0)
(0.0149834 8.71448e-06 0)
(0.0148658 8.39093e-06 0)
(0.01475 8.12375e-06 0)
(0.0146394 7.81681e-06 0)
(0.01453 7.57275e-06 0)
(0.0144262 7.28309e-06 0)
(0.0143229 7.05775e-06 0)
(0.0142255 6.78478e-06 0)
(0.014128 6.57741e-06 0)
(0.0140369 6.31857e-06 0)
(0.0139448 6.13106e-06 0)
(0.0138598 5.87906e-06 0)
(0.0137729 5.71835e-06 0)
(0.0136938 5.46724e-06 0)
(0.0136117 5.3341e-06 0)
(0.0135384 5.08617e-06 0)
(0.0134608 4.97822e-06 0)
(0.0133932 4.7341e-06 0)
(0.0133198 4.66067e-06 0)
(0.0132577 4.40104e-06 0)
(0.013188 4.38435e-06 0)
(0.0131315 4.09777e-06 0)
(0.0130648 4.14769e-06 0)
(0.0130138 3.82825e-06 0)
(0.0129493 3.96461e-06 0)
(0.0129039 3.59709e-06 0)
(0.0128405 3.85195e-06 0)
(0.0128009 3.40126e-06 0)
(0.0127366 3.83309e-06 0)
(0.0127036 3.26233e-06 0)
(0.0126352 3.91364e-06 0)
(0.0126116 3.1446e-06 0)
(0.0125304 4.55219e-06 0)
(0.192276 0.00771205 0)
(0.1904 0.0107978 0)
(0.187823 0.0118833 0)
(0.183964 0.0117267 0)
(0.178527 0.0110933 0)
(0.17169 0.0102044 0)
(0.164065 0.00905834 0)
(0.156147 0.00765068 0)
(0.148319 0.00613207 0)
(0.140814 0.00472049 0)
(0.133764 0.00355842 0)
(0.12727 0.00267714 0)
(0.121375 0.00204263 0)
(0.116088 0.00160803 0)
(0.111363 0.00132172 0)
(0.107131 0.00113487 0)
(0.103319 0.00100841 0)
(0.0998644 0.000915922 0)
(0.0967118 0.00084174 0)
(0.0938183 0.000777639 0)
(0.0911496 0.000719797 0)
(0.0886774 0.00066672 0)
(0.086379 0.000617975 0)
(0.0842351 0.000573459 0)
(0.0822295 0.000533098 0)
(0.0803477 0.000496692 0)
(0.0785777 0.000463946 0)
(0.0769085 0.000434482 0)
(0.0753308 0.000407913 0)
(0.0738363 0.000383865 0)
(0.0724178 0.000361998 0)
(0.071069 0.000342028 0)
(0.0697845 0.000323693 0)
(0.0685591 0.000306806 0)
(0.0673888 0.000291174 0)
(0.0662694 0.00027668 0)
(0.0651979 0.00026318 0)
(0.0641705 0.000250599 0)
(0.0631851 0.00023883 0)
(0.0622385 0.000227818 0)
(0.061329 0.000217486 0)
(0.0604537 0.000207788 0)
(0.0596113 0.000198663 0)
(0.0587994 0.00019008 0)
(0.0580171 0.000181978 0)
(0.0572619 0.000174346 0)
(0.0565335 0.000167116 0)
(0.0558292 0.000160302 0)
(0.0551493 0.000153819 0)
(0.0544912 0.000147706 0)
(0.0538553 0.000141869 0)
(0.0532389 0.000136359 0)
(0.0526432 0.000131082 0)
(0.052065 0.000126095 0)
(0.051506 0.000121301 0)
(0.0509628 0.000116771 0)
(0.0504376 0.000112396 0)
(0.0499265 0.000108268 0)
(0.0494327 0.000104254 0)
(0.0489514 0.00010048 0)
(0.0484866 9.67831e-05 0)
(0.0480329 9.33167e-05 0)
(0.0475953 8.99017e-05 0)
(0.0471674 8.6702e-05 0)
(0.0467554 8.3538e-05 0)
(0.0463515 8.05743e-05 0)
(0.0459637 7.76268e-05 0)
(0.0455825 7.48791e-05 0)
(0.0452176 7.21163e-05 0)
(0.0448577 6.95649e-05 0)
(0.0445149 6.69649e-05 0)
(0.0441752 6.45855e-05 0)
(0.0438534 6.21392e-05 0)
(0.0435329 5.99064e-05 0)
(0.0432315 5.7602e-05 0)
(0.0429292 5.55035e-05 0)
(0.0426477 5.33255e-05 0)
(0.0423627 5.13593e-05 0)
(0.0421006 4.92785e-05 0)
(0.0418321 4.74597e-05 0)
(0.0415891 4.54539e-05 0)
(0.0413361 4.37799e-05 0)
(0.0411119 4.18541e-05 0)
(0.0408736 4.03142e-05 0)
(0.040668 3.84704e-05 0)
(0.0404433 3.7092e-05 0)
(0.0402563 3.52736e-05 0)
(0.0400439 3.41255e-05 0)
(0.0398755 3.2305e-05 0)
(0.0396737 3.14176e-05 0)
(0.0395244 2.9594e-05 0)
(0.0393308 2.90262e-05 0)
(0.0392012 2.71822e-05 0)
(0.0390122 2.7023e-05 0)
(0.0389039 2.51133e-05 0)
(0.0387141 2.55021e-05 0)
(0.0386302 2.35628e-05 0)
(0.0384298 2.45041e-05 0)
(0.0383785 2.26485e-05 0)
(0.0381492 2.50637e-05 0)
(0.193246 0.00742826 0)
(0.193603 0.010027 0)
(0.194595 0.0116165 0)
(0.19564 0.0121297 0)
(0.196083 0.0120306 0)
(0.195597 0.0115955 0)
(0.194181 0.010865 0)
(0.191959 0.00986 0)
(0.189087 0.00868558 0)
(0.185729 0.00750579 0)
(0.182033 0.00645308 0)
(0.178145 0.00558195 0)
(0.174188 0.00488233 0)
(0.170259 0.00432583 0)
(0.166408 0.00387947 0)
(0.162659 0.00351356 0)
(0.15902 0.00320501 0)
(0.155494 0.00293782 0)
(0.152083 0.00270169 0)
(0.148788 0.00249028 0)
(0.145609 0.00229965 0)
(0.142546 0.00212724 0)
(0.1396 0.00197126 0)
(0.136768 0.00183027 0)
(0.134049 0.00170297 0)
(0.13144 0.00158807 0)
(0.128937 0.00148433 0)
(0.126537 0.00139054 0)
(0.124235 0.00130555 0)
(0.122027 0.00122832 0)
(0.119908 0.00115792 0)
(0.117874 0.00109354 0)
(0.11592 0.00103444 0)
(0.114042 0.000980047 0)
(0.112237 0.000929792 0)
(0.110499 0.000883264 0)
(0.108826 0.000840036 0)
(0.107213 0.000799809 0)
(0.105659 0.000762266 0)
(0.10416 0.000727178 0)
(0.102713 0.000694312 0)
(0.101315 0.000663483 0)
(0.0999646 0.000634511 0)
(0.0986585 0.000607255 0)
(0.097396 0.000581558 0)
(0.0961734 0.000557329 0)
(0.0949907 0.000534408 0)
(0.093844 0.000512759 0)
(0.0927343 0.000492211 0)
(0.0916571 0.00047277 0)
(0.0906143 0.000454265 0)
(0.0896008 0.000436722 0)
(0.0886195 0.000419982 0)
(0.0876648 0.000404084 0)
(0.0867404 0.000388873 0)
(0.0858399 0.000374407 0)
(0.0849684 0.00036052 0)
(0.0841182 0.000347308 0)
(0.0832959 0.000334575 0)
(0.0824925 0.000322461 0)
(0.0817163 0.000310738 0)
(0.0809566 0.000299581 0)
(0.0802239 0.000288753 0)
(0.0795052 0.000278429 0)
(0.0788135 0.000268394 0)
(0.0781333 0.000258804 0)
(0.0774806 0.000249461 0)
(0.0768368 0.00024053 0)
(0.0762214 0.000231787 0)
(0.075612 0.000223446 0)
(0.0750325 0.000215235 0)
(0.0744557 0.00020741 0)
(0.073911 0.000199691 0)
(0.0733653 0.00019231 0)
(0.0728542 0.000185041 0)
(0.0723383 0.000178059 0)
(0.0718602 0.000171196 0)
(0.0713726 0.00016459 0)
(0.0709269 0.000158068 0)
(0.0704663 0.000151848 0)
(0.0700527 0.000145619 0)
(0.0696177 0.000139766 0)
(0.0692361 0.000133837 0)
(0.0688253 0.000128319 0)
(0.0684756 0.000122695 0)
(0.0680873 0.000117548 0)
(0.0677699 0.000112146 0)
(0.0674019 0.000107475 0)
(0.0671176 0.000102272 0)
(0.0667669 9.81108e-05 0)
(0.066517 9.316e-05 0)
(0.0661795 8.95726e-05 0)
(0.0659661 8.4936e-05 0)
(0.0656358 8.20076e-05 0)
(0.0654626 7.77779e-05 0)
(0.0651303 7.56108e-05 0)
(0.0650035 7.21422e-05 0)
(0.064655 7.05954e-05 0)
(0.0645851 6.84232e-05 0)
(0.0642 6.87581e-05 0)
(0.194246 0.00700893 0)
(0.194574 0.00887599 0)
(0.195581 0.0103769 0)
(0.197121 0.0111323 0)
(0.198713 0.0112865 0)
(0.199978 0.011075 0)
(0.200754 0.0106048 0)
(0.201013 0.00992106 0)
(0.200773 0.00908914 0)
(0.200075 0.00821306 0)
(0.198982 0.00739478 0)
(0.197581 0.00669279 0)
(0.19596 0.00611665 0)
(0.194194 0.00564556 0)
(0.192333 0.00525351 0)
(0.190401 0.00491881 0)
(0.188414 0.00462536 0)
(0.186378 0.00436183 0)
(0.184301 0.00412059 0)
(0.182188 0.00389674 0)
(0.180048 0.00368729 0)
(0.177888 0.00349051 0)
(0.175715 0.0033054 0)
(0.173538 0.00313136 0)
(0.171364 0.00296794 0)
(0.169198 0.00281464 0)
(0.167047 0.002671 0)
(0.164916 0.00253643 0)
(0.162809 0.00241039 0)
(0.16073 0.00229228 0)
(0.158682 0.00218156 0)
(0.156666 0.0020777 0)
(0.154686 0.00198019 0)
(0.152743 0.0018886 0)
(0.150838 0.00180246 0)
(0.148971 0.00172142 0)
(0.147144 0.00164509 0)
(0.145356 0.00157316 0)
(0.143609 0.0015053 0)
(0.1419 0.00144124 0)
(0.140232 0.00138072 0)
(0.138601 0.00132349 0)
(0.13701 0.00126933 0)
(0.135455 0.00121803 0)
(0.13394 0.0011694 0)
(0.132458 0.00112327 0)
(0.131015 0.00107945 0)
(0.129604 0.00103783 0)
(0.12823 0.000998198 0)
(0.126886 0.000960503 0)
(0.125578 0.000924545 0)
(0.124298 0.000890281 0)
(0.123053 0.000857542 0)
(0.121835 0.000826285 0)
(0.12065 0.000796369 0)
(0.119489 0.000767759 0)
(0.118362 0.000740318 0)
(0.117255 0.000714043 0)
(0.116183 0.000688778 0)
(0.115129 0.000664561 0)
(0.114109 0.000641219 0)
(0.113104 0.000618807 0)
(0.112135 0.000597179 0)
(0.111177 0.000576347 0)
(0.110256 0.000556246 0)
(0.109344 0.000536808 0)
(0.10847 0.000518051 0)
(0.107601 0.000499864 0)
(0.106771 0.000482285 0)
(0.105944 0.000465212 0)
(0.105159 0.000448687 0)
(0.104371 0.000432588 0)
(0.103629 0.000417032 0)
(0.102879 0.000401771 0)
(0.10218 0.000387108 0)
(0.101467 0.000372594 0)
(0.10081 0.000358738 0)
(0.100132 0.000344916 0)
(0.099517 0.000331761 0)
(0.0988721 0.000318623 0)
(0.0982997 0.000306094 0)
(0.0976867 0.000293585 0)
(0.0971569 0.000281702 0)
(0.096574 0.000269745 0)
(0.0960875 0.000258532 0)
(0.0955324 0.00024715 0)
(0.0950905 0.000236512 0)
(0.09456 0.000225821 0)
(0.0941647 0.000215782 0)
(0.0936547 0.000205767 0)
(0.0933089 0.000196509 0)
(0.0928135 0.000187165 0)
(0.0925213 0.000178913 0)
(0.0920323 0.00017026 0)
(0.0917997 0.000163315 0)
(0.0913056 0.000155434 0)
(0.0911408 0.000150379 0)
(0.0906257 0.000143317 0)
(0.090539 0.000140682 0)
(0.0899839 0.000136306 0)
(0.195076 0.00671203 0)
(0.19539 0.00813193 0)
(0.196183 0.00941995 0)
(0.197467 0.0102256 0)
(0.198974 0.0104992 0)
(0.200395 0.010391 0)
(0.201557 0.0100373 0)
(0.202407 0.00951437 0)
(0.202945 0.00887703 0)
(0.203182 0.00819208 0)
(0.203144 0.00753234 0)
(0.202876 0.00695023 0)
(0.202434 0.00646424 0)
(0.201871 0.00606481 0)
(0.201222 0.00573257 0)
(0.200506 0.00544966 0)
(0.199731 0.0052024 0)
(0.198898 0.00498094 0)
(0.198008 0.00477826 0)
(0.197059 0.00458953 0)
(0.196052 0.00441157 0)
(0.19499 0.00424241 0)
(0.193875 0.0040809 0)
(0.192712 0.00392635 0)
(0.191504 0.00377839 0)
(0.190254 0.00363668 0)
(0.188968 0.00350102 0)
(0.187649 0.00337106 0)
(0.186302 0.00324659 0)
(0.18493 0.00312728 0)
(0.183537 0.0030129 0)
(0.182126 0.00290317 0)
(0.180702 0.00279786 0)
(0.179265 0.00269679 0)
(0.177822 0.00259971 0)
(0.176372 0.0025065 0)
(0.174921 0.00241696 0)
(0.173468 0.00233094 0)
(0.172019 0.00224832 0)
(0.170572 0.00216893 0)
(0.169134 0.00209269 0)
(0.167701 0.0020194 0)
(0.16628 0.00194904 0)
(0.164867 0.00188139 0)
(0.163469 0.00181643 0)
(0.162081 0.00175398 0)
(0.160711 0.00169397 0)
(0.159352 0.00163628 0)
(0.158014 0.00158081 0)
(0.156687 0.00152746 0)
(0.155383 0.00147615 0)
(0.154091 0.00142675 0)
(0.152823 0.00137923 0)
(0.151567 0.00133342 0)
(0.150337 0.00128934 0)
(0.149118 0.00124678 0)
(0.147928 0.00120582 0)
(0.146746 0.00116621 0)
(0.145596 0.00112806 0)
(0.144453 0.00109112 0)
(0.143343 0.0010555 0)
(0.142237 0.00102094 0)
(0.141168 0.000987645 0)
(0.140101 0.000955196 0)
(0.139073 0.000924005 0)
(0.138043 0.000893449 0)
(0.137056 0.00086414 0)
(0.136063 0.000835301 0)
(0.135118 0.000807669 0)
(0.134162 0.00078037 0)
(0.133259 0.00075426 0)
(0.132338 0.000728312 0)
(0.131478 0.000703625 0)
(0.130592 0.000678838 0)
(0.129775 0.000655478 0)
(0.128924 0.00063172 0)
(0.12815 0.000609578 0)
(0.127332 0.000586767 0)
(0.126602 0.000565708 0)
(0.125817 0.000543816 0)
(0.125134 0.00052376 0)
(0.124379 0.000502678 0)
(0.123743 0.000483687 0)
(0.123018 0.000463277 0)
(0.122431 0.000445422 0)
(0.121732 0.000425665 0)
(0.121197 0.000408882 0)
(0.120521 0.000389876 0)
(0.120042 0.000374273 0)
(0.119383 0.000355907 0)
(0.118965 0.000341853 0)
(0.118317 0.000324039 0)
(0.117966 0.00031191 0)
(0.11732 0.000294671 0)
(0.117043 0.000284852 0)
(0.116386 0.000268462 0)
(0.116193 0.000261529 0)
(0.115509 0.000246467 0)
(0.11541 0.000242858 0)
(0.114683 0.000231375 0)
(0.195759 0.00647374 0)
(0.196071 0.00762256 0)
(0.196729 0.00870401 0)
(0.197766 0.00947657 0)
(0.199037 0.00981988 0)
(0.200313 0.0097963 0)
(0.201431 0.0095276 0)
(0.202324 0.00910579 0)
(0.202987 0.00858879 0)
(0.203435 0.00802572 0)
(0.203689 0.00746883 0)
(0.203779 0.00696226 0)
(0.203746 0.00652839 0)
(0.203628 0.00616712 0)
(0.203459 0.00586613 0)
(0.203253 0.00561099 0)
(0.20302 0.00538962 0)
(0.202758 0.0051931 0)
(0.202466 0.00501501 0)
(0.20214 0.00485078 0)
(0.201778 0.00469727 0)
(0.201378 0.0045523 0)
(0.200941 0.00441452 0)
(0.200465 0.00428291 0)
(0.199952 0.00415696 0)
(0.199401 0.00403608 0)
(0.198814 0.00392001 0)
(0.198191 0.00380827 0)
(0.197534 0.00370064 0)
(0.196842 0.00359671 0)
(0.19612 0.00349627 0)
(0.195366 0.003399 0)
(0.194585 0.00330472 0)
(0.193774 0.0032132 0)
(0.192939 0.00312431 0)
(0.192076 0.00303789 0)
(0.191194 0.00295384 0)
(0.190287 0.002872 0)
(0.189364 0.0027924 0)
(0.188419 0.00271481 0)
(0.187462 0.00263935 0)
(0.186485 0.00256576 0)
(0.1855 0.00249422 0)
(0.184498 0.00242443 0)
(0.18349 0.0023566 0)
(0.182469 0.00229043 0)
(0.181446 0.00222614 0)
(0.18041 0.00216343 0)
(0.179377 0.0021025 0)
(0.178333 0.00204307 0)
(0.177295 0.00198536 0)
(0.176246 0.00192902 0)
(0.175207 0.00187438 0)
(0.174158 0.00182095 0)
(0.173124 0.00176921 0)
(0.172079 0.00171854 0)
(0.171053 0.00166951 0)
(0.170015 0.00162143 0)
(0.169 0.00157494 0)
(0.167972 0.00152926 0)
(0.166973 0.00148515 0)
(0.165957 0.00144168 0)
(0.164976 0.00139982 0)
(0.163975 0.00135835 0)
(0.163014 0.0013186 0)
(0.16203 0.00127896 0)
(0.161092 0.00124115 0)
(0.160126 0.0012032 0)
(0.159214 0.00116716 0)
(0.158267 0.00113075 0)
(0.157383 0.00109636 0)
(0.156457 0.00106132 0)
(0.155603 0.00102852 0)
(0.154698 0.000994633 0)
(0.153877 0.000963367 0)
(0.152994 0.000930497 0)
(0.152208 0.00090068 0)
(0.151347 0.000868744 0)
(0.150598 0.000840254 0)
(0.149759 0.000809216 0)
(0.149051 0.000782015 0)
(0.148232 0.000751717 0)
(0.147568 0.000725952 0)
(0.146768 0.000696185 0)
(0.146152 0.000672029 0)
(0.145369 0.000642729 0)
(0.144805 0.000620168 0)
(0.144036 0.000591429 0)
(0.143529 0.000570671 0)
(0.142768 0.000542307 0)
(0.142326 0.000523882 0)
(0.141566 0.00049581 0)
(0.141195 0.000480137 0)
(0.140428 0.000452534 0)
(0.140137 0.000439942 0)
(0.139351 0.000413407 0)
(0.13915 0.00040442 0)
(0.138333 0.00037979 0)
(0.138229 0.000374951 0)
(0.137366 0.000354579 0)
(0.196343 0.00625889 0)
(0.196648 0.00721627 0)
(0.197213 0.0081206 0)
(0.198063 0.00881618 0)
(0.199119 0.009187 0)
(0.200222 0.00923664 0)
(0.201231 0.00904921 0)
(0.202069 0.00871222 0)
(0.202719 0.00828726 0)
(0.203191 0.00781788 0)
(0.203507 0.00734327 0)
(0.203693 0.0068983 0)
(0.20378 0.00650543 0)
(0.203799 0.0061708 0)
(0.20378 0.00588846 0)
(0.203739 0.00564784 0)
(0.203685 0.00543872 0)
(0.20362 0.00525323 0)
(0.203545 0.0050857 0)
(0.203455 0.00493216 0)
(0.20335 0.00478982 0)
(0.203227 0.00465659 0)
(0.203088 0.00453113 0)
(0.202928 0.00441226 0)
(0.20275 0.00429939 0)
(0.20255 0.00419173 0)
(0.202331 0.00408901 0)
(0.20209 0.00399055 0)
(0.20183 0.00389617 0)
(0.201546 0.00380526 0)
(0.201243 0.00371768 0)
(0.200916 0.00363292 0)
(0.20057 0.00355087 0)
(0.200199 0.00347113 0)
(0.19981 0.00339364 0)
(0.199396 0.00331807 0)
(0.198965 0.00324443 0)
(0.198508 0.00317238 0)
(0.198036 0.00310208 0)
(0.197538 0.0030331 0)
(0.197026 0.00296574 0)
(0.196489 0.0028995 0)
(0.19594 0.00283483 0)
(0.195366 0.00277111 0)
(0.194783 0.00270889 0)
(0.194174 0.00264753 0)
(0.193559 0.0025876 0)
(0.192918 0.00252846 0)
(0.192274 0.00247071 0)
(0.191604 0.00241364 0)
(0.190935 0.00235799 0)
(0.190239 0.00230288 0)
(0.189548 0.00224924 0)
(0.18883 0.00219599 0)
(0.18812 0.00214429 0)
(0.187382 0.00209282 0)
(0.186658 0.00204296 0)
(0.185902 0.00199319 0)
(0.185167 0.00194508 0)
(0.184397 0.00189691 0)
(0.183654 0.00185049 0)
(0.182873 0.00180379 0)
(0.182126 0.00175903 0)
(0.181337 0.00171366 0)
(0.180589 0.00167051 0)
(0.179793 0.00162636 0)
(0.179048 0.00158472 0)
(0.178249 0.00154174 0)
(0.177509 0.00150149 0)
(0.176709 0.00145957 0)
(0.175979 0.00142068 0)
(0.175178 0.00137966 0)
(0.174461 0.00134216 0)
(0.173663 0.00130186 0)
(0.172962 0.00126576 0)
(0.172167 0.00122604 0)
(0.171487 0.00119133 0)
(0.170695 0.00115213 0)
(0.170039 0.00111875 0)
(0.169252 0.00108004 0)
(0.168625 0.00104802 0)
(0.167842 0.00100963 0)
(0.167248 0.000979232 0)
(0.166468 0.000940895 0)
(0.165912 0.000912417 0)
(0.165135 0.000874054 0)
(0.164623 0.00084752 0)
(0.163844 0.000809301 0)
(0.163382 0.00078498 0)
(0.162598 0.000746725 0)
(0.162194 0.000725234 0)
(0.161399 0.000686975 0)
(0.16106 0.000668691 0)
(0.160248 0.000630837 0)
(0.159983 0.000616017 0)
(0.159144 0.00057947 0)
(0.158961 0.000568695 0)
(0.158087 0.000534471 0)
(0.157993 0.000528538 0)
(0.157072 0.000498967 0)
(0.196854 0.00605538 0)
(0.197145 0.00686318 0)
(0.197637 0.00762149 0)
(0.198346 0.00822964 0)
(0.199225 0.00859707 0)
(0.200168 0.00870086 0)
(0.201063 0.00858755 0)
(0.201831 0.00832766 0)
(0.202446 0.00798093 0)
(0.202908 0.00758971 0)
(0.203236 0.0071865 0)
(0.203452 0.00679854 0)
(0.203582 0.00644579 0)
(0.20365 0.00613728 0)
(0.203682 0.00587192 0)
(0.203692 0.0056429 0)
(0.203693 0.00544225 0)
(0.203686 0.00526326 0)
(0.203675 0.00510112 0)
(0.203656 0.00495241 0)
(0.203631 0.00481485 0)
(0.203598 0.00468657 0)
(0.203558 0.00456638 0)
(0.203508 0.00445307 0)
(0.203452 0.00434609 0)
(0.203385 0.0042445 0)
(0.203312 0.00414812 0)
(0.203227 0.00405611 0)
(0.203135 0.00396844 0)
(0.20303 0.00388431 0)
(0.202919 0.00380375 0)
(0.202793 0.00372605 0)
(0.202661 0.00365128 0)
(0.202513 0.0035788 0)
(0.202358 0.00350876 0)
(0.202187 0.00344056 0)
(0.202009 0.00337444 0)
(0.201812 0.00330976 0)
(0.201609 0.00324694 0)
(0.201386 0.00318522 0)
(0.201158 0.00312522 0)
(0.200908 0.00306601 0)
(0.200654 0.00300844 0)
(0.200377 0.00295142 0)
(0.200097 0.00289596 0)
(0.199792 0.00284089 0)
(0.199486 0.0027873 0)
(0.199153 0.00273396 0)
(0.198822 0.00268206 0)
(0.198461 0.00263024 0)
(0.198106 0.00257991 0)
(0.197718 0.00252941 0)
(0.197339 0.00248053 0)
(0.196925 0.00243123 0)
(0.196524 0.00238369 0)
(0.196084 0.0023355 0)
(0.195662 0.0022892 0)
(0.195198 0.00224202 0)
(0.194758 0.00219686 0)
(0.19427 0.00215058 0)
(0.193813 0.0021065 0)
(0.193304 0.00206099 0)
(0.192832 0.00201799 0)
(0.192302 0.00197311 0)
(0.191819 0.00193118 0)
(0.19127 0.00188682 0)
(0.190777 0.0018459 0)
(0.19021 0.001802 0)
(0.189711 0.001762 0)
(0.189127 0.00171851 0)
(0.188625 0.0016794 0)
(0.188026 0.00163616 0)
(0.187523 0.00159807 0)
(0.186911 0.00155486 0)
(0.186411 0.00151787 0)
(0.185786 0.00147458 0)
(0.185293 0.00143875 0)
(0.184656 0.00139528 0)
(0.184173 0.00136059 0)
(0.183526 0.00131696 0)
(0.183058 0.00128348 0)
(0.182399 0.00123953 0)
(0.181951 0.00120764 0)
(0.18128 0.00116307 0)
(0.180857 0.00113317 0)
(0.180173 0.0010879 0)
(0.17978 0.00105998 0)
(0.179082 0.00101435 0)
(0.178726 0.000988665 0)
(0.17801 0.000942614 0)
(0.177698 0.00091982 0)
(0.17696 0.000873502 0)
(0.176698 0.000853924 0)
(0.175935 0.000807929 0)
(0.17573 0.000791807 0)
(0.174937 0.000747311 0)
(0.174795 0.000735354 0)
(0.173964 0.000693413 0)
(0.173893 0.000686746 0)
(0.173018 0.000649665 0)
(0.197303 0.00585909 0)
(0.197577 0.00654554 0)
(0.198009 0.00718614 0)
(0.198609 0.00771334 0)
(0.199345 0.00806101 0)
(0.200148 0.00819949 0)
(0.200933 0.00814868 0)
(0.20163 0.00795845 0)
(0.202205 0.00768103 0)
(0.20265 0.00735714 0)
(0.202979 0.00701633 0)
(0.203209 0.00668097 0)
(0.203362 0.00636787 0)
(0.203457 0.00608664 0)
(0.203515 0.00583929 0)
(0.203549 0.0056223 0)
(0.203571 0.00543007 0)
(0.203584 0.0052572 0)
(0.203594 0.00509969 0)
(0.203596 0.00495463 0)
(0.203595 0.00482019 0)
(0.203587 0.00469472 0)
(0.203576 0.0045773 0)
(0.203558 0.00446666 0)
(0.203539 0.00436241 0)
(0.203512 0.00426347 0)
(0.203485 0.00416982 0)
(0.203451 0.00408046 0)
(0.203416 0.00399558 0)
(0.203373 0.00391418 0)
(0.203331 0.00383656 0)
(0.20328 0.00376175 0)
(0.20323 0.00369013 0)
(0.203169 0.00362078 0)
(0.203111 0.00355413 0)
(0.20304 0.0034893 0)
(0.202972 0.00342684 0)
(0.20289 0.00336578 0)
(0.202812 0.00330689 0)
(0.202717 0.00324898 0)
(0.202628 0.00319314 0)
(0.20252 0.00313791 0)
(0.202419 0.0030847 0)
(0.202296 0.00303178 0)
(0.202182 0.00298082 0)
(0.202044 0.00292992 0)
(0.201915 0.00288091 0)
(0.201761 0.00283176 0)
(0.201618 0.00278448 0)
(0.201446 0.0027368 0)
(0.201288 0.00269107 0)
(0.201097 0.0026446 0)
(0.200925 0.00260027 0)
(0.200715 0.00255482 0)
(0.200528 0.0025117 0)
(0.200298 0.00246715 0)
(0.200096 0.0024251 0)
(0.199846 0.0023813 0)
(0.199629 0.00234019 0)
(0.199359 0.00229699 0)
(0.199128 0.00225673 0)
(0.198837 0.00221391 0)
(0.198593 0.0021745 0)
(0.198281 0.00213187 0)
(0.198025 0.00209328 0)
(0.197693 0.00205071 0)
(0.197426 0.00201287 0)
(0.197073 0.00197029 0)
(0.196796 0.00193306 0)
(0.196423 0.0018904 0)
(0.196139 0.00185375 0)
(0.195745 0.00181082 0)
(0.195455 0.00177491 0)
(0.195042 0.0017314 0)
(0.194749 0.00169639 0)
(0.194316 0.00165213 0)
(0.194022 0.00161814 0)
(0.193569 0.00157307 0)
(0.193277 0.00153997 0)
(0.192805 0.00149418 0)
(0.192518 0.00146201 0)
(0.192026 0.00141531 0)
(0.191748 0.00138454 0)
(0.191237 0.00133662 0)
(0.190972 0.00130781 0)
(0.190438 0.00125857 0)
(0.190191 0.00123148 0)
(0.189635 0.00118153 0)
(0.189409 0.00115627 0)
(0.18883 0.0011057 0)
(0.188631 0.0010831 0)
(0.188026 0.00103208 0)
(0.187859 0.00101245 0)
(0.187225 0.00096164 0)
(0.187095 0.000945077 0)
(0.186431 0.000896018 0)
(0.18634 0.000883481 0)
(0.185642 0.000837002 0)
(0.185597 0.000829962 0)
(0.184861 0.000788556 0)
(0.197697 0.00566953 0)
(0.197954 0.00625675 0)
(0.198335 0.00680317 0)
(0.198848 0.00726077 0)
(0.199471 0.0075821 0)
(0.200155 0.00773933 0)
(0.200839 0.00773729 0)
(0.201464 0.00760762 0)
(0.201997 0.00739197 0)
(0.202421 0.00712717 0)
(0.202746 0.00684101 0)
(0.202983 0.00655319 0)
(0.203152 0.00627804 0)
(0.203265 0.00602455 0)
(0.203342 0.0057964 0)
(0.203393 0.00559256 0)
(0.20343 0.00540967 0)
(0.203454 0.00524367 0)
(0.203474 0.00509143 0)
(0.203486 0.00495043 0)
(0.203494 0.0048193 0)
(0.203495 0.00469649 0)
(0.203495 0.00458144 0)
(0.203486 0.00447279 0)
(0.203479 0.00437044 0)
(0.203464 0.00427308 0)
(0.20345 0.004181 0)
(0.20343 0.00409291 0)
(0.203413 0.00400934 0)
(0.203388 0.00392902 0)
(0.203367 0.00385259 0)
(0.203339 0.00377879 0)
(0.203315 0.00370834 0)
(0.203282 0.00364001 0)
(0.203256 0.00357461 0)
(0.203219 0.00351088 0)
(0.20319 0.0034498 0)
(0.20315 0.00338994 0)
(0.203118 0.00333259 0)
(0.203072 0.00327603 0)
(0.203037 0.00322194 0)
(0.202985 0.0031682 0)
(0.202947 0.00311692 0)
(0.202889 0.00306567 0)
(0.202846 0.00301682 0)
(0.202782 0.00296774 0)
(0.202734 0.00292104 0)
(0.202661 0.00287384 0)
(0.202608 0.00282906 0)
(0.202527 0.00278344 0)
(0.202469 0.0027404 0)
(0.202378 0.00269607 0)
(0.202313 0.00265458 0)
(0.202211 0.00261133 0)
(0.20214 0.00257117 0)
(0.202027 0.00252886 0)
(0.201949 0.00248984 0)
(0.201823 0.00244832 0)
(0.201738 0.00241029 0)
(0.201599 0.00236933 0)
(0.201506 0.00233222 0)
(0.201353 0.00229153 0)
(0.201253 0.00225533 0)
(0.201085 0.00221466 0)
(0.200978 0.00217932 0)
(0.200795 0.00213852 0)
(0.200681 0.0021039 0)
(0.200481 0.00206292 0)
(0.200361 0.00202882 0)
(0.200144 0.0019876 0)
(0.200018 0.00195396 0)
(0.199784 0.00191218 0)
(0.199652 0.00187925 0)
(0.199401 0.00183652 0)
(0.199265 0.00180447 0)
(0.198995 0.00176051 0)
(0.198858 0.00172949 0)
(0.198568 0.00168439 0)
(0.19843 0.00165401 0)
(0.198121 0.00160798 0)
(0.197983 0.00157824 0)
(0.197654 0.00153096 0)
(0.197518 0.00150245 0)
(0.197169 0.00145346 0)
(0.197039 0.00142695 0)
(0.196667 0.00137637 0)
(0.196546 0.00135107 0)
(0.196151 0.00129985 0)
(0.196039 0.0012757 0)
(0.195622 0.00122379 0)
(0.195523 0.00120209 0)
(0.195082 0.00114959 0)
(0.194999 0.00113062 0)
(0.194532 0.00107839 0)
(0.194467 0.00106175 0)
(0.193974 0.00101157 0)
(0.193929 0.000998914 0)
(0.193408 0.000951105 0)
(0.193386 0.000943873 0)
(0.192836 0.00090151 0)
(0.198045 0.00548734 0)
(0.198283 0.00599348 0)
(0.198622 0.00646389 0)
(0.199064 0.00686311 0)
(0.199595 0.00715671 0)
(0.200179 0.00732133 0)
(0.200774 0.0073547 0)
(0.20133 0.00727521 0)
(0.201818 0.00711365 0)
(0.202219 0.0069011 0)
(0.202536 0.00666314 0)
(0.202775 0.00641787 0)
(0.202953 0.00617812 0)
(0.20308 0.00595198 0)
(0.203172 0.00574384 0)
(0.203236 0.00555428 0)
(0.203285 0.00538182 0)
(0.20332 0.00522369 0)
(0.203348 0.00507764 0)
(0.203367 0.00494151 0)
(0.203382 0.00481434 0)
(0.203388 0.00469467 0)
(0.203393 0.0045823 0)
(0.20339 0.00447578 0)
(0.203387 0.00437536 0)
(0.203377 0.0042795 0)
(0.203369 0.00418883 0)
(0.203354 0.00410176 0)
(0.203343 0.0040192 0)
(0.203323 0.00393955 0)
(0.20331 0.00386385 0)
(0.203287 0.00379051 0)
(0.203272 0.00372061 0)
(0.203248 0.00365261 0)
(0.203231 0.00358768 0)
(0.203205 0.0035242 0)
(0.203188 0.00346357 0)
(0.203159 0.00340393 0)
(0.203142 0.00334707 0)
(0.203112 0.00329072 0)
(0.203094 0.00323719 0)
(0.203062 0.00318372 0)
(0.203044 0.00313308 0)
(0.20301 0.00308216 0)
(0.202992 0.00303405 0)
(0.202955 0.00298539 0)
(0.202936 0.00293953 0)
(0.202896 0.00289283 0)
(0.202877 0.00284905 0)
(0.202833 0.002804 0)
(0.202814 0.00276213 0)
(0.202765 0.00271845 0)
(0.202745 0.00267827 0)
(0.202692 0.00263579 0)
(0.202671 0.00259705 0)
(0.202612 0.00255563 0)
(0.202589 0.00251814 0)
(0.202524 0.0024776 0)
(0.202499 0.00244123 0)
(0.202427 0.00240131 0)
(0.202401 0.00236605 0)
(0.202321 0.00232636 0)
(0.202293 0.00229222 0)
(0.202203 0.0022525 0)
(0.202174 0.00221934 0)
(0.202075 0.00217952 0)
(0.202043 0.00214714 0)
(0.201934 0.0021072 0)
(0.201899 0.00207531 0)
(0.20178 0.00203519 0)
(0.201742 0.00200381 0)
(0.201611 0.001963 0)
(0.201572 0.00193249 0)
(0.201428 0.00189052 0)
(0.201387 0.00186105 0)
(0.20123 0.00181759 0)
(0.201188 0.00178916 0)
(0.201016 0.00174468 0)
(0.200973 0.00171658 0)
(0.200787 0.00167129 0)
(0.200743 0.00164366 0)
(0.200542 0.00159698 0)
(0.200499 0.00157056 0)
(0.200281 0.00152179 0)
(0.20024 0.00149742 0)
(0.200004 0.00144729 0)
(0.199965 0.00142347 0)
(0.199713 0.00137313 0)
(0.199676 0.00134989 0)
(0.199406 0.0012987 0)
(0.199374 0.00127792 0)
(0.199084 0.00122607 0)
(0.199058 0.00120784 0)
(0.198749 0.00115669 0)
(0.198727 0.0011399 0)
(0.1984 0.00109089 0)
(0.198385 0.00107846 0)
(0.198036 0.00103162 0)
(0.198029 0.00102417 0)
(0.19766 0.000983176 0)
(0.198351 0.00531326 0)
(0.198571 0.00575288 0)
(0.198873 0.00616121 0)
(0.199257 0.00651158 0)
(0.199713 0.00677853 0)
(0.200214 0.00694324 0)
(0.20073 0.00700084 0)
(0.201222 0.00696116 0)
(0.201665 0.00684574 0)
(0.20204 0.0066792 0)
(0.202346 0.00648402 0)
(0.202583 0.00627691 0)
(0.202767 0.00606972 0)
(0.202903 0.00586991 0)
(0.203006 0.00568205 0)
(0.203081 0.00550767 0)
(0.20314 0.00534664 0)
(0.203183 0.00519732 0)
(0.203219 0.00505833 0)
(0.203244 0.00492786 0)
(0.203265 0.00480535 0)
(0.203276 0.0046894 0)
(0.203286 0.00458018 0)
(0.203287 0.00447615 0)
(0.203288 0.00437795 0)
(0.203282 0.00428378 0)
(0.203277 0.00419469 0)
(0.203265 0.00410876 0)
(0.203257 0.00402728 0)
(0.203241 0.00394837 0)
(0.20323 0.00387337 0)
(0.203211 0.00380047 0)
(0.203198 0.00373102 0)
(0.203177 0.00366325 0)
(0.203163 0.0035986 0)
(0.203141 0.00353519 0)
(0.203127 0.00347476 0)
(0.203103 0.00341506 0)
(0.20309 0.00335836 0)
(0.203065 0.00330188 0)
(0.203052 0.00324848 0)
(0.203027 0.00319485 0)
(0.203015 0.00314433 0)
(0.202988 0.00309327 0)
(0.202977 0.00304528 0)
(0.20295 0.00299649 0)
(0.20294 0.0029508 0)
(0.202911 0.00290397 0)
(0.202902 0.00286043 0)
(0.202872 0.00281526 0)
(0.202865 0.00277374 0)
(0.202833 0.00272997 0)
(0.202827 0.00269021 0)
(0.202793 0.00264774 0)
(0.202789 0.00260945 0)
(0.202752 0.00256815 0)
(0.202749 0.00253115 0)
(0.20271 0.00249081 0)
(0.202707 0.00245506 0)
(0.202665 0.00241535 0)
(0.202663 0.00238091 0)
(0.202617 0.00234137 0)
(0.202617 0.00230827 0)
(0.202566 0.00226872 0)
(0.202566 0.00223668 0)
(0.20251 0.00219714 0)
(0.202512 0.00216589 0)
(0.20245 0.00212642 0)
(0.202452 0.0020956 0)
(0.202385 0.00205609 0)
(0.202386 0.00202591 0)
(0.202313 0.00198562 0)
(0.202314 0.00195656 0)
(0.202233 0.00191499 0)
(0.202235 0.00188719 0)
(0.202146 0.00184408 0)
(0.202149 0.00181717 0)
(0.20205 0.00177349 0)
(0.202052 0.00174656 0)
(0.201946 0.00170234 0)
(0.201947 0.00167589 0)
(0.201831 0.00163019 0)
(0.201832 0.00160513 0)
(0.201705 0.00155704 0)
(0.201708 0.00153399 0)
(0.201568 0.00148519 0)
(0.201571 0.00146197 0)
(0.201421 0.00141353 0)
(0.201422 0.00139067 0)
(0.201261 0.00134107 0)
(0.201262 0.00132088 0)
(0.201087 0.0012706 0)
(0.20109 0.00125276 0)
(0.200902 0.00120395 0)
(0.200903 0.00118688 0)
(0.200702 0.00113989 0)
(0.200704 0.00112786 0)
(0.200488 0.00108316 0)
(0.200489 0.00107543 0)
(0.200261 0.00103668 0)
(0.198621 0.00514773 0)
(0.198823 0.00553229 0)
(0.199093 0.00588938 0)
(0.199428 0.0061987 0)
(0.199822 0.00644112 0)
(0.200254 0.00660167 0)
(0.200702 0.00667502 0)
(0.201136 0.00666588 0)
(0.201535 0.00658878 0)
(0.201882 0.00646224 0)
(0.202173 0.0063051 0)
(0.202405 0.00613229 0)
(0.20259 0.00595492 0)
(0.202732 0.00578007 0)
(0.202844 0.00561224 0)
(0.202928 0.00545355 0)
(0.202995 0.00530469 0)
(0.203046 0.00516499 0)
(0.203088 0.00503376 0)
(0.203118 0.00490962 0)
(0.203144 0.0047924 0)
(0.203161 0.0046807 0)
(0.203174 0.00457511 0)
(0.20318 0.00447396 0)
(0.203184 0.00437829 0)
(0.203181 0.0042861 0)
(0.203179 0.0041988 0)
(0.20317 0.00411422 0)
(0.203164 0.00403398 0)
(0.203151 0.00395597 0)
(0.203142 0.00388176 0)
(0.203125 0.00380943 0)
(0.203114 0.00374046 0)
(0.203096 0.003673 0)
(0.203084 0.00360864 0)
(0.203064 0.00354533 0)
(0.203051 0.00348506 0)
(0.20303 0.00342531 0)
(0.203018 0.00336869 0)
(0.202996 0.00331204 0)
(0.202984 0.00325864 0)
(0.202961 0.0032048 0)
(0.202951 0.00315421 0)
(0.202928 0.00310291 0)
(0.202918 0.00305481 0)
(0.202895 0.00300577 0)
(0.202886 0.00295997 0)
(0.202863 0.00291285 0)
(0.202856 0.00286925 0)
(0.202831 0.00282375 0)
(0.202827 0.00278221 0)
(0.202801 0.00273812 0)
(0.202798 0.00269834 0)
(0.202773 0.00265564 0)
(0.202771 0.00261729 0)
(0.202745 0.00257585 0)
(0.202745 0.0025388 0)
(0.202718 0.00249836 0)
(0.202719 0.00246266 0)
(0.202691 0.00242276 0)
(0.202695 0.00238859 0)
(0.202664 0.00234877 0)
(0.202671 0.00231609 0)
(0.202638 0.00227632 0)
(0.202646 0.00224468 0)
(0.20261 0.00220512 0)
(0.20262 0.00217415 0)
(0.202583 0.00213491 0)
(0.202593 0.00210429 0)
(0.202554 0.0020651 0)
(0.202565 0.00203532 0)
(0.202523 0.00199519 0)
(0.202536 0.00196682 0)
(0.202488 0.00192536 0)
(0.202503 0.00189836 0)
(0.202451 0.0018555 0)
(0.202467 0.00182911 0)
(0.202411 0.00178625 0)
(0.202427 0.00175951 0)
(0.202366 0.00171633 0)
(0.202382 0.00169024 0)
(0.202316 0.00164547 0)
(0.202332 0.00162107 0)
(0.202258 0.00157374 0)
(0.202276 0.00155112 0)
(0.202196 0.0015039 0)
(0.202212 0.0014805 0)
(0.202126 0.00143408 0)
(0.20214 0.00141123 0)
(0.202047 0.00136326 0)
(0.20206 0.00134335 0)
(0.201958 0.00129477 0)
(0.20197 0.00127694 0)
(0.20186 0.00123062 0)
(0.201868 0.00121334 0)
(0.20175 0.00116826 0)
(0.201757 0.00115664 0)
(0.201629 0.00111434 0)
(0.201631 0.00110642 0)
(0.201495 0.00106971 0)
(0.198858 0.00499083 0)
(0.199044 0.00532945 0)
(0.199285 0.00564389 0)
(0.199579 0.00591853 0)
(0.199921 0.00613889 0)
(0.200295 0.00629307 0)
(0.200684 0.00637612 0)
(0.201065 0.00638984 0)
(0.201424 0.00634382 0)
(0.201741 0.00625148 0)
(0.202015 0.00612789 0)
(0.20224 0.00598596 0)
(0.202424 0.00583584 0)
(0.202569 0.00568436 0)
(0.202685 0.00553592 0)
(0.202775 0.00539299 0)
(0.202849 0.00525675 0)
(0.202906 0.00512722 0)
(0.202954 0.00500432 0)
(0.20299 0.00488704 0)
(0.20302 0.0047756 0)
(0.203041 0.00466864 0)
(0.203058 0.00456711 0)
(0.203067 0.0044692 0)
(0.203075 0.00437639 0)
(0.203075 0.00428645 0)
(0.203076 0.00420117 0)
(0.20307 0.00411817 0)
(0.203066 0.00403932 0)
(0.203056 0.0039624 0)
(0.203048 0.00388909 0)
(0.203034 0.00381749 0)
(0.203025 0.00374908 0)
(0.203009 0.00368205 0)
(0.202997 0.00361801 0)
(0.20298 0.0035549 0)
(0.202968 0.00349481 0)
(0.202949 0.00343506 0)
(0.202937 0.00337852 0)
(0.202918 0.00332175 0)
(0.202906 0.00326833 0)
(0.202886 0.00321431 0)
(0.202875 0.0031636 0)
(0.202855 0.0031121 0)
(0.202845 0.00306382 0)
(0.202824 0.00301453 0)
(0.202816 0.00296854 0)
(0.202795 0.00292112 0)
(0.202788 0.00287734 0)
(0.202767 0.00283149 0)
(0.202762 0.00278978 0)
(0.20274 0.00274536 0)
(0.202737 0.00270536 0)
(0.202715 0.00266242 0)
(0.202713 0.00262376 0)
(0.202692 0.00258217 0)
(0.202691 0.00254481 0)
(0.20267 0.0025042 0)
(0.202671 0.00246831 0)
(0.202649 0.0024281 0)
(0.202652 0.00239396 0)
(0.20263 0.00235372 0)
(0.202635 0.00232113 0)
(0.202611 0.00228106 0)
(0.202619 0.00224939 0)
(0.202594 0.00220979 0)
(0.202603 0.0021786 0)
(0.202578 0.00213954 0)
(0.202587 0.00210867 0)
(0.202562 0.00206963 0)
(0.202573 0.00203986 0)
(0.202545 0.0019997 0)
(0.202558 0.00197155 0)
(0.202528 0.00193008 0)
(0.202543 0.00190332 0)
(0.20251 0.00186072 0)
(0.202527 0.00183419 0)
(0.202492 0.00179211 0)
(0.202508 0.00176502 0)
(0.202472 0.00172269 0)
(0.202488 0.00169651 0)
(0.202449 0.00165249 0)
(0.202466 0.0016283 0)
(0.202422 0.00158168 0)
(0.20244 0.00155895 0)
(0.202392 0.00151315 0)
(0.202409 0.00148929 0)
(0.202358 0.0014445 0)
(0.202372 0.00142154 0)
(0.202317 0.00137495 0)
(0.202331 0.00135513 0)
(0.202269 0.00130801 0)
(0.202281 0.00129006 0)
(0.202215 0.00124575 0)
(0.202224 0.00122851 0)
(0.202151 0.00118491 0)
(0.202158 0.00117361 0)
(0.202079 0.00113347 0)
(0.202081 0.00112556 0)
(0.201997 0.00109026 0)
(0.199067 0.00484248 0)
(0.199238 0.00514247 0)
(0.199453 0.00542119 0)
(0.199712 0.00566644 0)
(0.20001 0.00586722 0)
(0.200334 0.00601404 0)
(0.200673 0.00610262 0)
(0.201008 0.00613314 0)
(0.201327 0.00611187 0)
(0.201617 0.00604825 0)
(0.201871 0.0059539 0)
(0.202086 0.0058396 0)
(0.202266 0.00571429 0)
(0.202411 0.00558453 0)
(0.20253 0.00545456 0)
(0.202625 0.00532711 0)
(0.202703 0.0052036 0)
(0.202765 0.00508458 0)
(0.202817 0.00497039 0)
(0.202857 0.00486038 0)
(0.202891 0.00475512 0)
(0.202916 0.00465328 0)
(0.202937 0.00455617 0)
(0.20295 0.00446185 0)
(0.20296 0.00437219 0)
(0.202964 0.00428477 0)
(0.202967 0.00420173 0)
(0.202964 0.00412054 0)
(0.202962 0.00404323 0)
(0.202954 0.00396759 0)
(0.202949 0.00389531 0)
(0.202937 0.00382458 0)
(0.202929 0.00375681 0)
(0.202915 0.00369034 0)
(0.202905 0.00362669 0)
(0.202889 0.00356387 0)
(0.202878 0.00350401 0)
(0.202862 0.00344434 0)
(0.20285 0.0033879 0)
(0.202833 0.00333108 0)
(0.202822 0.00327765 0)
(0.202804 0.0032235 0)
(0.202793 0.00317266 0)
(0.202775 0.00312101 0)
(0.202765 0.00307252 0)
(0.202746 0.00302304 0)
(0.202738 0.00297681 0)
(0.202719 0.00292914 0)
(0.202711 0.00288513 0)
(0.202693 0.00283897 0)
(0.202687 0.00279702 0)
(0.202668 0.00275233 0)
(0.202663 0.002712 0)
(0.202645 0.00266888 0)
(0.202641 0.00262982 0)
(0.202624 0.00258811 0)
(0.202621 0.00255035 0)
(0.202604 0.00250954 0)
(0.202603 0.00247342 0)
(0.202585 0.00243284 0)
(0.202586 0.00239865 0)
(0.202568 0.00235797 0)
(0.202572 0.00232533 0)
(0.202553 0.00228499 0)
(0.202558 0.00225307 0)
(0.202539 0.00221349 0)
(0.202545 0.00218185 0)
(0.202526 0.00214297 0)
(0.202533 0.00211169 0)
(0.202514 0.0020727 0)
(0.202523 0.0020428 0)
(0.202503 0.00200253 0)
(0.202513 0.00197439 0)
(0.202492 0.0019329 0)
(0.202504 0.00190605 0)
(0.202481 0.00186376 0)
(0.202494 0.00183681 0)
(0.20247 0.00179539 0)
(0.202483 0.00176784 0)
(0.202459 0.00172613 0)
(0.202472 0.00169972 0)
(0.202446 0.00165625 0)
(0.20246 0.00163208 0)
(0.20243 0.0015861 0)
(0.202445 0.00156308 0)
(0.202413 0.00151837 0)
(0.202427 0.00149411 0)
(0.202393 0.00145047 0)
(0.202406 0.00142743 0)
(0.202368 0.00138197 0)
(0.20238 0.00136221 0)
(0.202338 0.00131626 0)
(0.202348 0.00129826 0)
(0.202303 0.0012553 0)
(0.202311 0.00123836 0)
(0.20226 0.00119591 0)
(0.202266 0.00118479 0)
(0.202212 0.00114641 0)
(0.202213 0.00113875 0)
(0.202153 0.00110431 0)
(0.19925 0.00470249 0)
(0.199406 0.00496984 0)
(0.199599 0.00521847 0)
(0.199827 0.00543875 0)
(0.200087 0.0056223 0)
(0.200369 0.00576148 0)
(0.200664 0.00585275 0)
(0.200959 0.00589545 0)
(0.201243 0.00589359 0)
(0.201505 0.00585373 0)
(0.20174 0.00578452 0)
(0.201943 0.00569471 0)
(0.202116 0.00559187 0)
(0.202259 0.00548217 0)
(0.202378 0.00536956 0)
(0.202475 0.00525704 0)
(0.202556 0.0051461 0)
(0.202622 0.00503768 0)
(0.202677 0.00493242 0)
(0.202722 0.00482994 0)
(0.202759 0.00473115 0)
(0.202787 0.00463473 0)
(0.202811 0.00454233 0)
(0.202827 0.0044519 0)
(0.20284 0.00436564 0)
(0.202846 0.00428102 0)
(0.202852 0.0042004 0)
(0.202852 0.00412123 0)
(0.202852 0.00404562 0)
(0.202846 0.00397145 0)
(0.202842 0.00390031 0)
(0.202833 0.00383061 0)
(0.202826 0.00376357 0)
(0.202815 0.00369778 0)
(0.202806 0.0036346 0)
(0.202792 0.00357216 0)
(0.202782 0.00351259 0)
(0.202767 0.00345308 0)
(0.202757 0.00339679 0)
(0.202741 0.00333997 0)
(0.202731 0.00328655 0)
(0.202714 0.00323234 0)
(0.202704 0.00318139 0)
(0.202688 0.00312962 0)
(0.202678 0.00308093 0)
(0.202661 0.0030313 0)
(0.202652 0.00298484 0)
(0.202636 0.00293695 0)
(0.202628 0.0028927 0)
(0.202612 0.00284628 0)
(0.202605 0.00280406 0)
(0.202589 0.00275913 0)
(0.202583 0.00271845 0)
(0.202567 0.00267518 0)
(0.202562 0.00263569 0)
(0.202547 0.00259386 0)
(0.202543 0.00255572 0)
(0.202529 0.00251469 0)
(0.202526 0.00247835 0)
(0.202511 0.00243737 0)
(0.202511 0.00240312 0)
(0.202495 0.002362 0)
(0.202497 0.00232925 0)
(0.202481 0.00228869 0)
(0.202485 0.00225643 0)
(0.202469 0.0022169 0)
(0.202473 0.00218475 0)
(0.202458 0.00214602 0)
(0.202462 0.00211435 0)
(0.202447 0.00207532 0)
(0.202454 0.00204529 0)
(0.202438 0.00200487 0)
(0.202446 0.00197666 0)
(0.202428 0.00193515 0)
(0.202438 0.00190808 0)
(0.20242 0.00186613 0)
(0.20243 0.00183871 0)
(0.202412 0.00179777 0)
(0.202422 0.00176985 0)
(0.202403 0.00172856 0)
(0.202414 0.00170195 0)
(0.202393 0.00165888 0)
(0.202405 0.00163466 0)
(0.202382 0.00158929 0)
(0.202394 0.00156601 0)
(0.202369 0.00152204 0)
(0.202381 0.00149762 0)
(0.202354 0.00145474 0)
(0.202365 0.00143168 0)
(0.202335 0.00138718 0)
(0.202345 0.00136752 0)
(0.202312 0.00132248 0)
(0.20232 0.00130464 0)
(0.202284 0.00126247 0)
(0.202291 0.001246 0)
(0.202251 0.00120457 0)
(0.202255 0.00119351 0)
(0.202213 0.0011565 0)
(0.202213 0.00114927 0)
(0.202166 0.00111533 0)
(0.19941 0.00457067 0)
(0.199552 0.00481034 0)
(0.199724 0.00503352 0)
(0.199926 0.00523249 0)
(0.200153 0.00540088 0)
(0.200399 0.00553251 0)
(0.200657 0.00562457 0)
(0.200916 0.00567595 0)
(0.201168 0.00568919 0)
(0.201403 0.00566875 0)
(0.201618 0.00562091 0)
(0.201808 0.0055526 0)
(0.201973 0.00546995 0)
(0.202112 0.00537865 0)
(0.20223 0.00528226 0)
(0.202327 0.00518396 0)
(0.20241 0.00508523 0)
(0.202478 0.00498731 0)
(0.202536 0.00489103 0)
(0.202582 0.00479622 0)
(0.202622 0.00470407 0)
(0.202653 0.00461328 0)
(0.202679 0.0045258 0)
(0.202698 0.00443948 0)
(0.202714 0.00435683 0)
(0.202723 0.0042752 0)
(0.202731 0.00419719 0)
(0.202733 0.00412022 0)
(0.202735 0.00404645 0)
(0.202732 0.0039739 0)
(0.202729 0.00390402 0)
(0.202722 0.00383549 0)
(0.202717 0.00376928 0)
(0.202707 0.00370428 0)
(0.202699 0.00364164 0)
(0.202688 0.00357967 0)
(0.202679 0.00352045 0)
(0.202666 0.00346116 0)
(0.202656 0.00340509 0)
(0.202642 0.00334833 0)
(0.202633 0.00329498 0)
(0.202618 0.00324073 0)
(0.202608 0.00318971 0)
(0.202593 0.00313787 0)
(0.202584 0.00308901 0)
(0.202569 0.00303925 0)
(0.20256 0.00299257 0)
(0.202545 0.0029445 0)
(0.202538 0.00290001 0)
(0.202523 0.00285338 0)
(0.202516 0.00281087 0)
(0.202501 0.00276575 0)
(0.202495 0.00272471 0)
(0.202481 0.0026813 0)
(0.202476 0.00264141 0)
(0.202463 0.00259945 0)
(0.202459 0.00256095 0)
(0.202445 0.00251968 0)
(0.202443 0.00248315 0)
(0.202429 0.00244177 0)
(0.202428 0.00240744 0)
(0.202414 0.00236593 0)
(0.202416 0.00233303 0)
(0.202401 0.00229228 0)
(0.202404 0.00225964 0)
(0.20239 0.00222019 0)
(0.202393 0.00218754 0)
(0.20238 0.00214891 0)
(0.202383 0.0021169 0)
(0.20237 0.00207777 0)
(0.202375 0.00204763 0)
(0.202361 0.00200705 0)
(0.202368 0.00197874 0)
(0.202353 0.00193724 0)
(0.202361 0.00190989 0)
(0.202346 0.00186826 0)
(0.202354 0.00184047 0)
(0.202338 0.00179984 0)
(0.202347 0.00177168 0)
(0.20233 0.00173067 0)
(0.20234 0.00170393 0)
(0.202322 0.00166117 0)
(0.202332 0.00163687 0)
(0.202313 0.00159205 0)
(0.202322 0.00156867 0)
(0.202301 0.00152513 0)
(0.202311 0.00150079 0)
(0.202288 0.00145842 0)
(0.202297 0.00143539 0)
(0.202272 0.00139177 0)
(0.202279 0.00137222 0)
(0.202251 0.00132795 0)
(0.202257 0.00131043 0)
(0.202226 0.00126871 0)
(0.202232 0.00125278 0)
(0.202197 0.00121231 0)
(0.2022 0.00120128 0)
(0.202164 0.00116534 0)
(0.202164 0.00115863 0)
(0.202122 0.00112502 0)
(0.199549 0.00444698 0)
(0.199677 0.0046631 0)
(0.199831 0.00486468 0)
(0.200009 0.00504534 0)
(0.200209 0.00520031 0)
(0.200424 0.00532461 0)
(0.200649 0.0054161 0)
(0.200876 0.00547351 0)
(0.201099 0.00549838 0)
(0.20131 0.00549367 0)
(0.201506 0.0054638 0)
(0.201681 0.00541418 0)
(0.201836 0.00534958 0)
(0.201969 0.0052751 0)
(0.202084 0.0051938 0)
(0.202181 0.00510895 0)
(0.202263 0.00502197 0)
(0.202332 0.00493433 0)
(0.202391 0.00484696 0)
(0.20244 0.00475987 0)
(0.202481 0.00467444 0)
(0.202515 0.00458943 0)
(0.202543 0.004507 0)
(0.202564 0.00442496 0)
(0.202581 0.00434606 0)
(0.202593 0.00426758 0)
(0.202603 0.0041923 0)
(0.202607 0.00411767 0)
(0.202611 0.00404585 0)
(0.20261 0.00397503 0)
(0.202609 0.0039065 0)
(0.202604 0.00383923 0)
(0.2026 0.00377394 0)
(0.202592 0.0037098 0)
(0.202586 0.00364779 0)
(0.202576 0.00358635 0)
(0.202568 0.00352756 0)
(0.202557 0.00346854 0)
(0.202548 0.00341273 0)
(0.202536 0.00335607 0)
(0.202527 0.00330284 0)
(0.202513 0.00324859 0)
(0.202505 0.00319755 0)
(0.202491 0.00314566 0)
(0.202483 0.00309665 0)
(0.202469 0.00304681 0)
(0.202461 0.00299992 0)
(0.202447 0.00295171 0)
(0.20244 0.00290699 0)
(0.202426 0.00286017 0)
(0.20242 0.0028174 0)
(0.202407 0.00277209 0)
(0.202401 0.00273074 0)
(0.202388 0.00268717 0)
(0.202383 0.00264692 0)
(0.202371 0.0026048 0)
(0.202367 0.002566 0)
(0.202355 0.00252447 0)
(0.202352 0.00248777 0)
(0.20234 0.00244601 0)
(0.202339 0.00241161 0)
(0.202326 0.00236973 0)
(0.202327 0.00233666 0)
(0.202314 0.00229574 0)
(0.202316 0.00226275 0)
(0.202303 0.00222334 0)
(0.202306 0.00219023 0)
(0.202294 0.00215165 0)
(0.202297 0.00211937 0)
(0.202285 0.0020801 0)
(0.202289 0.00204987 0)
(0.202277 0.00200913 0)
(0.202283 0.00198073 0)
(0.202269 0.00193924 0)
(0.202276 0.00191163 0)
(0.202262 0.00187025 0)
(0.20227 0.0018422 0)
(0.202256 0.00180174 0)
(0.202263 0.00177346 0)
(0.202248 0.00173263 0)
(0.202257 0.00170582 0)
(0.202241 0.00166335 0)
(0.202249 0.00163897 0)
(0.202232 0.00159463 0)
(0.20224 0.00157128 0)
(0.202221 0.00152799 0)
(0.20223 0.00150387 0)
(0.202209 0.00146189 0)
(0.202217 0.00143892 0)
(0.202194 0.00139612 0)
(0.202201 0.00137671 0)
(0.202176 0.00133311 0)
(0.20218 0.00131605 0)
(0.202152 0.00127459 0)
(0.202158 0.00125918 0)
(0.202125 0.00121965 0)
(0.202128 0.00120866 0)
(0.202095 0.00117359 0)
(0.202095 0.00116739 0)
(0.202057 0.00113403 0)
(0.199668 0.00433157 0)
(0.199784 0.00452781 0)
(0.199921 0.00471097 0)
(0.200078 0.00487571 0)
(0.200253 0.00501865 0)
(0.200441 0.00513583 0)
(0.200638 0.00522572 0)
(0.200837 0.00528699 0)
(0.201034 0.00532059 0)
(0.201223 0.00532839 0)
(0.201399 0.00531342 0)
(0.20156 0.00527985 0)
(0.201704 0.00523121 0)
(0.20183 0.00517199 0)
(0.201941 0.00510468 0)
(0.202035 0.00503253 0)
(0.202116 0.00495683 0)
(0.202185 0.00487922 0)
(0.202244 0.00480066 0)
(0.202294 0.00472132 0)
(0.202337 0.00464267 0)
(0.202371 0.00456355 0)
(0.202401 0.00448631 0)
(0.202424 0.0044087 0)
(0.202443 0.00433368 0)
(0.202456 0.00425851 0)
(0.202468 0.00418608 0)
(0.202474 0.00411391 0)
(0.202479 0.00404414 0)
(0.20248 0.00397514 0)
(0.202481 0.00390805 0)
(0.202478 0.0038421 0)
(0.202475 0.00377781 0)
(0.202469 0.00371459 0)
(0.202464 0.00365326 0)
(0.202456 0.00359239 0)
(0.202449 0.00353407 0)
(0.202439 0.00347534 0)
(0.202432 0.00341985 0)
(0.202421 0.00336329 0)
(0.202413 0.00331023 0)
(0.202401 0.00325598 0)
(0.202393 0.00320495 0)
(0.202381 0.00315303 0)
(0.202373 0.0031039 0)
(0.202361 0.003054 0)
(0.202354 0.0030069 0)
(0.202341 0.00295858 0)
(0.202334 0.00291364 0)
(0.202322 0.00286665 0)
(0.202316 0.00282362 0)
(0.202304 0.00277814 0)
(0.202299 0.0027365 0)
(0.202287 0.00269275 0)
(0.202282 0.00265221 0)
(0.202271 0.0026099 0)
(0.202267 0.00257083 0)
(0.202256 0.00252904 0)
(0.202254 0.00249219 0)
(0.202242 0.00245006 0)
(0.202241 0.00241557 0)
(0.20223 0.00237335 0)
(0.20223 0.00234012 0)
(0.202219 0.00229902 0)
(0.20222 0.00226571 0)
(0.202209 0.00222632 0)
(0.202211 0.00219282 0)
(0.2022 0.00215424 0)
(0.202203 0.00212173 0)
(0.202192 0.00208231 0)
(0.202196 0.00205201 0)
(0.202185 0.0020111 0)
(0.20219 0.00198262 0)
(0.202178 0.00194112 0)
(0.202184 0.00191331 0)
(0.202171 0.0018721 0)
(0.202178 0.00184388 0)
(0.202165 0.00180352 0)
(0.202172 0.0017752 0)
(0.202158 0.00173449 0)
(0.202166 0.00170764 0)
(0.202151 0.00166544 0)
(0.202159 0.00164101 0)
(0.202143 0.00159707 0)
(0.202151 0.00157385 0)
(0.202133 0.00153072 0)
(0.202141 0.00150689 0)
(0.202122 0.00146524 0)
(0.202129 0.00144236 0)
(0.202108 0.00140035 0)
(0.202114 0.00138108 0)
(0.20209 0.00133807 0)
(0.202095 0.00132152 0)
(0.202069 0.00128027 0)
(0.202073 0.00126535 0)
(0.202044 0.0012267 0)
(0.202046 0.00121578 0)
(0.202015 0.00118146 0)
(0.202015 0.00117573 0)
(0.201981 0.00114259 0)
(0.199769 0.00422533 0)
(0.199874 0.00440495 0)
(0.199996 0.00457226 0)
(0.200134 0.00472308 0)
(0.200287 0.00485523 0)
(0.200451 0.00496554 0)
(0.200624 0.00505297 0)
(0.200798 0.00511622 0)
(0.200972 0.00515589 0)
(0.201139 0.00517316 0)
(0.201298 0.00517005 0)
(0.201444 0.00514978 0)
(0.201577 0.00511488 0)
(0.201695 0.00506919 0)
(0.201799 0.00501463 0)
(0.20189 0.00495432 0)
(0.201969 0.00488933 0)
(0.202036 0.00482143 0)
(0.202095 0.00475153 0)
(0.202145 0.00467991 0)
(0.202188 0.00460813 0)
(0.202223 0.00453505 0)
(0.202254 0.00446315 0)
(0.202278 0.00439019 0)
(0.202298 0.00431925 0)
(0.202313 0.0042476 0)
(0.202326 0.00417821 0)
(0.202334 0.00410867 0)
(0.202341 0.00404112 0)
(0.202343 0.00397409 0)
(0.202345 0.00390858 0)
(0.202344 0.00384407 0)
(0.202342 0.00378089 0)
(0.202338 0.00371866 0)
(0.202334 0.0036581 0)
(0.202328 0.00359786 0)
(0.202322 0.00354009 0)
(0.202314 0.0034817 0)
(0.202307 0.00342657 0)
(0.202298 0.00337015 0)
(0.202291 0.00331729 0)
(0.20228 0.00326307 0)
(0.202274 0.00321208 0)
(0.202262 0.00316013 0)
(0.202256 0.0031109 0)
(0.202244 0.00306095 0)
(0.202238 0.00301366 0)
(0.202227 0.00296525 0)
(0.202221 0.00292007 0)
(0.20221 0.00287293 0)
(0.202204 0.00282967 0)
(0.202193 0.00278399 0)
(0.202188 0.00274211 0)
(0.202177 0.00269815 0)
(0.202173 0.00265735 0)
(0.202163 0.00261482 0)
(0.20216 0.00257552 0)
(0.202149 0.00253346 0)
(0.202147 0.00249645 0)
(0.202137 0.00245398 0)
(0.202136 0.00241939 0)
(0.202126 0.00237685 0)
(0.202126 0.00234346 0)
(0.202115 0.00230217 0)
(0.202117 0.00226857 0)
(0.202107 0.00222916 0)
(0.202109 0.00219532 0)
(0.202099 0.00215671 0)
(0.202101 0.00212399 0)
(0.202091 0.00208442 0)
(0.202095 0.00205405 0)
(0.202084 0.00201297 0)
(0.202089 0.00198443 0)
(0.202078 0.0019429 0)
(0.202084 0.00191492 0)
(0.202073 0.00187384 0)
(0.202079 0.0018455 0)
(0.202067 0.0018052 0)
(0.202074 0.00177687 0)
(0.202061 0.00173627 0)
(0.202068 0.00170938 0)
(0.202054 0.00166744 0)
(0.202061 0.001643 0)
(0.202047 0.00159939 0)
(0.202054 0.00157633 0)
(0.202038 0.00153334 0)
(0.202045 0.00150984 0)
(0.202026 0.00146849 0)
(0.202033 0.00144568 0)
(0.202014 0.00140442 0)
(0.202019 0.00138532 0)
(0.201997 0.00134285 0)
(0.202002 0.0013268 0)
(0.201977 0.00128577 0)
(0.201981 0.00127129 0)
(0.201954 0.00123345 0)
(0.201956 0.00122265 0)
(0.201928 0.00118901 0)
(0.201928 0.00118367 0)
(0.201896 0.00115074 0)
(0.199871 0.00411287 0)
(0.199962 0.00427489 0)
(0.200066 0.00442612 0)
(0.200183 0.00456309 0)
(0.200314 0.0046844 0)
(0.200453 0.00478737 0)
(0.2006 0.00487143 0)
(0.200749 0.00493533 0)
(0.200898 0.00497948 0)
(0.201043 0.00500457 0)
(0.201181 0.00501189 0)
(0.20131 0.00500388 0)
(0.201429 0.00498213 0)
(0.201537 0.00494988 0)
(0.201633 0.00490835 0)
(0.201718 0.00486048 0)
(0.201793 0.004807 0)
(0.201858 0.00474973 0)
(0.201915 0.00468949 0)
(0.201964 0.00462665 0)
(0.202007 0.00456279 0)
(0.202042 0.00449681 0)
(0.202073 0.00443127 0)
(0.202098 0.00436393 0)
(0.202119 0.00429799 0)
(0.202135 0.00423071 0)
(0.20215 0.00416515 0)
(0.202159 0.00409896 0)
(0.202167 0.00403429 0)
(0.202171 0.0039698 0)
(0.202175 0.0039064 0)
(0.202175 0.00384379 0)
(0.202175 0.00378213 0)
(0.202172 0.00372126 0)
(0.20217 0.00366181 0)
(0.202165 0.00360247 0)
(0.202161 0.00354551 0)
(0.202154 0.00348765 0)
(0.202149 0.0034331 0)
(0.202141 0.00337694 0)
(0.202136 0.00332444 0)
(0.202127 0.00327033 0)
(0.202121 0.00321949 0)
(0.202111 0.0031676 0)
(0.202106 0.00311832 0)
(0.202096 0.00306839 0)
(0.20209 0.00302092 0)
(0.20208 0.00297247 0)
(0.202075 0.00292706 0)
(0.202065 0.0028798 0)
(0.20206 0.0028363 0)
(0.202051 0.00279042 0)
(0.202047 0.0027483 0)
(0.202037 0.00270411 0)
(0.202034 0.00266306 0)
(0.202024 0.00262029 0)
(0.202022 0.00258075 0)
(0.202013 0.0025384 0)
(0.202011 0.0025012 0)
(0.202002 0.00245839 0)
(0.202001 0.00242366 0)
(0.201992 0.00238077 0)
(0.201992 0.00234722 0)
(0.201983 0.0023057 0)
(0.201984 0.00227181 0)
(0.201975 0.00223234 0)
(0.201977 0.00219814 0)
(0.201968 0.00215949 0)
(0.201971 0.00212653 0)
(0.201962 0.00208681 0)
(0.201965 0.00205635 0)
(0.201956 0.00201509 0)
(0.20196 0.00198648 0)
(0.20195 0.0019449 0)
(0.201956 0.00191676 0)
(0.201945 0.00187578 0)
(0.201951 0.00184734 0)
(0.20194 0.00180708 0)
(0.201946 0.00177873 0)
(0.201935 0.00173829 0)
(0.201941 0.00171135 0)
(0.201929 0.00166968 0)
(0.201936 0.00164524 0)
(0.201923 0.00160201 0)
(0.201929 0.00157914 0)
(0.201914 0.00153628 0)
(0.201921 0.00151314 0)
(0.201904 0.00147217 0)
(0.20191 0.00144947 0)
(0.201893 0.00140902 0)
(0.201897 0.0013901 0)
(0.201878 0.00134825 0)
(0.201881 0.00133275 0)
(0.20186 0.001292 0)
(0.201863 0.00127799 0)
(0.201839 0.001241 0)
(0.20184 0.00123038 0)
(0.201815 0.00119751 0)
(0.201815 0.00119251 0)
(0.201786 0.00115984 0)
(0.199961 0.00398758 0)
(0.200037 0.00413199 0)
(0.200123 0.00426752 0)
(0.200219 0.00439118 0)
(0.200326 0.00450218 0)
(0.20044 0.00459818 0)
(0.20056 0.00467897 0)
(0.200683 0.00474331 0)
(0.200807 0.00479152 0)
(0.200927 0.00482386 0)
(0.201044 0.00484106 0)
(0.201154 0.00484489 0)
(0.201257 0.00483609 0)
(0.201352 0.00481735 0)
(0.201438 0.00478917 0)
(0.201514 0.00475426 0)
(0.201583 0.00471293 0)
(0.201643 0.00466705 0)
(0.201697 0.00461724 0)
(0.201743 0.00456402 0)
(0.201784 0.00450888 0)
(0.201818 0.00445083 0)
(0.201849 0.00439245 0)
(0.201873 0.0043315 0)
(0.201895 0.00427128 0)
(0.201912 0.00420906 0)
(0.201927 0.00414796 0)
(0.201937 0.00408571 0)
(0.201947 0.00402442 0)
(0.201952 0.00396295 0)
(0.201957 0.00390209 0)
(0.201959 0.00384175 0)
(0.201961 0.00378196 0)
(0.20196 0.00372275 0)
(0.201959 0.00366466 0)
(0.201956 0.00360645 0)
(0.201953 0.00355049 0)
(0.201948 0.00349332 0)
(0.201945 0.0034395 0)
(0.201938 0.00338371 0)
(0.201935 0.00333169 0)
(0.201927 0.00327777 0)
(0.201923 0.00322715 0)
(0.201915 0.00317537 0)
(0.201911 0.00312606 0)
(0.201902 0.00307621 0)
(0.201898 0.00302855 0)
(0.20189 0.00298011 0)
(0.201885 0.00293444 0)
(0.201877 0.00288707 0)
(0.201873 0.00284334 0)
(0.201865 0.00279723 0)
(0.201862 0.0027549 0)
(0.201854 0.00271042 0)
(0.201851 0.00266914 0)
(0.201843 0.00262608 0)
(0.201841 0.00258628 0)
(0.201833 0.00254364 0)
(0.201832 0.0025062 0)
(0.201824 0.00246307 0)
(0.201824 0.00242814 0)
(0.201816 0.00238491 0)
(0.201817 0.00235118 0)
(0.201809 0.00230938 0)
(0.20181 0.00227523 0)
(0.201802 0.00223564 0)
(0.201805 0.00220107 0)
(0.201797 0.00216239 0)
(0.201799 0.00212914 0)
(0.201792 0.0020893 0)
(0.201795 0.00205869 0)
(0.201787 0.00201727 0)
(0.201791 0.00198859 0)
(0.201782 0.00194694 0)
(0.201787 0.00191868 0)
(0.201778 0.00187777 0)
(0.201784 0.00184924 0)
(0.201774 0.00180905 0)
(0.20178 0.00178065 0)
(0.20177 0.00174041 0)
(0.201776 0.00171343 0)
(0.201765 0.00167209 0)
(0.201771 0.00164764 0)
(0.201759 0.00160479 0)
(0.201765 0.0015822 0)
(0.201752 0.0015395 0)
(0.201758 0.00151673 0)
(0.201743 0.00147621 0)
(0.201749 0.00145368 0)
(0.201733 0.00141409 0)
(0.201737 0.00139536 0)
(0.20172 0.00135422 0)
(0.201724 0.00133931 0)
(0.201705 0.00129891 0)
(0.201707 0.00128541 0)
(0.201686 0.00124929 0)
(0.201688 0.00123894 0)
(0.201665 0.0012069 0)
(0.201665 0.00120218 0)
(0.201641 0.00116979 0)
(0.200026 0.00386499 0)
(0.200088 0.00399514 0)
(0.200156 0.00411779 0)
(0.200233 0.00423053 0)
(0.200318 0.00433312 0)
(0.200409 0.00442345 0)
(0.200506 0.00450156 0)
(0.200604 0.00456618 0)
(0.200704 0.00461758 0)
(0.200802 0.00465574 0)
(0.200898 0.00468098 0)
(0.200989 0.00469458 0)
(0.201075 0.0046967 0)
(0.201155 0.00468955 0)
(0.201229 0.00467307 0)
(0.201295 0.00464972 0)
(0.201356 0.00461941 0)
(0.20141 0.00458404 0)
(0.201458 0.00454395 0)
(0.2015 0.00449982 0)
(0.201537 0.00445299 0)
(0.201569 0.00440259 0)
(0.201598 0.00435114 0)
(0.201622 0.0042965 0)
(0.201643 0.00424195 0)
(0.201659 0.00418479 0)
(0.201674 0.00412821 0)
(0.201685 0.00406995 0)
(0.201695 0.00401218 0)
(0.201702 0.00395382 0)
(0.201708 0.00389562 0)
(0.201711 0.00383767 0)
(0.201714 0.00377986 0)
(0.201714 0.00372242 0)
(0.201715 0.0036658 0)
(0.201713 0.00360884 0)
(0.201712 0.00355398 0)
(0.201709 0.0034976 0)
(0.201707 0.00344461 0)
(0.201703 0.00338927 0)
(0.2017 0.00333782 0)
(0.201694 0.00328414 0)
(0.201692 0.00323382 0)
(0.201685 0.0031822 0)
(0.201683 0.00313293 0)
(0.201676 0.00308321 0)
(0.201673 0.00303538 0)
(0.201666 0.00298701 0)
(0.201663 0.00294111 0)
(0.201657 0.00289368 0)
(0.201654 0.00284973 0)
(0.201648 0.00280342 0)
(0.201645 0.00276092 0)
(0.201639 0.00271614 0)
(0.201637 0.00267468 0)
(0.20163 0.00263134 0)
(0.201629 0.00259129 0)
(0.201623 0.00254841 0)
(0.201622 0.00251071 0)
(0.201616 0.0024673 0)
(0.201616 0.00243217 0)
(0.20161 0.00238861 0)
(0.201611 0.00235472 0)
(0.201604 0.00231264 0)
(0.201606 0.00227827 0)
(0.201599 0.00223855 0)
(0.201601 0.00220365 0)
(0.201595 0.00216494 0)
(0.201597 0.00213139 0)
(0.201591 0.00209148 0)
(0.201594 0.00206071 0)
(0.201588 0.00201913 0)
(0.201591 0.00199043 0)
(0.201584 0.00194868 0)
(0.201589 0.00192034 0)
(0.201581 0.00187949 0)
(0.201586 0.00185088 0)
(0.201578 0.0018108 0)
(0.201583 0.00178236 0)
(0.201575 0.00174232 0)
(0.20158 0.00171529 0)
(0.201571 0.00167434 0)
(0.201576 0.00164989 0)
(0.201567 0.00160737 0)
(0.201572 0.00158507 0)
(0.201561 0.0015426 0)
(0.201566 0.00152015 0)
(0.201554 0.00148006 0)
(0.201558 0.00145776 0)
(0.201546 0.00141902 0)
(0.201549 0.00140041 0)
(0.201534 0.00136 0)
(0.201537 0.00134562 0)
(0.201521 0.00130559 0)
(0.201524 0.00129257 0)
(0.201506 0.00125724 0)
(0.201507 0.00124718 0)
(0.201488 0.00121596 0)
(0.201488 0.00121138 0)
(0.201468 0.00117926 0)
(0.200065 0.00375236 0)
(0.200112 0.00387074 0)
(0.200165 0.00398305 0)
(0.200223 0.0040872 0)
(0.200289 0.00418323 0)
(0.200359 0.00426908 0)
(0.200433 0.004345 0)
(0.200509 0.00440964 0)
(0.200587 0.00446331 0)
(0.200663 0.00450572 0)
(0.200738 0.00453705 0)
(0.20081 0.00455817 0)
(0.200879 0.0045689 0)
(0.200943 0.00457109 0)
(0.201003 0.00456425 0)
(0.201058 0.00455065 0)
(0.201109 0.0045298 0)
(0.201154 0.0045036 0)
(0.201195 0.00447213 0)
(0.201231 0.00443618 0)
(0.201264 0.00439688 0)
(0.201292 0.00435354 0)
(0.201318 0.00430853 0)
(0.201339 0.0042598 0)
(0.201358 0.00421063 0)
(0.201374 0.00415832 0)
(0.201388 0.00410612 0)
(0.201399 0.00405177 0)
(0.201409 0.00399747 0)
(0.201415 0.0039422 0)
(0.201422 0.00388669 0)
(0.201426 0.00383115 0)
(0.20143 0.00377538 0)
(0.201432 0.00371978 0)
(0.201433 0.0036647 0)
(0.201433 0.00360906 0)
(0.201434 0.00355537 0)
(0.201432 0.00349989 0)
(0.201432 0.00344778 0)
(0.201429 0.00339299 0)
(0.201428 0.00334218 0)
(0.201424 0.00328882 0)
(0.201423 0.00323889 0)
(0.201418 0.00318748 0)
(0.201417 0.00313833 0)
(0.201412 0.0030888 0)
(0.20141 0.00304087 0)
(0.201406 0.00299264 0)
(0.201404 0.00294655 0)
(0.201399 0.00289912 0)
(0.201398 0.00285501 0)
(0.201393 0.00280853 0)
(0.201392 0.00276592 0)
(0.201387 0.00272088 0)
(0.201386 0.00267928 0)
(0.201381 0.0026357 0)
(0.201381 0.00259543 0)
(0.201376 0.00255236 0)
(0.201376 0.00251438 0)
(0.201371 0.00247079 0)
(0.201372 0.00243543 0)
(0.201367 0.00239161 0)
(0.201368 0.00235758 0)
(0.201363 0.00231521 0)
(0.201365 0.0022807 0)
(0.20136 0.00224081 0)
(0.201363 0.00220564 0)
(0.201358 0.00216692 0)
(0.20136 0.00213305 0)
(0.201356 0.00209315 0)
(0.201359 0.00206219 0)
(0.201353 0.00202051 0)
(0.201357 0.00199179 0)
(0.201352 0.00194995 0)
(0.201356 0.00192156 0)
(0.20135 0.00188077 0)
(0.201354 0.00185209 0)
(0.201348 0.00181213 0)
(0.201352 0.00178365 0)
(0.201346 0.00174385 0)
(0.20135 0.00171675 0)
(0.201343 0.0016762 0)
(0.201348 0.00165177 0)
(0.20134 0.00160958 0)
(0.201344 0.00158752 0)
(0.201336 0.00154531 0)
(0.20134 0.00152319 0)
(0.201331 0.00148351 0)
(0.201335 0.00146142 0)
(0.201324 0.00142352 0)
(0.201327 0.00140502 0)
(0.201316 0.00136532 0)
(0.201318 0.00135137 0)
(0.201306 0.00131172 0)
(0.201308 0.00129917 0)
(0.201293 0.00126454 0)
(0.201295 0.00125475 0)
(0.20128 0.0012243 0)
(0.20128 0.00121974 0)
(0.201264 0.00118786 0)
(0.200076 0.00365571 0)
(0.20011 0.00376514 0)
(0.200147 0.00386965 0)
(0.200189 0.00396731 0)
(0.200236 0.00405833 0)
(0.200286 0.00414066 0)
(0.20034 0.00421469 0)
(0.200395 0.00427898 0)
(0.200451 0.00433394 0)
(0.200506 0.0043791 0)
(0.200561 0.00441457 0)
(0.200613 0.00444099 0)
(0.200664 0.00445798 0)
(0.200712 0.00446713 0)
(0.200757 0.00446766 0)
(0.200799 0.00446169 0)
(0.200838 0.0044484 0)
(0.200873 0.00442971 0)
(0.200905 0.00440536 0)
(0.200934 0.00437631 0)
(0.20096 0.00434341 0)
(0.200983 0.00430615 0)
(0.201003 0.00426673 0)
(0.201021 0.00422322 0)
(0.201037 0.00417882 0)
(0.201051 0.00413088 0)
(0.201063 0.00408267 0)
(0.201073 0.00403188 0)
(0.201082 0.00398082 0)
(0.201089 0.00392843 0)
(0.201095 0.00387548 0)
(0.2011 0.00382223 0)
(0.201104 0.00376844 0)
(0.201107 0.00371464 0)
(0.20111 0.00366107 0)
(0.201111 0.00360678 0)
(0.201112 0.00355425 0)
(0.201112 0.00349972 0)
(0.201113 0.00344852 0)
(0.201112 0.00339435 0)
(0.201112 0.00334424 0)
(0.20111 0.00329126 0)
(0.201111 0.0032418 0)
(0.201108 0.00319067 0)
(0.201108 0.00314173 0)
(0.201105 0.00309245 0)
(0.201105 0.00304451 0)
(0.201102 0.00299649 0)
(0.201102 0.00295028 0)
(0.201099 0.00290293 0)
(0.201099 0.00285874 0)
(0.201096 0.00281214 0)
(0.201096 0.00276952 0)
(0.201093 0.00272425 0)
(0.201093 0.00268262 0)
(0.20109 0.00263882 0)
(0.201091 0.0025984 0)
(0.201088 0.00255522 0)
(0.201089 0.00251698 0)
(0.201086 0.0024733 0)
(0.201087 0.00243773 0)
(0.201084 0.0023937 0)
(0.201086 0.0023596 0)
(0.201082 0.00231693 0)
(0.201085 0.00228238 0)
(0.201081 0.00224228 0)
(0.201084 0.00220695 0)
(0.201081 0.00216822 0)
(0.201083 0.00213406 0)
(0.20108 0.00209419 0)
(0.201083 0.00206306 0)
(0.20108 0.00202131 0)
(0.201083 0.00199259 0)
(0.201079 0.00195064 0)
(0.201083 0.00192229 0)
(0.201079 0.00188151 0)
(0.201083 0.00185281 0)
(0.201078 0.00181294 0)
(0.201082 0.00178447 0)
(0.201078 0.00174486 0)
(0.201082 0.00171776 0)
(0.201077 0.0016775 0)
(0.201081 0.00165315 0)
(0.201075 0.00161127 0)
(0.201079 0.00158946 0)
(0.201073 0.00154738 0)
(0.201077 0.00152572 0)
(0.20107 0.00148634 0)
(0.201073 0.00146452 0)
(0.201066 0.00142728 0)
(0.201068 0.00140898 0)
(0.20106 0.00136989 0)
(0.201062 0.00135635 0)
(0.201053 0.00131691 0)
(0.201054 0.00130498 0)
(0.201044 0.00127082 0)
(0.201046 0.00126143 0)
(0.201034 0.00123158 0)
(0.201035 0.00122708 0)
(0.201023 0.00119527 0)
(0.20006 0.00358126 0)
(0.200081 0.00368493 0)
(0.200104 0.00378428 0)
(0.20013 0.00387748 0)
(0.200159 0.0039649 0)
(0.20019 0.00404454 0)
(0.200223 0.00411693 0)
(0.200257 0.00418056 0)
(0.200292 0.00423597 0)
(0.200326 0.00428253 0)
(0.20036 0.00432041 0)
(0.200393 0.00435005 0)
(0.200425 0.00437101 0)
(0.200456 0.00438471 0)
(0.200485 0.0043902 0)
(0.200512 0.00438948 0)
(0.200538 0.00438151 0)
(0.200561 0.00436821 0)
(0.200583 0.00434905 0)
(0.200602 0.00432511 0)
(0.20062 0.00429701 0)
(0.200637 0.00426436 0)
(0.200651 0.00422922 0)
(0.200664 0.00418976 0)
(0.200676 0.0041491 0)
(0.200686 0.0041046 0)
(0.200696 0.00405959 0)
(0.200704 0.00401168 0)
(0.200712 0.00396329 0)
(0.200717 0.00391327 0)
(0.200723 0.00386247 0)
(0.200728 0.00381116 0)
(0.200732 0.00375907 0)
(0.200735 0.00370683 0)
(0.200739 0.00365458 0)
(0.200741 0.00360153 0)
(0.200744 0.00355004 0)
(0.200745 0.00349643 0)
(0.200747 0.00344608 0)
(0.200748 0.00339253 0)
(0.20075 0.00334311 0)
(0.20075 0.00329057 0)
(0.200751 0.00324161 0)
(0.200751 0.00319081 0)
(0.200752 0.00314218 0)
(0.200752 0.0030932 0)
(0.200753 0.00304538 0)
(0.200753 0.00299763 0)
(0.200754 0.00295143 0)
(0.200753 0.00290426 0)
(0.200754 0.00286009 0)
(0.200753 0.00281351 0)
(0.200754 0.00277097 0)
(0.200754 0.00272559 0)
(0.200755 0.00268404 0)
(0.200754 0.00264015 0)
(0.200756 0.00259968 0)
(0.200755 0.00255651 0)
(0.200756 0.00251812 0)
(0.200755 0.00247446 0)
(0.200757 0.00243876 0)
(0.200756 0.00239464 0)
(0.200758 0.00236056 0)
(0.200757 0.00231769 0)
(0.200759 0.0022832 0)
(0.200758 0.00224296 0)
(0.200761 0.00220756 0)
(0.200759 0.00216886 0)
(0.200762 0.00213451 0)
(0.200761 0.00209474 0)
(0.200763 0.00206349 0)
(0.200762 0.00202175 0)
(0.200765 0.00199307 0)
(0.200764 0.00195103 0)
(0.200767 0.00192279 0)
(0.200765 0.00188204 0)
(0.200768 0.00185333 0)
(0.200766 0.0018136 0)
(0.200769 0.00178514 0)
(0.200767 0.00174572 0)
(0.20077 0.00171867 0)
(0.200768 0.00167868 0)
(0.20077 0.00165436 0)
(0.200768 0.00161282 0)
(0.200771 0.00159122 0)
(0.200768 0.00154924 0)
(0.20077 0.00152795 0)
(0.200766 0.00148892 0)
(0.200769 0.00146731 0)
(0.200765 0.00143061 0)
(0.200767 0.00141246 0)
(0.200762 0.00137401 0)
(0.200764 0.00136071 0)
(0.200759 0.00132149 0)
(0.20076 0.00131007 0)
(0.200754 0.0012764 0)
(0.200755 0.00126728 0)
(0.200749 0.00123804 0)
(0.200749 0.00123351 0)
(0.200743 0.00120191 0)
(0.200023 0.00353836 0)
(0.200031 0.00363903 0)
(0.200039 0.00373563 0)
(0.200048 0.00382636 0)
(0.200058 0.00391167 0)
(0.200069 0.0039896 0)
(0.20008 0.00406078 0)
(0.200092 0.00412371 0)
(0.200105 0.00417896 0)
(0.200117 0.00422587 0)
(0.200129 0.00426462 0)
(0.200141 0.00429556 0)
(0.200153 0.00431824 0)
(0.200165 0.004334 0)
(0.200176 0.0043418 0)
(0.200186 0.00434361 0)
(0.200196 0.00433823 0)
(0.200205 0.00432763 0)
(0.200214 0.00431108 0)
(0.200222 0.00428977 0)
(0.20023 0.00426412 0)
(0.200237 0.00423389 0)
(0.200244 0.00420098 0)
(0.20025 0.00416366 0)
(0.200256 0.00412499 0)
(0.200261 0.00408234 0)
(0.200266 0.00403905 0)
(0.20027 0.0039927 0)
(0.200275 0.00394576 0)
(0.200278 0.00389704 0)
(0.200282 0.00384743 0)
(0.200286 0.00379721 0)
(0.200289 0.00374604 0)
(0.200292 0.0036947 0)
(0.200295 0.00364318 0)
(0.200297 0.00359085 0)
(0.2003 0.00353994 0)
(0.200302 0.00348686 0)
(0.200305 0.003437 0)
(0.200307 0.00338383 0)
(0.200309 0.00333483 0)
(0.200311 0.00328253 0)
(0.200313 0.0032339 0)
(0.200315 0.0031833 0)
(0.200317 0.00313486 0)
(0.200318 0.00308611 0)
(0.200321 0.00303833 0)
(0.200322 0.00299083 0)
(0.200324 0.0029446 0)
(0.200326 0.00289762 0)
(0.200328 0.00285346 0)
(0.200329 0.00280692 0)
(0.200332 0.00276448 0)
(0.200333 0.00271906 0)
(0.200335 0.0026776 0)
(0.200337 0.0026337 0)
(0.200339 0.0025932 0)
(0.20034 0.00255012 0)
(0.200342 0.00251161 0)
(0.200344 0.00246808 0)
(0.200346 0.00243228 0)
(0.200348 0.0023882 0)
(0.20035 0.00235413 0)
(0.200351 0.0023112 0)
(0.200354 0.00227678 0)
(0.200355 0.00223649 0)
(0.200358 0.00220107 0)
(0.200359 0.0021625 0)
(0.200361 0.00212798 0)
(0.200363 0.00208841 0)
(0.200365 0.002057 0)
(0.200367 0.0020154 0)
(0.200369 0.00198674 0)
(0.200371 0.0019447 0)
(0.200373 0.00191652 0)
(0.200374 0.00187592 0)
(0.200377 0.00184714 0)
(0.200378 0.00180762 0)
(0.200381 0.00177912 0)
(0.200382 0.00173993 0)
(0.200384 0.00171286 0)
(0.200386 0.00167318 0)
(0.200388 0.00164878 0)
(0.200389 0.00160762 0)
(0.200391 0.00158608 0)
(0.200392 0.00154426 0)
(0.200394 0.00152313 0)
(0.200395 0.00148446 0)
(0.200397 0.00146294 0)
(0.200398 0.00142675 0)
(0.200399 0.00140855 0)
(0.200401 0.00137073 0)
(0.200402 0.00135747 0)
(0.200403 0.00131849 0)
(0.200403 0.00130735 0)
(0.200404 0.0012742 0)
(0.200405 0.00126517 0)
(0.200405 0.00123658 0)
(0.200406 0.00123183 0)
(0.200406 0.00120062 0)
(0.208233 0.000207303 0)
(0.191249 -0.000139414 0)
(0.208503 0.000195969 0)
(0.190676 -0.000106414 0)
(0.208514 0.000201002 0)
(0.189758 -4.30111e-05 0)
(0.208494 0.000230841 0)
(0.18848 5.48906e-05 0)
(0.208403 0.000285494 0)
(0.186676 0.000199215 0)
(0.208119 0.00037996 0)
(0.184013 0.000441607 0)
(0.207316 0.000627374 0)
(0.179774 0.00111877 0)
(0.205607 0.00188518 0)
(0.206075 0.0002432 0)
(0.193917 -0.00012355 0)
(0.205812 0.000223419 0)
(0.193905 -7.52054e-05 0)
(0.205145 0.000246928 0)
(0.19376 3.9104e-05 0)
(0.204209 0.000303926 0)
(0.193547 0.000208023 0)
(0.202871 0.000391161 0)
(0.193212 0.000463189 0)
(0.20088 0.000548444 0)
(0.192615 0.000937786 0)
(0.197789 0.00104348 0)
(0.191601 0.00237592 0)
(0.193293 0.00353838 0)
(0.203312 0.000219913 0)
(0.197032 -6.15074e-05 0)
(0.20278 0.000197656 0)
(0.19724 2.37167e-05 0)
(0.20189 0.000236284 0)
(0.197264 0.000188346 0)
(0.200805 0.000318872 0)
(0.197114 0.000403248 0)
(0.199473 0.000461908 0)
(0.196661 0.000708452 0)
(0.197777 0.000762506 0)
(0.195686 0.00128533 0)
(0.195575 0.00164291 0)
(0.194109 0.00298248 0)
(0.193401 0.00472642 0)
(0.201361 0.000163353 0)
(0.198962 2.49875e-05 0)
(0.200948 0.000160273 0)
(0.199011 0.000132609 0)
(0.200262 0.000232323 0)
(0.198805 0.000315853 0)
(0.199453 0.000366251 0)
(0.198362 0.000545874 0)
(0.198473 0.000591111 0)
(0.197582 0.000883786 0)
(0.197216 0.00103944 0)
(0.196349 0.00156414 0)
(0.195628 0.00218537 0)
(0.194837 0.00338121 0)
(0.194323 0.00514006 0)
(0.200431 0.000119006 0)
(0.199738 9.08904e-05 0)
(0.200205 0.000152735 0)
(0.199609 0.000209404 0)
(0.199725 0.000264823 0)
(0.199231 0.00040402 0)
(0.199108 0.000452824 0)
(0.198641 0.000654383 0)
(0.198309 0.000749755 0)
(0.197776 0.00104484 0)
(0.197242 0.00130899 0)
(0.196597 0.00184416 0)
(0.195956 0.0025771 0)
(0.195384 0.00369185 0)
(0.195052 0.00520985 0)
(0.200107 9.39984e-05 0)
(0.199949 0.000131285 0)
(0.199976 0.000171137 0)
(0.19974 0.000261315 0)
(0.199591 0.000321122 0)
(0.199307 0.000471195 0)
(0.199047 0.000556649 0)
(0.198695 0.000752686 0)
(0.198316 0.000913667 0)
(0.197858 0.00120556 0)
(0.197357 0.00155857 0)
(0.196813 0.00210194 0)
(0.196292 0.00287077 0)
(0.195872 0.00389776 0)
(0.195667 0.00520613 0)
(0.200021 8.12054e-05 0)
(0.199981 0.000156204 0)
(0.199915 0.000202645 0)
(0.199754 0.000303635 0)
(0.199564 0.00038581 0)
(0.19932 0.000534541 0)
(0.199048 0.000661321 0)
(0.198724 0.000854354 0)
(0.198359 0.00106966 0)
(0.197944 0.00136987 0)
(0.197496 0.00177942 0)
(0.197038 0.00232923 0)
(0.196621 0.00309133 0)
(0.196316 0.00403266 0)
(0.196208 0.00517663 0)
(0.200003 7.5288e-05 0)
(0.199976 0.000173464 0)
(0.199896 0.000239309 0)
(0.199752 0.00034486 0)
(0.199564 0.000451673 0)
(0.199332 0.000600821 0)
(0.199067 0.000761583 0)
(0.198762 0.000961437 0)
(0.198421 0.00121512 0)
(0.198046 0.00153263 0)
(0.197653 0.00197152 0)
(0.197271 0.00252378 0)
(0.196942 0.00325649 0)
(0.196727 0.00412004 0)
(0.196691 0.00512788 0)
(0.2 7.36088e-05 0)
(0.199969 0.000187391 0)
(0.199888 0.000276732 0)
(0.199752 0.000387719 0)
(0.199571 0.000516244 0)
(0.199351 0.000670735 0)
(0.199097 0.000857211 0)
(0.198812 0.00107096 0)
(0.198497 0.0013509 0)
(0.198162 0.00168698 0)
(0.197822 0.00213828 0)
(0.197507 0.00268597 0)
(0.197252 0.00337979 0)
(0.197109 0.00417072 0)
(0.197125 0.00506095 0)
(0.2 7.46513e-05 0)
(0.199964 0.000200515 0)
(0.199883 0.000312625 0)
(0.199755 0.000432452 0)
(0.199582 0.000578872 0)
(0.199374 0.00074313 0)
(0.199134 0.000948846 0)
(0.19887 0.0011794 0)
(0.198583 0.00147745 0)
(0.198287 0.0018288 0)
(0.197996 0.00228234 0)
(0.19774 0.00281843 0)
(0.197548 0.00346975 0)
(0.197461 0.00419196 0)
(0.197514 0.00497888 0)
(0.199999 7.74168e-05 0)
(0.199962 0.000214213 0)
(0.199881 0.000346395 0)
(0.19976 0.000478404 0)
(0.199597 0.000639723 0)
(0.199402 0.000816435 0)
(0.199177 0.00103703 0)
(0.198934 0.00128403 0)
(0.198676 0.00159468 0)
(0.198417 0.0019563 0)
(0.198172 0.00240556 0)
(0.197968 0.00292438 0)
(0.197827 0.00353221 0)
(0.197784 0.00418969 0)
(0.197861 0.00488618 0)
(0.199999 8.12274e-05 0)
(0.199961 0.000229021 0)
(0.199882 0.000378305 0)
(0.199767 0.000524602 0)
(0.199614 0.00069905 0)
(0.199432 0.000889148 0)
(0.199225 0.00112186 0)
(0.199004 0.00138309 0)
(0.198774 0.00170227 0)
(0.19855 0.00206905 0)
(0.198347 0.00250949 0)
(0.198186 0.003007 0)
(0.198088 0.00357176 0)
(0.198078 0.00416911 0)
(0.198172 0.00478702 0)
(0.199999 8.56489e-05 0)
(0.199961 0.000244914 0)
(0.199885 0.000408826 0)
(0.199776 0.000570123 0)
(0.199634 0.000756841 0)
(0.199466 0.000960036 0)
(0.199276 0.00120304 0)
(0.199077 0.00147551 0)
(0.198874 0.00179989 0)
(0.198684 0.00216728 0)
(0.198517 0.00259559 0)
(0.198394 0.00306922 0)
(0.19833 0.00359231 0)
(0.198345 0.00413465 0)
(0.198448 0.00468453 0)
(0.199999 9.04375e-05 0)
(0.199962 0.000261543 0)
(0.199889 0.000438373 0)
(0.199788 0.000614329 0)
(0.199655 0.000812834 0)
(0.199502 0.00102819 0)
(0.19933 0.00128001 0)
(0.199153 0.00156074 0)
(0.198976 0.00188738 0)
(0.198815 0.0022516 0)
(0.198681 0.0026654 0)
(0.198589 0.00311383 0)
(0.198553 0.00359734 0)
(0.198586 0.00408995 0)
(0.198695 0.00458096 0)
(0.199999 9.54477e-05 0)
(0.199964 0.000278492 0)
(0.199895 0.000467166 0)
(0.1998 0.000656856 0)
(0.199679 0.00086662 0)
(0.199539 0.00109293 0)
(0.199386 0.00135218 0)
(0.199229 0.00163848 0)
(0.199077 0.00196479 0)
(0.198944 0.00232289 0)
(0.198837 0.00272051 0)
(0.198772 0.0031434 0)
(0.198757 0.0035899 0)
(0.198803 0.00403788 0)
(0.198913 0.00447792 0)
(0.199999 0.000100572 0)
(0.199966 0.000295409 0)
(0.199902 0.000495211 0)
(0.199814 0.000697492 0)
(0.199703 0.000917769 0)
(0.199578 0.00115375 0)
(0.199442 0.00141901 0)
(0.199306 0.00170863 0)
(0.199177 0.0020324 0)
(0.199067 0.0023822 0)
(0.198985 0.0027626 0)
(0.198941 0.00316034 0)
(0.198942 0.00357258 0)
(0.198997 0.0039807 0)
(0.199106 0.00437655 0)
(0.199999 0.000105721 0)
(0.199969 0.000312022 0)
(0.199909 0.000522367 0)
(0.19983 0.000736056 0)
(0.199729 0.000965893 0)
(0.199618 0.00121021 0)
(0.199499 0.00148013 0)
(0.199382 0.00177119 0)
(0.199273 0.00209068 0)
(0.199184 0.00243066 0)
(0.199122 0.00279343 0)
(0.199096 0.00316687 0)
(0.19911 0.00354763 0)
(0.19917 0.00392027 0)
(0.199277 0.00427776 0)
(0.199999 0.000110829 0)
(0.199971 0.000328103 0)
(0.199917 0.000548424 0)
(0.199846 0.000772317 0)
(0.199756 0.00101066 0)
(0.199658 0.00126193 0)
(0.199555 0.00153525 0)
(0.199455 0.00182618 0)
(0.199365 0.00214018 0)
(0.199295 0.0024694 0)
(0.19925 0.00281472 0)
(0.199237 0.00316506 0)
(0.19926 0.00351713 0)
(0.199323 0.00385811 0)
(0.199425 0.00418239 0)
(0.199999 0.000115862 0)
(0.199974 0.00034347 0)
(0.199925 0.000573169 0)
(0.199862 0.000806017 0)
(0.199783 0.00105179 0)
(0.199698 0.00130851 0)
(0.199609 0.00158413 0)
(0.199526 0.00187354 0)
(0.199453 0.00218138 0)
(0.199398 0.00249931 0)
(0.199367 0.00282802 0)
(0.199365 0.00315675 0)
(0.199394 0.0034831 0)
(0.199458 0.00379569 0)
(0.199555 0.00409121 0)
(0.199999 0.000120721 0)
(0.199977 0.000358134 0)
(0.199934 0.000596348 0)
(0.199878 0.000837142 0)
(0.19981 0.00108894 0)
(0.199737 0.0013499 0)
(0.199662 0.00162638 0)
(0.199593 0.00191344 0)
(0.199534 0.0022143 0)
(0.199493 0.00252134 0)
(0.199473 0.0028342 0)
(0.199479 0.00314379 0)
(0.199512 0.00344711 0)
(0.199575 0.0037353 0)
(0.199666 0.00400501 0)
(0.199999 0.000126233 0)
(0.19998 0.000374587 0)
(0.199944 0.00062216 0)
(0.199898 0.000871108 0)
(0.199841 0.00112868 0)
(0.199782 0.00139297 0)
(0.199722 0.00166913 0)
(0.199669 0.00195214 0)
(0.199625 0.00224441 0)
(0.199597 0.00253878 0)
(0.199587 0.00283455 0)
(0.199599 0.00312384 0)
(0.199635 0.00340405 0)
(0.199695 0.00366823 0)
(0.199779 0.00391357 0)
(0.199999 0.000132558 0)
(0.199984 0.000393337 0)
(0.199955 0.000651519 0)
(0.199919 0.000908971 0)
(0.199876 0.00117215 0)
(0.199832 0.00143861 0)
(0.199787 0.00171296 0)
(0.199749 0.00198972 0)
(0.19972 0.00227127 0)
(0.199703 0.00255041 0)
(0.199702 0.00282706 0)
(0.199719 0.00309401 0)
(0.199755 0.00334991 0)
(0.19981 0.00358901 0)
(0.199883 0.0038098 0)
(0.199999 0.000138801 0)
(0.199988 0.00041217 0)
(0.199966 0.00068047 0)
(0.199941 0.000945869 0)
(0.19991 0.00121319 0)
(0.199878 0.00148051 0)
(0.199848 0.00175119 0)
(0.199823 0.00202055 0)
(0.199805 0.00229007 0)
(0.199798 0.00255377 0)
(0.199802 0.0028113 0)
(0.199821 0.00305731 0)
(0.199853 0.00329036 0)
(0.199901 0.00350676 0)
(0.199962 0.00370489 0)
(0.2 0.000144882 0)
(0.199991 0.000429975 0)
(0.199976 0.000707803 0)
(0.19996 0.000979786 0)
(0.19994 0.00125014 0)
(0.19992 0.0015166 0)
(0.199901 0.00178255 0)
(0.199887 0.00204321 0)
(0.199877 0.0023005 0)
(0.199876 0.00254888 0)
(0.199883 0.00278889 0)
(0.1999 0.00301593 0)
(0.199927 0.00322953 0)
(0.199965 0.00342682 0)
(0.200014 0.00360698 0)
(0.2 0.000150302 0)
(0.199994 0.000445824 0)
(0.199985 0.000731833 0)
(0.199976 0.00100914 0)
(0.199964 0.00128127 0)
(0.199954 0.00154589 0)
(0.199944 0.00180635 0)
(0.199937 0.00205818 0)
(0.199933 0.00230381 0)
(0.199934 0.00253843 0)
(0.199941 0.00276331 0)
(0.199955 0.00297468 0)
(0.199976 0.00317267 0)
(0.200004 0.00335516 0)
(0.200039 0.00352151 0)
(0.2 0.000154596 0)
(0.199997 0.000458355 0)
(0.199992 0.000750699 0)
(0.199988 0.00103192 0)
(0.199983 0.00130492 0)
(0.199978 0.00156741 0)
(0.199974 0.00182275 0)
(0.199971 0.00206697 0)
(0.19997 0.00230305 0)
(0.199972 0.00252677 0)
(0.199978 0.00274004 0)
(0.199987 0.00293961 0)
(0.2 0.00312612 0)
(0.200017 0.00329787 0)
(0.200038 0.00345449 0)
(0.2 0.000157108 0)
(0.199999 0.000465775 0)
(0.199998 0.000761959 0)
(0.199997 0.0010454 0)
(0.199995 0.00131876 0)
(0.199994 0.00157969 0)
(0.199993 0.00183178 0)
(0.199992 0.0020713 0)
(0.199992 0.00230165 0)
(0.199993 0.00251893 0)
(0.199995 0.00272548 0)
(0.199998 0.00291829 0)
(0.200002 0.00309836 0)
(0.200008 0.00326414 0)
(0.200016 0.00341551 0)
)
;

boundaryField
{
    top
    {
        type            zeroGradient;
    }
    inlet
    {
        type            fixedValue;
        value           uniform (0.2 0 0);
    }
    outlet
    {
        type            zeroGradient;
    }
    plate
    {
        type            fixedValue;
        value           uniform (0 0 0);
    }
    symmBound
    {
        type            zeroGradient;
    }
    frontAndBack
    {
        type            empty;
    }
}


// ************************************************************************* //
