/*--------------------------------*- C++ -*----------------------------------*\
| =========                 |                                                 |
| \\      /  F ield         | OpenFOAM: The Open Source CFD Toolbox           |
|  \\    /   O peration     | Version:  2.3.0                                 |
|   \\  /    A nd           | Web:      www.OpenFOAM.org                      |
|    \\/     M anipulation  |                                                 |
\*---------------------------------------------------------------------------*/
FoamFile
{
    version     2.0;
    format      ascii;
    class       volVectorField;
    location    "0.8";
    object      U_0;
}
// * * * * * * * * * * * * * * * * * * * * * * * * * * * * * * * * * * * * * //

dimensions      [0 1 -1 0 0 0 0];

internalField   nonuniform List<vector> 
3375
(
(0.170604 0.00600302 0)
(0.15407 0.00606195 0)
(0.138181 0.00563577 0)
(0.12313 0.00503029 0)
(0.109325 0.00436224 0)
(0.096937 0.0036852 0)
(0.0859774 0.00303627 0)
(0.0764124 0.00244115 0)
(0.068185 0.00191554 0)
(0.0612081 0.00146736 0)
(0.0553656 0.00109825 0)
(0.0505214 0.000804544 0)
(0.0465321 0.000578581 0)
(0.0432559 0.000410327 0)
(0.0405611 0.000288975 0)
(0.0383305 0.000204168 0)
(0.0364647 0.000146752 0)
(0.034882 0.000109113 0)
(0.0335179 8.52187e-05 0)
(0.0323226 7.04928e-05 0)
(0.0312588 6.16087e-05 0)
(0.0302989 5.62517e-05 0)
(0.0294226 5.28872e-05 0)
(0.0286155 5.05518e-05 0)
(0.0278668 4.86793e-05 0)
(0.0271685 4.69648e-05 0)
(0.0265146 4.52654e-05 0)
(0.0259004 4.35314e-05 0)
(0.025322 4.17616e-05 0)
(0.0247761 3.99762e-05 0)
(0.0242599 3.82013e-05 0)
(0.0237711 3.6461e-05 0)
(0.0233074 3.47746e-05 0)
(0.0228668 3.31554e-05 0)
(0.0224476 3.16116e-05 0)
(0.0220482 3.01471e-05 0)
(0.0216672 2.87626e-05 0)
(0.0213031 2.74569e-05 0)
(0.0209549 2.62271e-05 0)
(0.0206214 2.50696e-05 0)
(0.0203017 2.39803e-05 0)
(0.0199948 2.2955e-05 0)
(0.0197 2.19896e-05 0)
(0.0194165 2.10801e-05 0)
(0.0191436 2.02226e-05 0)
(0.0188806 1.94136e-05 0)
(0.0186271 1.86499e-05 0)
(0.0183824 1.79283e-05 0)
(0.0181461 1.72459e-05 0)
(0.0179177 1.66003e-05 0)
(0.0176968 1.59889e-05 0)
(0.0174831 1.54095e-05 0)
(0.017276 1.48601e-05 0)
(0.0170753 1.43387e-05 0)
(0.0168807 1.38436e-05 0)
(0.0166919 1.33731e-05 0)
(0.0165085 1.29257e-05 0)
(0.0163304 1.25e-05 0)
(0.0161573 1.20946e-05 0)
(0.0159889 1.17084e-05 0)
(0.0158251 1.13402e-05 0)
(0.0156656 1.0989e-05 0)
(0.0155103 1.06538e-05 0)
(0.0153589 1.03337e-05 0)
(0.0152114 1.00277e-05 0)
(0.0150674 9.73525e-06 0)
(0.014927 9.4555e-06 0)
(0.0147899 9.18777e-06 0)
(0.014656 8.93141e-06 0)
(0.0145252 8.68593e-06 0)
(0.0143973 8.45071e-06 0)
(0.0142723 8.22524e-06 0)
(0.01415 8.00915e-06 0)
(0.0140303 7.80194e-06 0)
(0.0139132 7.60327e-06 0)
(0.0137985 7.41277e-06 0)
(0.0136862 7.23013e-06 0)
(0.0135761 7.05506e-06 0)
(0.0134682 6.88734e-06 0)
(0.0133623 6.72672e-06 0)
(0.0132585 6.57302e-06 0)
(0.0131566 6.42609e-06 0)
(0.0130566 6.28583e-06 0)
(0.0129583 6.15212e-06 0)
(0.0128618 6.02491e-06 0)
(0.0127668 5.90423e-06 0)
(0.0126735 5.7901e-06 0)
(0.0125816 5.68264e-06 0)
(0.0124911 5.58201e-06 0)
(0.012402 5.48852e-06 0)
(0.0123141 5.40268e-06 0)
(0.0122273 5.32526e-06 0)
(0.0121416 5.25766e-06 0)
(0.0120568 5.20253e-06 0)
(0.0119727 5.16514e-06 0)
(0.0118892 5.15769e-06 0)
(0.0118056 5.21633e-06 0)
(0.0117203 5.36408e-06 0)
(0.0116476 4.93539e-06 0)
(0.011413 3.25742e-05 0)
(0.189507 0.00946387 0)
(0.187168 0.00996759 0)
(0.183227 0.0097447 0)
(0.178041 0.00924749 0)
(0.172109 0.00861284 0)
(0.165778 0.00788747 0)
(0.159269 0.00711001 0)
(0.152751 0.006316 0)
(0.146358 0.00553535 0)
(0.140189 0.00479262 0)
(0.134313 0.00410702 0)
(0.12877 0.00349176 0)
(0.123579 0.00295377 0)
(0.118742 0.00249418 0)
(0.114253 0.00210939 0)
(0.110096 0.00179251 0)
(0.106249 0.00153473 0)
(0.102692 0.00132659 0)
(0.0993994 0.00115895 0)
(0.0963482 0.00102357 0)
(0.0935159 0.000913435 0)
(0.0908817 0.00082285 0)
(0.0884262 0.000747318 0)
(0.0861322 0.000683405 0)
(0.0839841 0.000628534 0)
(0.0819681 0.000580796 0)
(0.0800718 0.000538784 0)
(0.0782845 0.000501457 0)
(0.0765965 0.000468039 0)
(0.0749992 0.000437936 0)
(0.073485 0.000410686 0)
(0.0720473 0.000385918 0)
(0.0706799 0.000363331 0)
(0.0693775 0.00034267 0)
(0.0681352 0.000323719 0)
(0.0669487 0.000306293 0)
(0.0658141 0.000290229 0)
(0.0647277 0.000275387 0)
(0.0636865 0.000261643 0)
(0.0626873 0.00024889 0)
(0.0617277 0.000237031 0)
(0.060805 0.000225983 0)
(0.0599172 0.000215673 0)
(0.0590621 0.000206033 0)
(0.0582378 0.000197006 0)
(0.0574426 0.000188541 0)
(0.056675 0.000180591 0)
(0.0559333 0.000173116 0)
(0.0552163 0.000166077 0)
(0.0545226 0.000159443 0)
(0.0538511 0.000153182 0)
(0.0532006 0.000147268 0)
(0.0525701 0.000141675 0)
(0.0519586 0.000136382 0)
(0.0513652 0.000131368 0)
(0.0507891 0.000126613 0)
(0.0502295 0.000122101 0)
(0.0496856 0.000117815 0)
(0.0491566 0.000113742 0)
(0.0486421 0.000109866 0)
(0.0481412 0.000106177 0)
(0.0476535 0.000102663 0)
(0.0471784 9.93126e-05 0)
(0.0467153 9.61162e-05 0)
(0.0462638 9.30648e-05 0)
(0.0458234 9.01498e-05 0)
(0.0453937 8.73634e-05 0)
(0.0449741 8.46984e-05 0)
(0.0445645 8.21478e-05 0)
(0.0441642 7.97056e-05 0)
(0.0437731 7.73658e-05 0)
(0.0433908 7.51229e-05 0)
(0.0430169 7.2972e-05 0)
(0.0426512 7.09085e-05 0)
(0.0422933 6.89281e-05 0)
(0.041943 6.70267e-05 0)
(0.0416001 6.52008e-05 0)
(0.0412641 6.34471e-05 0)
(0.040935 6.17625e-05 0)
(0.0406125 6.01442e-05 0)
(0.0402963 5.85898e-05 0)
(0.0399863 5.70971e-05 0)
(0.0396822 5.56643e-05 0)
(0.0393837 5.42896e-05 0)
(0.0390908 5.29717e-05 0)
(0.0388032 5.17097e-05 0)
(0.0385207 5.0503e-05 0)
(0.0382431 4.93512e-05 0)
(0.0379702 4.82546e-05 0)
(0.0377018 4.72143e-05 0)
(0.0374377 4.62324e-05 0)
(0.0371776 4.53127e-05 0)
(0.0369212 4.44623e-05 0)
(0.0366684 4.36954e-05 0)
(0.0364186 4.30417e-05 0)
(0.0361713 4.25725e-05 0)
(0.0359254 4.24797e-05 0)
(0.0356776 4.32311e-05 0)
(0.0354449 4.84228e-05 0)
(0.0349701 0.00011381 0)
(0.192495 0.00909481 0)
(0.193255 0.0100458 0)
(0.193375 0.0103824 0)
(0.192704 0.0103917 0)
(0.191354 0.0101714 0)
(0.189442 0.00975954 0)
(0.187056 0.00920124 0)
(0.184285 0.00854651 0)
(0.181219 0.00784116 0)
(0.177946 0.00712404 0)
(0.174543 0.00642639 0)
(0.171074 0.0057711 0)
(0.167589 0.0051727 0)
(0.164128 0.00463812 0)
(0.16072 0.00416823 0)
(0.157385 0.00375957 0)
(0.154137 0.00340615 0)
(0.150982 0.00310081 0)
(0.147926 0.00283633 0)
(0.14497 0.00260604 0)
(0.142112 0.00240415 0)
(0.139352 0.00222582 0)
(0.136688 0.00206715 0)
(0.134117 0.00192501 0)
(0.131636 0.00179691 0)
(0.129242 0.0016809 0)
(0.126933 0.0015754 0)
(0.124705 0.00147912 0)
(0.122555 0.001391 0)
(0.120481 0.00131016 0)
(0.118479 0.00123583 0)
(0.116547 0.00116735 0)
(0.114681 0.00110416 0)
(0.11288 0.00104573 0)
(0.111139 0.000991623 0)
(0.109458 0.00094143 0)
(0.107833 0.000894792 0)
(0.106261 0.000851389 0)
(0.104741 0.000810934 0)
(0.103271 0.000773169 0)
(0.101847 0.000737863 0)
(0.100468 0.000704811 0)
(0.0991325 0.000673824 0)
(0.097838 0.000644737 0)
(0.0965828 0.000617399 0)
(0.0953654 0.000591673 0)
(0.094184 0.000567438 0)
(0.0930372 0.000544582 0)
(0.0919234 0.000523003 0)
(0.0908414 0.00050261 0)
(0.0897897 0.00048332 0)
(0.0887671 0.000465055 0)
(0.0877725 0.000447747 0)
(0.0868046 0.000431331 0)
(0.0858625 0.000415749 0)
(0.0849451 0.000400945 0)
(0.0840514 0.000386872 0)
(0.0831805 0.000373481 0)
(0.0823315 0.000360732 0)
(0.0815036 0.000348584 0)
(0.080696 0.000337002 0)
(0.0799079 0.000325951 0)
(0.0791386 0.0003154 0)
(0.0783875 0.00030532 0)
(0.0776537 0.000295684 0)
(0.0769369 0.000286467 0)
(0.0762362 0.000277645 0)
(0.0755513 0.000269196 0)
(0.0748815 0.0002611 0)
(0.0742263 0.000253338 0)
(0.0735852 0.000245892 0)
(0.0729578 0.000238745 0)
(0.0723436 0.000231883 0)
(0.0717422 0.00022529 0)
(0.0711531 0.000218955 0)
(0.070576 0.000212863 0)
(0.0700105 0.000207005 0)
(0.0694563 0.000201369 0)
(0.068913 0.000195946 0)
(0.0683802 0.000190728 0)
(0.0678576 0.000185705 0)
(0.067345 0.00018087 0)
(0.066842 0.000176219 0)
(0.0663483 0.000171743 0)
(0.0658637 0.00016744 0)
(0.0653878 0.000163305 0)
(0.0649203 0.000159336 0)
(0.064461 0.000155529 0)
(0.0640096 0.000151886 0)
(0.0635659 0.000148407 0)
(0.0631294 0.000145097 0)
(0.0626998 0.000141964 0)
(0.0622769 0.000139025 0)
(0.0618602 0.000136313 0)
(0.0614492 0.0001339 0)
(0.0610431 0.000131958 0)
(0.0606406 0.000130952 0)
(0.0602382 0.000132359 0)
(0.0598465 0.000147083 0)
(0.0592274 0.000229334 0)
(0.193535 0.00845349 0)
(0.194654 0.00949763 0)
(0.195674 0.0100552 0)
(0.196383 0.0103013 0)
(0.196755 0.010316 0)
(0.196796 0.0101311 0)
(0.1965 0.0097821 0)
(0.195874 0.00931177 0)
(0.194941 0.00876198 0)
(0.193737 0.00817018 0)
(0.192304 0.00756823 0)
(0.190684 0.00698135 0)
(0.188918 0.0064275 0)
(0.187041 0.00591765 0)
(0.185085 0.00545679 0)
(0.183076 0.0050453 0)
(0.181032 0.00468046 0)
(0.17897 0.00435776 0)
(0.1769 0.00407195 0)
(0.174831 0.00381772 0)
(0.172768 0.00359018 0)
(0.170718 0.00338507 0)
(0.168682 0.00319882 0)
(0.166664 0.00302852 0)
(0.164667 0.00287183 0)
(0.162692 0.00272691 0)
(0.160741 0.00259229 0)
(0.158815 0.00246681 0)
(0.156917 0.00234952 0)
(0.155046 0.00223965 0)
(0.153204 0.00213656 0)
(0.151392 0.00203969 0)
(0.14961 0.00194855 0)
(0.14786 0.00186271 0)
(0.14614 0.0017818 0)
(0.144452 0.00170546 0)
(0.142795 0.00163337 0)
(0.141171 0.00156526 0)
(0.139577 0.00150085 0)
(0.138015 0.00143989 0)
(0.136484 0.00138217 0)
(0.134984 0.00132748 0)
(0.133514 0.00127561 0)
(0.132075 0.00122641 0)
(0.130665 0.00117969 0)
(0.129284 0.00113531 0)
(0.127931 0.00109313 0)
(0.126607 0.00105301 0)
(0.12531 0.00101483 0)
(0.12404 0.000978481 0)
(0.122797 0.000943854 0)
(0.121579 0.00091085 0)
(0.120387 0.000879377 0)
(0.119219 0.000849347 0)
(0.118075 0.000820681 0)
(0.116954 0.000793302 0)
(0.115857 0.00076714 0)
(0.114782 0.000742127 0)
(0.113728 0.000718203 0)
(0.112696 0.000695307 0)
(0.111684 0.000673386 0)
(0.110692 0.000652387 0)
(0.10972 0.000632262 0)
(0.108767 0.000612966 0)
(0.107832 0.000594455 0)
(0.106916 0.000576689 0)
(0.106017 0.00055963 0)
(0.105135 0.000543242 0)
(0.10427 0.000527492 0)
(0.103422 0.000512349 0)
(0.102589 0.000497781 0)
(0.101771 0.000483763 0)
(0.100969 0.000470266 0)
(0.100181 0.000457268 0)
(0.0994077 0.000444744 0)
(0.0986482 0.000432674 0)
(0.0979023 0.000421037 0)
(0.0971697 0.000409815 0)
(0.09645 0.000398991 0)
(0.0957429 0.000388548 0)
(0.0950482 0.000378473 0)
(0.0943654 0.000368751 0)
(0.0936943 0.000359372 0)
(0.0930347 0.000350324 0)
(0.0923862 0.000341599 0)
(0.0917485 0.00033319 0)
(0.0911214 0.000325089 0)
(0.0905045 0.000317295 0)
(0.0898976 0.000309804 0)
(0.0893004 0.000302619 0)
(0.0887126 0.000295747 0)
(0.0881338 0.000289199 0)
(0.0875636 0.000283005 0)
(0.0870017 0.000277218 0)
(0.0864475 0.000271956 0)
(0.0859001 0.000267504 0)
(0.0853583 0.000264636 0)
(0.0848193 0.000265985 0)
(0.0842904 0.000285741 0)
(0.0835687 0.000365543 0)
(0.194272 0.00794899 0)
(0.195252 0.0089272 0)
(0.196304 0.00952037 0)
(0.197264 0.00983846 0)
(0.198086 0.00995145 0)
(0.198752 0.00988886 0)
(0.199237 0.00967663 0)
(0.199517 0.00934673 0)
(0.199585 0.00893255 0)
(0.199444 0.00846546 0)
(0.199109 0.00797337 0)
(0.198598 0.00747964 0)
(0.197935 0.00700215 0)
(0.197143 0.00655305 0)
(0.196245 0.00613925 0)
(0.19526 0.00576337 0)
(0.194205 0.00542487 0)
(0.193094 0.00512122 0)
(0.191937 0.00484875 0)
(0.190742 0.00460346 0)
(0.189516 0.00438143 0)
(0.188264 0.00417909 0)
(0.186989 0.0039934 0)
(0.185695 0.00382181 0)
(0.184384 0.00366227 0)
(0.18306 0.00351314 0)
(0.181724 0.00337311 0)
(0.180379 0.00324116 0)
(0.179026 0.00311644 0)
(0.177668 0.00299828 0)
(0.176306 0.00288612 0)
(0.174942 0.00277951 0)
(0.173577 0.00267802 0)
(0.172213 0.0025813 0)
(0.170852 0.00248905 0)
(0.169495 0.00240098 0)
(0.168142 0.00231685 0)
(0.166796 0.00223642 0)
(0.165456 0.00215947 0)
(0.164125 0.00208583 0)
(0.162802 0.00201531 0)
(0.16149 0.00194774 0)
(0.160187 0.00188298 0)
(0.158896 0.00182089 0)
(0.157616 0.00176133 0)
(0.156348 0.00170419 0)
(0.155093 0.00164934 0)
(0.153851 0.00159668 0)
(0.152622 0.00154611 0)
(0.151406 0.00149753 0)
(0.150204 0.00145085 0)
(0.149016 0.00140599 0)
(0.147843 0.00136286 0)
(0.146683 0.00132139 0)
(0.145538 0.00128151 0)
(0.144408 0.00124314 0)
(0.143291 0.00120621 0)
(0.14219 0.00117067 0)
(0.141102 0.00113646 0)
(0.140029 0.00110351 0)
(0.138971 0.00107177 0)
(0.137926 0.00104119 0)
(0.136896 0.00101172 0)
(0.13588 0.000983301 0)
(0.134878 0.0009559 0)
(0.133889 0.000929469 0)
(0.132915 0.000903965 0)
(0.131954 0.00087935 0)
(0.131006 0.000855585 0)
(0.130072 0.000832633 0)
(0.12915 0.000810461 0)
(0.128242 0.000789036 0)
(0.127347 0.000768326 0)
(0.126464 0.000748303 0)
(0.125593 0.000728938 0)
(0.124735 0.000710206 0)
(0.123889 0.000692081 0)
(0.123055 0.000674541 0)
(0.122233 0.000657564 0)
(0.121423 0.000641129 0)
(0.120624 0.000625219 0)
(0.119836 0.000609817 0)
(0.119059 0.000594908 0)
(0.118294 0.000580478 0)
(0.117539 0.000566515 0)
(0.116795 0.000553011 0)
(0.116061 0.000539957 0)
(0.115337 0.00052735 0)
(0.114623 0.000515188 0)
(0.113919 0.000503475 0)
(0.113225 0.000492219 0)
(0.11254 0.00048144 0)
(0.111864 0.000471178 0)
(0.111197 0.000461509 0)
(0.110538 0.000452597 0)
(0.109886 0.00044483 0)
(0.109241 0.000439257 0)
(0.1086 0.000439285 0)
(0.107974 0.00045843 0)
(0.107185 0.000522046 0)
(0.194903 0.00751581 0)
(0.195708 0.00838963 0)
(0.196629 0.00896771 0)
(0.197541 0.00930992 0)
(0.198398 0.00946978 0)
(0.199179 0.00947416 0)
(0.199862 0.00934421 0)
(0.200424 0.00910541 0)
(0.200849 0.00878535 0)
(0.201133 0.00841063 0)
(0.201277 0.00800534 0)
(0.20129 0.00759013 0)
(0.201184 0.0071814 0)
(0.200972 0.00679096 0)
(0.200668 0.0064262 0)
(0.200288 0.00609078 0)
(0.199842 0.00578547 0)
(0.19934 0.00550905 0)
(0.198792 0.00525909 0)
(0.198203 0.00503261 0)
(0.197578 0.00482652 0)
(0.19692 0.00463787 0)
(0.196234 0.00446406 0)
(0.195519 0.00430287 0)
(0.19478 0.00415243 0)
(0.194017 0.00401125 0)
(0.193231 0.00387811 0)
(0.192424 0.00375204 0)
(0.191597 0.00363226 0)
(0.190752 0.00351813 0)
(0.18989 0.00340914 0)
(0.189011 0.00330486 0)
(0.188118 0.00320492 0)
(0.187211 0.003109 0)
(0.186292 0.00301685 0)
(0.185361 0.00292821 0)
(0.18442 0.00284289 0)
(0.183469 0.00276069 0)
(0.182511 0.00268145 0)
(0.181545 0.002605 0)
(0.180573 0.00253122 0)
(0.179596 0.00245997 0)
(0.178614 0.00239114 0)
(0.177629 0.00232463 0)
(0.17664 0.00226032 0)
(0.17565 0.00219814 0)
(0.174658 0.00213799 0)
(0.173665 0.0020798 0)
(0.172673 0.00202348 0)
(0.171681 0.00196898 0)
(0.17069 0.00191622 0)
(0.169701 0.00186513 0)
(0.168714 0.00181567 0)
(0.167729 0.00176776 0)
(0.166748 0.00172136 0)
(0.16577 0.00167641 0)
(0.164796 0.00163286 0)
(0.163827 0.00159067 0)
(0.162862 0.00154977 0)
(0.161903 0.00151014 0)
(0.160948 0.00147172 0)
(0.159999 0.00143447 0)
(0.159056 0.00139835 0)
(0.158119 0.00136332 0)
(0.157188 0.00132935 0)
(0.156264 0.00129639 0)
(0.155346 0.00126441 0)
(0.154435 0.00123337 0)
(0.153531 0.00120325 0)
(0.152634 0.00117401 0)
(0.151744 0.00114561 0)
(0.150862 0.00111804 0)
(0.149987 0.00109126 0)
(0.14912 0.00106524 0)
(0.14826 0.00103996 0)
(0.147408 0.0010154 0)
(0.146563 0.000991521 0)
(0.145727 0.000968316 0)
(0.144898 0.000945759 0)
(0.144077 0.000923832 0)
(0.143264 0.000902517 0)
(0.142458 0.000881799 0)
(0.141661 0.000861662 0)
(0.140872 0.000842095 0)
(0.14009 0.000823087 0)
(0.139316 0.000804631 0)
(0.138551 0.00078672 0)
(0.137793 0.000769354 0)
(0.137042 0.000752533 0)
(0.1363 0.000736264 0)
(0.135565 0.000720563 0)
(0.134837 0.000705458 0)
(0.134117 0.000691001 0)
(0.133404 0.000677289 0)
(0.132698 0.000664525 0)
(0.131998 0.000653175 0)
(0.131304 0.000644429 0)
(0.130615 0.000641754 0)
(0.129944 0.000655467 0)
(0.129134 0.00069475 0)
(0.195457 0.00714609 0)
(0.196122 0.00791651 0)
(0.196904 0.00846289 0)
(0.197713 0.00880995 0)
(0.198503 0.0089938 0)
(0.19925 0.00903768 0)
(0.199935 0.00896017 0)
(0.200539 0.00878261 0)
(0.20105 0.00852844 0)
(0.201461 0.00822061 0)
(0.201771 0.00788009 0)
(0.201984 0.0075251 0)
(0.202107 0.00717045 0)
(0.20215 0.0068272 0)
(0.202123 0.00650277 0)
(0.202036 0.00620134 0)
(0.201898 0.00592452 0)
(0.201717 0.00567204 0)
(0.2015 0.00544242 0)
(0.201251 0.00523349 0)
(0.200974 0.00504284 0)
(0.200671 0.00486804 0)
(0.200345 0.00470687 0)
(0.199997 0.00455735 0)
(0.199629 0.0044178 0)
(0.199239 0.00428683 0)
(0.198831 0.00416329 0)
(0.198403 0.00404624 0)
(0.197956 0.00393492 0)
(0.197492 0.00382871 0)
(0.19701 0.00372709 0)
(0.196511 0.00362965 0)
(0.195995 0.00353603 0)
(0.195464 0.00344591 0)
(0.194917 0.00335905 0)
(0.194355 0.00327521 0)
(0.193778 0.0031942 0)
(0.193189 0.00311584 0)
(0.192585 0.00303998 0)
(0.19197 0.00296648 0)
(0.191342 0.00289521 0)
(0.190703 0.00282607 0)
(0.190053 0.00275895 0)
(0.189393 0.00269376 0)
(0.188723 0.00263042 0)
(0.188044 0.00256886 0)
(0.187356 0.002509 0)
(0.186661 0.00245078 0)
(0.185957 0.00239414 0)
(0.185247 0.00233902 0)
(0.18453 0.00228538 0)
(0.183807 0.00223316 0)
(0.183078 0.00218232 0)
(0.182344 0.00213282 0)
(0.181605 0.00208461 0)
(0.180863 0.00203765 0)
(0.180116 0.00199191 0)
(0.179366 0.00194735 0)
(0.178613 0.00190392 0)
(0.177858 0.00186161 0)
(0.1771 0.00182038 0)
(0.17634 0.00178019 0)
(0.175579 0.00174101 0)
(0.174817 0.00170282 0)
(0.174054 0.00166558 0)
(0.17329 0.00162926 0)
(0.172526 0.00159385 0)
(0.171762 0.00155931 0)
(0.170999 0.00152561 0)
(0.170236 0.00149274 0)
(0.169474 0.00146066 0)
(0.168714 0.00142935 0)
(0.167954 0.0013988 0)
(0.167197 0.00136898 0)
(0.166441 0.00133987 0)
(0.165687 0.00131145 0)
(0.164936 0.0012837 0)
(0.164187 0.00125661 0)
(0.16344 0.00123016 0)
(0.162697 0.00120433 0)
(0.161956 0.00117912 0)
(0.161219 0.0011545 0)
(0.160485 0.00113048 0)
(0.159755 0.00110703 0)
(0.159028 0.00108416 0)
(0.158305 0.00106187 0)
(0.157585 0.00104014 0)
(0.15687 0.00101899 0)
(0.156158 0.000998417 0)
(0.155451 0.000978441 0)
(0.154748 0.000959083 0)
(0.154048 0.00094038 0)
(0.153353 0.000922397 0)
(0.152662 0.000905248 0)
(0.151975 0.000889162 0)
(0.151291 0.000874626 0)
(0.150612 0.00086279 0)
(0.149938 0.000856498 0)
(0.149282 0.000861755 0)
(0.148506 0.000874137 0)
(0.195948 0.00682801 0)
(0.196504 0.00750369 0)
(0.197168 0.00800956 0)
(0.197874 0.00834974 0)
(0.19858 0.00854586 0)
(0.19926 0.00861645 0)
(0.199896 0.00857753 0)
(0.200473 0.00844691 0)
(0.200978 0.00824433 0)
(0.201407 0.0079895 0)
(0.201756 0.00770073 0)
(0.20203 0.00739415 0)
(0.202232 0.00708314 0)
(0.202371 0.00677805 0)
(0.202454 0.00648618 0)
(0.20249 0.00621204 0)
(0.202486 0.00595787 0)
(0.20245 0.00572417 0)
(0.202386 0.00551023 0)
(0.202299 0.00531461 0)
(0.202192 0.00513548 0)
(0.202068 0.00497093 0)
(0.201928 0.00481908 0)
(0.201774 0.00467823 0)
(0.201606 0.0045469 0)
(0.201425 0.0044238 0)
(0.201231 0.00430785 0)
(0.201024 0.00419817 0)
(0.200804 0.00409401 0)
(0.200572 0.00399475 0)
(0.200327 0.00389989 0)
(0.20007 0.00380899 0)
(0.1998 0.00372169 0)
(0.199519 0.00363769 0)
(0.199225 0.00355671 0)
(0.198919 0.00347853 0)
(0.198601 0.00340293 0)
(0.198272 0.00332975 0)
(0.19793 0.00325882 0)
(0.197578 0.00319001 0)
(0.197214 0.00312319 0)
(0.196839 0.00305825 0)
(0.196454 0.00299509 0)
(0.196058 0.00293362 0)
(0.195651 0.00287375 0)
(0.195235 0.00281542 0)
(0.194808 0.00275857 0)
(0.194372 0.00270312 0)
(0.193926 0.00264902 0)
(0.193472 0.00259623 0)
(0.193008 0.00254468 0)
(0.192536 0.00249435 0)
(0.192055 0.00244519 0)
(0.191566 0.00239716 0)
(0.19107 0.00235023 0)
(0.190566 0.00230435 0)
(0.190054 0.00225951 0)
(0.189536 0.00221566 0)
(0.189011 0.00217277 0)
(0.188479 0.00213083 0)
(0.187941 0.0020898 0)
(0.187398 0.00204966 0)
(0.186848 0.00201037 0)
(0.186294 0.00197192 0)
(0.185734 0.00193429 0)
(0.185169 0.00189744 0)
(0.1846 0.00186137 0)
(0.184026 0.00182604 0)
(0.183448 0.00179143 0)
(0.182866 0.00175754 0)
(0.182281 0.00172433 0)
(0.181692 0.00169179 0)
(0.181101 0.00165991 0)
(0.180506 0.00162866 0)
(0.179909 0.00159803 0)
(0.179309 0.00156801 0)
(0.178707 0.00153857 0)
(0.178103 0.00150972 0)
(0.177498 0.00148144 0)
(0.176891 0.00145371 0)
(0.176282 0.00142654 0)
(0.175673 0.0013999 0)
(0.175062 0.0013738 0)
(0.174451 0.00134823 0)
(0.17384 0.0013232 0)
(0.173228 0.0012987 0)
(0.172615 0.00127473 0)
(0.172003 0.00125132 0)
(0.171391 0.00122846 0)
(0.170778 0.00120618 0)
(0.170167 0.00118451 0)
(0.169555 0.0011635 0)
(0.168944 0.00114322 0)
(0.168334 0.0011238 0)
(0.167724 0.00110546 0)
(0.167115 0.00108866 0)
(0.166508 0.00107432 0)
(0.165904 0.00106425 0)
(0.165317 0.0010602 0)
(0.164624 0.00104826 0)
(0.196383 0.00654878 0)
(0.196856 0.00714034 0)
(0.197422 0.0076024 0)
(0.198035 0.00792872 0)
(0.19866 0.00813017 0)
(0.199271 0.00822017 0)
(0.19985 0.00821182 0)
(0.200383 0.00811976 0)
(0.200859 0.00796037 0)
(0.201272 0.00775043 0)
(0.20162 0.00750582 0)
(0.201904 0.00724079 0)
(0.202128 0.00696739 0)
(0.202299 0.00669525 0)
(0.202422 0.00643143 0)
(0.202506 0.00618066 0)
(0.202556 0.00594563 0)
(0.202578 0.00572746 0)
(0.202579 0.0055261 0)
(0.202561 0.00534075 0)
(0.202528 0.00517015 0)
(0.202482 0.00501283 0)
(0.202426 0.0048673 0)
(0.202361 0.00473215 0)
(0.202287 0.00460608 0)
(0.202205 0.00448797 0)
(0.202116 0.00437682 0)
(0.202019 0.00427182 0)
(0.201914 0.00417226 0)
(0.201803 0.00407754 0)
(0.201684 0.00398717 0)
(0.201558 0.00390072 0)
(0.201424 0.00381784 0)
(0.201283 0.0037382 0)
(0.201135 0.00366154 0)
(0.200979 0.00358762 0)
(0.200816 0.00351624 0)
(0.200645 0.0034472 0)
(0.200466 0.00338036 0)
(0.200279 0.00331556 0)
(0.200085 0.00325267 0)
(0.199883 0.00319158 0)
(0.199674 0.00313219 0)
(0.199456 0.0030744 0)
(0.199231 0.00301812 0)
(0.198997 0.00296328 0)
(0.198756 0.00290981 0)
(0.198508 0.00285764 0)
(0.198251 0.00280672 0)
(0.197987 0.00275699 0)
(0.197715 0.00270841 0)
(0.197435 0.00266092 0)
(0.197148 0.00261449 0)
(0.196853 0.00256907 0)
(0.196551 0.00252463 0)
(0.196242 0.00248113 0)
(0.195925 0.00243854 0)
(0.195601 0.00239683 0)
(0.19527 0.00235597 0)
(0.194932 0.00231594 0)
(0.194587 0.00227669 0)
(0.194235 0.00223822 0)
(0.193877 0.00220049 0)
(0.193512 0.00216349 0)
(0.193141 0.00212718 0)
(0.192763 0.00209155 0)
(0.19238 0.00205658 0)
(0.19199 0.00202224 0)
(0.191595 0.00198853 0)
(0.191194 0.00195541 0)
(0.190787 0.00192288 0)
(0.190375 0.00189092 0)
(0.189957 0.00185951 0)
(0.189535 0.00182863 0)
(0.189107 0.00179828 0)
(0.188675 0.00176844 0)
(0.188238 0.0017391 0)
(0.187797 0.00171025 0)
(0.187351 0.00168188 0)
(0.186901 0.00165399 0)
(0.186447 0.00162656 0)
(0.18599 0.0015996 0)
(0.185528 0.0015731 0)
(0.185063 0.00154705 0)
(0.184595 0.00152147 0)
(0.184123 0.00149636 0)
(0.183648 0.00147173 0)
(0.183171 0.00144758 0)
(0.18269 0.00142395 0)
(0.182207 0.00140084 0)
(0.181721 0.00137831 0)
(0.181233 0.0013564 0)
(0.180742 0.00133519 0)
(0.180249 0.00131481 0)
(0.179754 0.00129546 0)
(0.179257 0.0012775 0)
(0.178759 0.00126153 0)
(0.178263 0.00124819 0)
(0.17778 0.0012359 0)
(0.177203 0.00120595 0)
(0.196771 0.00629959 0)
(0.197178 0.0068181 0)
(0.197663 0.00723679 0)
(0.198196 0.00754515 0)
(0.198747 0.00774683 0)
(0.199293 0.00785055 0)
(0.199816 0.00786652 0)
(0.200303 0.00780656 0)
(0.200744 0.0076841 0)
(0.201133 0.00751322 0)
(0.201467 0.00730758 0)
(0.201747 0.00707965 0)
(0.201974 0.00684021 0)
(0.202154 0.0065981 0)
(0.202293 0.00636005 0)
(0.202395 0.00613084 0)
(0.202468 0.00591349 0)
(0.202515 0.00570957 0)
(0.202542 0.0055196 0)
(0.202553 0.00534329 0)
(0.202551 0.00517991 0)
(0.202539 0.00502842 0)
(0.202518 0.00488769 0)
(0.20249 0.00475659 0)
(0.202455 0.00463403 0)
(0.202416 0.00451906 0)
(0.202372 0.0044108 0)
(0.202323 0.00430851 0)
(0.20227 0.00421156 0)
(0.202213 0.00411938 0)
(0.202153 0.0040315 0)
(0.202088 0.00394753 0)
(0.20202 0.00386711 0)
(0.201948 0.00378993 0)
(0.201872 0.00371574 0)
(0.201792 0.0036443 0)
(0.201708 0.0035754 0)
(0.201621 0.00350887 0)
(0.201529 0.00344454 0)
(0.201432 0.00338227 0)
(0.201332 0.00332192 0)
(0.201227 0.00326337 0)
(0.201118 0.00320653 0)
(0.201004 0.00315129 0)
(0.200885 0.00309757 0)
(0.200762 0.00304528 0)
(0.200634 0.00299435 0)
(0.200501 0.00294471 0)
(0.200363 0.00289631 0)
(0.20022 0.00284909 0)
(0.200072 0.00280298 0)
(0.199919 0.00275795 0)
(0.19976 0.00271395 0)
(0.199596 0.00267093 0)
(0.199427 0.00262885 0)
(0.199252 0.00258769 0)
(0.199072 0.00254739 0)
(0.198887 0.00250793 0)
(0.198696 0.00246927 0)
(0.198499 0.00243139 0)
(0.198297 0.00239425 0)
(0.198089 0.00235783 0)
(0.197876 0.0023221 0)
(0.197657 0.00228704 0)
(0.197433 0.00225262 0)
(0.197203 0.00221882 0)
(0.196968 0.00218561 0)
(0.196727 0.00215299 0)
(0.19648 0.00212091 0)
(0.196228 0.00208938 0)
(0.195971 0.00205836 0)
(0.195708 0.00202785 0)
(0.19544 0.00199782 0)
(0.195167 0.00196826 0)
(0.194888 0.00193916 0)
(0.194604 0.0019105 0)
(0.194315 0.00188228 0)
(0.194021 0.00185448 0)
(0.193722 0.00182709 0)
(0.193418 0.00180011 0)
(0.193109 0.00177354 0)
(0.192795 0.00174736 0)
(0.192477 0.00172158 0)
(0.192154 0.00169619 0)
(0.191826 0.00167121 0)
(0.191494 0.00164664 0)
(0.191158 0.00162249 0)
(0.190817 0.00159877 0)
(0.190472 0.00157552 0)
(0.190122 0.00155274 0)
(0.189769 0.00153049 0)
(0.189411 0.00150882 0)
(0.189049 0.00148781 0)
(0.188684 0.00146756 0)
(0.188315 0.00144825 0)
(0.187942 0.00143012 0)
(0.187567 0.00141339 0)
(0.187192 0.00139772 0)
(0.186825 0.00137947 0)
(0.186378 0.00133943 0)
(0.197118 0.00607451 0)
(0.197471 0.00653024 0)
(0.19789 0.00690797 0)
(0.198353 0.00719621 0)
(0.198838 0.00739422 0)
(0.199324 0.00750698 0)
(0.199795 0.00754202 0)
(0.200239 0.00750867 0)
(0.200645 0.00741781 0)
(0.201008 0.00728112 0)
(0.201324 0.00711019 0)
(0.201594 0.0069158 0)
(0.201818 0.00670752 0)
(0.202 0.00649336 0)
(0.202145 0.00627965 0)
(0.202256 0.00607108 0)
(0.202339 0.00587085 0)
(0.202399 0.00568088 0)
(0.20244 0.0055021 0)
(0.202465 0.0053347 0)
(0.202477 0.00517835 0)
(0.20248 0.00503241 0)
(0.202474 0.0048961 0)
(0.202462 0.00476853 0)
(0.202445 0.00464886 0)
(0.202423 0.00453629 0)
(0.202397 0.00443007 0)
(0.202369 0.00432956 0)
(0.202337 0.00423419 0)
(0.202303 0.00414346 0)
(0.202267 0.00405693 0)
(0.202229 0.00397424 0)
(0.202188 0.00389504 0)
(0.202146 0.00381907 0)
(0.202102 0.00374606 0)
(0.202056 0.0036758 0)
(0.202009 0.00360809 0)
(0.201959 0.00354275 0)
(0.201908 0.00347963 0)
(0.201855 0.00341859 0)
(0.2018 0.00335949 0)
(0.201743 0.00330223 0)
(0.201683 0.0032467 0)
(0.201622 0.0031928 0)
(0.201559 0.00314044 0)
(0.201493 0.00308956 0)
(0.201425 0.00304006 0)
(0.201354 0.00299188 0)
(0.201281 0.00294497 0)
(0.201205 0.00289926 0)
(0.201127 0.0028547 0)
(0.201046 0.00281123 0)
(0.200962 0.00276881 0)
(0.200875 0.00272739 0)
(0.200784 0.00268694 0)
(0.200691 0.0026474 0)
(0.200594 0.00260875 0)
(0.200494 0.00257094 0)
(0.200391 0.00253395 0)
(0.200284 0.00249774 0)
(0.200174 0.00246227 0)
(0.20006 0.00242752 0)
(0.199942 0.00239346 0)
(0.199821 0.00236006 0)
(0.199695 0.0023273 0)
(0.199566 0.00229514 0)
(0.199433 0.00226357 0)
(0.199296 0.00223256 0)
(0.199154 0.0022021 0)
(0.199009 0.00217215 0)
(0.198859 0.0021427 0)
(0.198706 0.00211373 0)
(0.198548 0.00208522 0)
(0.198386 0.00205716 0)
(0.198219 0.00202953 0)
(0.198048 0.00200231 0)
(0.197873 0.0019755 0)
(0.197694 0.00194908 0)
(0.19751 0.00192305 0)
(0.197322 0.00189738 0)
(0.197129 0.00187209 0)
(0.196932 0.00184716 0)
(0.196731 0.0018226 0)
(0.196525 0.00179839 0)
(0.196315 0.00177456 0)
(0.1961 0.0017511 0)
(0.195881 0.00172802 0)
(0.195658 0.00170535 0)
(0.19543 0.00168311 0)
(0.195198 0.00166132 0)
(0.194962 0.00164002 0)
(0.194721 0.00161926 0)
(0.194476 0.00159913 0)
(0.194226 0.0015797 0)
(0.193973 0.0015611 0)
(0.193715 0.00154344 0)
(0.193455 0.00152663 0)
(0.193193 0.00150968 0)
(0.192935 0.00148815 0)
(0.19261 0.00144547 0)
(0.197429 0.00586936 0)
(0.197738 0.00627134 0)
(0.198101 0.00661146 0)
(0.198505 0.00687887 0)
(0.198932 0.00707046 0)
(0.199364 0.00718847 0)
(0.199786 0.00723813 0)
(0.200188 0.00722663 0)
(0.20056 0.00716264 0)
(0.200897 0.00705571 0)
(0.201195 0.00691557 0)
(0.201452 0.00675146 0)
(0.20167 0.00657177 0)
(0.201851 0.00638368 0)
(0.201997 0.00619305 0)
(0.202114 0.0060044 0)
(0.202204 0.00582098 0)
(0.202272 0.00564493 0)
(0.202321 0.0054775 0)
(0.202355 0.00531925 0)
(0.202376 0.0051702 0)
(0.202387 0.00503007 0)
(0.20239 0.00489835 0)
(0.202386 0.00477444 0)
(0.202377 0.00465767 0)
(0.202364 0.00454743 0)
(0.202347 0.00444309 0)
(0.202327 0.00434412 0)
(0.202305 0.00425001 0)
(0.202281 0.00416033 0)
(0.202254 0.0040747 0)
(0.202227 0.00399277 0)
(0.202198 0.00391425 0)
(0.202168 0.00383886 0)
(0.202137 0.00376639 0)
(0.202106 0.00369663 0)
(0.202073 0.00362938 0)
(0.20204 0.00356449 0)
(0.202006 0.00350181 0)
(0.201971 0.0034412 0)
(0.201935 0.00338255 0)
(0.201899 0.00332574 0)
(0.201863 0.00327067 0)
(0.201825 0.00321726 0)
(0.201787 0.00316542 0)
(0.201748 0.00311507 0)
(0.201708 0.00306613 0)
(0.201667 0.00301856 0)
(0.201625 0.00297227 0)
(0.201582 0.00292722 0)
(0.201539 0.00288334 0)
(0.201494 0.0028406 0)
(0.201447 0.00279894 0)
(0.2014 0.00275831 0)
(0.201351 0.00271868 0)
(0.201301 0.00268 0)
(0.201249 0.00264223 0)
(0.201196 0.00260534 0)
(0.201141 0.0025693 0)
(0.201084 0.00253406 0)
(0.201025 0.00249959 0)
(0.200965 0.00246587 0)
(0.200902 0.00243285 0)
(0.200838 0.00240053 0)
(0.200771 0.00236886 0)
(0.200702 0.00233781 0)
(0.200631 0.00230738 0)
(0.200557 0.00227752 0)
(0.200481 0.00224821 0)
(0.200403 0.00221944 0)
(0.200322 0.00219117 0)
(0.200238 0.0021634 0)
(0.200151 0.0021361 0)
(0.200062 0.00210925 0)
(0.19997 0.00208283 0)
(0.199874 0.00205684 0)
(0.199776 0.00203125 0)
(0.199675 0.00200605 0)
(0.199571 0.00198124 0)
(0.199463 0.00195679 0)
(0.199352 0.00193272 0)
(0.199238 0.001909 0)
(0.199121 0.00188565 0)
(0.199 0.00186265 0)
(0.198875 0.00184001 0)
(0.198748 0.00181775 0)
(0.198616 0.00179586 0)
(0.198481 0.00177437 0)
(0.198343 0.00175329 0)
(0.1982 0.00173267 0)
(0.198054 0.00171252 0)
(0.197904 0.00169291 0)
(0.197751 0.00167389 0)
(0.197593 0.00165554 0)
(0.197432 0.00163792 0)
(0.197267 0.00162103 0)
(0.1971 0.00160456 0)
(0.19693 0.00158723 0)
(0.196761 0.00156482 0)
(0.196538 0.001525 0)
(0.19771 0.00568114 0)
(0.197981 0.00603712 0)
(0.198298 0.00634333 0)
(0.19865 0.0065902 0)
(0.199026 0.00677359 0)
(0.199409 0.00689387 0)
(0.199787 0.00695442 0)
(0.20015 0.0069606 0)
(0.200489 0.00691923 0)
(0.2008 0.00683801 0)
(0.201079 0.00672501 0)
(0.201323 0.00658808 0)
(0.201533 0.00643448 0)
(0.20171 0.00627059 0)
(0.201856 0.00610175 0)
(0.201975 0.00593224 0)
(0.20207 0.00576526 0)
(0.202143 0.00560309 0)
(0.202198 0.00544719 0)
(0.202239 0.00529839 0)
(0.202267 0.00515702 0)
(0.202284 0.00502308 0)
(0.202293 0.00489634 0)
(0.202296 0.0047764 0)
(0.202292 0.00466282 0)
(0.202284 0.00455511 0)
(0.202272 0.00445281 0)
(0.202258 0.00435546 0)
(0.20224 0.00426265 0)
(0.202221 0.00417401 0)
(0.2022 0.0040892 0)
(0.202177 0.00400793 0)
(0.202154 0.00392992 0)
(0.202129 0.00385494 0)
(0.202104 0.00378278 0)
(0.202078 0.00371324 0)
(0.202052 0.00364617 0)
(0.202025 0.0035814 0)
(0.201999 0.00351881 0)
(0.201971 0.00345827 0)
(0.201944 0.00339966 0)
(0.201917 0.00334289 0)
(0.201889 0.00328785 0)
(0.201861 0.00323447 0)
(0.201834 0.00318266 0)
(0.201806 0.00313235 0)
(0.201778 0.00308348 0)
(0.20175 0.00303598 0)
(0.201722 0.00298978 0)
(0.201694 0.00294484 0)
(0.201665 0.00290111 0)
(0.201637 0.00285852 0)
(0.201608 0.00281705 0)
(0.201579 0.00277664 0)
(0.201549 0.00273725 0)
(0.201519 0.00269884 0)
(0.201489 0.00266138 0)
(0.201458 0.00262482 0)
(0.201427 0.00258913 0)
(0.201395 0.00255428 0)
(0.201362 0.00252024 0)
(0.201329 0.00248697 0)
(0.201295 0.00245444 0)
(0.20126 0.00242262 0)
(0.201224 0.00239149 0)
(0.201187 0.00236101 0)
(0.201149 0.00233117 0)
(0.20111 0.00230193 0)
(0.20107 0.00227327 0)
(0.201029 0.00224517 0)
(0.200986 0.00221761 0)
(0.200942 0.00219056 0)
(0.200896 0.002164 0)
(0.200849 0.00213792 0)
(0.2008 0.00211229 0)
(0.20075 0.00208711 0)
(0.200698 0.00206235 0)
(0.200644 0.002038 0)
(0.200588 0.00201406 0)
(0.20053 0.0019905 0)
(0.20047 0.00196733 0)
(0.200409 0.00194453 0)
(0.200344 0.00192211 0)
(0.200278 0.00190007 0)
(0.200209 0.0018784 0)
(0.200138 0.00185711 0)
(0.200065 0.00183622 0)
(0.199989 0.00181573 0)
(0.19991 0.00179568 0)
(0.199829 0.00177609 0)
(0.199744 0.00175699 0)
(0.199657 0.00173842 0)
(0.199567 0.00172045 0)
(0.199475 0.00170311 0)
(0.199379 0.00168643 0)
(0.19928 0.00167033 0)
(0.19918 0.0016544 0)
(0.199077 0.00163734 0)
(0.198972 0.00161577 0)
(0.198826 0.00158186 0)
(0.197963 0.00550765 0)
(0.198202 0.00582421 0)
(0.19848 0.0061002 0)
(0.198788 0.00632747 0)
(0.199118 0.00650163 0)
(0.199457 0.00662191 0)
(0.199795 0.00669026 0)
(0.200121 0.00671054 0)
(0.20043 0.00668801 0)
(0.200716 0.00662883 0)
(0.200975 0.00653959 0)
(0.201205 0.00642688 0)
(0.201405 0.00629693 0)
(0.201577 0.00615534 0)
(0.201722 0.00600693 0)
(0.201841 0.00585567 0)
(0.201938 0.00570465 0)
(0.202016 0.00555618 0)
(0.202076 0.00541186 0)
(0.202122 0.00527274 0)
(0.202155 0.00513938 0)
(0.202178 0.00501201 0)
(0.202192 0.00489062 0)
(0.202199 0.00477503 0)
(0.2022 0.00466497 0)
(0.202197 0.0045601 0)
(0.202189 0.00446009 0)
(0.202178 0.00436459 0)
(0.202164 0.00427326 0)
(0.202148 0.00418579 0)
(0.202131 0.00410191 0)
(0.202111 0.00402136 0)
(0.202091 0.0039439 0)
(0.20207 0.00386932 0)
(0.202048 0.00379745 0)
(0.202025 0.0037281 0)
(0.202002 0.00366114 0)
(0.201978 0.00359641 0)
(0.201955 0.00353381 0)
(0.201931 0.0034732 0)
(0.201907 0.00341449 0)
(0.201884 0.00335759 0)
(0.20186 0.00330241 0)
(0.201837 0.00324887 0)
(0.201813 0.00319689 0)
(0.20179 0.0031464 0)
(0.201767 0.00309735 0)
(0.201745 0.00304966 0)
(0.201722 0.0030033 0)
(0.2017 0.0029582 0)
(0.201678 0.00291431 0)
(0.201657 0.00287159 0)
(0.201635 0.00282999 0)
(0.201614 0.00278948 0)
(0.201593 0.00275 0)
(0.201571 0.00271152 0)
(0.201551 0.00267401 0)
(0.20153 0.00263743 0)
(0.201509 0.00260173 0)
(0.201488 0.0025669 0)
(0.201467 0.0025329 0)
(0.201446 0.0024997 0)
(0.201425 0.00246726 0)
(0.201404 0.00243556 0)
(0.201383 0.00240457 0)
(0.201361 0.00237426 0)
(0.201339 0.00234461 0)
(0.201317 0.00231559 0)
(0.201295 0.00228718 0)
(0.201272 0.00225935 0)
(0.201248 0.00223208 0)
(0.201224 0.00220535 0)
(0.2012 0.00217914 0)
(0.201175 0.00215344 0)
(0.201149 0.00212821 0)
(0.201122 0.00210345 0)
(0.201094 0.00207914 0)
(0.201066 0.00205527 0)
(0.201037 0.00203182 0)
(0.201006 0.00200879 0)
(0.200975 0.00198617 0)
(0.200942 0.00196395 0)
(0.200908 0.00194212 0)
(0.200873 0.0019207 0)
(0.200837 0.00189968 0)
(0.200799 0.00187906 0)
(0.200759 0.00185887 0)
(0.200718 0.00183911 0)
(0.200675 0.0018198 0)
(0.200631 0.00180098 0)
(0.200585 0.00178267 0)
(0.200536 0.00176491 0)
(0.200486 0.00174774 0)
(0.200434 0.0017312 0)
(0.20038 0.00171528 0)
(0.200324 0.00169986 0)
(0.200266 0.0016845 0)
(0.200206 0.00166811 0)
(0.200143 0.00164835 0)
(0.200049 0.00162122 0)
(0.198191 0.00534725 0)
(0.198404 0.00562995 0)
(0.198647 0.00587918 0)
(0.198917 0.00608816 0)
(0.199207 0.00625266 0)
(0.199507 0.00637127 0)
(0.199808 0.0064449 0)
(0.200102 0.00647625 0)
(0.200382 0.00646927 0)
(0.200643 0.00642881 0)
(0.200882 0.00636021 0)
(0.201098 0.00626894 0)
(0.201288 0.00616028 0)
(0.201453 0.0060391 0)
(0.201594 0.00590969 0)
(0.201713 0.00577567 0)
(0.201811 0.00563998 0)
(0.201891 0.0055049 0)
(0.201954 0.00537211 0)
(0.202004 0.00524277 0)
(0.202042 0.00511764 0)
(0.202069 0.00499713 0)
(0.202088 0.00488142 0)
(0.202099 0.00477052 0)
(0.202104 0.0046643 0)
(0.202105 0.00456259 0)
(0.202101 0.00446515 0)
(0.202093 0.00437173 0)
(0.202083 0.00428209 0)
(0.20207 0.00419598 0)
(0.202055 0.00411318 0)
(0.202038 0.00403348 0)
(0.20202 0.00395667 0)
(0.202001 0.00388259 0)
(0.201981 0.00381107 0)
(0.201961 0.00374197 0)
(0.20194 0.00367514 0)
(0.201919 0.00361047 0)
(0.201897 0.00354785 0)
(0.201876 0.00348717 0)
(0.201854 0.00342835 0)
(0.201832 0.00337129 0)
(0.201811 0.00331591 0)
(0.20179 0.00326215 0)
(0.201769 0.00320993 0)
(0.201748 0.00315919 0)
(0.201727 0.00310988 0)
(0.201707 0.00306192 0)
(0.201687 0.00301529 0)
(0.201668 0.00296991 0)
(0.201649 0.00292575 0)
(0.20163 0.00288276 0)
(0.201611 0.0028409 0)
(0.201593 0.00280013 0)
(0.201576 0.00276041 0)
(0.201558 0.00272171 0)
(0.201541 0.00268397 0)
(0.201525 0.00264719 0)
(0.201508 0.00261131 0)
(0.201492 0.0025763 0)
(0.201476 0.00254214 0)
(0.201461 0.0025088 0)
(0.201445 0.00247624 0)
(0.20143 0.00244443 0)
(0.201415 0.00241336 0)
(0.2014 0.00238299 0)
(0.201386 0.00235329 0)
(0.201371 0.00232425 0)
(0.201356 0.00229583 0)
(0.201342 0.00226802 0)
(0.201327 0.00224079 0)
(0.201312 0.00221412 0)
(0.201298 0.00218799 0)
(0.201283 0.00216239 0)
(0.201267 0.00213729 0)
(0.201252 0.00211268 0)
(0.201236 0.00208855 0)
(0.20122 0.00206487 0)
(0.201204 0.00204165 0)
(0.201187 0.00201886 0)
(0.20117 0.00199651 0)
(0.201152 0.00197458 0)
(0.201134 0.00195308 0)
(0.201115 0.00193201 0)
(0.201095 0.00191136 0)
(0.201074 0.00189114 0)
(0.201053 0.00187138 0)
(0.20103 0.00185207 0)
(0.201007 0.00183324 0)
(0.200983 0.00181493 0)
(0.200957 0.00179715 0)
(0.200931 0.00177994 0)
(0.200903 0.00176334 0)
(0.200873 0.00174737 0)
(0.200843 0.001732 0)
(0.200811 0.0017171 0)
(0.200778 0.00170229 0)
(0.200743 0.00168677 0)
(0.200704 0.00166918 0)
(0.200644 0.00164824 0)
(0.198398 0.00519868 0)
(0.198587 0.00545223 0)
(0.198801 0.00567788 0)
(0.199038 0.00587004 0)
(0.199293 0.00602487 0)
(0.199558 0.00614063 0)
(0.199826 0.00621756 0)
(0.200089 0.00625741 0)
(0.200341 0.00626312 0)
(0.200579 0.00623844 0)
(0.2008 0.00618763 0)
(0.201 0.00611519 0)
(0.201179 0.00602556 0)
(0.201336 0.00592292 0)
(0.201473 0.00581104 0)
(0.201589 0.0056932 0)
(0.201687 0.00557212 0)
(0.201768 0.00545 0)
(0.201834 0.00532854 0)
(0.201887 0.00520897 0)
(0.201928 0.00509219 0)
(0.201959 0.00497874 0)
(0.201981 0.00486898 0)
(0.201996 0.00476304 0)
(0.202005 0.00466096 0)
(0.202009 0.00456268 0)
(0.202008 0.00446806 0)
(0.202004 0.00437697 0)
(0.201996 0.00428924 0)
(0.201986 0.00420468 0)
(0.201974 0.00412313 0)
(0.20196 0.00404442 0)
(0.201944 0.0039684 0)
(0.201927 0.00389492 0)
(0.201909 0.00382385 0)
(0.201891 0.00375506 0)
(0.201872 0.00368844 0)
(0.201852 0.00362388 0)
(0.201833 0.00356129 0)
(0.201813 0.00350057 0)
(0.201793 0.00344165 0)
(0.201773 0.00338445 0)
(0.201753 0.00332889 0)
(0.201733 0.00327491 0)
(0.201714 0.00322245 0)
(0.201694 0.00317145 0)
(0.201675 0.00312185 0)
(0.201657 0.00307361 0)
(0.201638 0.00302666 0)
(0.20162 0.00298098 0)
(0.201603 0.00293651 0)
(0.201585 0.00289321 0)
(0.201569 0.00285104 0)
(0.201552 0.00280997 0)
(0.201536 0.00276994 0)
(0.201521 0.00273094 0)
(0.201505 0.00269292 0)
(0.201491 0.00265586 0)
(0.201476 0.00261971 0)
(0.201462 0.00258445 0)
(0.201449 0.00255004 0)
(0.201435 0.00251646 0)
(0.201422 0.00248368 0)
(0.20141 0.00245167 0)
(0.201397 0.0024204 0)
(0.201385 0.00238985 0)
(0.201374 0.00236 0)
(0.201362 0.0023308 0)
(0.201351 0.00230226 0)
(0.20134 0.00227433 0)
(0.201329 0.002247 0)
(0.201318 0.00222025 0)
(0.201308 0.00219406 0)
(0.201297 0.00216841 0)
(0.201287 0.00214329 0)
(0.201276 0.00211867 0)
(0.201266 0.00209455 0)
(0.201255 0.00207091 0)
(0.201245 0.00204773 0)
(0.201234 0.00202502 0)
(0.201223 0.00200276 0)
(0.201212 0.00198095 0)
(0.201201 0.00195959 0)
(0.201189 0.00193868 0)
(0.201178 0.00191822 0)
(0.201165 0.00189822 0)
(0.201153 0.00187869 0)
(0.201139 0.00185965 0)
(0.201125 0.00184111 0)
(0.201111 0.00182311 0)
(0.201096 0.00180567 0)
(0.20108 0.00178882 0)
(0.201063 0.0017726 0)
(0.201046 0.00175701 0)
(0.201028 0.00174203 0)
(0.201008 0.00172754 0)
(0.200988 0.00171325 0)
(0.200966 0.00169867 0)
(0.20094 0.00168319 0)
(0.200899 0.00166716 0)
(0.198586 0.00506095 0)
(0.198753 0.00528934 0)
(0.198942 0.00549427 0)
(0.19915 0.00567114 0)
(0.199375 0.00581656 0)
(0.199609 0.00592873 0)
(0.199846 0.0060074 0)
(0.200081 0.00605366 0)
(0.200308 0.00606961 0)
(0.200524 0.00605811 0)
(0.200726 0.00602254 0)
(0.200911 0.00596653 0)
(0.201078 0.00589378 0)
(0.201227 0.00580785 0)
(0.201358 0.00571202 0)
(0.201471 0.0056092 0)
(0.201567 0.00550189 0)
(0.201648 0.00539218 0)
(0.201715 0.00528172 0)
(0.20177 0.00517179 0)
(0.201813 0.00506335 0)
(0.201847 0.00495707 0)
(0.201873 0.00485342 0)
(0.201891 0.00475266 0)
(0.201903 0.00465494 0)
(0.20191 0.00456031 0)
(0.201912 0.00446875 0)
(0.201911 0.0043802 0)
(0.201906 0.00429457 0)
(0.201898 0.00421174 0)
(0.201888 0.0041316 0)
(0.201876 0.00405404 0)
(0.201863 0.00397894 0)
(0.201848 0.00390618 0)
(0.201833 0.00383566 0)
(0.201816 0.00376727 0)
(0.201799 0.00370094 0)
(0.201781 0.00363656 0)
(0.201763 0.00357406 0)
(0.201745 0.00351337 0)
(0.201726 0.0034544 0)
(0.201708 0.00339709 0)
(0.201689 0.00334138 0)
(0.201671 0.00328722 0)
(0.201652 0.00323454 0)
(0.201634 0.00318329 0)
(0.201617 0.00313343 0)
(0.201599 0.0030849 0)
(0.201582 0.00303766 0)
(0.201565 0.00299167 0)
(0.201549 0.00294689 0)
(0.201533 0.00290328 0)
(0.201517 0.00286079 0)
(0.201502 0.0028194 0)
(0.201487 0.00277906 0)
(0.201472 0.00273975 0)
(0.201458 0.00270143 0)
(0.201445 0.00266406 0)
(0.201431 0.00262762 0)
(0.201418 0.00259207 0)
(0.201406 0.00255739 0)
(0.201394 0.00252355 0)
(0.201382 0.00249051 0)
(0.201371 0.00245825 0)
(0.20136 0.00242675 0)
(0.201349 0.00239598 0)
(0.201339 0.00236591 0)
(0.201329 0.00233652 0)
(0.201319 0.00230779 0)
(0.201309 0.00227969 0)
(0.2013 0.0022522 0)
(0.201291 0.00222531 0)
(0.201282 0.00219899 0)
(0.201274 0.00217322 0)
(0.201265 0.002148 0)
(0.201257 0.0021233 0)
(0.201249 0.00209911 0)
(0.201241 0.00207541 0)
(0.201233 0.00205221 0)
(0.201225 0.00202948 0)
(0.201217 0.00200722 0)
(0.201209 0.00198544 0)
(0.2012 0.00196412 0)
(0.201192 0.00194327 0)
(0.201184 0.00192289 0)
(0.201175 0.00190299 0)
(0.201166 0.00188359 0)
(0.201157 0.0018647 0)
(0.201148 0.00184634 0)
(0.201138 0.00182854 0)
(0.201127 0.00181132 0)
(0.201117 0.00179471 0)
(0.201105 0.00177875 0)
(0.201093 0.00176343 0)
(0.201081 0.00174875 0)
(0.201067 0.00173461 0)
(0.201053 0.00172083 0)
(0.201037 0.00170717 0)
(0.201018 0.00169355 0)
(0.200988 0.00168105 0)
(0.198755 0.00493328 0)
(0.198904 0.00513991 0)
(0.199071 0.00532664 0)
(0.199254 0.00548972 0)
(0.199451 0.00562618 0)
(0.199657 0.00573429 0)
(0.199867 0.00581353 0)
(0.200076 0.00586447 0)
(0.20028 0.00588859 0)
(0.200476 0.00588803 0)
(0.200659 0.0058654 0)
(0.20083 0.00582365 0)
(0.200985 0.00576581 0)
(0.201125 0.00569486 0)
(0.201249 0.00561363 0)
(0.201357 0.00552469 0)
(0.201451 0.0054303 0)
(0.201531 0.00533238 0)
(0.201598 0.00523252 0)
(0.201653 0.00513201 0)
(0.201699 0.00503184 0)
(0.201735 0.00493276 0)
(0.201763 0.00483531 0)
(0.201783 0.00473986 0)
(0.201798 0.00464667 0)
(0.201808 0.00455588 0)
(0.201812 0.00446757 0)
(0.201813 0.00438174 0)
(0.201811 0.00429837 0)
(0.201806 0.00421743 0)
(0.201798 0.00413885 0)
(0.201789 0.00406256 0)
(0.201777 0.00398848 0)
(0.201765 0.00391654 0)
(0.201751 0.00384666 0)
(0.201736 0.00377877 0)
(0.201721 0.00371279 0)
(0.201705 0.00364865 0)
(0.201688 0.0035863 0)
(0.201671 0.00352566 0)
(0.201654 0.00346669 0)
(0.201637 0.00340931 0)
(0.20162 0.00335349 0)
(0.201603 0.00329916 0)
(0.201586 0.00324629 0)
(0.201569 0.00319481 0)
(0.201553 0.0031447 0)
(0.201537 0.00309591 0)
(0.201521 0.00304839 0)
(0.201505 0.00300211 0)
(0.201489 0.00295702 0)
(0.201474 0.0029131 0)
(0.20146 0.00287031 0)
(0.201445 0.0028286 0)
(0.201431 0.00278795 0)
(0.201418 0.00274833 0)
(0.201405 0.0027097 0)
(0.201392 0.00267203 0)
(0.20138 0.0026353 0)
(0.201368 0.00259946 0)
(0.201356 0.0025645 0)
(0.201345 0.00253038 0)
(0.201334 0.00249708 0)
(0.201323 0.00246456 0)
(0.201313 0.00243282 0)
(0.201303 0.00240181 0)
(0.201294 0.00237151 0)
(0.201284 0.0023419 0)
(0.201275 0.00231297 0)
(0.201267 0.00228468 0)
(0.201258 0.00225701 0)
(0.20125 0.00222995 0)
(0.201242 0.00220347 0)
(0.201235 0.00217757 0)
(0.201227 0.00215221 0)
(0.20122 0.0021274 0)
(0.201213 0.0021031 0)
(0.201206 0.00207932 0)
(0.201199 0.00205605 0)
(0.201192 0.00203326 0)
(0.201185 0.00201097 0)
(0.201179 0.00198916 0)
(0.201172 0.00196784 0)
(0.201165 0.00194701 0)
(0.201158 0.00192666 0)
(0.201151 0.00190682 0)
(0.201144 0.00188749 0)
(0.201137 0.0018687 0)
(0.201129 0.00185046 0)
(0.201121 0.00183279 0)
(0.201113 0.00181573 0)
(0.201104 0.0017993 0)
(0.201095 0.00178353 0)
(0.201086 0.00176844 0)
(0.201076 0.00175401 0)
(0.201065 0.0017402 0)
(0.201054 0.00172692 0)
(0.201041 0.00171412 0)
(0.201025 0.00170204 0)
(0.201002 0.0016919 0)
(0.198909 0.00481512 0)
(0.199042 0.00500295 0)
(0.199188 0.00517375 0)
(0.199349 0.00532447 0)
(0.199522 0.00545256 0)
(0.199704 0.0055564 0)
(0.199889 0.00563531 0)
(0.200075 0.00568953 0)
(0.200257 0.00572004 0)
(0.200433 0.00572841 0)
(0.200599 0.00571666 0)
(0.200755 0.00568711 0)
(0.200898 0.00564225 0)
(0.201028 0.00558456 0)
(0.201145 0.00551644 0)
(0.201248 0.00544014 0)
(0.201338 0.00535768 0)
(0.201416 0.00527081 0)
(0.201482 0.00518103 0)
(0.201538 0.00508959 0)
(0.201584 0.00499749 0)
(0.201621 0.00490552 0)
(0.201651 0.00481428 0)
(0.201673 0.00472423 0)
(0.20169 0.00463569 0)
(0.201702 0.0045489 0)
(0.201709 0.00446398 0)
(0.201712 0.00438104 0)
(0.201712 0.00430012 0)
(0.201709 0.00422123 0)
(0.201704 0.00414437 0)
(0.201696 0.00406949 0)
(0.201687 0.00399658 0)
(0.201676 0.00392558 0)
(0.201664 0.00385646 0)
(0.201651 0.00378915 0)
(0.201638 0.00372362 0)
(0.201623 0.00365981 0)
(0.201608 0.00359768 0)
(0.201593 0.00353717 0)
(0.201578 0.00347825 0)
(0.201562 0.00342086 0)
(0.201546 0.00336497 0)
(0.201531 0.00331052 0)
(0.201515 0.00325749 0)
(0.201499 0.00320583 0)
(0.201484 0.0031555 0)
(0.201469 0.00310647 0)
(0.201454 0.00305869 0)
(0.201439 0.00301214 0)
(0.201425 0.00296678 0)
(0.201411 0.00292257 0)
(0.201397 0.00287948 0)
(0.201384 0.00283747 0)
(0.201371 0.00279653 0)
(0.201358 0.00275661 0)
(0.201346 0.00271768 0)
(0.201334 0.00267972 0)
(0.201322 0.0026427 0)
(0.201311 0.00260658 0)
(0.2013 0.00257134 0)
(0.20129 0.00253695 0)
(0.201279 0.00250339 0)
(0.20127 0.00247062 0)
(0.20126 0.00243863 0)
(0.201251 0.00240738 0)
(0.201242 0.00237686 0)
(0.201233 0.00234704 0)
(0.201225 0.0023179 0)
(0.201217 0.00228941 0)
(0.201209 0.00226156 0)
(0.201202 0.00223433 0)
(0.201195 0.00220769 0)
(0.201188 0.00218163 0)
(0.201181 0.00215614 0)
(0.201174 0.0021312 0)
(0.201167 0.0021068 0)
(0.201161 0.00208293 0)
(0.201155 0.00205957 0)
(0.201149 0.00203672 0)
(0.201143 0.00201437 0)
(0.201136 0.00199253 0)
(0.20113 0.00197118 0)
(0.201124 0.00195035 0)
(0.201118 0.00193002 0)
(0.201112 0.00191021 0)
(0.201106 0.00189093 0)
(0.201099 0.00187221 0)
(0.201093 0.00185406 0)
(0.201086 0.0018365 0)
(0.201079 0.00181957 0)
(0.201071 0.0018033 0)
(0.201063 0.0017877 0)
(0.201055 0.00177281 0)
(0.201046 0.00175863 0)
(0.201037 0.00174515 0)
(0.201027 0.00173236 0)
(0.201015 0.00172034 0)
(0.201002 0.00170946 0)
(0.200982 0.00170085 0)
(0.199049 0.00470562 0)
(0.199166 0.00487711 0)
(0.199295 0.00503395 0)
(0.199437 0.00517365 0)
(0.199589 0.00529405 0)
(0.199748 0.00539365 0)
(0.199911 0.00547172 0)
(0.200075 0.00552826 0)
(0.200237 0.00556386 0)
(0.200394 0.00557964 0)
(0.200545 0.00557714 0)
(0.200686 0.00555817 0)
(0.200817 0.00552471 0)
(0.200937 0.00547883 0)
(0.201046 0.00542254 0)
(0.201143 0.00535778 0)
(0.201229 0.00528633 0)
(0.201303 0.00520977 0)
(0.201368 0.0051295 0)
(0.201423 0.00504671 0)
(0.201469 0.00496238 0)
(0.201506 0.00487732 0)
(0.201537 0.00479218 0)
(0.201561 0.00470747 0)
(0.20158 0.00462357 0)
(0.201593 0.00454078 0)
(0.201602 0.00445931 0)
(0.201607 0.00437931 0)
(0.201609 0.00430088 0)
(0.201608 0.00422411 0)
(0.201605 0.00414901 0)
(0.201599 0.00407561 0)
(0.201592 0.00400392 0)
(0.201583 0.00393392 0)
(0.201573 0.00386559 0)
(0.201561 0.00379892 0)
(0.201549 0.00373388 0)
(0.201536 0.00367043 0)
(0.201523 0.00360855 0)
(0.201509 0.00354821 0)
(0.201495 0.00348937 0)
(0.201481 0.003432 0)
(0.201467 0.00337606 0)
(0.201452 0.00332153 0)
(0.201438 0.00326837 0)
(0.201424 0.00321654 0)
(0.201409 0.00316601 0)
(0.201395 0.00311676 0)
(0.201382 0.00306875 0)
(0.201368 0.00302194 0)
(0.201355 0.00297631 0)
(0.201342 0.00293182 0)
(0.201329 0.00288845 0)
(0.201317 0.00284617 0)
(0.201304 0.00280493 0)
(0.201293 0.00276473 0)
(0.201281 0.00272552 0)
(0.20127 0.00268727 0)
(0.201259 0.00264997 0)
(0.201249 0.00261358 0)
(0.201239 0.00257807 0)
(0.201229 0.00254342 0)
(0.201219 0.0025096 0)
(0.20121 0.00247659 0)
(0.201201 0.00244435 0)
(0.201193 0.00241288 0)
(0.201185 0.00238213 0)
(0.201177 0.0023521 0)
(0.201169 0.00232275 0)
(0.201161 0.00229408 0)
(0.201154 0.00226604 0)
(0.201147 0.00223864 0)
(0.201141 0.00221184 0)
(0.201134 0.00218564 0)
(0.201128 0.00216001 0)
(0.201121 0.00213495 0)
(0.201115 0.00211043 0)
(0.20111 0.00208646 0)
(0.201104 0.00206301 0)
(0.201098 0.00204009 0)
(0.201092 0.00201769 0)
(0.201087 0.0019958 0)
(0.201081 0.00197443 0)
(0.201076 0.00195358 0)
(0.20107 0.00193326 0)
(0.201065 0.00191348 0)
(0.201059 0.00189424 0)
(0.201053 0.00187558 0)
(0.201047 0.00185751 0)
(0.201041 0.00184005 0)
(0.201034 0.00182324 0)
(0.201027 0.0018071 0)
(0.20102 0.00179168 0)
(0.201013 0.00177698 0)
(0.201005 0.00176304 0)
(0.200996 0.00174989 0)
(0.200987 0.00173757 0)
(0.200976 0.00172623 0)
(0.200964 0.00171629 0)
(0.200947 0.00170865 0)
(0.199202 0.00458691 0)
(0.199303 0.00474155 0)
(0.199414 0.0048838 0)
(0.199534 0.00501168 0)
(0.199664 0.00512343 0)
(0.199799 0.00521776 0)
(0.199939 0.00529394 0)
(0.20008 0.00535178 0)
(0.200219 0.0053916 0)
(0.200356 0.00541412 0)
(0.200487 0.00542041 0)
(0.200611 0.00541181 0)
(0.200728 0.00538983 0)
(0.200836 0.00535608 0)
(0.200934 0.00531217 0)
(0.201023 0.00525971 0)
(0.201102 0.00520019 0)
(0.201172 0.00513499 0)
(0.201233 0.00506536 0)
(0.201286 0.00499239 0)
(0.20133 0.00491702 0)
(0.201368 0.00484005 0)
(0.201399 0.00476213 0)
(0.201423 0.00468382 0)
(0.201443 0.00460556 0)
(0.201458 0.00452769 0)
(0.201468 0.0044505 0)
(0.201475 0.0043742 0)
(0.201479 0.00429895 0)
(0.201479 0.00422488 0)
(0.201478 0.00415208 0)
(0.201474 0.00408062 0)
(0.201469 0.00401054 0)
(0.201462 0.00394188 0)
(0.201453 0.00387465 0)
(0.201444 0.00380886 0)
(0.201434 0.00374451 0)
(0.201423 0.00368161 0)
(0.201411 0.00362013 0)
(0.201399 0.00356006 0)
(0.201387 0.0035014 0)
(0.201374 0.00344411 0)
(0.201361 0.00338819 0)
(0.201348 0.0033336 0)
(0.201336 0.00328033 0)
(0.201323 0.00322835 0)
(0.20131 0.00317763 0)
(0.201298 0.00312815 0)
(0.201285 0.00307988 0)
(0.201273 0.0030328 0)
(0.201261 0.00298688 0)
(0.201249 0.0029421 0)
(0.201238 0.00289842 0)
(0.201226 0.00285581 0)
(0.201216 0.00281426 0)
(0.201205 0.00277373 0)
(0.201194 0.0027342 0)
(0.201184 0.00269564 0)
(0.201175 0.00265802 0)
(0.201165 0.00262132 0)
(0.201156 0.0025855 0)
(0.201147 0.00255055 0)
(0.201139 0.00251645 0)
(0.20113 0.00248315 0)
(0.201122 0.00245065 0)
(0.201115 0.00241891 0)
(0.201107 0.00238791 0)
(0.2011 0.00235764 0)
(0.201093 0.00232806 0)
(0.201086 0.00229916 0)
(0.20108 0.00227092 0)
(0.201073 0.00224332 0)
(0.201067 0.00221634 0)
(0.201062 0.00218997 0)
(0.201056 0.00216419 0)
(0.20105 0.00213898 0)
(0.201045 0.00211434 0)
(0.20104 0.00209026 0)
(0.201034 0.00206672 0)
(0.201029 0.00204371 0)
(0.201024 0.00202125 0)
(0.201019 0.00199931 0)
(0.201014 0.00197792 0)
(0.201009 0.00195706 0)
(0.201004 0.00193674 0)
(0.200999 0.00191699 0)
(0.200994 0.0018978 0)
(0.200989 0.00187921 0)
(0.200983 0.00186123 0)
(0.200978 0.00184389 0)
(0.200972 0.00182722 0)
(0.200966 0.00181125 0)
(0.200959 0.00179602 0)
(0.200952 0.00178157 0)
(0.200945 0.00176793 0)
(0.200937 0.00175516 0)
(0.200929 0.00174335 0)
(0.200919 0.0017327 0)
(0.200909 0.00172359 0)
(0.200894 0.00171667 0)
(0.199354 0.00446081 0)
(0.199438 0.0045993 0)
(0.199529 0.00472753 0)
(0.199628 0.00484399 0)
(0.199735 0.00494727 0)
(0.199846 0.00503628 0)
(0.199962 0.00511032 0)
(0.200078 0.00516909 0)
(0.200195 0.00521264 0)
(0.200309 0.00524138 0)
(0.20042 0.00525598 0)
(0.200526 0.00525733 0)
(0.200626 0.00524651 0)
(0.20072 0.00522471 0)
(0.200806 0.00519316 0)
(0.200885 0.00515312 0)
(0.200957 0.0051058 0)
(0.20102 0.00505236 0)
(0.201076 0.00499387 0)
(0.201126 0.0049313 0)
(0.201168 0.00486553 0)
(0.201204 0.00479731 0)
(0.201234 0.0047273 0)
(0.201259 0.00465608 0)
(0.201279 0.00458411 0)
(0.201295 0.00451179 0)
(0.201307 0.00443947 0)
(0.201316 0.0043674 0)
(0.201321 0.00429582 0)
(0.201324 0.00422491 0)
(0.201324 0.0041548 0)
(0.201323 0.00408563 0)
(0.20132 0.00401748 0)
(0.201315 0.00395042 0)
(0.201309 0.00388452 0)
(0.201301 0.00381981 0)
(0.201293 0.00375633 0)
(0.201285 0.0036941 0)
(0.201275 0.00363313 0)
(0.201265 0.00357344 0)
(0.201255 0.00351502 0)
(0.201244 0.00345788 0)
(0.201233 0.00340201 0)
(0.201223 0.0033474 0)
(0.201212 0.00329403 0)
(0.201201 0.0032419 0)
(0.20119 0.00319099 0)
(0.201179 0.00314128 0)
(0.201168 0.00309275 0)
(0.201158 0.00304538 0)
(0.201147 0.00299915 0)
(0.201137 0.00295403 0)
(0.201127 0.00291001 0)
(0.201117 0.00286706 0)
(0.201107 0.00282515 0)
(0.201098 0.00278427 0)
(0.201089 0.00274438 0)
(0.20108 0.00270546 0)
(0.201072 0.00266748 0)
(0.201063 0.00263043 0)
(0.201055 0.00259427 0)
(0.201048 0.00255899 0)
(0.20104 0.00252455 0)
(0.201033 0.00249094 0)
(0.201026 0.00245812 0)
(0.201019 0.00242609 0)
(0.201013 0.0023948 0)
(0.201006 0.00236425 0)
(0.201 0.00233441 0)
(0.200994 0.00230526 0)
(0.200989 0.00227679 0)
(0.200983 0.00224896 0)
(0.200978 0.00222178 0)
(0.200973 0.00219521 0)
(0.200968 0.00216925 0)
(0.200963 0.00214388 0)
(0.200958 0.00211909 0)
(0.200953 0.00209487 0)
(0.200949 0.00207121 0)
(0.200944 0.00204812 0)
(0.20094 0.00202557 0)
(0.200936 0.00200358 0)
(0.200931 0.00198214 0)
(0.200927 0.00196127 0)
(0.200922 0.00194096 0)
(0.200918 0.00192123 0)
(0.200913 0.00190209 0)
(0.200909 0.00188358 0)
(0.200904 0.0018657 0)
(0.200899 0.00184848 0)
(0.200894 0.00183196 0)
(0.200888 0.00181618 0)
(0.200883 0.00180118 0)
(0.200877 0.00178699 0)
(0.20087 0.00177369 0)
(0.200863 0.00176135 0)
(0.200856 0.00175007 0)
(0.200847 0.00174007 0)
(0.200838 0.00173164 0)
(0.200826 0.00172524 0)
(0.199495 0.0043448 0)
(0.199563 0.00446928 0)
(0.199636 0.00458518 0)
(0.199715 0.00469136 0)
(0.1998 0.00478669 0)
(0.199889 0.00487029 0)
(0.199981 0.00494152 0)
(0.200075 0.00500003 0)
(0.200169 0.00504574 0)
(0.200262 0.00507884 0)
(0.200352 0.00509969 0)
(0.20044 0.00510889 0)
(0.200523 0.00510716 0)
(0.200602 0.00509535 0)
(0.200675 0.00507438 0)
(0.200742 0.00504518 0)
(0.200804 0.00500873 0)
(0.200859 0.00496596 0)
(0.200909 0.00491776 0)
(0.200953 0.00486497 0)
(0.200992 0.00480837 0)
(0.201025 0.00474865 0)
(0.201053 0.00468645 0)
(0.201077 0.00462232 0)
(0.201097 0.00455674 0)
(0.201113 0.00449014 0)
(0.201125 0.0044229 0)
(0.201135 0.00435531 0)
(0.201142 0.00428766 0)
(0.201146 0.00422017 0)
(0.201148 0.00415302 0)
(0.201148 0.00408639 0)
(0.201147 0.00402041 0)
(0.201144 0.00395519 0)
(0.20114 0.00389083 0)
(0.201135 0.0038274 0)
(0.201129 0.00376497 0)
(0.201123 0.00370359 0)
(0.201115 0.00364329 0)
(0.201108 0.00358411 0)
(0.2011 0.00352607 0)
(0.201091 0.00346919 0)
(0.201082 0.00341347 0)
(0.201074 0.00335893 0)
(0.201065 0.00330557 0)
(0.201056 0.00325337 0)
(0.201047 0.00320234 0)
(0.201038 0.00315246 0)
(0.201029 0.00310373 0)
(0.20102 0.00305613 0)
(0.201012 0.00300964 0)
(0.201003 0.00296425 0)
(0.200995 0.00291994 0)
(0.200987 0.00287668 0)
(0.200979 0.00283446 0)
(0.200971 0.00279326 0)
(0.200964 0.00275305 0)
(0.200956 0.00271381 0)
(0.200949 0.00267552 0)
(0.200942 0.00263815 0)
(0.200936 0.00260169 0)
(0.200929 0.0025661 0)
(0.200923 0.00253136 0)
(0.200917 0.00249746 0)
(0.200911 0.00246436 0)
(0.200905 0.00243205 0)
(0.2009 0.00240051 0)
(0.200895 0.00236971 0)
(0.20089 0.00233963 0)
(0.200885 0.00231026 0)
(0.20088 0.00228157 0)
(0.200875 0.00225354 0)
(0.200871 0.00222617 0)
(0.200867 0.00219943 0)
(0.200863 0.00217331 0)
(0.200859 0.00214779 0)
(0.200855 0.00212288 0)
(0.200851 0.00209855 0)
(0.200847 0.0020748 0)
(0.200843 0.00205162 0)
(0.20084 0.00202902 0)
(0.200836 0.00200699 0)
(0.200832 0.00198553 0)
(0.200829 0.00196465 0)
(0.200825 0.00194436 0)
(0.200821 0.00192468 0)
(0.200818 0.00190561 0)
(0.200814 0.00188718 0)
(0.20081 0.00186941 0)
(0.200806 0.00185234 0)
(0.200801 0.001836 0)
(0.200797 0.00182042 0)
(0.200792 0.00180566 0)
(0.200787 0.00179177 0)
(0.200781 0.00177881 0)
(0.200775 0.00176688 0)
(0.200769 0.00175609 0)
(0.200762 0.00174663 0)
(0.200754 0.00173871 0)
(0.200744 0.00173264 0)
(0.199623 0.00424065 0)
(0.199675 0.0043535 0)
(0.199731 0.0044591 0)
(0.199792 0.00455661 0)
(0.199857 0.00464514 0)
(0.199925 0.00472394 0)
(0.199996 0.00479246 0)
(0.200068 0.00485036 0)
(0.20014 0.00489745 0)
(0.200212 0.00493376 0)
(0.200283 0.00495949 0)
(0.200352 0.00497497 0)
(0.200418 0.00498067 0)
(0.20048 0.00497717 0)
(0.200539 0.00496512 0)
(0.200594 0.00494522 0)
(0.200644 0.00491821 0)
(0.20069 0.00488482 0)
(0.200732 0.0048458 0)
(0.200769 0.00480184 0)
(0.200802 0.00475362 0)
(0.200831 0.00470177 0)
(0.200856 0.00464686 0)
(0.200877 0.00458943 0)
(0.200895 0.00452996 0)
(0.20091 0.00446888 0)
(0.200922 0.00440659 0)
(0.200932 0.00434341 0)
(0.200939 0.00427965 0)
(0.200944 0.00421558 0)
(0.200948 0.00415142 0)
(0.200949 0.00408738 0)
(0.200949 0.00402362 0)
(0.200948 0.0039603 0)
(0.200946 0.00389754 0)
(0.200943 0.00383546 0)
(0.200939 0.00377414 0)
(0.200935 0.00371366 0)
(0.20093 0.00365409 0)
(0.200924 0.00359547 0)
(0.200919 0.00353786 0)
(0.200912 0.00348129 0)
(0.200906 0.00342578 0)
(0.200899 0.00337135 0)
(0.200893 0.00331801 0)
(0.200886 0.00326578 0)
(0.200879 0.00321466 0)
(0.200872 0.00316464 0)
(0.200866 0.00311573 0)
(0.200859 0.00306791 0)
(0.200852 0.00302118 0)
(0.200846 0.00297553 0)
(0.200839 0.00293093 0)
(0.200833 0.00288738 0)
(0.200827 0.00284485 0)
(0.200821 0.00280334 0)
(0.200815 0.00276281 0)
(0.200809 0.00272325 0)
(0.200804 0.00268464 0)
(0.200799 0.00264695 0)
(0.200793 0.00261017 0)
(0.200788 0.00257427 0)
(0.200784 0.00253923 0)
(0.200779 0.00250503 0)
(0.200774 0.00247165 0)
(0.20077 0.00243906 0)
(0.200766 0.00240725 0)
(0.200762 0.00237619 0)
(0.200758 0.00234586 0)
(0.200754 0.00231625 0)
(0.200751 0.00228733 0)
(0.200747 0.0022591 0)
(0.200744 0.00223152 0)
(0.200741 0.0022046 0)
(0.200737 0.0021783 0)
(0.200734 0.00215264 0)
(0.200731 0.00212758 0)
(0.200728 0.00210312 0)
(0.200725 0.00207926 0)
(0.200723 0.00205599 0)
(0.20072 0.00203332 0)
(0.200717 0.00201123 0)
(0.200714 0.00198973 0)
(0.200712 0.00196884 0)
(0.200709 0.00194855 0)
(0.200706 0.00192889 0)
(0.200703 0.00190986 0)
(0.2007 0.0018915 0)
(0.200697 0.00187383 0)
(0.200694 0.00185688 0)
(0.20069 0.00184069 0)
(0.200687 0.00182529 0)
(0.200683 0.00181075 0)
(0.200679 0.00179711 0)
(0.200675 0.00178446 0)
(0.20067 0.00177289 0)
(0.200665 0.0017625 0)
(0.200659 0.00175344 0)
(0.200654 0.00174587 0)
(0.200646 0.00174 0)
(0.199737 0.00415407 0)
(0.199775 0.00425766 0)
(0.199815 0.00435502 0)
(0.199858 0.00444546 0)
(0.199904 0.00452829 0)
(0.199952 0.00460289 0)
(0.200002 0.00466876 0)
(0.200054 0.00472557 0)
(0.200106 0.00477312 0)
(0.200157 0.00481133 0)
(0.200209 0.00484026 0)
(0.200259 0.0048601 0)
(0.200307 0.00487113 0)
(0.200353 0.00487375 0)
(0.200397 0.00486841 0)
(0.200438 0.00485563 0)
(0.200476 0.00483596 0)
(0.200511 0.00480998 0)
(0.200543 0.0047783 0)
(0.200572 0.0047415 0)
(0.200598 0.00470016 0)
(0.200621 0.00465484 0)
(0.200641 0.00460607 0)
(0.200659 0.00455434 0)
(0.200674 0.00450012 0)
(0.200687 0.00444383 0)
(0.200697 0.00438588 0)
(0.200706 0.0043266 0)
(0.200713 0.00426633 0)
(0.200718 0.00420535 0)
(0.200722 0.00414391 0)
(0.200724 0.00408225 0)
(0.200726 0.00402057 0)
(0.200726 0.00395904 0)
(0.200726 0.00389782 0)
(0.200724 0.00383704 0)
(0.200722 0.00377682 0)
(0.20072 0.00371725 0)
(0.200717 0.00365843 0)
(0.200714 0.00360043 0)
(0.20071 0.00354331 0)
(0.200706 0.00348711 0)
(0.200702 0.00343187 0)
(0.200698 0.00337764 0)
(0.200693 0.00332443 0)
(0.200689 0.00327227 0)
(0.200684 0.00322115 0)
(0.20068 0.0031711 0)
(0.200675 0.00312212 0)
(0.200671 0.0030742 0)
(0.200666 0.00302734 0)
(0.200662 0.00298153 0)
(0.200658 0.00293677 0)
(0.200653 0.00289303 0)
(0.200649 0.00285031 0)
(0.200645 0.0028086 0)
(0.200641 0.00276786 0)
(0.200637 0.00272809 0)
(0.200634 0.00268927 0)
(0.20063 0.00265137 0)
(0.200627 0.00261438 0)
(0.200623 0.00257828 0)
(0.20062 0.00254304 0)
(0.200617 0.00250864 0)
(0.200614 0.00247507 0)
(0.200611 0.00244229 0)
(0.200608 0.0024103 0)
(0.200606 0.00237907 0)
(0.200603 0.00234858 0)
(0.2006 0.00231882 0)
(0.200598 0.00228976 0)
(0.200596 0.00226139 0)
(0.200594 0.00223369 0)
(0.200591 0.00220665 0)
(0.200589 0.00218026 0)
(0.200587 0.0021545 0)
(0.200586 0.00212937 0)
(0.200584 0.00210485 0)
(0.200582 0.00208093 0)
(0.20058 0.00205763 0)
(0.200578 0.00203493 0)
(0.200576 0.00201283 0)
(0.200575 0.00199134 0)
(0.200573 0.00197047 0)
(0.200571 0.00195023 0)
(0.200569 0.00193063 0)
(0.200567 0.00191169 0)
(0.200565 0.00189343 0)
(0.200563 0.00187588 0)
(0.200561 0.00185907 0)
(0.200559 0.00184305 0)
(0.200556 0.00182785 0)
(0.200554 0.00181353 0)
(0.200551 0.00180016 0)
(0.200548 0.00178781 0)
(0.200545 0.00177655 0)
(0.200541 0.00176651 0)
(0.200537 0.00175778 0)
(0.200533 0.0017505 0)
(0.200528 0.00174481 0)
(0.19984 0.00408714 0)
(0.199863 0.00418408 0)
(0.199887 0.0042755 0)
(0.199913 0.00436085 0)
(0.199941 0.00443954 0)
(0.19997 0.00451104 0)
(0.2 0.00457491 0)
(0.200031 0.00463085 0)
(0.200063 0.00467861 0)
(0.200094 0.0047181 0)
(0.200126 0.00474928 0)
(0.200157 0.00477224 0)
(0.200187 0.00478715 0)
(0.200216 0.00479428 0)
(0.200243 0.00479394 0)
(0.200269 0.00478651 0)
(0.200294 0.00477244 0)
(0.200317 0.00475218 0)
(0.200338 0.00472621 0)
(0.200357 0.00469505 0)
(0.200375 0.00465918 0)
(0.20039 0.00461911 0)
(0.200404 0.00457531 0)
(0.200417 0.00452825 0)
(0.200428 0.00447837 0)
(0.200437 0.00442608 0)
(0.200445 0.00437177 0)
(0.200452 0.0043158 0)
(0.200458 0.0042585 0)
(0.200462 0.00420017 0)
(0.200466 0.00414108 0)
(0.200469 0.00408149 0)
(0.200471 0.00402161 0)
(0.200473 0.00396164 0)
(0.200474 0.00390177 0)
(0.200474 0.00384213 0)
(0.200474 0.00378287 0)
(0.200473 0.00372411 0)
(0.200473 0.00366595 0)
(0.200472 0.00360847 0)
(0.20047 0.00355176 0)
(0.200469 0.00349588 0)
(0.200467 0.00344087 0)
(0.200465 0.00338679 0)
(0.200464 0.00333367 0)
(0.200462 0.00328153 0)
(0.20046 0.00323039 0)
(0.200458 0.00318028 0)
(0.200456 0.0031312 0)
(0.200454 0.00308315 0)
(0.200452 0.00303613 0)
(0.20045 0.00299015 0)
(0.200448 0.00294519 0)
(0.200446 0.00290125 0)
(0.200444 0.00285832 0)
(0.200442 0.00281638 0)
(0.20044 0.00277542 0)
(0.200438 0.00273542 0)
(0.200437 0.00269636 0)
(0.200435 0.00265823 0)
(0.200434 0.00262101 0)
(0.200432 0.00258468 0)
(0.200431 0.00254921 0)
(0.200429 0.00251459 0)
(0.200428 0.0024808 0)
(0.200427 0.00244782 0)
(0.200426 0.00241563 0)
(0.200424 0.0023842 0)
(0.200423 0.00235353 0)
(0.200422 0.00232359 0)
(0.200422 0.00229436 0)
(0.200421 0.00226583 0)
(0.20042 0.00223798 0)
(0.200419 0.0022108 0)
(0.200418 0.00218427 0)
(0.200418 0.0021584 0)
(0.200417 0.00213315 0)
(0.200416 0.00210853 0)
(0.200416 0.00208454 0)
(0.200415 0.00206116 0)
(0.200414 0.00203839 0)
(0.200414 0.00201625 0)
(0.200413 0.00199473 0)
(0.200413 0.00197384 0)
(0.200412 0.00195359 0)
(0.200411 0.001934 0)
(0.200411 0.00191508 0)
(0.20041 0.00189686 0)
(0.200409 0.00187938 0)
(0.200408 0.00186265 0)
(0.200407 0.00184673 0)
(0.200406 0.00183165 0)
(0.200405 0.00181748 0)
(0.200404 0.00180428 0)
(0.200402 0.00179212 0)
(0.200401 0.00178108 0)
(0.200399 0.00177125 0)
(0.200397 0.00176273 0)
(0.200395 0.00175561 0)
(0.200392 0.00174999 0)
(0.199931 0.00405175 0)
(0.199938 0.00414467 0)
(0.199946 0.00423238 0)
(0.199955 0.00431441 0)
(0.199964 0.00439024 0)
(0.199974 0.00445938 0)
(0.199984 0.00452145 0)
(0.199995 0.00457613 0)
(0.200007 0.00462322 0)
(0.200018 0.00466258 0)
(0.200029 0.00469416 0)
(0.200041 0.00471801 0)
(0.200052 0.00473425 0)
(0.200063 0.00474308 0)
(0.200074 0.00474476 0)
(0.200085 0.00473961 0)
(0.200095 0.004728 0)
(0.200104 0.00471034 0)
(0.200113 0.00468704 0)
(0.200122 0.00465857 0)
(0.20013 0.00462538 0)
(0.200138 0.00458792 0)
(0.200145 0.00454665 0)
(0.200151 0.00450201 0)
(0.200157 0.00445441 0)
(0.200163 0.00440427 0)
(0.200168 0.00435196 0)
(0.200172 0.00429784 0)
(0.200177 0.00424224 0)
(0.200181 0.00418546 0)
(0.200184 0.00412779 0)
(0.200188 0.00406947 0)
(0.200191 0.00401074 0)
(0.200193 0.00395181 0)
(0.200196 0.00389285 0)
(0.200198 0.00383403 0)
(0.2002 0.0037755 0)
(0.200202 0.00371738 0)
(0.200204 0.00365978 0)
(0.200206 0.0036028 0)
(0.200208 0.00354653 0)
(0.200209 0.00349102 0)
(0.200211 0.00343635 0)
(0.200212 0.00338255 0)
(0.200213 0.00332967 0)
(0.200214 0.00327774 0)
(0.200216 0.00322679 0)
(0.200217 0.00317683 0)
(0.200218 0.00312788 0)
(0.200219 0.00307994 0)
(0.20022 0.00303302 0)
(0.200221 0.00298712 0)
(0.200222 0.00294223 0)
(0.200223 0.00289834 0)
(0.200224 0.00285545 0)
(0.200225 0.00281354 0)
(0.200226 0.00277261 0)
(0.200227 0.00273263 0)
(0.200228 0.00269359 0)
(0.200229 0.00265547 0)
(0.20023 0.00261825 0)
(0.20023 0.00258193 0)
(0.200231 0.00254646 0)
(0.200232 0.00251185 0)
(0.200233 0.00247806 0)
(0.200234 0.00244508 0)
(0.200235 0.00241288 0)
(0.200236 0.00238146 0)
(0.200237 0.00235079 0)
(0.200238 0.00232085 0)
(0.200239 0.00229162 0)
(0.20024 0.0022631 0)
(0.200241 0.00223526 0)
(0.200242 0.0022081 0)
(0.200243 0.00218159 0)
(0.200244 0.00215573 0)
(0.200245 0.00213051 0)
(0.200246 0.00210592 0)
(0.200247 0.00208195 0)
(0.200248 0.00205861 0)
(0.200249 0.00203589 0)
(0.20025 0.00201379 0)
(0.200251 0.00199233 0)
(0.200252 0.0019715 0)
(0.200253 0.00195132 0)
(0.200254 0.0019318 0)
(0.200254 0.00191297 0)
(0.200255 0.00189485 0)
(0.200256 0.00187746 0)
(0.200257 0.00186085 0)
(0.200258 0.00184505 0)
(0.200258 0.00183012 0)
(0.200259 0.0018161 0)
(0.20026 0.00180306 0)
(0.20026 0.00179107 0)
(0.200261 0.00178022 0)
(0.200261 0.00177058 0)
(0.200261 0.00176226 0)
(0.200261 0.00175535 0)
(0.200262 0.00174997 0)
(0.199991 5.01622e-06 0)
(0.199962 1.19556e-05 0)
(0.199912 2.07268e-05 0)
(0.199844 3.12943e-05 0)
(0.199759 4.3677e-05 0)
(0.199659 5.79337e-05 0)
(0.199542 7.41652e-05 0)
(0.199409 9.2515e-05 0)
(0.199258 0.000113175 0)
(0.199089 0.000136397 0)
(0.1989 0.000162506 0)
(0.19869 0.000191927 0)
(0.198455 0.000225218 0)
(0.198193 0.000263127 0)
(0.197899 0.00030667 0)
(0.197566 0.000357269 0)
(0.197187 0.000416978 0)
(0.196748 0.000488885 0)
(0.196232 0.00057789 0)
(0.195609 0.000692341 0)
(0.194831 0.000847915 0)
(0.193805 0.00107834 0)
(0.192322 0.00147248 0)
(0.189838 0.00235987 0)
(0.188983 0.00505533 0)
(0.199991 1.07569e-05 0)
(0.199962 2.32747e-05 0)
(0.199913 3.7637e-05 0)
(0.199845 5.38856e-05 0)
(0.199761 7.21293e-05 0)
(0.199661 9.25307e-05 0)
(0.199545 0.000115303 0)
(0.199413 0.000140714 0)
(0.199263 0.000169099 0)
(0.199095 0.000200883 0)
(0.198907 0.000236607 0)
(0.198698 0.000276977 0)
(0.198465 0.000322922 0)
(0.198205 0.000375692 0)
(0.197913 0.000437014 0)
(0.197585 0.000509331 0)
(0.19721 0.000596226 0)
(0.196779 0.000703181 0)
(0.196274 0.000839041 0)
(0.19567 0.0010191 0)
(0.194925 0.00127232 0)
(0.193974 0.00166041 0)
(0.192706 0.00233691 0)
(0.191011 0.00378138 0)
(0.190508 0.00754002 0)
(0.199991 1.56693e-05 0)
(0.199963 3.25717e-05 0)
(0.199914 5.11822e-05 0)
(0.199847 7.16883e-05 0)
(0.199764 9.42917e-05 0)
(0.199665 0.000119248 0)
(0.199549 0.000146859 0)
(0.199418 0.000177487 0)
(0.199269 0.00021157 0)
(0.199102 0.000249661 0)
(0.198916 0.000292461 0)
(0.198709 0.000340881 0)
(0.198479 0.000396125 0)
(0.198222 0.000459818 0)
(0.197934 0.000534205 0)
(0.197611 0.000622477 0)
(0.197244 0.000729321 0)
(0.196824 0.0008619 0)
(0.196336 0.00103172 0)
(0.19576 0.00125843 0)
(0.195066 0.00157809 0)
(0.194217 0.00206282 0)
(0.193184 0.0028691 0)
(0.192058 0.00435228 0)
(0.191787 0.00723094 0)
(0.199992 2.05316e-05 0)
(0.199964 4.19558e-05 0)
(0.199915 6.50232e-05 0)
(0.199849 9.00563e-05 0)
(0.199766 0.000117334 0)
(0.199668 0.000147194 0)
(0.199554 0.000180027 0)
(0.199423 0.000216286 0)
(0.199276 0.000256522 0)
(0.199111 0.000301415 0)
(0.198927 0.000351832 0)
(0.198723 0.000408891 0)
(0.198496 0.000474069 0)
(0.198243 0.000549356 0)
(0.197961 0.000637493 0)
(0.197645 0.00074236 0)
(0.197289 0.000869617 0)
(0.196883 0.00102783 0)
(0.196417 0.0012305 0)
(0.195876 0.0015 0)
(0.195243 0.00187531 0)
(0.194505 0.00242763 0)
(0.193684 0.0032887 0)
(0.192924 0.00468049 0)
(0.192812 0.00684249 0)
(0.199992 2.54934e-05 0)
(0.199964 5.16477e-05 0)
(0.199916 7.93694e-05 0)
(0.199851 0.000109113 0)
(0.199769 0.000141238 0)
(0.199672 0.000176164 0)
(0.199559 0.00021437 0)
(0.19943 0.000256405 0)
(0.199285 0.000302928 0)
(0.199122 0.000354746 0)
(0.19894 0.000412884 0)
(0.198739 0.000478658 0)
(0.198516 0.000553801 0)
(0.198268 0.000640632 0)
(0.197993 0.000742335 0)
(0.197686 0.000863375 0)
(0.197342 0.0010102 0)
(0.196954 0.00119238 0)
(0.196515 0.00142466 0)
(0.196015 0.00173045 0)
(0.195448 0.00214807 0)
(0.194822 0.00274079 0)
(0.194181 0.00360815 0)
(0.193674 0.00487674 0)
(0.193672 0.00659383 0)
(0.199992 3.05442e-05 0)
(0.199965 6.1561e-05 0)
(0.199918 9.40541e-05 0)
(0.199853 0.000128615 0)
(0.199772 0.000165692 0)
(0.199677 0.000205788 0)
(0.199565 0.00024947 0)
(0.199438 0.000297381 0)
(0.199294 0.000350283 0)
(0.199134 0.000409106 0)
(0.198956 0.000475022 0)
(0.198758 0.000549529 0)
(0.19854 0.000634588 0)
(0.198298 0.000732808 0)
(0.198031 0.000847735 0)
(0.197734 0.000984292 0)
(0.197405 0.00114947 0)
(0.197037 0.00135343 0)
(0.196627 0.0016113 0)
(0.196172 0.001946 0)
(0.195674 0.00239247 0)
(0.195152 0.00300251 0)
(0.194662 0.00384507 0)
(0.194332 0.0049832 0)
(0.194404 0.00638777 0)
(0.199992 3.56815e-05 0)
(0.199965 7.16794e-05 0)
(0.199919 0.000109064 0)
(0.199855 0.00014856 0)
(0.199776 0.00019071 0)
(0.199681 0.000236095 0)
(0.199572 0.000285367 0)
(0.199446 0.000339258 0)
(0.199305 0.00039863 0)
(0.199148 0.000464527 0)
(0.198973 0.000538255 0)
(0.19878 0.000621473 0)
(0.198567 0.000716336 0)
(0.198332 0.000825689 0)
(0.198074 0.000953354 0)
(0.197789 0.00110456 0)
(0.197476 0.00128659 0)
(0.197131 0.00150973 0)
(0.196754 0.00178876 0)
(0.196345 0.00214486 0)
(0.195913 0.00260795 0)
(0.195485 0.00321755 0)
(0.195118 0.00401725 0)
(0.194913 0.00503045 0)
(0.195032 0.00620165 0)
(0.199992 4.09046e-05 0)
(0.199966 8.19938e-05 0)
(0.199921 0.000124387 0)
(0.199858 0.000168931 0)
(0.19978 0.00021626 0)
(0.199687 0.000267038 0)
(0.199579 0.000321992 0)
(0.199456 0.000381943 0)
(0.199317 0.000447843 0)
(0.199163 0.000520841 0)
(0.198992 0.000602357 0)
(0.198804 0.00069419 0)
(0.198597 0.000798648 0)
(0.198371 0.000918748 0)
(0.198123 0.00105849 0)
(0.197852 0.00122325 0)
(0.197556 0.00142033 0)
(0.197236 0.00165976 0)
(0.196891 0.0019553 0)
(0.196529 0.00232558 0)
(0.196161 0.00279474 0)
(0.195816 0.00339093 0)
(0.195546 0.00413849 0)
(0.195431 0.00503778 0)
(0.195577 0.0060292 0)
(0.199992 4.62104e-05 0)
(0.199967 9.24907e-05 0)
(0.199922 0.000139998 0)
(0.199861 0.000189691 0)
(0.199784 0.000242297 0)
(0.199693 0.000298553 0)
(0.199587 0.000359266 0)
(0.199466 0.000425332 0)
(0.199331 0.000497789 0)
(0.19918 0.000577873 0)
(0.199014 0.000667106 0)
(0.198832 0.000767388 0)
(0.198632 0.000881141 0)
(0.198414 0.00101148 0)
(0.198177 0.00116249 0)
(0.19792 0.00133951 0)
(0.197644 0.00154964 0)
(0.197349 0.00180228 0)
(0.197039 0.00210972 0)
(0.196721 0.00248755 0)
(0.196411 0.00295419 0)
(0.196138 0.00352803 0)
(0.195946 0.00421981 0)
(0.195895 0.00501764 0)
(0.196056 0.00586667 0)
(0.199992 5.15931e-05 0)
(0.199968 0.000103153 0)
(0.199924 0.000155869 0)
(0.199864 0.000210801 0)
(0.199789 0.000268765 0)
(0.199699 0.000330572 0)
(0.199596 0.000397097 0)
(0.199478 0.00046931 0)
(0.199346 0.000548318 0)
(0.1992 0.000635435 0)
(0.199038 0.000732254 0)
(0.198862 0.000840751 0)
(0.19867 0.000963407 0)
(0.198461 0.00110337 0)
(0.198237 0.00126468 0)
(0.197996 0.00145252 0)
(0.197739 0.00167357 0)
(0.19747 0.00193629 0)
(0.197193 0.00225124 0)
(0.196918 0.00263083 0)
(0.196661 0.0030882 0)
(0.196449 0.003634 0)
(0.196317 0.00426989 0)
(0.196312 0.00497834 0)
(0.196479 0.00571212 0)
(0.199993 5.70448e-05 0)
(0.199968 0.000113962 0)
(0.199926 0.000171967 0)
(0.199867 0.000232214 0)
(0.199793 0.000295603 0)
(0.199706 0.000363013 0)
(0.199605 0.000435382 0)
(0.199491 0.000513743 0)
(0.199363 0.000599263 0)
(0.199221 0.000693311 0)
(0.199065 0.000797532 0)
(0.198895 0.000913937 0)
(0.198711 0.00104502 0)
(0.198513 0.00119388 0)
(0.198301 0.00136442 0)
(0.198076 0.00156154 0)
(0.197841 0.00179128 0)
(0.197597 0.00206104 0)
(0.197353 0.00237947 0)
(0.197118 0.00275592 0)
(0.196908 0.00319901 0)
(0.196746 0.00371355 0)
(0.196662 0.00429552 0)
(0.196688 0.00492567 0)
(0.196856 0.00556464 0)
(0.199993 6.25549e-05 0)
(0.199969 0.000124892 0)
(0.199928 0.000188253 0)
(0.19987 0.000253876 0)
(0.199799 0.000322738 0)
(0.199714 0.000395781 0)
(0.199616 0.000474002 0)
(0.199505 0.000558482 0)
(0.199381 0.000650436 0)
(0.199244 0.000751269 0)
(0.199094 0.000862649 0)
(0.198931 0.000986587 0)
(0.198756 0.00112553 0)
(0.198569 0.00128248 0)
(0.198371 0.0014611 0)
(0.198162 0.00166587 0)
(0.197947 0.00190211 0)
(0.19773 0.00217603 0)
(0.197516 0.00249437 0)
(0.197317 0.00286373 0)
(0.197148 0.00328902 0)
(0.197028 0.00377088 0)
(0.196981 0.00430208 0)
(0.197029 0.00486379 0)
(0.197194 0.0054238 0)
(0.199993 6.81108e-05 0)
(0.19997 0.000135917 0)
(0.19993 0.000204683 0)
(0.199874 0.000275723 0)
(0.199805 0.000350087 0)
(0.199723 0.000428773 0)
(0.199628 0.000512823 0)
(0.19952 0.000603362 0)
(0.199401 0.000701633 0)
(0.199269 0.000809059 0)
(0.199125 0.000927301 0)
(0.198971 0.00105833 0)
(0.198805 0.00120451 0)
(0.198629 0.00136866 0)
(0.198444 0.00155415 0)
(0.198253 0.00176493 0)
(0.198058 0.00200556 0)
(0.197865 0.00228098 0)
(0.197681 0.00259619 0)
(0.197515 0.00295539 0)
(0.197381 0.00336061 0)
(0.197295 0.00380968 0)
(0.197275 0.00429384 0)
(0.197338 0.00479576 0)
(0.197497 0.00528938 0)
(0.199993 7.36973e-05 0)
(0.199971 0.000147004 0)
(0.199932 0.000221206 0)
(0.199878 0.000297686 0)
(0.199811 0.000377557 0)
(0.199732 0.000461868 0)
(0.19964 0.000551699 0)
(0.199537 0.000648202 0)
(0.199422 0.000752634 0)
(0.199296 0.000866414 0)
(0.199159 0.000991169 0)
(0.199012 0.0011288 0)
(0.198856 0.00128152 0)
(0.198692 0.00145194 0)
(0.198522 0.00164305 0)
(0.198347 0.00185825 0)
(0.198173 0.00210126 0)
(0.198003 0.00237585 0)
(0.197845 0.00268542 0)
(0.197708 0.00303219 0)
(0.197604 0.00341607 0)
(0.197546 0.00383315 0)
(0.197547 0.00427421 0)
(0.197619 0.00472389 0)
(0.19777 0.00516125 0)
(0.199993 7.92966e-05 0)
(0.199972 0.000158116 0)
(0.199934 0.000237763 0)
(0.199882 0.000319683 0)
(0.199818 0.000405045 0)
(0.199741 0.000494937 0)
(0.199653 0.000590469 0)
(0.199554 0.000692807 0)
(0.199445 0.000803206 0)
(0.199325 0.000923057 0)
(0.199195 0.00105393 0)
(0.199057 0.00119761 0)
(0.198911 0.00135615 0)
(0.198759 0.00153187 0)
(0.198602 0.00172737 0)
(0.198444 0.00194547 0)
(0.198289 0.00218904 0)
(0.198141 0.00246078 0)
(0.198007 0.0027627 0)
(0.197896 0.00309549 0)
(0.197817 0.00345756 0)
(0.197781 0.00384404 0)
(0.197798 0.00424593 0)
(0.197874 0.00464996 0)
(0.198018 0.00503934 0)
(0.199994 8.48885e-05 0)
(0.199973 0.000169211 0)
(0.199937 0.000254291 0)
(0.199887 0.000341627 0)
(0.199825 0.000432435 0)
(0.199752 0.000527836 0)
(0.199668 0.000628958 0)
(0.199573 0.000736967 0)
(0.199469 0.000853101 0)
(0.199355 0.000978701 0)
(0.199233 0.00111525 0)
(0.199104 0.00126441 0)
(0.198968 0.001428 0)
(0.198828 0.00160807 0)
(0.198686 0.00180676 0)
(0.198544 0.00202632 0)
(0.198406 0.00226885 0)
(0.198279 0.00253606 0)
(0.198167 0.00282885 0)
(0.198078 0.00314671 0)
(0.19802 0.00348709 0)
(0.198001 0.00384473 0)
(0.198028 0.00421124 0)
(0.198107 0.00457535 0)
(0.198241 0.00492361 0)
(0.199994 9.04504e-05 0)
(0.199974 0.000180244 0)
(0.19994 0.000270718 0)
(0.199892 0.00036342 0)
(0.199833 0.000459603 0)
(0.199763 0.000560411 0)
(0.199683 0.00066698 0)
(0.199593 0.000780463 0)
(0.199495 0.000902063 0)
(0.199388 0.00103305 0)
(0.199274 0.00117481 0)
(0.199153 0.00132883 0)
(0.199028 0.00149672 0)
(0.1989 0.00168018 0)
(0.198771 0.00188095 0)
(0.198644 0.00210068 0)
(0.198524 0.00234078 0)
(0.198415 0.00260212 0)
(0.198322 0.00288471 0)
(0.198252 0.00318721 0)
(0.198211 0.00350649 0)
(0.198206 0.00383726 0)
(0.198241 0.00417197 0)
(0.198319 0.00450113 0)
(0.198444 0.00481402 0)
(0.199994 9.59573e-05 0)
(0.199975 0.000191162 0)
(0.199943 0.000286964 0)
(0.199897 0.000384954 0)
(0.199841 0.000486412 0)
(0.199775 0.000592497 0)
(0.199699 0.000704339 0)
(0.199615 0.000823068 0)
(0.199522 0.000949835 0)
(0.199422 0.00108583 0)
(0.199316 0.00123231 0)
(0.199204 0.00139058 0)
(0.199089 0.001562 0)
(0.198973 0.00174796 0)
(0.198857 0.00194975 0)
(0.198746 0.00216852 0)
(0.198641 0.00240504 0)
(0.198549 0.00265951 0)
(0.198473 0.00293124 0)
(0.198419 0.00321834 0)
(0.198392 0.00351742 0)
(0.198396 0.0038234 0)
(0.198436 0.00412963 0)
(0.198513 0.00442821 0)
(0.198628 0.00471056 0)
(0.199995 0.000101383 0)
(0.199977 0.000201909 0)
(0.199946 0.000302943 0)
(0.199903 0.000406109 0)
(0.19985 0.000512707 0)
(0.199788 0.000623902 0)
(0.199716 0.00074081 0)
(0.199637 0.000864523 0)
(0.199551 0.000996127 0)
(0.199458 0.00113672 0)
(0.199359 0.0012874 0)
(0.199257 0.0014493 0)
(0.199152 0.00162353 0)
(0.199048 0.00181113 0)
(0.198945 0.00201302 0)
(0.198847 0.00222986 0)
(0.198757 0.0024619 0)
(0.198679 0.00270878 0)
(0.198618 0.00296934 0)
(0.198577 0.00324133 0)
(0.198561 0.00352132 0)
(0.198573 0.00380463 0)
(0.198616 0.00408546 0)
(0.198689 0.00435727 0)
(0.198795 0.00461325 0)
(0.199995 0.000106698 0)
(0.199978 0.000212437 0)
(0.199949 0.000318589 0)
(0.199909 0.000426801 0)
(0.199859 0.000538385 0)
(0.199801 0.000654502 0)
(0.199734 0.000776244 0)
(0.199661 0.000904656 0)
(0.19958 0.00104075 0)
(0.199495 0.00118551 0)
(0.199404 0.00133989 0)
(0.199311 0.00150483 0)
(0.199217 0.00168117 0)
(0.199123 0.00186966 0)
(0.199032 0.00207084 0)
(0.198947 0.00228497 0)
(0.19887 0.00251185 0)
(0.198806 0.00275071 0)
(0.198757 0.00300004 0)
(0.198727 0.00325746 0)
(0.19872 0.00351961 0)
(0.198737 0.00378226 0)
(0.198781 0.00404043 0)
(0.19885 0.00428876 0)
(0.198947 0.00452181 0)
(0.199995 0.000112766 0)
(0.19998 0.000224483 0)
(0.199953 0.000336502 0)
(0.199916 0.000450486 0)
(0.199871 0.000567751 0)
(0.199817 0.00068944 0)
(0.199757 0.000816606 0)
(0.19969 0.000950224 0)
(0.199617 0.00109121 0)
(0.19954 0.00124039 0)
(0.19946 0.00139856 0)
(0.199377 0.0015664 0)
(0.199295 0.00174448 0)
(0.199214 0.0019332 0)
(0.199136 0.00213272 0)
(0.199065 0.00234289 0)
(0.199003 0.00256312 0)
(0.198953 0.00279228 0)
(0.198917 0.00302863 0)
(0.198898 0.00326975 0)
(0.198898 0.00351251 0)
(0.19892 0.00375323 0)
(0.198963 0.00398779 0)
(0.199027 0.00421197 0)
(0.199113 0.0044216 0)
(0.199996 0.000119642 0)
(0.199982 0.000238116 0)
(0.199958 0.000356733 0)
(0.199925 0.000477167 0)
(0.199885 0.000600729 0)
(0.199838 0.00072853 0)
(0.199784 0.000861558 0)
(0.199726 0.0010007 0)
(0.199662 0.00114672 0)
(0.199596 0.0013003 0)
(0.199527 0.001462 0)
(0.199457 0.00163223 0)
(0.199387 0.00181125 0)
(0.19932 0.00199912 0)
(0.199257 0.00219562 0)
(0.1992 0.00240022 0)
(0.199152 0.00261202 0)
(0.199115 0.00282965 0)
(0.19909 0.00305128 0)
(0.19908 0.00327461 0)
(0.199086 0.0034969 0)
(0.199109 0.0037151 0)
(0.199149 0.00392598 0)
(0.199206 0.00412639 0)
(0.199279 0.00431329 0)
(0.199996 0.000126413 0)
(0.199985 0.00025152 0)
(0.199964 0.000376595 0)
(0.199936 0.000503313 0)
(0.199901 0.000632968 0)
(0.199861 0.000766623 0)
(0.199816 0.000905191 0)
(0.199766 0.00104945 0)
(0.199713 0.00120002 0)
(0.199657 0.00135741 0)
(0.1996 0.00152194 0)
(0.199542 0.00169378 0)
(0.199486 0.0018729 0)
(0.199432 0.00205905 0)
(0.199383 0.00225172 0)
(0.199339 0.00245011 0)
(0.199304 0.0026531 0)
(0.199277 0.00285923 0)
(0.199262 0.00306671 0)
(0.199258 0.00327345 0)
(0.199267 0.00347712 0)
(0.19929 0.00367526 0)
(0.199325 0.00386542 0)
(0.199373 0.00404526 0)
(0.199434 0.0042126 0)
(0.199997 0.000132808 0)
(0.199987 0.00026417 0)
(0.19997 0.000395319 0)
(0.199948 0.000527917 0)
(0.199919 0.000663226 0)
(0.199887 0.000802252 0)
(0.19985 0.000945821 0)
(0.19981 0.00109459 0)
(0.199767 0.00124905 0)
(0.199723 0.00140951 0)
(0.199678 0.00157609 0)
(0.199633 0.00174874 0)
(0.19959 0.00192717 0)
(0.199549 0.0021109 0)
(0.199512 0.00229919 0)
(0.199481 0.00249108 0)
(0.199455 0.00268534 0)
(0.199438 0.00288051 0)
(0.199429 0.00307492 0)
(0.199429 0.00326675 0)
(0.199439 0.00345407 0)
(0.199459 0.00363495 0)
(0.199489 0.00380752 0)
(0.199528 0.00397012 0)
(0.199575 0.00412118 0)
(0.199998 0.000138468 0)
(0.19999 0.000275359 0)
(0.199978 0.000411863 0)
(0.199961 0.000549619 0)
(0.19994 0.00068985 0)
(0.199915 0.000833503 0)
(0.199888 0.000981319 0)
(0.199858 0.00113385 0)
(0.199827 0.00129144 0)
(0.199795 0.00145424 0)
(0.199762 0.00162221 0)
(0.19973 0.00179509 0)
(0.199699 0.00197242 0)
(0.19967 0.00215352 0)
(0.199645 0.00233754 0)
(0.199623 0.00252339 0)
(0.199607 0.00270984 0)
(0.199596 0.00289547 0)
(0.199591 0.00307877 0)
(0.199593 0.00325818 0)
(0.199602 0.0034321 0)
(0.199618 0.00359902 0)
(0.19964 0.00375755 0)
(0.199669 0.00390646 0)
(0.199703 0.00404466 0)
(0.199999 0.000142912 0)
(0.199994 0.00028415 0)
(0.199986 0.000424857 0)
(0.199975 0.00056664 0)
(0.199962 0.000710683 0)
(0.199947 0.000857875 0)
(0.19993 0.00100889 0)
(0.199911 0.00116417 0)
(0.199892 0.00132397 0)
(0.199872 0.00148831 0)
(0.199851 0.001657 0)
(0.199832 0.00182966 0)
(0.199813 0.0020057 0)
(0.199796 0.00218433 0)
(0.19978 0.0023646 0)
(0.199768 0.00254541 0)
(0.199758 0.00272552 0)
(0.199752 0.00290361 0)
(0.19975 0.00307832 0)
(0.199752 0.00324829 0)
(0.199758 0.00341218 0)
(0.199768 0.0035688 0)
(0.199781 0.00371705 0)
(0.199799 0.00385604 0)
(0.19982 0.00398497 0)
(0.199999 0.000145503 0)
(0.199998 0.0002893 0)
(0.199995 0.000432507 0)
(0.199991 0.000576711 0)
(0.199986 0.000723067 0)
(0.199981 0.000872431 0)
(0.199975 0.00102543 0)
(0.199968 0.00118245 0)
(0.199961 0.00134368 0)
(0.199954 0.00150907 0)
(0.199946 0.00167835 0)
(0.199939 0.00185105 0)
(0.199931 0.0020265 0)
(0.199925 0.00220387 0)
(0.199919 0.00238216 0)
(0.199914 0.00256023 0)
(0.199909 0.00273688 0)
(0.199907 0.00291082 0)
(0.199905 0.00308078 0)
(0.199905 0.0032455 0)
(0.199906 0.00340379 0)
(0.199908 0.00355462 0)
(0.199912 0.00369705 0)
(0.199918 0.00383035 0)
(0.199924 0.00395387 0)
)
;

boundaryField
{
    top
    {
        type            zeroGradient;
    }
    inlet
    {
        type            fixedValue;
        value           uniform (0.2 0 0);
    }
    outlet
    {
        type            zeroGradient;
    }
    plate
    {
        type            fixedValue;
        value           uniform (0 0 0);
    }
    symmBound
    {
        type            zeroGradient;
    }
    frontAndBack
    {
        type            empty;
    }
}


// ************************************************************************* //
