/*--------------------------------*- C++ -*----------------------------------*\
| =========                 |                                                 |
| \\      /  F ield         | OpenFOAM: The Open Source CFD Toolbox           |
|  \\    /   O peration     | Version:  2.3.0                                 |
|   \\  /    A nd           | Web:      www.OpenFOAM.org                      |
|    \\/     M anipulation  |                                                 |
\*---------------------------------------------------------------------------*/
FoamFile
{
    version     2.0;
    format      ascii;
    class       volVectorField;
    location    "0.85";
    object      U_0;
}
// * * * * * * * * * * * * * * * * * * * * * * * * * * * * * * * * * * * * * //

dimensions      [0 1 -1 0 0 0 0];

internalField   nonuniform List<vector> 
2889
(
(0.17899 0.00424623 0)
(0.158127 0.00589663 0)
(0.13935 0.0061109 0)
(0.121216 0.00553825 0)
(0.103752 0.00474775 0)
(0.087683 0.00387837 0)
(0.0740097 0.0029395 0)
(0.063178 0.00194239 0)
(0.0550629 0.00105025 0)
(0.0491771 0.000422927 0)
(0.0449651 7.52957e-05 0)
(0.0419524 -7.41293e-05 0)
(0.0397526 -0.000108848 0)
(0.0380757 -8.79956e-05 0)
(0.0367122 -4.55167e-05 0)
(0.0355266 -1.47946e-06 0)
(0.0344421 3.37231e-05 0)
(0.0334222 5.7182e-05 0)
(0.0324535 7.01944e-05 0)
(0.0315337 7.55374e-05 0)
(0.0306637 7.59436e-05 0)
(0.0298443 7.35611e-05 0)
(0.0290751 6.9837e-05 0)
(0.0283539 6.56603e-05 0)
(0.0276779 6.15051e-05 0)
(0.0270434 5.76083e-05 0)
(0.0264469 5.40369e-05 0)
(0.0258846 5.08062e-05 0)
(0.0253536 4.78757e-05 0)
(0.0248505 4.52222e-05 0)
(0.0243731 4.27941e-05 0)
(0.0239188 4.05752e-05 0)
(0.0234861 3.85205e-05 0)
(0.0230729 3.66267e-05 0)
(0.0226781 3.4855e-05 0)
(0.0223 3.32129e-05 0)
(0.0219379 3.16644e-05 0)
(0.0215902 3.02258e-05 0)
(0.0212567 2.88607e-05 0)
(0.0209356 2.7593e-05 0)
(0.0206272 2.63833e-05 0)
(0.0203297 2.52625e-05 0)
(0.0200436 2.41867e-05 0)
(0.019767 2.3194e-05 0)
(0.0195007 2.22341e-05 0)
(0.0192429 2.13534e-05 0)
(0.0189943 2.04941e-05 0)
(0.0187531 1.97117e-05 0)
(0.0185205 1.89397e-05 0)
(0.0182944 1.82439e-05 0)
(0.0180762 1.75471e-05 0)
(0.0178635 1.69277e-05 0)
(0.0176583 1.6296e-05 0)
(0.0174578 1.57444e-05 0)
(0.0172646 1.51686e-05 0)
(0.0170751 1.46779e-05 0)
(0.0168927 1.41499e-05 0)
(0.0167132 1.37141e-05 0)
(0.0165407 1.32269e-05 0)
(0.0163703 1.28411e-05 0)
(0.0162069 1.23883e-05 0)
(0.0160447 1.20487e-05 0)
(0.0158897 1.16248e-05 0)
(0.0157351 1.13282e-05 0)
(0.0155879 1.09276e-05 0)
(0.0154401 1.06719e-05 0)
(0.0153002 1.02894e-05 0)
(0.0151585 1.00736e-05 0)
(0.0150256 9.70417e-06 0)
(0.0148894 9.52761e-06 0)
(0.0147629 9.16636e-06 0)
(0.0146316 9.02928e-06 0)
(0.0145113 8.67127e-06 0)
(0.0143845 8.57476e-06 0)
(0.0142701 8.2147e-06 0)
(0.014147 8.16083e-06 0)
(0.0140384 7.79292e-06 0)
(0.0139186 7.78507e-06 0)
(0.0138156 7.40289e-06 0)
(0.0136984 7.44568e-06 0)
(0.0136011 7.04198e-06 0)
(0.0134859 7.14148e-06 0)
(0.0133941 6.70809e-06 0)
(0.0132802 6.87237e-06 0)
(0.0131942 6.39923e-06 0)
(0.0130808 6.63899e-06 0)
(0.0130009 6.11395e-06 0)
(0.0128869 6.44318e-06 0)
(0.0128134 5.85103e-06 0)
(0.0126978 6.28822e-06 0)
(0.0126313 5.60972e-06 0)
(0.0125126 6.1801e-06 0)
(0.0124539 5.38875e-06 0)
(0.0123302 6.13008e-06 0)
(0.0122807 5.1847e-06 0)
(0.0121493 6.16074e-06 0)
(0.0121111 4.98997e-06 0)
(0.0119676 6.31327e-06 0)
(0.0119452 4.91611e-06 0)
(0.0117754 8.36659e-06 0)
(0.194768 0.00761769 0)
(0.192818 0.0107304 0)
(0.190189 0.0118642 0)
(0.186365 0.0117305 0)
(0.181023 0.0111053 0)
(0.174296 0.0102306 0)
(0.166761 0.00911139 0)
(0.158903 0.0077357 0)
(0.151107 0.00623753 0)
(0.143615 0.00482734 0)
(0.136564 0.00365248 0)
(0.130054 0.00275351 0)
(0.124132 0.00210098 0)
(0.118806 0.00165032 0)
(0.11404 0.00135161 0)
(0.109764 0.00115661 0)
(0.10591 0.00102563 0)
(0.102412 0.000931092 0)
(0.0992172 0.000856275 0)
(0.0962818 0.000792207 0)
(0.0935714 0.00073458 0)
(0.0910578 0.000681681 0)
(0.0887185 0.000632953 0)
(0.0865337 0.000588314 0)
(0.0844879 0.000547682 0)
(0.0825661 0.000510941 0)
(0.0807567 0.000477794 0)
(0.0790482 0.000447937 0)
(0.0774321 0.000420963 0)
(0.0758991 0.000396553 0)
(0.074443 0.000374333 0)
(0.0730565 0.00035406 0)
(0.071735 0.000335433 0)
(0.0704725 0.000318301 0)
(0.0692659 0.000302425 0)
(0.0681097 0.000287727 0)
(0.0670023 0.000274015 0)
(0.0659385 0.000261263 0)
(0.0649177 0.000249303 0)
(0.0639349 0.00023815 0)
(0.0629903 0.000227643 0)
(0.0620788 0.000217832 0)
(0.0612018 0.000208551 0)
(0.0603537 0.00019988 0)
(0.0595368 0.000191643 0)
(0.0587453 0.000183949 0)
(0.0579824 0.000176607 0)
(0.0572415 0.000169757 0)
(0.0565271 0.000163185 0)
(0.0558317 0.000157066 0)
(0.0551612 0.00015116 0)
(0.0545069 0.000145679 0)
(0.0538761 0.00014035 0)
(0.053259 0.000135427 0)
(0.0526645 0.0001306 0)
(0.0520811 0.000126171 0)
(0.0515198 0.000121781 0)
(0.050967 0.000117789 0)
(0.0504362 0.000113779 0)
(0.0499112 0.000110178 0)
(0.0494085 0.000106501 0)
(0.0489088 0.00010325 0)
(0.0484322 9.98633e-05 0)
(0.0479555 9.69308e-05 0)
(0.0475032 9.37956e-05 0)
(0.0470475 9.11533e-05 0)
(0.0466178 8.82359e-05 0)
(0.0461811 8.58618e-05 0)
(0.0457729 8.31311e-05 0)
(0.0453532 8.10075e-05 0)
(0.0449653 7.84349e-05 0)
(0.044561 7.65482e-05 0)
(0.0441925 7.41072e-05 0)
(0.0438019 7.24478e-05 0)
(0.043452 7.0113e-05 0)
(0.0430733 6.86757e-05 0)
(0.0427417 6.64216e-05 0)
(0.0423732 6.52064e-05 0)
(0.0420595 6.30077e-05 0)
(0.0416993 6.20192e-05 0)
(0.0414036 5.98499e-05 0)
(0.0410497 5.90976e-05 0)
(0.0407721 5.69309e-05 0)
(0.0404225 5.6431e-05 0)
(0.0401636 5.42367e-05 0)
(0.0398158 5.40135e-05 0)
(0.0395765 5.1758e-05 0)
(0.0392275 5.18451e-05 0)
(0.0390092 4.94901e-05 0)
(0.0386557 4.99335e-05 0)
(0.0384603 4.74345e-05 0)
(0.0380979 4.82966e-05 0)
(0.0379283 4.56e-05 0)
(0.0375515 4.69703e-05 0)
(0.0374118 4.4006e-05 0)
(0.0370128 4.60192e-05 0)
(0.0369095 4.27068e-05 0)
(0.0364763 4.56197e-05 0)
(0.0364215 4.1988e-05 0)
(0.0359303 5.02015e-05 0)
(0.195784 0.00731778 0)
(0.19609 0.00990513 0)
(0.197021 0.0115316 0)
(0.198065 0.0120764 0)
(0.198564 0.0119937 0)
(0.198164 0.0115731 0)
(0.196841 0.0108652 0)
(0.194711 0.0098875 0)
(0.191926 0.0087346 0)
(0.188649 0.00756374 0)
(0.185025 0.00650832 0)
(0.181202 0.00562966 0)
(0.177298 0.00492212 0)
(0.173411 0.00435932 0)
(0.169597 0.00390915 0)
(0.165877 0.00354187 0)
(0.162261 0.0032337 0)
(0.158753 0.00296783 0)
(0.155355 0.00273332 0)
(0.152066 0.00252342 0)
(0.148889 0.00233397 0)
(0.145822 0.00216238 0)
(0.142867 0.00200681 0)
(0.140021 0.00186593 0)
(0.137284 0.00173845 0)
(0.134653 0.00162323 0)
(0.132126 0.00151901 0)
(0.129697 0.00142469 0)
(0.127365 0.00133911 0)
(0.125124 0.00126131 0)
(0.122971 0.00119032 0)
(0.1209 0.00112541 0)
(0.118909 0.00106578 0)
(0.116991 0.00101091 0)
(0.115146 0.000960188 0)
(0.113366 0.00091325 0)
(0.111652 0.000869603 0)
(0.109996 0.000829026 0)
(0.108399 0.000791107 0)
(0.106855 0.000755725 0)
(0.105364 0.000722522 0)
(0.10392 0.000691456 0)
(0.102525 0.000662193 0)
(0.101172 0.000634757 0)
(0.0998639 0.000608823 0)
(0.098592 0.00058447 0)
(0.0973635 0.000561373 0)
(0.0961661 0.000539664 0)
(0.0950096 0.000519002 0)
(0.0938799 0.000499573 0)
(0.0927894 0.000481012 0)
(0.0917216 0.000463563 0)
(0.0906917 0.000446827 0)
(0.0896803 0.000431107 0)
(0.0887061 0.000415962 0)
(0.0877464 0.000401761 0)
(0.0868237 0.000388008 0)
(0.0859112 0.000375148 0)
(0.0850363 0.000362618 0)
(0.0841671 0.000350947 0)
(0.0833367 0.000339494 0)
(0.082507 0.000328884 0)
(0.0817181 0.000318382 0)
(0.0809246 0.000308722 0)
(0.0801747 0.00029906 0)
(0.0794142 0.000290256 0)
(0.0787011 0.000281337 0)
(0.0779707 0.000273308 0)
(0.0772925 0.000265045 0)
(0.0765892 0.000257726 0)
(0.0759444 0.000250042 0)
(0.0752655 0.000243374 0)
(0.0746528 0.000236202 0)
(0.0739955 0.000230138 0)
(0.0734141 0.000223414 0)
(0.0727757 0.000217917 0)
(0.072225 0.000211584 0)
(0.0716026 0.000206627 0)
(0.0710824 0.000200633 0)
(0.070473 0.000196197 0)
(0.0699835 0.000190492 0)
(0.0693839 0.000186568 0)
(0.0689257 0.000181107 0)
(0.0683324 0.000177696 0)
(0.0679067 0.000172435 0)
(0.0673156 0.000169551 0)
(0.0669242 0.000164448 0)
(0.0663304 0.000162116 0)
(0.0659759 0.000157132 0)
(0.0653739 0.000155392 0)
(0.0650598 0.000150495 0)
(0.0644426 0.000149403 0)
(0.0641739 0.000144574 0)
(0.0635326 0.000144205 0)
(0.0633161 0.000139445 0)
(0.0626389 0.000139921 0)
(0.0624844 0.000135253 0)
(0.061755 0.000137032 0)
(0.0616763 0.000132538 0)
(0.060873 0.000141254 0)
(0.196737 0.00688132 0)
(0.197039 0.00873096 0)
(0.198001 0.0102552 0)
(0.199531 0.0110439 0)
(0.201158 0.011221 0)
(0.202482 0.0110247 0)
(0.203325 0.0105704 0)
(0.203653 0.00990508 0)
(0.203481 0.00908958 0)
(0.202851 0.00822256 0)
(0.201827 0.00740509 0)
(0.200491 0.00669875 0)
(0.19893 0.00611774 0)
(0.19722 0.00564383 0)
(0.195411 0.00525146 0)
(0.19353 0.00491858 0)
(0.191591 0.00462841 0)
(0.189601 0.00436904 0)
(0.187569 0.0041323 0)
(0.185498 0.00391295 0)
(0.183397 0.00370775 0)
(0.181272 0.00351487 0)
(0.179131 0.00333323 0)
(0.176981 0.00316226 0)
(0.17483 0.00300147 0)
(0.172682 0.00285049 0)
(0.170547 0.00270879 0)
(0.168425 0.00257591 0)
(0.166325 0.00245126 0)
(0.164247 0.00233437 0)
(0.162197 0.00222463 0)
(0.160175 0.00212162 0)
(0.158188 0.00202478 0)
(0.15623 0.00193377 0)
(0.154311 0.00184808 0)
(0.152424 0.00176743 0)
(0.150577 0.00169137 0)
(0.148763 0.00161969 0)
(0.146991 0.00155198 0)
(0.14525 0.00148808 0)
(0.143553 0.00142763 0)
(0.141886 0.00137052 0)
(0.140261 0.00131641 0)
(0.138666 0.00126522 0)
(0.137114 0.00121664 0)
(0.135588 0.00117064 0)
(0.134104 0.0011269 0)
(0.132645 0.00108546 0)
(0.131228 0.00104598 0)
(0.129831 0.00100853 0)
(0.128478 0.000972793 0)
(0.127141 0.000938876 0)
(0.125849 0.000906446 0)
(0.124569 0.000875651 0)
(0.123334 0.000846145 0)
(0.122107 0.000818121 0)
(0.120927 0.00079121 0)
(0.11975 0.000765652 0)
(0.118623 0.000741049 0)
(0.117492 0.000717691 0)
(0.116414 0.000695147 0)
(0.115327 0.000673758 0)
(0.114297 0.000653055 0)
(0.113249 0.000633432 0)
(0.112266 0.000614377 0)
(0.111255 0.000596345 0)
(0.110315 0.00057877 0)
(0.109339 0.000562175 0)
(0.108441 0.000545929 0)
(0.107496 0.000530636 0)
(0.106639 0.000515589 0)
(0.105722 0.00050148 0)
(0.104906 0.000487516 0)
(0.104013 0.000474488 0)
(0.103238 0.000461506 0)
(0.102366 0.000449471 0)
(0.101631 0.00043738 0)
(0.100777 0.000426264 0)
(0.100082 0.000414985 0)
(0.0992424 0.000404725 0)
(0.0985887 0.000394192 0)
(0.097759 0.000384738 0)
(0.097148 0.000374896 0)
(0.0963235 0.000366209 0)
(0.0957572 0.000357014 0)
(0.0949327 0.000349068 0)
(0.0944141 0.000340487 0)
(0.0935834 0.000333269 0)
(0.0931163 0.00032529 0)
(0.0922719 0.000318798 0)
(0.0918615 0.000311431 0)
(0.0909947 0.000305678 0)
(0.0906475 0.000298965 0)
(0.0897473 0.000294006 0)
(0.0894717 0.000287994 0)
(0.0885246 0.000284027 0)
(0.0883315 0.000278689 0)
(0.0873208 0.000276562 0)
(0.0872225 0.000271935 0)
(0.0861299 0.000276991 0)
(0.197465 0.00655855 0)
(0.197768 0.0079708 0)
(0.198534 0.0092753 0)
(0.199815 0.0101123 0)
(0.201353 0.0104127 0)
(0.202827 0.0103223 0)
(0.204048 0.00998199 0)
(0.204955 0.00947202 0)
(0.205546 0.00884672 0)
(0.205835 0.00816977 0)
(0.20585 0.00751233 0)
(0.205631 0.00692805 0)
(0.205237 0.00643865 0)
(0.204717 0.00603709 0)
(0.20411 0.00570484 0)
(0.203434 0.00542383 0)
(0.202701 0.00517991 0)
(0.201909 0.00496273 0)
(0.20106 0.00476486 0)
(0.200152 0.00458119 0)
(0.199187 0.0044083 0)
(0.198165 0.00424411 0)
(0.197092 0.00408737 0)
(0.195966 0.00393738 0)
(0.194795 0.0037937 0)
(0.19358 0.00365606 0)
(0.192328 0.00352417 0)
(0.191038 0.00339777 0)
(0.189721 0.00327659 0)
(0.188373 0.00316037 0)
(0.187005 0.00304885 0)
(0.185612 0.00294179 0)
(0.184207 0.00283898 0)
(0.182783 0.00274021 0)
(0.181354 0.00264529 0)
(0.17991 0.00255407 0)
(0.178467 0.00246637 0)
(0.177014 0.00238207 0)
(0.175569 0.00230103 0)
(0.174115 0.00222312 0)
(0.172675 0.00214824 0)
(0.171229 0.00207625 0)
(0.1698 0.00200709 0)
(0.168368 0.0019406 0)
(0.166958 0.00187673 0)
(0.165544 0.00181534 0)
(0.164158 0.00175638 0)
(0.162767 0.00169969 0)
(0.161407 0.00164528 0)
(0.160042 0.00159293 0)
(0.158713 0.00154269 0)
(0.157375 0.00149434 0)
(0.156078 0.00144796 0)
(0.154771 0.00140328 0)
(0.153508 0.00136043 0)
(0.15223 0.00131912 0)
(0.151003 0.00127953 0)
(0.149755 0.00124129 0)
(0.148565 0.00120468 0)
(0.147347 0.00116926 0)
(0.146194 0.00113539 0)
(0.145005 0.00110254 0)
(0.143889 0.00107117 0)
(0.142729 0.00104068 0)
(0.141651 0.00101161 0)
(0.140517 0.000983256 0)
(0.139478 0.000956309 0)
(0.13837 0.000929906 0)
(0.137368 0.000904905 0)
(0.136283 0.000880283 0)
(0.135322 0.00085708 0)
(0.134258 0.000834079 0)
(0.133335 0.000812539 0)
(0.13229 0.000791014 0)
(0.131409 0.000771022 0)
(0.130379 0.000750842 0)
(0.129539 0.000732296 0)
(0.128521 0.000713343 0)
(0.127726 0.000696158 0)
(0.126716 0.000678325 0)
(0.125966 0.000662437 0)
(0.124961 0.000645627 0)
(0.124259 0.000630986 0)
(0.123254 0.000615116 0)
(0.122603 0.000601694 0)
(0.121591 0.00058669 0)
(0.120996 0.00057448 0)
(0.119971 0.000560284 0)
(0.119437 0.000549303 0)
(0.118391 0.000535879 0)
(0.117924 0.00052617 0)
(0.116847 0.000513519 0)
(0.116454 0.000505137 0)
(0.115336 0.000493362 0)
(0.115026 0.000486319 0)
(0.113853 0.000475782 0)
(0.113638 0.000469971 0)
(0.112394 0.000461788 0)
(0.112284 0.000457391 0)
(0.110954 0.000455804 0)
(0.198061 0.00629003 0)
(0.198366 0.00744091 0)
(0.199008 0.00853753 0)
(0.200046 0.00933757 0)
(0.201344 0.00970839 0)
(0.202669 0.00970489 0)
(0.203842 0.00945001 0)
(0.204789 0.00903937 0)
(0.205501 0.00853249 0)
(0.205994 0.00797731 0)
(0.206291 0.00742447 0)
(0.206422 0.00691826 0)
(0.206427 0.00648301 0)
(0.206344 0.00612069 0)
(0.206207 0.0058201 0)
(0.206032 0.00556694 0)
(0.20583 0.00534884 0)
(0.205597 0.00515644 0)
(0.205337 0.00498301 0)
(0.20504 0.00482368 0)
(0.204711 0.00467517 0)
(0.204342 0.00453519 0)
(0.203938 0.0044023 0)
(0.203493 0.0042755 0)
(0.203013 0.00415419 0)
(0.202491 0.00403783 0)
(0.201937 0.0039261 0)
(0.201341 0.00381856 0)
(0.200716 0.00371497 0)
(0.200051 0.00361491 0)
(0.199359 0.00351824 0)
(0.198629 0.00342456 0)
(0.197876 0.00333381 0)
(0.197085 0.00324563 0)
(0.196276 0.00316005 0)
(0.195431 0.0030767 0)
(0.194572 0.00299573 0)
(0.193678 0.00291676 0)
(0.192775 0.00284001 0)
(0.191839 0.00276509 0)
(0.190899 0.00269229 0)
(0.189926 0.00262119 0)
(0.188954 0.00255216 0)
(0.18795 0.00248469 0)
(0.186954 0.00241927 0)
(0.185924 0.00235531 0)
(0.184909 0.00229337 0)
(0.183859 0.00223276 0)
(0.182829 0.00217418 0)
(0.181764 0.00211681 0)
(0.180726 0.00206147 0)
(0.179649 0.0020072 0)
(0.178607 0.00195498 0)
(0.177523 0.00190368 0)
(0.176481 0.00185445 0)
(0.175392 0.00180598 0)
(0.174356 0.00175963 0)
(0.173265 0.00171386 0)
(0.172237 0.00167026 0)
(0.171147 0.00162703 0)
(0.17013 0.00158605 0)
(0.169042 0.00154522 0)
(0.16804 0.00150675 0)
(0.166956 0.00146817 0)
(0.165971 0.00143207 0)
(0.164891 0.0013956 0)
(0.163927 0.00136177 0)
(0.162851 0.00132725 0)
(0.16191 0.00129559 0)
(0.160838 0.00126289 0)
(0.159923 0.00123327 0)
(0.158855 0.00120225 0)
(0.157968 0.00117461 0)
(0.156902 0.00114511 0)
(0.156047 0.00111936 0)
(0.154981 0.00109127 0)
(0.15416 0.00106734 0)
(0.153093 0.00104053 0)
(0.152309 0.00101837 0)
(0.151237 0.000992716 0)
(0.150494 0.000972293 0)
(0.149414 0.000947677 0)
(0.148716 0.000928975 0)
(0.147624 0.000905295 0)
(0.146976 0.000888315 0)
(0.145866 0.000865483 0)
(0.145273 0.000850246 0)
(0.144139 0.000828194 0)
(0.143607 0.000814739 0)
(0.142443 0.000793438 0)
(0.141977 0.000781815 0)
(0.140774 0.00076131 0)
(0.140384 0.000751558 0)
(0.139133 0.000732038 0)
(0.138826 0.000724142 0)
(0.137514 0.000706092 0)
(0.137301 0.000699983 0)
(0.135916 0.000684577 0)
(0.135807 0.000680649 0)
(0.134335 0.000670923 0)
(0.198583 0.00604313 0)
(0.198882 0.0070099 0)
(0.199434 0.00793108 0)
(0.200287 0.00865142 0)
(0.201368 0.00904846 0)
(0.202515 0.00911927 0)
(0.203576 0.00894689 0)
(0.204464 0.00862118 0)
(0.20516 0.00820586 0)
(0.205673 0.00774458 0)
(0.206029 0.00727564 0)
(0.20625 0.00683348 0)
(0.206372 0.00644162 0)
(0.206422 0.00610761 0)
(0.206432 0.00582677 0)
(0.206416 0.00558877 0)
(0.206388 0.0053834 0)
(0.206346 0.00520231 0)
(0.206296 0.00503967 0)
(0.206228 0.00489111 0)
(0.206149 0.00475386 0)
(0.206047 0.00462563 0)
(0.205934 0.00450514 0)
(0.205795 0.00439111 0)
(0.205643 0.00428301 0)
(0.205463 0.00417995 0)
(0.205271 0.00408174 0)
(0.205049 0.00398761 0)
(0.204815 0.00389749 0)
(0.20455 0.00381065 0)
(0.204273 0.00372715 0)
(0.203963 0.00364623 0)
(0.203643 0.00356812 0)
(0.203288 0.00349204 0)
(0.202925 0.00341837 0)
(0.202525 0.00334629 0)
(0.20212 0.00327633 0)
(0.201675 0.00320763 0)
(0.201228 0.00314089 0)
(0.200739 0.00307513 0)
(0.200252 0.00301124 0)
(0.199721 0.00294812 0)
(0.199196 0.00288684 0)
(0.198624 0.00282615 0)
(0.198064 0.00276731 0)
(0.197453 0.00270889 0)
(0.196859 0.00265238 0)
(0.196212 0.00259612 0)
(0.195589 0.00254185 0)
(0.194907 0.00248766 0)
(0.194257 0.00243558 0)
(0.193543 0.00238339 0)
(0.19287 0.00233344 0)
(0.192127 0.00228318 0)
(0.191433 0.00223534 0)
(0.190663 0.00218696 0)
(0.189953 0.00214119 0)
(0.189157 0.00209463 0)
(0.188434 0.00205091 0)
(0.187615 0.0020061 0)
(0.186883 0.0019644 0)
(0.186043 0.00192127 0)
(0.185304 0.00188156 0)
(0.184444 0.00184005 0)
(0.183704 0.00180231 0)
(0.182825 0.00176234 0)
(0.182086 0.00172654 0)
(0.181189 0.00168802 0)
(0.180455 0.00165413 0)
(0.179542 0.00161698 0)
(0.178816 0.00158499 0)
(0.177885 0.00154912 0)
(0.177172 0.00151901 0)
(0.176224 0.00148432 0)
(0.175527 0.00145608 0)
(0.174561 0.00142247 0)
(0.173884 0.00139609 0)
(0.172899 0.00136346 0)
(0.172247 0.00133895 0)
(0.17124 0.00130721 0)
(0.170617 0.00128458 0)
(0.169587 0.00125365 0)
(0.168998 0.00123293 0)
(0.167941 0.00120271 0)
(0.167391 0.00118395 0)
(0.166304 0.00115438 0)
(0.165798 0.00113762 0)
(0.164677 0.00110869 0)
(0.164222 0.00109398 0)
(0.16306 0.0010657 0)
(0.162662 0.00105311 0)
(0.161454 0.00102559 0)
(0.16112 0.00101515 0)
(0.159858 0.000988671 0)
(0.159597 0.000980404 0)
(0.158272 0.000955501 0)
(0.158091 0.000949464 0)
(0.156695 0.000927277 0)
(0.156602 0.000923996 0)
(0.155124 0.000906533 0)
(0.199037 0.00580748 0)
(0.199324 0.00663022 0)
(0.199807 0.00740801 0)
(0.200519 0.00804009 0)
(0.201423 0.0084324 0)
(0.202405 0.00855757 0)
(0.203348 0.00846048 0)
(0.204164 0.0082127 0)
(0.204823 0.00787585 0)
(0.205324 0.00749302 0)
(0.20569 0.00709662 0)
(0.205939 0.00671342 0)
(0.206103 0.00636389 0)
(0.206199 0.00605785 0)
(0.206259 0.0057954 0)
(0.206292 0.00556995 0)
(0.206317 0.00537383 0)
(0.20633 0.00519978 0)
(0.206342 0.00504302 0)
(0.20634 0.00489963 0)
(0.206339 0.00476752 0)
(0.206322 0.00464445 0)
(0.206304 0.00452955 0)
(0.20627 0.00442126 0)
(0.206236 0.00431933 0)
(0.206182 0.00422249 0)
(0.206131 0.00413088 0)
(0.206058 0.00404332 0)
(0.205988 0.00396015 0)
(0.205894 0.00388018 0)
(0.205805 0.00380394 0)
(0.205689 0.00373015 0)
(0.205579 0.00365957 0)
(0.205439 0.00359081 0)
(0.205308 0.00352487 0)
(0.205143 0.00346023 0)
(0.204988 0.00339812 0)
(0.204796 0.00333688 0)
(0.204618 0.003278 0)
(0.204398 0.00321962 0)
(0.204195 0.00316352 0)
(0.203946 0.0031076 0)
(0.203718 0.00305394 0)
(0.203438 0.00300016 0)
(0.203185 0.00294868 0)
(0.202875 0.0028968 0)
(0.202597 0.00284732 0)
(0.202255 0.00279715 0)
(0.201952 0.00274953 0)
(0.201579 0.00270092 0)
(0.201253 0.00265504 0)
(0.200847 0.00260787 0)
(0.200498 0.00256365 0)
(0.200061 0.0025178 0)
(0.19969 0.00247519 0)
(0.199222 0.0024306 0)
(0.198831 0.00238955 0)
(0.198332 0.00234614 0)
(0.197923 0.00230663 0)
(0.197392 0.00226433 0)
(0.196967 0.00222636 0)
(0.196406 0.00218509 0)
(0.195967 0.00214865 0)
(0.195376 0.00210836 0)
(0.194925 0.00207344 0)
(0.194304 0.00203407 0)
(0.193844 0.00200068 0)
(0.193193 0.00196216 0)
(0.192728 0.00193031 0)
(0.192047 0.00189259 0)
(0.191579 0.00186231 0)
(0.190868 0.00182532 0)
(0.1904 0.00179663 0)
(0.189659 0.0017603 0)
(0.189195 0.00173323 0)
(0.188422 0.00169749 0)
(0.187966 0.00167208 0)
(0.187161 0.00163687 0)
(0.186717 0.00161316 0)
(0.185879 0.00157841 0)
(0.18545 0.00155645 0)
(0.184577 0.00152211 0)
(0.184167 0.00150197 0)
(0.183258 0.00146801 0)
(0.182873 0.00144973 0)
(0.181924 0.00141615 0)
(0.181569 0.00139981 0)
(0.180578 0.00136663 0)
(0.180257 0.00135229 0)
(0.17922 0.00131962 0)
(0.178939 0.00130732 0)
(0.177853 0.00127535 0)
(0.177617 0.00126517 0)
(0.176476 0.00123422 0)
(0.176292 0.00122626 0)
(0.175092 0.00119689 0)
(0.174964 0.00119134 0)
(0.173699 0.00116465 0)
(0.173634 0.00116206 0)
(0.172298 0.00113929 0)
(0.199424 0.00557908 0)
(0.199696 0.00628481 0)
(0.200122 0.00694777 0)
(0.200725 0.00749933 0)
(0.201486 0.0078712 0)
(0.202326 0.00803095 0)
(0.203157 0.00799717 0)
(0.203898 0.00781997 0)
(0.204517 0.00755305 0)
(0.205 0.00723798 0)
(0.205366 0.00690486 0)
(0.205627 0.00657572 0)
(0.205813 0.00626781 0)
(0.205935 0.00599087 0)
(0.206022 0.005748 0)
(0.206078 0.00553568 0)
(0.206125 0.00534889 0)
(0.206156 0.00518157 0)
(0.206188 0.00503008 0)
(0.206206 0.00489077 0)
(0.206227 0.00476231 0)
(0.206233 0.00464242 0)
(0.206244 0.00453077 0)
(0.206238 0.00442547 0)
(0.20624 0.00432673 0)
(0.206224 0.00423282 0)
(0.206217 0.00414436 0)
(0.206191 0.00405966 0)
(0.206176 0.00397966 0)
(0.20614 0.00390257 0)
(0.206118 0.00382961 0)
(0.206071 0.00375883 0)
(0.206041 0.00369171 0)
(0.205983 0.00362614 0)
(0.205946 0.00356391 0)
(0.205876 0.00350266 0)
(0.20583 0.00344453 0)
(0.205746 0.00338689 0)
(0.205691 0.00333226 0)
(0.205593 0.00327768 0)
(0.205528 0.00322606 0)
(0.205415 0.00317411 0)
(0.205338 0.00312515 0)
(0.205208 0.00307546 0)
(0.20512 0.00302888 0)
(0.204972 0.00298117 0)
(0.204871 0.00293672 0)
(0.204703 0.00289075 0)
(0.20459 0.00284825 0)
(0.204401 0.00280383 0)
(0.204276 0.00276311 0)
(0.204065 0.00272005 0)
(0.203926 0.002681 0)
(0.203691 0.00263915 0)
(0.203539 0.00260167 0)
(0.20328 0.00256088 0)
(0.203115 0.0025249 0)
(0.202831 0.00248507 0)
(0.202654 0.00245052 0)
(0.202343 0.00241154 0)
(0.202154 0.00237838 0)
(0.201816 0.00234017 0)
(0.201616 0.00230836 0)
(0.20125 0.00227081 0)
(0.201039 0.00224034 0)
(0.200644 0.00220336 0)
(0.200425 0.00217422 0)
(0.2 0.00213774 0)
(0.199773 0.00210993 0)
(0.199317 0.00207387 0)
(0.199085 0.0020474 0)
(0.198597 0.0020117 0)
(0.198361 0.00198659 0)
(0.197841 0.00195119 0)
(0.197604 0.00192747 0)
(0.19705 0.00189229 0)
(0.196813 0.00186999 0)
(0.196225 0.001835 0)
(0.195991 0.00181415 0)
(0.195367 0.0017793 0)
(0.195139 0.00175995 0)
(0.194478 0.00172524 0)
(0.194258 0.00170743 0)
(0.193559 0.00167285 0)
(0.193351 0.00165665 0)
(0.192611 0.00162224 0)
(0.192418 0.0016077 0)
(0.191637 0.00157356 0)
(0.191462 0.00156071 0)
(0.190637 0.001527 0)
(0.190484 0.0015159 0)
(0.189612 0.00148285 0)
(0.189484 0.00147362 0)
(0.188564 0.00144157 0)
(0.188464 0.00143438 0)
(0.187494 0.00140393 0)
(0.187425 0.00139902 0)
(0.186402 0.00137122 0)
(0.186368 0.00136913 0)
(0.185289 0.00134471 0)
(0.199749 0.00535732 0)
(0.200005 0.00596745 0)
(0.200382 0.00653894 0)
(0.200899 0.00702194 0)
(0.201546 0.00736743 0)
(0.202264 0.00754579 0)
(0.202992 0.00756125 0)
(0.20366 0.00744533 0)
(0.204236 0.00724087 0)
(0.204697 0.00698541 0)
(0.205059 0.00670777 0)
(0.205326 0.0064274 0)
(0.205528 0.00615921 0)
(0.205667 0.00591177 0)
(0.205774 0.00568979 0)
(0.205846 0.00549182 0)
(0.205909 0.00531539 0)
(0.205951 0.00515561 0)
(0.205994 0.00501009 0)
(0.206021 0.00487533 0)
(0.206052 0.00475079 0)
(0.206065 0.00463402 0)
(0.206087 0.00452532 0)
(0.206089 0.00442244 0)
(0.206103 0.00432615 0)
(0.206096 0.0042342 0)
(0.206103 0.00414781 0)
(0.206089 0.0040647 0)
(0.206092 0.00398648 0)
(0.206071 0.00391072 0)
(0.20607 0.00383938 0)
(0.206044 0.00376979 0)
(0.20604 0.00370426 0)
(0.206007 0.00363984 0)
(0.206001 0.00357924 0)
(0.205962 0.00351917 0)
(0.205954 0.00346277 0)
(0.205909 0.00340639 0)
(0.205898 0.00335364 0)
(0.205846 0.00330042 0)
(0.205833 0.00325087 0)
(0.205773 0.00320041 0)
(0.205758 0.0031537 0)
(0.20569 0.00310565 0)
(0.205671 0.00306151 0)
(0.205593 0.00301558 0)
(0.205572 0.00297378 0)
(0.205484 0.00292972 0)
(0.205459 0.00289007 0)
(0.205359 0.00284768 0)
(0.20533 0.00281 0)
(0.205217 0.00276908 0)
(0.205184 0.00273325 0)
(0.205058 0.00269362 0)
(0.20502 0.00265951 0)
(0.204878 0.00262102 0)
(0.204837 0.00258853 0)
(0.204678 0.00255104 0)
(0.204632 0.00252009 0)
(0.204455 0.00248347 0)
(0.204404 0.00245399 0)
(0.204209 0.00241814 0)
(0.204153 0.00239006 0)
(0.203938 0.00235485 0)
(0.203877 0.00232814 0)
(0.20364 0.00229345 0)
(0.203575 0.00226806 0)
(0.203316 0.00223381 0)
(0.203247 0.0022097 0)
(0.202963 0.0021758 0)
(0.202891 0.00215296 0)
(0.202583 0.00211934 0)
(0.202508 0.00209777 0)
(0.202173 0.00206434 0)
(0.202096 0.00204404 0)
(0.201734 0.00201075 0)
(0.201656 0.0019917 0)
(0.201265 0.00195852 0)
(0.201188 0.00194073 0)
(0.200767 0.00190763 0)
(0.20069 0.00189111 0)
(0.200238 0.00185808 0)
(0.200164 0.00184284 0)
(0.19968 0.00180992 0)
(0.19961 0.001796 0)
(0.199092 0.00176325 0)
(0.199027 0.00175067 0)
(0.198476 0.00171822 0)
(0.198416 0.00170699 0)
(0.19783 0.00167503 0)
(0.197778 0.00166521 0)
(0.197155 0.00163399 0)
(0.197113 0.00162572 0)
(0.196453 0.00159556 0)
(0.19642 0.00158906 0)
(0.195722 0.00156059 0)
(0.1957 0.00155613 0)
(0.194963 0.00153029 0)
(0.194953 0.00152839 0)
(0.194178 0.00150564 0)
(0.200019 0.00514304 0)
(0.200258 0.00567528 0)
(0.200593 0.00617316 0)
(0.201039 0.00659901 0)
(0.201593 0.00691715 0)
(0.202209 0.00710289 0)
(0.202846 0.00715399 0)
(0.203443 0.00708863 0)
(0.203974 0.00693882 0)
(0.20441 0.00673612 0)
(0.204765 0.00650752 0)
(0.205034 0.00627085 0)
(0.205245 0.00603972 0)
(0.205398 0.00582137 0)
(0.20552 0.00562112 0)
(0.205606 0.00543873 0)
(0.205681 0.00527384 0)
(0.205733 0.00512265 0)
(0.205785 0.00498405 0)
(0.205818 0.00485469 0)
(0.205856 0.00473478 0)
(0.205875 0.00462166 0)
(0.205903 0.00451628 0)
(0.20591 0.00441603 0)
(0.205929 0.00432226 0)
(0.205927 0.00423225 0)
(0.205939 0.00414781 0)
(0.20593 0.0040661 0)
(0.205938 0.00398939 0)
(0.205922 0.00391462 0)
(0.205928 0.00384447 0)
(0.205908 0.0037756 0)
(0.205911 0.00371107 0)
(0.205886 0.00364718 0)
(0.20589 0.00358746 0)
(0.20586 0.00352781 0)
(0.205863 0.00347224 0)
(0.20583 0.00341622 0)
(0.205833 0.00336429 0)
(0.205796 0.00331143 0)
(0.205799 0.00326273 0)
(0.205758 0.00321263 0)
(0.205762 0.00316685 0)
(0.205716 0.0031192 0)
(0.205721 0.00307607 0)
(0.20567 0.0030306 0)
(0.205676 0.00298992 0)
(0.205619 0.00294641 0)
(0.205626 0.00290799 0)
(0.205564 0.00286624 0)
(0.205571 0.00282993 0)
(0.205502 0.00278975 0)
(0.205509 0.00275542 0)
(0.205433 0.00271664 0)
(0.205441 0.00268416 0)
(0.205356 0.00264664 0)
(0.205365 0.0026159 0)
(0.205271 0.0025795 0)
(0.20528 0.00255042 0)
(0.205175 0.00251501 0)
(0.205185 0.00248751 0)
(0.205069 0.00245298 0)
(0.205078 0.00242698 0)
(0.204951 0.00239321 0)
(0.20496 0.00236866 0)
(0.204819 0.00233553 0)
(0.204828 0.00231235 0)
(0.204673 0.00227976 0)
(0.204682 0.00225789 0)
(0.204512 0.00222577 0)
(0.20452 0.00220517 0)
(0.204334 0.00217344 0)
(0.204342 0.00215409 0)
(0.204138 0.00212268 0)
(0.204146 0.00210453 0)
(0.203924 0.00207339 0)
(0.203931 0.00205642 0)
(0.20369 0.00202551 0)
(0.203697 0.00200968 0)
(0.203436 0.00197898 0)
(0.203443 0.00196426 0)
(0.203161 0.00193379 0)
(0.203168 0.00192017 0)
(0.202864 0.00188996 0)
(0.20287 0.00187744 0)
(0.202544 0.00184758 0)
(0.20255 0.00183615 0)
(0.2022 0.00180677 0)
(0.202207 0.00179645 0)
(0.201833 0.00176774 0)
(0.20184 0.00175858 0)
(0.201442 0.00173077 0)
(0.201448 0.00172293 0)
(0.201025 0.00169633 0)
(0.201031 0.00169005 0)
(0.200583 0.00166526 0)
(0.200588 0.00166086 0)
(0.200116 0.00163869 0)
(0.200119 0.00163665 0)
(0.199622 0.00161746 0)
(0.200241 0.00493731 0)
(0.200463 0.0054059 0)
(0.200761 0.0058438 0)
(0.201147 0.00622204 0)
(0.201624 0.00651414 0)
(0.202156 0.00670012 0)
(0.202712 0.00677548 0)
(0.203242 0.00674992 0)
(0.203727 0.00664647 0)
(0.204137 0.00649017 0)
(0.20448 0.00630521 0)
(0.204748 0.00610786 0)
(0.204965 0.00591096 0)
(0.205127 0.00572066 0)
(0.20526 0.00554246 0)
(0.205357 0.0053766 0)
(0.205442 0.00522431 0)
(0.205503 0.00508272 0)
(0.205563 0.00495194 0)
(0.205603 0.00482883 0)
(0.205646 0.00471427 0)
(0.205671 0.00460545 0)
(0.205703 0.00450388 0)
(0.205715 0.00440668 0)
(0.205737 0.0043157 0)
(0.205739 0.00422789 0)
(0.205754 0.00414554 0)
(0.205749 0.00406542 0)
(0.205759 0.00399026 0)
(0.205748 0.00391661 0)
(0.205755 0.00384762 0)
(0.205739 0.0037795 0)
(0.205745 0.00371585 0)
(0.205724 0.00365247 0)
(0.205729 0.00359342 0)
(0.205705 0.00353409 0)
(0.205709 0.00347906 0)
(0.205682 0.00342323 0)
(0.205687 0.00337175 0)
(0.205657 0.00331899 0)
(0.205663 0.00327068 0)
(0.20563 0.00322064 0)
(0.205637 0.0031752 0)
(0.205602 0.00312758 0)
(0.20561 0.0030848 0)
(0.205572 0.00303936 0)
(0.205582 0.00299903 0)
(0.205541 0.00295558 0)
(0.205553 0.00291753 0)
(0.205508 0.00287588 0)
(0.205523 0.00283997 0)
(0.205474 0.00279996 0)
(0.205491 0.00276608 0)
(0.205438 0.00272755 0)
(0.205457 0.00269556 0)
(0.2054 0.00265837 0)
(0.205421 0.00262817 0)
(0.20536 0.00259221 0)
(0.205383 0.00256371 0)
(0.205316 0.00252885 0)
(0.205341 0.00250199 0)
(0.205269 0.00246814 0)
(0.205295 0.00244282 0)
(0.205217 0.00240988 0)
(0.205246 0.00238604 0)
(0.20516 0.00235389 0)
(0.20519 0.00233145 0)
(0.205097 0.0023 0)
(0.205129 0.00227889 0)
(0.205028 0.00224808 0)
(0.205061 0.00222823 0)
(0.204951 0.00219799 0)
(0.204985 0.00217936 0)
(0.204865 0.00214964 0)
(0.2049 0.00213219 0)
(0.204771 0.00210295 0)
(0.204806 0.00208661 0)
(0.204666 0.00205782 0)
(0.204702 0.00204254 0)
(0.20455 0.00201419 0)
(0.204585 0.00199993 0)
(0.204422 0.00197202 0)
(0.204457 0.00195876 0)
(0.204281 0.00193135 0)
(0.204315 0.00191906 0)
(0.204126 0.00189222 0)
(0.204158 0.00188091 0)
(0.203957 0.00185478 0)
(0.203986 0.00184446 0)
(0.203771 0.0018192 0)
(0.203798 0.00180993 0)
(0.203568 0.00178575 0)
(0.203592 0.00177772 0)
(0.203348 0.00175491 0)
(0.203367 0.00174837 0)
(0.203109 0.00172746 0)
(0.203122 0.00172276 0)
(0.20285 0.00170446 0)
(0.202858 0.00170208 0)
(0.202572 0.00168673 0)
(0.20042 0.00474081 0)
(0.200626 0.00515702 0)
(0.20089 0.00554557 0)
(0.201227 0.00588398 0)
(0.201639 0.00615238 0)
(0.202098 0.00633445 0)
(0.202583 0.00642533 0)
(0.203054 0.00642983 0)
(0.203494 0.00636445 0)
(0.203876 0.00624831 0)
(0.204204 0.00610215 0)
(0.204468 0.00594036 0)
(0.204686 0.00577498 0)
(0.204854 0.00561136 0)
(0.204995 0.00545494 0)
(0.205101 0.00530614 0)
(0.205194 0.00516723 0)
(0.205263 0.00503611 0)
(0.205328 0.00491392 0)
(0.205375 0.00479783 0)
(0.205423 0.00468926 0)
(0.205453 0.0045854 0)
(0.205488 0.00448811 0)
(0.205505 0.00439444 0)
(0.20553 0.00430657 0)
(0.205536 0.0042213 0)
(0.205554 0.00414123 0)
(0.205552 0.00406295 0)
(0.205564 0.00398948 0)
(0.205557 0.00391715 0)
(0.205565 0.00384939 0)
(0.205553 0.00378221 0)
(0.205558 0.00371944 0)
(0.205542 0.0036567 0)
(0.205547 0.00359829 0)
(0.205527 0.00353939 0)
(0.205531 0.0034848 0)
(0.205509 0.00342924 0)
(0.205512 0.00337805 0)
(0.205488 0.00332546 0)
(0.205492 0.00327733 0)
(0.205466 0.00322738 0)
(0.205471 0.00318205 0)
(0.205442 0.00313448 0)
(0.205448 0.00309172 0)
(0.205418 0.00304631 0)
(0.205426 0.00300596 0)
(0.205394 0.00296253 0)
(0.205403 0.00292442 0)
(0.205369 0.00288282 0)
(0.20538 0.00284683 0)
(0.205344 0.00280689 0)
(0.205357 0.00277291 0)
(0.20532 0.0027345 0)
(0.205335 0.0027024 0)
(0.205295 0.0026654 0)
(0.205312 0.00263507 0)
(0.20527 0.00259936 0)
(0.205289 0.00257072 0)
(0.205245 0.00253622 0)
(0.205266 0.00250919 0)
(0.205219 0.0024758 0)
(0.205243 0.00245031 0)
(0.205193 0.00241794 0)
(0.205218 0.00239392 0)
(0.205165 0.00236248 0)
(0.205192 0.00233984 0)
(0.205135 0.00230925 0)
(0.205164 0.00228791 0)
(0.205104 0.0022581 0)
(0.205134 0.00223799 0)
(0.20507 0.00220892 0)
(0.205102 0.00219 0)
(0.205033 0.00216163 0)
(0.205066 0.00214385 0)
(0.204992 0.00211614 0)
(0.205026 0.00209944 0)
(0.204948 0.00207237 0)
(0.204982 0.00205669 0)
(0.204898 0.00203026 0)
(0.204932 0.00201554 0)
(0.204843 0.00198976 0)
(0.204876 0.00197599 0)
(0.204781 0.00195089 0)
(0.204813 0.00193806 0)
(0.204712 0.00191373 0)
(0.204743 0.00190184 0)
(0.204635 0.0018784 0)
(0.204663 0.00186749 0)
(0.204549 0.00184507 0)
(0.204575 0.00183523 0)
(0.204453 0.00181403 0)
(0.204475 0.00180546 0)
(0.204346 0.00178573 0)
(0.204364 0.0017787 0)
(0.204228 0.00176093 0)
(0.20424 0.0017558 0)
(0.204097 0.00174058 0)
(0.204103 0.00173785 0)
(0.203952 0.00172555 0)
(0.200563 0.00455381 0)
(0.200752 0.00492648 0)
(0.200987 0.00527406 0)
(0.20128 0.00557934 0)
(0.201636 0.00582685 0)
(0.202034 0.00600288 0)
(0.202457 0.00610289 0)
(0.202874 0.00612923 0)
(0.203271 0.00609416 0)
(0.203625 0.00601207 0)
(0.203936 0.00590016 0)
(0.204193 0.00577048 0)
(0.20441 0.00563403 0)
(0.204581 0.00549545 0)
(0.204726 0.00536004 0)
(0.204839 0.00522831 0)
(0.204937 0.00510315 0)
(0.205012 0.00498312 0)
(0.205083 0.00487008 0)
(0.205135 0.00476166 0)
(0.205187 0.00465963 0)
(0.205222 0.00456133 0)
(0.20526 0.00446878 0)
(0.205282 0.00437912 0)
(0.205309 0.00429468 0)
(0.20532 0.00421233 0)
(0.205338 0.00413476 0)
(0.205342 0.00405862 0)
(0.205354 0.00398698 0)
(0.205351 0.00391623 0)
(0.205359 0.00384979 0)
(0.205351 0.00378376 0)
(0.205357 0.00372192 0)
(0.205345 0.00366001 0)
(0.205348 0.00360223 0)
(0.205334 0.00354392 0)
(0.205336 0.00348974 0)
(0.205319 0.00343461 0)
(0.20532 0.00338365 0)
(0.205301 0.00333135 0)
(0.205302 0.00328332 0)
(0.205282 0.00323359 0)
(0.205283 0.00318824 0)
(0.205261 0.00314081 0)
(0.205264 0.00309795 0)
(0.20524 0.00305266 0)
(0.205243 0.00301212 0)
(0.205219 0.00296879 0)
(0.205223 0.00293044 0)
(0.205198 0.00288894 0)
(0.205204 0.00285265 0)
(0.205177 0.00281284 0)
(0.205184 0.00277851 0)
(0.205157 0.00274027 0)
(0.205165 0.00270778 0)
(0.205137 0.00267099 0)
(0.205147 0.00264023 0)
(0.205118 0.00260478 0)
(0.205129 0.00257567 0)
(0.205099 0.00254149 0)
(0.205112 0.00251395 0)
(0.205081 0.00248096 0)
(0.205096 0.00245492 0)
(0.205063 0.00242304 0)
(0.205079 0.00239844 0)
(0.205046 0.00236759 0)
(0.205063 0.00234433 0)
(0.205029 0.00231444 0)
(0.205047 0.00229244 0)
(0.205011 0.00226343 0)
(0.205031 0.00224262 0)
(0.204994 0.00221447 0)
(0.205014 0.00219481 0)
(0.204975 0.00216748 0)
(0.204997 0.00214893 0)
(0.204956 0.0021224 0)
(0.204978 0.00210491 0)
(0.204935 0.00207915 0)
(0.204958 0.00206266 0)
(0.204913 0.00203767 0)
(0.204936 0.00202214 0)
(0.204889 0.00199792 0)
(0.204911 0.00198332 0)
(0.204862 0.00195991 0)
(0.204883 0.00194626 0)
(0.204831 0.00192373 0)
(0.204852 0.00191106 0)
(0.204797 0.00188952 0)
(0.204816 0.00187788 0)
(0.204758 0.00185745 0)
(0.204775 0.00184696 0)
(0.204714 0.00182782 0)
(0.204728 0.00181869 0)
(0.204663 0.00180107 0)
(0.204675 0.00179358 0)
(0.204606 0.00177792 0)
(0.204614 0.00177243 0)
(0.204541 0.00175924 0)
(0.204546 0.00175626 0)
(0.204469 0.00174595 0)
(0.200675 0.00437651 0)
(0.200847 0.00471196 0)
(0.201054 0.0050254 0)
(0.20131 0.00530361 0)
(0.201618 0.00553327 0)
(0.201962 0.00570226 0)
(0.202331 0.00580688 0)
(0.202699 0.00584867 0)
(0.203057 0.00583739 0)
(0.203383 0.00578391 0)
(0.203676 0.00570204 0)
(0.203924 0.00560132 0)
(0.204137 0.00549125 0)
(0.204309 0.00537584 0)
(0.204455 0.00526017 0)
(0.204572 0.00514492 0)
(0.204673 0.00503335 0)
(0.204754 0.00492459 0)
(0.204828 0.00482098 0)
(0.204885 0.00472063 0)
(0.20494 0.0046255 0)
(0.204981 0.00453319 0)
(0.20502 0.00444576 0)
(0.205047 0.00436051 0)
(0.205075 0.00427979 0)
(0.205091 0.00420069 0)
(0.20511 0.00412585 0)
(0.205117 0.00405213 0)
(0.20513 0.00398248 0)
(0.205131 0.00391355 0)
(0.20514 0.00384856 0)
(0.205136 0.00378389 0)
(0.205141 0.00372307 0)
(0.205133 0.00366216 0)
(0.205136 0.00360507 0)
(0.205125 0.0035475 0)
(0.205126 0.00349376 0)
(0.205113 0.00343918 0)
(0.205113 0.00338846 0)
(0.205099 0.00333659 0)
(0.205098 0.00328863 0)
(0.205082 0.00323922 0)
(0.205081 0.00319383 0)
(0.205064 0.00314666 0)
(0.205063 0.00310365 0)
(0.205046 0.00305856 0)
(0.205045 0.00301778 0)
(0.205027 0.00297464 0)
(0.205027 0.00293597 0)
(0.205008 0.00289464 0)
(0.205009 0.00285799 0)
(0.20499 0.00281836 0)
(0.204992 0.00278361 0)
(0.204972 0.00274558 0)
(0.204975 0.00271262 0)
(0.204955 0.00267606 0)
(0.204958 0.00264478 0)
(0.204938 0.0026096 0)
(0.204943 0.00257993 0)
(0.204922 0.00254605 0)
(0.204928 0.00251791 0)
(0.204907 0.00248527 0)
(0.204914 0.0024586 0)
(0.204893 0.00242714 0)
(0.204901 0.00240187 0)
(0.20488 0.0023715 0)
(0.204888 0.00234756 0)
(0.204867 0.00231821 0)
(0.204876 0.00229549 0)
(0.204855 0.0022671 0)
(0.204865 0.00224554 0)
(0.204843 0.00221807 0)
(0.204854 0.00219764 0)
(0.204831 0.00217106 0)
(0.204843 0.00215172 0)
(0.204819 0.00212602 0)
(0.204832 0.00210774 0)
(0.204808 0.00208289 0)
(0.20482 0.00206561 0)
(0.204796 0.0020416 0)
(0.204808 0.00202529 0)
(0.204783 0.00200212 0)
(0.204796 0.00198677 0)
(0.204769 0.00196446 0)
(0.204781 0.00195009 0)
(0.204754 0.00192872 0)
(0.204765 0.00191539 0)
(0.204737 0.00189505 0)
(0.204748 0.00188283 0)
(0.204717 0.00186365 0)
(0.204727 0.00185267 0)
(0.204695 0.0018348 0)
(0.204703 0.00182527 0)
(0.204669 0.00180894 0)
(0.204675 0.00180114 0)
(0.204639 0.00178675 0)
(0.204643 0.00178105 0)
(0.204605 0.00176905 0)
(0.204607 0.00176595 0)
(0.204567 0.00175675 0)
(0.200758 0.00420789 0)
(0.200915 0.00450953 0)
(0.201098 0.00479514 0)
(0.201321 0.00505149 0)
(0.201586 0.00526549 0)
(0.201882 0.00542666 0)
(0.202202 0.00553276 0)
(0.202528 0.00558563 0)
(0.202849 0.00559359 0)
(0.203149 0.00556484 0)
(0.203424 0.00550992 0)
(0.203662 0.00543575 0)
(0.203868 0.00535003 0)
(0.204038 0.00525609 0)
(0.204183 0.00515879 0)
(0.204301 0.00505913 0)
(0.204404 0.00496064 0)
(0.204489 0.00486297 0)
(0.204565 0.00476876 0)
(0.204627 0.00467659 0)
(0.204684 0.00458849 0)
(0.204729 0.00450237 0)
(0.20477 0.0044202 0)
(0.204801 0.00433958 0)
(0.20483 0.00426274 0)
(0.20485 0.00418707 0)
(0.20487 0.00411506 0)
(0.204881 0.00404392 0)
(0.204894 0.00397637 0)
(0.204899 0.00390939 0)
(0.204908 0.00384593 0)
(0.204907 0.00378274 0)
(0.204912 0.00372301 0)
(0.204908 0.00366322 0)
(0.20491 0.00360687 0)
(0.204903 0.00355013 0)
(0.204903 0.00349686 0)
(0.204894 0.00344292 0)
(0.204893 0.00339246 0)
(0.204882 0.00334108 0)
(0.20488 0.00329323 0)
(0.204868 0.00324419 0)
(0.204865 0.00319878 0)
(0.204853 0.00315191 0)
(0.20485 0.00310877 0)
(0.204836 0.00306392 0)
(0.204834 0.00302293 0)
(0.20482 0.00297999 0)
(0.204817 0.00294103 0)
(0.204803 0.00289988 0)
(0.204801 0.00286288 0)
(0.204787 0.00282344 0)
(0.204785 0.0027883 0)
(0.204771 0.00275046 0)
(0.20477 0.00271707 0)
(0.204755 0.00268072 0)
(0.204755 0.00264897 0)
(0.204741 0.00261402 0)
(0.204741 0.00258384 0)
(0.204727 0.0025502 0)
(0.204728 0.00252151 0)
(0.204713 0.00248914 0)
(0.204715 0.0024619 0)
(0.204701 0.00243075 0)
(0.204704 0.0024049 0)
(0.20469 0.00237488 0)
(0.204693 0.00235033 0)
(0.204679 0.00232137 0)
(0.204683 0.00229804 0)
(0.204669 0.00227007 0)
(0.204673 0.00224789 0)
(0.204659 0.00222087 0)
(0.204664 0.00219981 0)
(0.20465 0.00217372 0)
(0.204656 0.00215376 0)
(0.204642 0.0021286 0)
(0.204648 0.0021097 0)
(0.204633 0.00208544 0)
(0.20464 0.00206757 0)
(0.204625 0.00204418 0)
(0.204631 0.00202731 0)
(0.204616 0.00200478 0)
(0.204623 0.0019889 0)
(0.204607 0.00196726 0)
(0.204614 0.0019524 0)
(0.204598 0.00193172 0)
(0.204604 0.00191796 0)
(0.204587 0.00189833 0)
(0.204593 0.00188575 0)
(0.204575 0.0018673 0)
(0.20458 0.00185605 0)
(0.204561 0.00183892 0)
(0.204565 0.0018292 0)
(0.204545 0.00181362 0)
(0.204548 0.0018057 0)
(0.204526 0.00179202 0)
(0.204528 0.00178626 0)
(0.204505 0.0017749 0)
(0.204506 0.00177178 0)
(0.204481 0.00176316 0)
(0.200816 0.00404179 0)
(0.200958 0.00431628 0)
(0.201123 0.00458044 0)
(0.201316 0.00481677 0)
(0.201541 0.00501411 0)
(0.201794 0.00516483 0)
(0.202071 0.00526899 0)
(0.202359 0.00532963 0)
(0.202649 0.00535402 0)
(0.202926 0.00534786 0)
(0.203182 0.00531832 0)
(0.203407 0.00526952 0)
(0.203604 0.00520719 0)
(0.20377 0.00513389 0)
(0.203912 0.0050543 0)
(0.20403 0.00496981 0)
(0.204133 0.00488421 0)
(0.204219 0.00479771 0)
(0.204297 0.0047131 0)
(0.204362 0.00462938 0)
(0.204421 0.00454857 0)
(0.204469 0.00446891 0)
(0.204512 0.00439225 0)
(0.204546 0.0043165 0)
(0.204576 0.00424374 0)
(0.204599 0.0041717 0)
(0.20462 0.0041027 0)
(0.204634 0.00403429 0)
(0.204648 0.00396896 0)
(0.204656 0.00390405 0)
(0.204665 0.00384223 0)
(0.204668 0.00378061 0)
(0.204672 0.00372205 0)
(0.204671 0.00366344 0)
(0.204673 0.00360791 0)
(0.204669 0.00355206 0)
(0.204669 0.00349932 0)
(0.204663 0.00344605 0)
(0.204661 0.00339591 0)
(0.204653 0.00334503 0)
(0.204651 0.00329734 0)
(0.204642 0.00324869 0)
(0.204638 0.0032033 0)
(0.204628 0.00315672 0)
(0.204624 0.0031135 0)
(0.204614 0.00306887 0)
(0.20461 0.00302771 0)
(0.204599 0.00298494 0)
(0.204596 0.00294574 0)
(0.204585 0.00290474 0)
(0.204581 0.00286745 0)
(0.20457 0.00282814 0)
(0.204567 0.00279268 0)
(0.204556 0.00275497 0)
(0.204553 0.00272122 0)
(0.204542 0.00268502 0)
(0.20454 0.00265288 0)
(0.204529 0.00261807 0)
(0.204527 0.00258747 0)
(0.204516 0.00255398 0)
(0.204515 0.00252486 0)
(0.204505 0.00249265 0)
(0.204504 0.00246496 0)
(0.204494 0.00243399 0)
(0.204494 0.00240769 0)
(0.204484 0.00237789 0)
(0.204484 0.00235289 0)
(0.204474 0.00232416 0)
(0.204475 0.00230038 0)
(0.204465 0.00227266 0)
(0.204467 0.00225002 0)
(0.204457 0.00222327 0)
(0.204459 0.00220175 0)
(0.20445 0.00217594 0)
(0.204452 0.00215554 0)
(0.204443 0.00213069 0)
(0.204446 0.00211137 0)
(0.204436 0.00208745 0)
(0.204439 0.0020692 0)
(0.204429 0.00204616 0)
(0.204433 0.00202894 0)
(0.204422 0.00200678 0)
(0.204426 0.00199058 0)
(0.204415 0.00196932 0)
(0.204419 0.0019542 0)
(0.204408 0.00193391 0)
(0.204411 0.00191992 0)
(0.2044 0.0019007 0)
(0.204403 0.00188797 0)
(0.20439 0.00186994 0)
(0.204394 0.0018586 0)
(0.20438 0.00184191 0)
(0.204382 0.00183215 0)
(0.204368 0.00181702 0)
(0.20437 0.0018091 0)
(0.204354 0.00179584 0)
(0.204355 0.00179012 0)
(0.204338 0.00177912 0)
(0.204338 0.00177604 0)
(0.20432 0.00176771 0)
(0.200846 0.00388992 0)
(0.200986 0.0041662 0)
(0.201133 0.0044108 0)
(0.201294 0.00462211 0)
(0.201481 0.00479534 0)
(0.201696 0.0049274 0)
(0.201937 0.00502243 0)
(0.202194 0.00508532 0)
(0.202458 0.00512215 0)
(0.202714 0.00513562 0)
(0.202952 0.00512925 0)
(0.203164 0.00510418 0)
(0.20335 0.00506398 0)
(0.203508 0.0050104 0)
(0.203644 0.00494786 0)
(0.203759 0.00487815 0)
(0.203861 0.00480531 0)
(0.203948 0.00473004 0)
(0.204026 0.00465522 0)
(0.204093 0.00458019 0)
(0.204153 0.00450693 0)
(0.204203 0.00443395 0)
(0.204248 0.00436303 0)
(0.204284 0.00429235 0)
(0.204315 0.00422387 0)
(0.20434 0.00415564 0)
(0.204362 0.00408981 0)
(0.204378 0.00402426 0)
(0.204394 0.00396128 0)
(0.204403 0.00389853 0)
(0.204413 0.00383842 0)
(0.204418 0.00377842 0)
(0.204424 0.0037211 0)
(0.204425 0.00366369 0)
(0.204427 0.00360902 0)
(0.204425 0.00355407 0)
(0.204426 0.0035019 0)
(0.204421 0.00344928 0)
(0.20442 0.00339951 0)
(0.204414 0.00334912 0)
(0.204411 0.00330162 0)
(0.204404 0.00325333 0)
(0.204401 0.003208 0)
(0.204393 0.00316167 0)
(0.204389 0.00311841 0)
(0.204381 0.00307396 0)
(0.204377 0.00303266 0)
(0.204368 0.00299001 0)
(0.204364 0.00295061 0)
(0.204355 0.00290969 0)
(0.204351 0.00287215 0)
(0.204342 0.0028329 0)
(0.204338 0.00279717 0)
(0.204329 0.00275951 0)
(0.204326 0.00272547 0)
(0.204317 0.00268932 0)
(0.204314 0.00265686 0)
(0.204305 0.00262209 0)
(0.204303 0.00259115 0)
(0.204294 0.0025577 0)
(0.204292 0.00252822 0)
(0.204284 0.00249605 0)
(0.204282 0.002468 0)
(0.204274 0.00243709 0)
(0.204273 0.00241044 0)
(0.204265 0.00238072 0)
(0.204265 0.00235539 0)
(0.204257 0.00232676 0)
(0.204257 0.00230265 0)
(0.204249 0.00227505 0)
(0.20425 0.00225208 0)
(0.204242 0.00222545 0)
(0.204243 0.00220362 0)
(0.204236 0.00217794 0)
(0.204237 0.00215725 0)
(0.20423 0.00213254 0)
(0.204231 0.00211296 0)
(0.204224 0.0020892 0)
(0.204226 0.00207073 0)
(0.204218 0.00204787 0)
(0.204221 0.00203046 0)
(0.204213 0.00200849 0)
(0.204215 0.00199213 0)
(0.204207 0.00197107 0)
(0.204209 0.00195582 0)
(0.2042 0.00193574 0)
(0.204203 0.00192167 0)
(0.204194 0.0019027 0)
(0.204196 0.00188993 0)
(0.204186 0.00187216 0)
(0.204188 0.00186083 0)
(0.204177 0.00184443 0)
(0.204179 0.00183472 0)
(0.204167 0.00181988 0)
(0.204168 0.00181205 0)
(0.204155 0.00179907 0)
(0.204155 0.00179343 0)
(0.204141 0.00178267 0)
(0.204141 0.00177965 0)
(0.204126 0.00177148 0)
(0.20093 0.00383096 0)
(0.201024 0.00406615 0)
(0.201125 0.00428829 0)
(0.20125 0.00447245 0)
(0.201401 0.00461235 0)
(0.201582 0.004715 0)
(0.201796 0.00479203 0)
(0.202031 0.00485039 0)
(0.202277 0.00489416 0)
(0.202516 0.00492266 0)
(0.202738 0.00493561 0)
(0.202935 0.00493123 0)
(0.203108 0.00491096 0)
(0.203255 0.00487566 0)
(0.203383 0.0048294 0)
(0.203494 0.00477422 0)
(0.203592 0.00471429 0)
(0.203679 0.00465061 0)
(0.203757 0.0045861 0)
(0.203824 0.00452031 0)
(0.203885 0.00445518 0)
(0.203936 0.00438945 0)
(0.203981 0.00432482 0)
(0.204018 0.00425975 0)
(0.204051 0.0041961 0)
(0.204077 0.00413218 0)
(0.2041 0.00407005 0)
(0.204118 0.00400781 0)
(0.204134 0.00394764 0)
(0.204145 0.00388745 0)
(0.204156 0.00382946 0)
(0.204162 0.00377141 0)
(0.204169 0.00371566 0)
(0.204171 0.00365974 0)
(0.204174 0.00360623 0)
(0.204174 0.00355239 0)
(0.204175 0.00350106 0)
(0.204172 0.00344927 0)
(0.204171 0.00340007 0)
(0.204167 0.00335033 0)
(0.204165 0.00330322 0)
(0.204159 0.00325541 0)
(0.204156 0.00321033 0)
(0.20415 0.00316436 0)
(0.204146 0.00312123 0)
(0.204139 0.00307704 0)
(0.204135 0.00303578 0)
(0.204128 0.00299332 0)
(0.204124 0.00295387 0)
(0.204117 0.0029131 0)
(0.204113 0.00287546 0)
(0.204105 0.00283631 0)
(0.204101 0.00280045 0)
(0.204094 0.00276287 0)
(0.20409 0.00272868 0)
(0.204083 0.00269258 0)
(0.20408 0.00265994 0)
(0.204072 0.00262522 0)
(0.20407 0.00259407 0)
(0.204063 0.00256062 0)
(0.20406 0.00253093 0)
(0.204053 0.00249876 0)
(0.204052 0.00247047 0)
(0.204045 0.00243958 0)
(0.204044 0.00241269 0)
(0.204037 0.00238298 0)
(0.204036 0.00235743 0)
(0.20403 0.00232883 0)
(0.204029 0.0023045 0)
(0.204023 0.00227693 0)
(0.204023 0.00225375 0)
(0.204017 0.00222714 0)
(0.204017 0.00220511 0)
(0.204011 0.00217947 0)
(0.204012 0.0021586 0)
(0.204006 0.00213396 0)
(0.204007 0.00211423 0)
(0.204001 0.00209056 0)
(0.204003 0.00207197 0)
(0.203996 0.00204922 0)
(0.203998 0.00203171 0)
(0.203992 0.00200987 0)
(0.203994 0.00199343 0)
(0.203987 0.00197251 0)
(0.203989 0.00195721 0)
(0.203981 0.00193728 0)
(0.203983 0.0019232 0)
(0.203975 0.00190439 0)
(0.203977 0.00189165 0)
(0.203969 0.00187408 0)
(0.20397 0.00186282 0)
(0.203961 0.00184664 0)
(0.203962 0.00183703 0)
(0.203952 0.00182242 0)
(0.203953 0.0018147 0)
(0.203941 0.00180194 0)
(0.203942 0.00179641 0)
(0.203929 0.00178583 0)
(0.20393 0.00178288 0)
(0.203916 0.00177483 0)
(0.200897 0.00370977 0)
(0.200997 0.00401258 0)
(0.201093 0.00424811 0)
(0.201174 0.00440498 0)
(0.201283 0.0045042 0)
(0.201437 0.00457104 0)
(0.201636 0.00462467 0)
(0.201862 0.00467274 0)
(0.202098 0.00471681 0)
(0.202325 0.00475279 0)
(0.202534 0.00477734 0)
(0.202716 0.00478649 0)
(0.202874 0.00478016 0)
(0.20301 0.0047585 0)
(0.203128 0.00472515 0)
(0.203233 0.00468208 0)
(0.203327 0.00463336 0)
(0.203411 0.00458 0)
(0.203488 0.0045248 0)
(0.203555 0.0044674 0)
(0.203616 0.00440966 0)
(0.203667 0.00435051 0)
(0.203712 0.0042916 0)
(0.20375 0.00423162 0)
(0.203783 0.00417239 0)
(0.20381 0.00411242 0)
(0.203833 0.00405369 0)
(0.203852 0.00399451 0)
(0.203869 0.00393693 0)
(0.203882 0.00387906 0)
(0.203893 0.00382301 0)
(0.203901 0.0037667 0)
(0.203908 0.00371237 0)
(0.203912 0.00365773 0)
(0.203916 0.00360524 0)
(0.203917 0.00355235 0)
(0.203918 0.00350173 0)
(0.203917 0.00345063 0)
(0.203916 0.0034019 0)
(0.203913 0.00335263 0)
(0.203912 0.00330581 0)
(0.203907 0.00325832 0)
(0.203905 0.00321338 0)
(0.2039 0.00316761 0)
(0.203897 0.00312453 0)
(0.203891 0.00308044 0)
(0.203887 0.00303915 0)
(0.203881 0.00299674 0)
(0.203878 0.00295721 0)
(0.203871 0.00291644 0)
(0.203868 0.00287869 0)
(0.203861 0.00283953 0)
(0.203858 0.00280353 0)
(0.203851 0.00276593 0)
(0.203848 0.00273159 0)
(0.203842 0.00269547 0)
(0.203839 0.00266266 0)
(0.203832 0.0026279 0)
(0.20383 0.00259657 0)
(0.203824 0.00256308 0)
(0.203821 0.00253321 0)
(0.203815 0.00250099 0)
(0.203814 0.00247254 0)
(0.203808 0.00244161 0)
(0.203807 0.00241455 0)
(0.203801 0.00238483 0)
(0.2038 0.00235913 0)
(0.203795 0.00233051 0)
(0.203794 0.00230604 0)
(0.203789 0.00227845 0)
(0.203789 0.00225512 0)
(0.203784 0.00222849 0)
(0.203784 0.00220632 0)
(0.203779 0.00218066 0)
(0.20378 0.00215967 0)
(0.203774 0.00213503 0)
(0.203776 0.00211521 0)
(0.20377 0.00209156 0)
(0.203772 0.0020729 0)
(0.203766 0.0020502 0)
(0.203768 0.00203266 0)
(0.203762 0.00201088 0)
(0.203764 0.00199442 0)
(0.203758 0.00197359 0)
(0.20376 0.00195829 0)
(0.203753 0.00193847 0)
(0.203755 0.00192443 0)
(0.203748 0.00190575 0)
(0.20375 0.00189308 0)
(0.203742 0.00187567 0)
(0.203744 0.00186452 0)
(0.203735 0.00184853 0)
(0.203736 0.00183904 0)
(0.203727 0.00182464 0)
(0.203728 0.00181704 0)
(0.203718 0.00180447 0)
(0.203718 0.00179906 0)
(0.203707 0.00178863 0)
(0.203707 0.00178577 0)
(0.203696 0.0017778 0)
(0.201168 0.00355767 0)
(0.201161 0.00389704 0)
(0.201084 0.00413141 0)
(0.201054 0.0042718 0)
(0.201105 0.00435243 0)
(0.201238 0.00440379 0)
(0.201431 0.00444796 0)
(0.201657 0.00449353 0)
(0.20189 0.00454076 0)
(0.202108 0.00458353 0)
(0.202303 0.00461672 0)
(0.202468 0.00463571 0)
(0.202609 0.00464017 0)
(0.20273 0.00463018 0)
(0.202836 0.00460908 0)
(0.202932 0.00457852 0)
(0.203021 0.00454206 0)
(0.203101 0.00450037 0)
(0.203175 0.00445591 0)
(0.203241 0.00440824 0)
(0.2033 0.00435912 0)
(0.203351 0.00430763 0)
(0.203395 0.00425546 0)
(0.203433 0.00420149 0)
(0.203465 0.00414757 0)
(0.203492 0.00409237 0)
(0.203516 0.00403787 0)
(0.203536 0.00398247 0)
(0.203553 0.00392821 0)
(0.203567 0.00387328 0)
(0.203579 0.00381976 0)
(0.203588 0.00376569 0)
(0.203595 0.00371322 0)
(0.2036 0.00366025 0)
(0.203605 0.00360913 0)
(0.203607 0.00355746 0)
(0.203609 0.00350783 0)
(0.203609 0.00345761 0)
(0.203609 0.00340958 0)
(0.203607 0.00336094 0)
(0.203606 0.00331456 0)
(0.203603 0.00326749 0)
(0.203601 0.00322281 0)
(0.203597 0.00317728 0)
(0.203595 0.00313429 0)
(0.20359 0.00309029 0)
(0.203587 0.00304895 0)
(0.203582 0.00300651 0)
(0.203579 0.00296681 0)
(0.203574 0.00292594 0)
(0.203571 0.00288795 0)
(0.203565 0.00284863 0)
(0.203562 0.00281236 0)
(0.203557 0.00277455 0)
(0.203554 0.00273991 0)
(0.203548 0.00270355 0)
(0.203546 0.00267042 0)
(0.20354 0.0026354 0)
(0.203538 0.00260372 0)
(0.203533 0.00256997 0)
(0.203531 0.00253974 0)
(0.203526 0.00250726 0)
(0.203525 0.00247847 0)
(0.20352 0.0024473 0)
(0.203519 0.00241993 0)
(0.203514 0.00239 0)
(0.203513 0.00236401 0)
(0.203508 0.0023352 0)
(0.203508 0.00231047 0)
(0.203503 0.0022827 0)
(0.203504 0.00225913 0)
(0.203499 0.00223236 0)
(0.2035 0.00220996 0)
(0.203495 0.00218417 0)
(0.203496 0.00216299 0)
(0.203491 0.00213825 0)
(0.203493 0.00211826 0)
(0.203488 0.00209456 0)
(0.203489 0.00207576 0)
(0.203485 0.00205301 0)
(0.203486 0.00203536 0)
(0.203481 0.00201355 0)
(0.203483 0.00199701 0)
(0.203478 0.00197616 0)
(0.203479 0.00196081 0)
(0.203474 0.001941 0)
(0.203475 0.00192694 0)
(0.203469 0.00190832 0)
(0.203471 0.00189567 0)
(0.203464 0.00187836 0)
(0.203465 0.00186727 0)
(0.203458 0.00185141 0)
(0.203459 0.00184202 0)
(0.203451 0.00182776 0)
(0.203452 0.00182028 0)
(0.203443 0.00180784 0)
(0.203443 0.00180254 0)
(0.203434 0.00179221 0)
(0.203434 0.00178941 0)
(0.203423 0.00178149 0)
(0.201235 0.00331725 0)
(0.201185 0.00355314 0)
(0.201022 0.00375047 0)
(0.2009 0.00389751 0)
(0.200889 0.00400501 0)
(0.200994 0.00408907 0)
(0.201183 0.00416403 0)
(0.201413 0.00423501 0)
(0.201644 0.00430136 0)
(0.201853 0.00435799 0)
(0.20203 0.00440159 0)
(0.202176 0.00442967 0)
(0.202297 0.00444367 0)
(0.202401 0.00444475 0)
(0.202494 0.00443631 0)
(0.20258 0.00441953 0)
(0.202661 0.00439711 0)
(0.202736 0.00436908 0)
(0.202805 0.0043373 0)
(0.202867 0.00430115 0)
(0.202923 0.0042623 0)
(0.202972 0.00421996 0)
(0.203014 0.0041759 0)
(0.20305 0.00412923 0)
(0.203082 0.00408185 0)
(0.203109 0.00403262 0)
(0.203132 0.0039835 0)
(0.203152 0.00393302 0)
(0.20317 0.00388318 0)
(0.203184 0.00383227 0)
(0.203196 0.00378231 0)
(0.203206 0.00373147 0)
(0.203214 0.00368187 0)
(0.20322 0.0036315 0)
(0.203226 0.00358266 0)
(0.203229 0.00353308 0)
(0.203232 0.00348529 0)
(0.203232 0.00343677 0)
(0.203234 0.00339024 0)
(0.203233 0.00334298 0)
(0.203233 0.00329781 0)
(0.203231 0.0032519 0)
(0.20323 0.00320823 0)
(0.203227 0.0031637 0)
(0.203225 0.00312156 0)
(0.203222 0.00307841 0)
(0.20322 0.00303782 0)
(0.203216 0.00299611 0)
(0.203213 0.00295707 0)
(0.203209 0.00291686 0)
(0.203207 0.00287943 0)
(0.203202 0.00284069 0)
(0.2032 0.00280491 0)
(0.203195 0.00276759 0)
(0.203193 0.00273336 0)
(0.203189 0.00269742 0)
(0.203187 0.0026646 0)
(0.203182 0.00262995 0)
(0.20318 0.00259851 0)
(0.203176 0.00256505 0)
(0.203175 0.00253503 0)
(0.20317 0.0025028 0)
(0.203169 0.00247419 0)
(0.203165 0.00244325 0)
(0.203164 0.00241602 0)
(0.20316 0.0023863 0)
(0.20316 0.00236042 0)
(0.203156 0.00233179 0)
(0.203156 0.00230715 0)
(0.203152 0.00227953 0)
(0.203152 0.00225602 0)
(0.203149 0.00222939 0)
(0.203149 0.00220706 0)
(0.203145 0.00218142 0)
(0.203146 0.00216032 0)
(0.203143 0.00213575 0)
(0.203144 0.00211587 0)
(0.20314 0.00209237 0)
(0.203141 0.0020737 0)
(0.203137 0.00205117 0)
(0.203139 0.00203367 0)
(0.203134 0.0020121 0)
(0.203136 0.00199571 0)
(0.203131 0.00197512 0)
(0.203133 0.00195992 0)
(0.203128 0.00194039 0)
(0.20313 0.0019265 0)
(0.203124 0.00190819 0)
(0.203126 0.00189572 0)
(0.20312 0.00187875 0)
(0.203121 0.00186786 0)
(0.203115 0.00185236 0)
(0.203116 0.00184315 0)
(0.203109 0.00182928 0)
(0.20311 0.00182195 0)
(0.203102 0.00180988 0)
(0.203102 0.00180469 0)
(0.203094 0.00179468 0)
(0.203094 0.00179192 0)
(0.203086 0.00178427 0)
(0.201229 0.00288132 0)
(0.201148 0.00304815 0)
(0.200927 0.00321582 0)
(0.200755 0.00338898 0)
(0.200708 0.00356629 0)
(0.200788 0.00373924 0)
(0.200959 0.00389808 0)
(0.201169 0.00403351 0)
(0.201378 0.00414173 0)
(0.201561 0.00422191 0)
(0.201711 0.0042778 0)
(0.201833 0.00431334 0)
(0.201934 0.00433432 0)
(0.202022 0.00434412 0)
(0.202103 0.00434649 0)
(0.202179 0.00434198 0)
(0.202252 0.00433228 0)
(0.20232 0.00431652 0)
(0.202384 0.004296 0)
(0.20244 0.00426983 0)
(0.202491 0.00423965 0)
(0.202536 0.00420482 0)
(0.202575 0.00416723 0)
(0.202609 0.00412622 0)
(0.202639 0.00408373 0)
(0.202665 0.00403879 0)
(0.202688 0.00399338 0)
(0.202708 0.00394611 0)
(0.202725 0.00389899 0)
(0.20274 0.00385036 0)
(0.202753 0.00380226 0)
(0.202763 0.00375293 0)
(0.202772 0.00370449 0)
(0.202779 0.00365505 0)
(0.202785 0.00360685 0)
(0.20279 0.00355773 0)
(0.202794 0.00351019 0)
(0.202796 0.00346178 0)
(0.202798 0.0034152 0)
(0.202799 0.00336776 0)
(0.2028 0.00332228 0)
(0.202799 0.00327597 0)
(0.2028 0.00323177 0)
(0.202798 0.00318668 0)
(0.202798 0.00314388 0)
(0.202796 0.00310004 0)
(0.202795 0.00305871 0)
(0.202792 0.00301626 0)
(0.202791 0.00297646 0)
(0.202788 0.00293552 0)
(0.202787 0.00289733 0)
(0.202784 0.0028579 0)
(0.202782 0.00282139 0)
(0.202779 0.00278341 0)
(0.202778 0.00274849 0)
(0.202774 0.00271191 0)
(0.202773 0.00267844 0)
(0.20277 0.00264319 0)
(0.202769 0.00261113 0)
(0.202766 0.00257713 0)
(0.202765 0.00254653 0)
(0.202762 0.00251379 0)
(0.202761 0.00248467 0)
(0.202758 0.00245327 0)
(0.202758 0.00242555 0)
(0.202755 0.00239541 0)
(0.202755 0.00236907 0)
(0.202752 0.00234003 0)
(0.202753 0.00231496 0)
(0.20275 0.00228694 0)
(0.20275 0.00226303 0)
(0.202748 0.00223605 0)
(0.202748 0.00221334 0)
(0.202746 0.0021874 0)
(0.202747 0.00216598 0)
(0.202744 0.00214114 0)
(0.202745 0.00212099 0)
(0.202742 0.00209726 0)
(0.202744 0.00207834 0)
(0.202741 0.00205562 0)
(0.202742 0.00203791 0)
(0.202739 0.00201617 0)
(0.202741 0.00199962 0)
(0.202737 0.00197892 0)
(0.202739 0.00196361 0)
(0.202735 0.001944 0)
(0.202736 0.00193006 0)
(0.202733 0.00191172 0)
(0.202734 0.00189926 0)
(0.202729 0.00188231 0)
(0.20273 0.00187147 0)
(0.202726 0.00185601 0)
(0.202726 0.00184691 0)
(0.202721 0.00183308 0)
(0.202721 0.00182588 0)
(0.202716 0.00181384 0)
(0.202716 0.00180877 0)
(0.20271 0.00179874 0)
(0.20271 0.00179608 0)
(0.202703 0.00178832 0)
(0.200917 0.00250334 0)
(0.200891 0.00239534 0)
(0.200742 0.00242336 0)
(0.20064 0.00259395 0)
(0.200629 0.00285895 0)
(0.200699 0.00315565 0)
(0.20082 0.00343264 0)
(0.200957 0.00365912 0)
(0.20109 0.00382719 0)
(0.201208 0.00394235 0)
(0.201309 0.0040181 0)
(0.201397 0.00406711 0)
(0.201476 0.00410061 0)
(0.20155 0.00412436 0)
(0.201621 0.00414237 0)
(0.201689 0.00415453 0)
(0.201753 0.00416155 0)
(0.201812 0.0041618 0)
(0.201867 0.00415611 0)
(0.201916 0.00414343 0)
(0.20196 0.00412542 0)
(0.201998 0.00410162 0)
(0.202033 0.00407403 0)
(0.202063 0.00404216 0)
(0.202091 0.00400802 0)
(0.202115 0.00397071 0)
(0.202138 0.00393223 0)
(0.202157 0.00389126 0)
(0.202174 0.00384983 0)
(0.202189 0.00380634 0)
(0.202202 0.00376286 0)
(0.202213 0.0037177 0)
(0.202223 0.00367299 0)
(0.202232 0.00362692 0)
(0.202239 0.00358172 0)
(0.202245 0.00353534 0)
(0.202251 0.00349024 0)
(0.202255 0.00344406 0)
(0.202259 0.00339948 0)
(0.202261 0.00335386 0)
(0.202264 0.00331001 0)
(0.202265 0.0032652 0)
(0.202268 0.00322232 0)
(0.202268 0.00317845 0)
(0.20227 0.0031367 0)
(0.202269 0.00309384 0)
(0.20227 0.00305335 0)
(0.20227 0.00301166 0)
(0.202271 0.00297251 0)
(0.20227 0.00293214 0)
(0.20227 0.00289441 0)
(0.202269 0.0028554 0)
(0.20227 0.00281917 0)
(0.202268 0.00278145 0)
(0.202269 0.00274669 0)
(0.202267 0.00271023 0)
(0.202268 0.00267683 0)
(0.202267 0.00264162 0)
(0.202267 0.00260956 0)
(0.202266 0.00257559 0)
(0.202267 0.00254497 0)
(0.202266 0.00251226 0)
(0.202266 0.00248314 0)
(0.202265 0.00245175 0)
(0.202266 0.00242404 0)
(0.202265 0.00239393 0)
(0.202266 0.00236757 0)
(0.202265 0.00233856 0)
(0.202266 0.00231347 0)
(0.202266 0.00228547 0)
(0.202267 0.00226155 0)
(0.202266 0.00223462 0)
(0.202268 0.00221192 0)
(0.202267 0.00218606 0)
(0.202269 0.00216467 0)
(0.202268 0.00213992 0)
(0.20227 0.00211984 0)
(0.202269 0.00209622 0)
(0.202271 0.00207737 0)
(0.20227 0.00205478 0)
(0.202272 0.00203716 0)
(0.202271 0.00201555 0)
(0.202272 0.0019991 0)
(0.202271 0.00197855 0)
(0.202273 0.00196335 0)
(0.202272 0.00194393 0)
(0.202273 0.00193012 0)
(0.202272 0.00191199 0)
(0.202273 0.00189968 0)
(0.202271 0.00188297 0)
(0.202272 0.00187229 0)
(0.20227 0.0018571 0)
(0.202271 0.00184815 0)
(0.202268 0.00183461 0)
(0.202269 0.00182754 0)
(0.202266 0.00181577 0)
(0.202266 0.00181081 0)
(0.202263 0.00180101 0)
(0.202263 0.00179838 0)
(0.202259 0.00179081 0)
(0.199616 0.00235651 0)
(0.199813 0.00222037 0)
(0.200168 0.00222662 0)
(0.20048 0.00238373 0)
(0.200685 0.00264133 0)
(0.200786 0.00293469 0)
(0.200813 0.00321127 0)
(0.200806 0.00343973 0)
(0.200796 0.0036119 0)
(0.2008 0.00373313 0)
(0.200824 0.00381677 0)
(0.200867 0.00387536 0)
(0.200922 0.00391969 0)
(0.200983 0.00395485 0)
(0.201044 0.00398414 0)
(0.201102 0.00400708 0)
(0.201156 0.00402418 0)
(0.201203 0.00403389 0)
(0.201245 0.00403712 0)
(0.201282 0.00403294 0)
(0.201316 0.00402311 0)
(0.201346 0.00400717 0)
(0.201374 0.00398713 0)
(0.2014 0.00396244 0)
(0.201423 0.00393501 0)
(0.201445 0.00390397 0)
(0.201465 0.00387121 0)
(0.201482 0.00383548 0)
(0.201499 0.00379882 0)
(0.201513 0.00375967 0)
(0.201526 0.00372016 0)
(0.201537 0.00367861 0)
(0.201548 0.00363719 0)
(0.201557 0.00359413 0)
(0.201566 0.00355164 0)
(0.201574 0.00350774 0)
(0.201581 0.00346485 0)
(0.201587 0.00342067 0)
(0.201593 0.00337788 0)
(0.201598 0.00333385 0)
(0.201603 0.00329145 0)
(0.201607 0.00324793 0)
(0.201611 0.00320619 0)
(0.201615 0.00316338 0)
(0.201618 0.00312257 0)
(0.201621 0.00308062 0)
(0.201624 0.00304095 0)
(0.201627 0.00300005 0)
(0.20163 0.00296165 0)
(0.201632 0.00292199 0)
(0.201635 0.00288494 0)
(0.201637 0.00284658 0)
(0.201639 0.00281092 0)
(0.201641 0.00277377 0)
(0.201644 0.0027395 0)
(0.201646 0.00270348 0)
(0.201648 0.00267049 0)
(0.20165 0.00263564 0)
(0.201653 0.00260391 0)
(0.201655 0.00257025 0)
(0.201657 0.00253988 0)
(0.201659 0.00250741 0)
(0.201662 0.00247851 0)
(0.201664 0.00244729 0)
(0.201667 0.00241974 0)
(0.201669 0.00238975 0)
(0.201672 0.00236347 0)
(0.201674 0.00233455 0)
(0.201678 0.0023095 0)
(0.20168 0.00228155 0)
(0.201683 0.00225769 0)
(0.201685 0.00223081 0)
(0.201688 0.00220815 0)
(0.201691 0.00218239 0)
(0.201694 0.00216107 0)
(0.201696 0.00213641 0)
(0.2017 0.00211641 0)
(0.201702 0.00209289 0)
(0.201705 0.00207412 0)
(0.201707 0.00205165 0)
(0.20171 0.00203411 0)
(0.201713 0.00201262 0)
(0.201716 0.00199629 0)
(0.201718 0.00197588 0)
(0.201721 0.0019608 0)
(0.201723 0.00194155 0)
(0.201726 0.00192791 0)
(0.201728 0.00190995 0)
(0.20173 0.00189783 0)
(0.201732 0.00188132 0)
(0.201734 0.00187083 0)
(0.201736 0.00185583 0)
(0.201737 0.00184708 0)
(0.201739 0.00183371 0)
(0.20174 0.00182682 0)
(0.201741 0.0018152 0)
(0.201742 0.0018104 0)
(0.201744 0.00180071 0)
(0.201744 0.00179819 0)
(0.201745 0.00179065 0)
(0.199097 0.00272673 0)
(0.199378 0.00285161 0)
(0.199864 0.00297587 0)
(0.200298 0.00310084 0)
(0.200572 0.0032256 0)
(0.200675 0.00334648 0)
(0.20065 0.00346024 0)
(0.20056 0.0035632 0)
(0.200462 0.00365446 0)
(0.20039 0.00373327 0)
(0.200358 0.00380112 0)
(0.200363 0.00385849 0)
(0.200392 0.003907 0)
(0.200435 0.00394644 0)
(0.20048 0.00397781 0)
(0.200522 0.00400053 0)
(0.20056 0.00401593 0)
(0.200591 0.00402352 0)
(0.200618 0.00402501 0)
(0.200642 0.00401991 0)
(0.200664 0.00401008 0)
(0.200683 0.00399491 0)
(0.200702 0.00397619 0)
(0.20072 0.00395313 0)
(0.200737 0.00392742 0)
(0.200753 0.00389808 0)
(0.200768 0.00386687 0)
(0.200782 0.00383256 0)
(0.200794 0.00379713 0)
(0.200806 0.00375908 0)
(0.200817 0.00372058 0)
(0.200827 0.00367993 0)
(0.200837 0.00363933 0)
(0.200845 0.00359699 0)
(0.200854 0.00355511 0)
(0.200861 0.00351178 0)
(0.200869 0.00346933 0)
(0.200876 0.00342555 0)
(0.200882 0.00338304 0)
(0.200888 0.00333925 0)
(0.200894 0.00329702 0)
(0.2009 0.00325359 0)
(0.200906 0.00321187 0)
(0.200911 0.00316903 0)
(0.200917 0.00312809 0)
(0.200922 0.00308602 0)
(0.200927 0.00304615 0)
(0.200932 0.00300502 0)
(0.200937 0.00296638 0)
(0.200941 0.00292643 0)
(0.200946 0.00288907 0)
(0.200951 0.00285039 0)
(0.200956 0.00281436 0)
(0.20096 0.00277687 0)
(0.200965 0.00274221 0)
(0.20097 0.00270583 0)
(0.200974 0.00267249 0)
(0.200979 0.0026373 0)
(0.200984 0.00260524 0)
(0.200989 0.00257133 0)
(0.200993 0.00254068 0)
(0.200998 0.00250803 0)
(0.201003 0.0024789 0)
(0.201008 0.00244751 0)
(0.201012 0.00241977 0)
(0.201017 0.00238963 0)
(0.201022 0.00236315 0)
(0.201027 0.0023341 0)
(0.201032 0.00230886 0)
(0.201038 0.00228079 0)
(0.201042 0.00225678 0)
(0.201048 0.00222979 0)
(0.201053 0.002207 0)
(0.201058 0.00218118 0)
(0.201063 0.00215975 0)
(0.201069 0.00213505 0)
(0.201073 0.00211498 0)
(0.201079 0.00209142 0)
(0.201084 0.00207257 0)
(0.20109 0.00205009 0)
(0.201094 0.00203248 0)
(0.2011 0.00201099 0)
(0.201104 0.00199463 0)
(0.20111 0.00197424 0)
(0.201114 0.00195917 0)
(0.20112 0.00193999 0)
(0.201123 0.00192638 0)
(0.20113 0.00190853 0)
(0.201133 0.00189649 0)
(0.201139 0.00188012 0)
(0.201141 0.00186973 0)
(0.201148 0.0018549 0)
(0.20115 0.00184626 0)
(0.201157 0.00183307 0)
(0.201158 0.00182629 0)
(0.201165 0.00181486 0)
(0.201166 0.00181014 0)
(0.201173 0.00180063 0)
(0.201173 0.00179817 0)
(0.201181 0.00179078 0)
(0.199214 0.00309965 0)
(0.19938 0.00349819 0)
(0.199715 0.00375653 0)
(0.200009 0.00386351 0)
(0.200189 0.0038615 0)
(0.200253 0.00380553 0)
(0.200234 0.00374468 0)
(0.200173 0.00370802 0)
(0.200106 0.00370631 0)
(0.200055 0.00373464 0)
(0.200027 0.00378254 0)
(0.200021 0.00383687 0)
(0.200031 0.00388853 0)
(0.200048 0.00393105 0)
(0.200066 0.00396305 0)
(0.200084 0.00398391 0)
(0.200099 0.00399587 0)
(0.200112 0.00399963 0)
(0.200122 0.00399774 0)
(0.200132 0.00399018 0)
(0.200141 0.00397887 0)
(0.200149 0.00396305 0)
(0.200157 0.00394428 0)
(0.200165 0.00392155 0)
(0.200173 0.00389636 0)
(0.200181 0.00386764 0)
(0.200188 0.00383702 0)
(0.200195 0.00380333 0)
(0.200202 0.00376844 0)
(0.200208 0.00373095 0)
(0.200214 0.00369299 0)
(0.20022 0.0036529 0)
(0.200226 0.00361284 0)
(0.200232 0.00357102 0)
(0.200237 0.00352962 0)
(0.200242 0.00348679 0)
(0.200247 0.00344475 0)
(0.200253 0.0034014 0)
(0.200257 0.00335924 0)
(0.200262 0.0033158 0)
(0.200267 0.00327389 0)
(0.200272 0.00323075 0)
(0.200277 0.0031893 0)
(0.200282 0.00314674 0)
(0.200286 0.00310603 0)
(0.200291 0.00306425 0)
(0.200295 0.0030246 0)
(0.2003 0.00298378 0)
(0.200305 0.00294538 0)
(0.20031 0.0029057 0)
(0.200314 0.00286857 0)
(0.200319 0.00283014 0)
(0.200323 0.00279425 0)
(0.200328 0.00275698 0)
(0.200333 0.00272241 0)
(0.200338 0.0026862 0)
(0.200343 0.00265292 0)
(0.200348 0.00261785 0)
(0.200353 0.00258584 0)
(0.200358 0.00255206 0)
(0.200363 0.00252143 0)
(0.200368 0.00248893 0)
(0.200373 0.0024598 0)
(0.200379 0.00242852 0)
(0.200384 0.00240079 0)
(0.20039 0.00237074 0)
(0.200394 0.00234422 0)
(0.2004 0.0023153 0)
(0.200405 0.00229 0)
(0.200411 0.00226207 0)
(0.200416 0.00223805 0)
(0.200423 0.00221122 0)
(0.200427 0.00218844 0)
(0.200434 0.00216284 0)
(0.200438 0.00214141 0)
(0.200446 0.00211697 0)
(0.20045 0.00209692 0)
(0.200457 0.00207361 0)
(0.200461 0.00205479 0)
(0.200469 0.00203261 0)
(0.200473 0.00201501 0)
(0.200481 0.00199385 0)
(0.200485 0.00197752 0)
(0.200493 0.00195748 0)
(0.200497 0.00194244 0)
(0.200505 0.00192365 0)
(0.200508 0.00191008 0)
(0.200517 0.00189263 0)
(0.20052 0.00188063 0)
(0.200529 0.00186469 0)
(0.200532 0.00185432 0)
(0.200541 0.00183994 0)
(0.200543 0.00183134 0)
(0.200553 0.00181859 0)
(0.200555 0.00181183 0)
(0.200565 0.00180085 0)
(0.200566 0.00179613 0)
(0.200576 0.00178707 0)
(0.200577 0.0017846 0)
(0.200588 0.00177765 0)
(0.215235 0.000386779 0)
(0.183736 -8.94714e-05 0)
(0.214375 0.000203562 0)
(0.182739 0.000147162 0)
(0.212176 0.000386073 0)
(0.180068 0.000921513 0)
(0.208902 0.00174355 0)
(0.208387 0.000451346 0)
(0.192811 4.32613e-05 0)
(0.205455 0.000217639 0)
(0.193703 0.000519829 0)
(0.201104 0.000687645 0)
(0.193623 0.0021474 0)
(0.1958 0.00340161 0)
(0.202906 0.000302199 0)
(0.198211 0.000299333 0)
(0.200913 0.000286365 0)
(0.197979 0.000837362 0)
(0.198244 0.00121568 0)
(0.196587 0.00270814 0)
(0.195916 0.00458413 0)
(0.200691 0.00021077 0)
(0.199665 0.000431008 0)
(0.199735 0.000460716 0)
(0.198773 0.00105083 0)
(0.198079 0.00171723 0)
(0.197264 0.00306503 0)
(0.196783 0.00497686 0)
(0.200117 0.000184324 0)
(0.199844 0.000500986 0)
(0.199518 0.000657119 0)
(0.198901 0.00125787 0)
(0.19826 0.00207357 0)
(0.197691 0.00334493 0)
(0.197404 0.00501116 0)
(0.200014 0.00018746 0)
(0.199835 0.000550891 0)
(0.199503 0.000846201 0)
(0.199008 0.0014537 0)
(0.198494 0.00233711 0)
(0.198089 0.00352286 0)
(0.197933 0.00497245 0)
(0.2 0.000200652 0)
(0.199835 0.000599729 0)
(0.199542 0.00101255 0)
(0.199143 0.00163493 0)
(0.198746 0.00253238 0)
(0.198468 0.00363104 0)
(0.198412 0.00490936 0)
(0.199999 0.000217278 0)
(0.199849 0.000652488 0)
(0.199599 0.00115085 0)
(0.199288 0.00179398 0)
(0.198994 0.00267422 0)
(0.198819 0.00369292 0)
(0.198838 0.00482833 0)
(0.199998 0.000235157 0)
(0.19987 0.00070727 0)
(0.199665 0.00126328 0)
(0.199431 0.001925 0)
(0.199226 0.00277423 0)
(0.199135 0.00371793 0)
(0.19921 0.0047292 0)
(0.199998 0.000252792 0)
(0.199894 0.000760994 0)
(0.199734 0.0013536 0)
(0.199567 0.00202703 0)
(0.199437 0.00283971 0)
(0.199413 0.00371227 0)
(0.199528 0.0046145 0)
(0.199998 0.000269195 0)
(0.199919 0.00081064 0)
(0.199802 0.00142524 0)
(0.199694 0.00210183 0)
(0.199626 0.00287607 0)
(0.199655 0.00368164 0)
(0.199798 0.00448894 0)
(0.199998 0.00028371 0)
(0.199943 0.0008539 0)
(0.199866 0.00148048 0)
(0.199809 0.00215233 0)
(0.199793 0.00288791 0)
(0.199861 0.00363146 0)
(0.200023 0.00435705 0)
(0.199998 0.000295919 0)
(0.199966 0.000889253 0)
(0.199926 0.00152072 0)
(0.199911 0.00218159 0)
(0.199937 0.00287952 0)
(0.200036 0.00356656 0)
(0.20021 0.00422225 0)
(0.199998 0.000305679 0)
(0.199986 0.000915882 0)
(0.199979 0.00154693 0)
(0.200001 0.0021923 0)
(0.200061 0.00285458 0)
(0.200182 0.00349138 0)
(0.200362 0.00408698 0)
(0.199999 0.000312191 0)
(0.200005 0.000934334 0)
(0.200026 0.001559 0)
(0.200079 0.00218791 0)
(0.200166 0.00281449 0)
(0.200301 0.00341096 0)
(0.200483 0.00395326 0)
(0.199999 0.00031404 0)
(0.20002 0.000943713 0)
(0.200067 0.00155606 0)
(0.200146 0.00217048 0)
(0.200255 0.0027591 0)
(0.200399 0.00332599 0)
(0.200578 0.00382344 0)
(0.2 0.0003191 0)
(0.200035 0.000932118 0)
(0.200104 0.00154699 0)
(0.200203 0.00212726 0)
(0.200331 0.00270229 0)
(0.200482 0.00321625 0)
(0.20065 0.00370225 0)
(0.199999 0.000313713 0)
(0.200049 0.000921865 0)
(0.200135 0.00150926 0)
(0.200255 0.00207883 0)
(0.200392 0.00262381 0)
(0.200554 0.00311055 0)
(0.200711 0.00353553 0)
(0.200001 0.000309983 0)
(0.200057 0.000899018 0)
(0.200165 0.00146084 0)
(0.200301 0.00199942 0)
(0.200449 0.00253218 0)
(0.200595 0.00304554 0)
(0.20077 0.00351284 0)
(0.199999 0.000311191 0)
(0.200065 0.000866055 0)
(0.200183 0.00141675 0)
(0.200347 0.00190189 0)
(0.200532 0.00240003 0)
(0.200721 0.0028543 0)
(0.200837 0.00332911 0)
(0.200001 0.00030808 0)
(0.200067 0.000850398 0)
(0.200199 0.00136311 0)
(0.200367 0.00183651 0)
(0.200556 0.00229443 0)
(0.200757 0.00271553 0)
(0.201002 0.00313518 0)
(0.2 0.000326918 0)
(0.200058 0.000879829 0)
(0.200205 0.00139203 0)
(0.200406 0.00183881 0)
(0.200633 0.00226635 0)
(0.200874 0.00264646 0)
(0.201113 0.00302371 0)
(0.2 0.000356813 0)
(0.200039 0.0010117 0)
(0.200175 0.00154912 0)
(0.200358 0.00196966 0)
(0.200569 0.00228232 0)
(0.200808 0.00250896 0)
(0.201083 0.00269309 0)
(0.2 0.000381524 0)
(0.200009 0.00119027 0)
(0.200072 0.00178697 0)
(0.20016 0.00225173 0)
(0.200273 0.00250587 0)
(0.200435 0.00266093 0)
(0.200714 0.002634 0)
(0.2 0.000370821 0)
(0.200007 0.00117594 0)
(0.199974 0.0017534 0)
(0.199928 0.00220112 0)
(0.199882 0.00243051 0)
(0.199815 0.00256763 0)
(0.199666 0.00251653 0)
(0.2 0.000297759 0)
(0.199969 0.00087532 0)
(0.199828 0.00136201 0)
(0.19965 0.00176396 0)
(0.199469 0.00209024 0)
(0.199291 0.00235565 0)
(0.199104 0.00256811 0)
(0.2 0.000175844 0)
(0.199996 0.000412252 0)
(0.199903 0.000747357 0)
(0.199786 0.00111381 0)
(0.199668 0.00158369 0)
(0.199529 0.00205228 0)
(0.199314 0.00259651 0)
)
;

boundaryField
{
    top
    {
        type            zeroGradient;
    }
    inlet
    {
        type            fixedValue;
        value           uniform (0.2 0 0);
    }
    outlet
    {
        type            zeroGradient;
    }
    plate
    {
        type            fixedValue;
        value           uniform (0 0 0);
    }
    symmBound
    {
        type            zeroGradient;
    }
    frontAndBack
    {
        type            empty;
    }
}


// ************************************************************************* //
