/*--------------------------------*- C++ -*----------------------------------*\
| =========                 |                                                 |
| \\      /  F ield         | OpenFOAM: The Open Source CFD Toolbox           |
|  \\    /   O peration     | Version:  2.3.0                                 |
|   \\  /    A nd           | Web:      www.OpenFOAM.org                      |
|    \\/     M anipulation  |                                                 |
\*---------------------------------------------------------------------------*/
FoamFile
{
    version     2.0;
    format      ascii;
    class       volScalarField;
    location    "0.15";
    object      p;
}
// * * * * * * * * * * * * * * * * * * * * * * * * * * * * * * * * * * * * * //

dimensions      [0 2 -2 0 0 0 0];

internalField   nonuniform List<scalar> 
5940
(
0.00292621
0.00260436
0.00190464
0.00121966
0.000658658
0.000204068
-0.000163619
-0.000438956
-0.000612956
-0.000695367
-0.000712261
-0.000692244
-0.000657251
-0.000620739
-0.00058936
-0.000565174
-0.000547674
-0.000535348
-0.000526603
-0.000520132
-0.000514987
-0.000510545
-0.000506447
-0.000502515
-0.000498684
-0.000494945
-0.000491309
-0.000487792
-0.000484398
-0.00048112
-0.000477938
-0.000474827
-0.000471766
-0.000468735
-0.000465715
-0.000462685
-0.000459616
-0.00045648
-0.00045324
-0.00044986
-0.000446305
-0.000442542
-0.000438539
-0.00043426
-0.000429665
-0.00042471
-0.000419348
-0.000413533
-0.00040722
-0.000400361
-0.00039291
-0.000384826
-0.000376069
-0.0003666
-0.000356388
-0.000345433
-0.000333769
-0.000321445
-0.000308476
-0.000295115
-0.000281483
-0.000267675
-0.000253909
-0.000240318
-0.000227049
-0.000214237
-0.000201966
-0.0001903
-0.000179272
-0.00016889
-0.00015914
-0.000149992
-0.000141406
-0.000133341
-0.000125752
-0.000118595
-0.000111832
-0.000105429
-9.93568e-05
-9.35935e-05
-8.81216e-05
-8.29267e-05
-7.79967e-05
-7.332e-05
-6.88858e-05
-6.46839e-05
-6.07045e-05
-5.69392e-05
-5.33806e-05
-5.00225e-05
-4.68592e-05
-4.38849e-05
-4.10937e-05
-3.84786e-05
-3.60319e-05
-3.37446e-05
-3.16074e-05
-2.96103e-05
-2.77434e-05
-2.5997e-05
-2.43619e-05
-2.28295e-05
-2.13921e-05
-2.00428e-05
-1.87752e-05
-1.75837e-05
-1.64634e-05
-1.54098e-05
-1.44187e-05
-1.34865e-05
-1.26097e-05
-1.17852e-05
-1.10098e-05
-1.0281e-05
-9.59596e-06
-8.95226e-06
-8.3475e-06
-7.77949e-06
-7.24605e-06
-6.74522e-06
-6.27503e-06
-5.83373e-06
-5.4195e-06
-5.0308e-06
-4.66597e-06
-4.32365e-06
-4.0023e-06
-3.70074e-06
-3.41753e-06
-3.15166e-06
-2.9018e-06
-2.66706e-06
-2.4462e-06
-2.23847e-06
-2.04269e-06
-1.85824e-06
-1.68401e-06
-1.51947e-06
-1.36357e-06
-1.21589e-06
-1.07542e-06
-9.41829e-07
-8.14199e-07
-6.92198e-07
-5.75076e-07
-4.62451e-07
-3.53843e-07
-2.48677e-07
-1.47027e-07
-4.76341e-08
0.00240099
0.00221615
0.00173775
0.0011703
0.000656597
0.000231558
-0.000109019
-0.000364605
-0.00053308
-0.00062198
-0.000650849
-0.000643503
-0.000619738
-0.000592224
-0.000567594
-0.000548179
-0.000533913
-0.000523755
-0.000516502
-0.000511117
-0.000506816
-0.000503071
-0.000499572
-0.00049617
-0.000492814
-0.000489505
-0.000486259
-0.000483097
-0.00048003
-0.000477051
-0.000474143
-0.000471285
-0.000468458
-0.000465643
-0.000462827
-0.000459988
-0.000457101
-0.000454137
-0.000451061
-0.000447838
-0.000444432
-0.000440813
-0.000436947
-0.000432801
-0.000428336
-0.000423507
-0.000418266
-0.00041257
-0.000406372
-0.000399626
-0.000392282
-0.000384301
-0.000375642
-0.000366265
-0.000356141
-0.00034527
-0.000333681
-0.000321422
-0.000308599
-0.000295221
-0.000281642
-0.000267842
-0.000254085
-0.00024049
-0.00022721
-0.000214387
-0.000202105
-0.000190427
-0.000179388
-0.000168997
-0.000159239
-0.000150084
-0.000141493
-0.000133424
-0.00012583
-0.000118671
-0.000111905
-0.000105498
-9.94226e-05
-9.36558e-05
-8.81803e-05
-8.29818e-05
-7.80483e-05
-7.33683e-05
-6.89311e-05
-6.47261e-05
-6.07437e-05
-5.69755e-05
-5.3414e-05
-5.00531e-05
-4.6887e-05
-4.39102e-05
-4.11166e-05
-3.84995e-05
-3.6051e-05
-3.37623e-05
-3.16238e-05
-2.96257e-05
-2.77579e-05
-2.60106e-05
-2.43748e-05
-2.28417e-05
-2.14037e-05
-2.00538e-05
-1.87856e-05
-1.75936e-05
-1.64727e-05
-1.54186e-05
-1.4427e-05
-1.34943e-05
-1.2617e-05
-1.1792e-05
-1.10163e-05
-1.02871e-05
-9.60166e-06
-8.95761e-06
-8.35251e-06
-7.78419e-06
-7.25045e-06
-6.74935e-06
-6.27889e-06
-5.83734e-06
-5.42287e-06
-5.03396e-06
-4.66891e-06
-4.3264e-06
-4.00486e-06
-3.70312e-06
-3.41976e-06
-3.15373e-06
-2.90372e-06
-2.66885e-06
-2.44785e-06
-2.24e-06
-2.0441e-06
-1.85954e-06
-1.6852e-06
-1.52056e-06
-1.36457e-06
-1.2168e-06
-1.07625e-06
-9.42571e-07
-8.14869e-07
-6.92785e-07
-5.75607e-07
-4.62897e-07
-3.54252e-07
-2.48989e-07
-1.47342e-07
-4.7814e-08
0.00202517
0.00190474
0.00158393
0.00113516
0.000682643
0.000293165
-1.86319e-05
-0.000255215
-0.000420662
-0.000521291
-0.00056931
-0.000581375
-0.000573793
-0.000558651
-0.000542714
-0.000528974
-0.000518242
-0.000510283
-0.000504481
-0.000500163
-0.000496741
-0.000493777
-0.000490997
-0.000488263
-0.000485527
-0.000482787
-0.000480064
-0.000477377
-0.000474741
-0.000472152
-0.000469597
-0.000467056
-0.000464514
-0.000461959
-0.000459382
-0.000456764
-0.000454084
-0.000451315
-0.000448423
-0.000445372
-0.00044213
-0.000438666
-0.00043495
-0.000430949
-0.000426624
-0.000421931
-0.000416822
-0.000411253
-0.00040518
-0.000398556
-0.000391332
-0.000383466
-0.000374921
-0.000365654
-0.000355631
-0.00034485
-0.000333344
-0.000321156
-0.000308376
-0.00029514
-0.000281509
-0.000267722
-0.000254014
-0.000240446
-0.00022718
-0.00021437
-0.000202093
-0.000190421
-0.000179387
-0.000168998
-0.000159243
-0.00015009
-0.000141502
-0.000133435
-0.000125844
-0.000118686
-0.000111922
-0.000105516
-9.94408e-05
-9.36735e-05
-8.81971e-05
-8.29975e-05
-7.80628e-05
-7.33817e-05
-6.89432e-05
-6.4737e-05
-6.07533e-05
-5.69836e-05
-5.34205e-05
-5.00579e-05
-4.68902e-05
-4.3912e-05
-4.11173e-05
-3.84994e-05
-3.60503e-05
-3.37614e-05
-3.16229e-05
-2.96249e-05
-2.77574e-05
-2.60105e-05
-2.43749e-05
-2.28422e-05
-2.14044e-05
-2.00547e-05
-1.87866e-05
-1.75947e-05
-1.64739e-05
-1.54198e-05
-1.44282e-05
-1.34955e-05
-1.26182e-05
-1.17932e-05
-1.10174e-05
-1.02881e-05
-9.60269e-06
-8.9586e-06
-8.35347e-06
-7.78511e-06
-7.25134e-06
-6.7502e-06
-6.27971e-06
-5.83813e-06
-5.42363e-06
-5.03469e-06
-4.66961e-06
-4.32707e-06
-4.0055e-06
-3.70375e-06
-3.42035e-06
-3.15431e-06
-2.90427e-06
-2.66938e-06
-2.44835e-06
-2.24049e-06
-2.04457e-06
-1.86e-06
-1.68563e-06
-1.52098e-06
-1.36496e-06
-1.21718e-06
-1.07661e-06
-9.42915e-07
-8.15194e-07
-6.93085e-07
-5.75888e-07
-4.63136e-07
-3.54474e-07
-2.49142e-07
-1.47458e-07
-4.78338e-08
0.00177398
0.00167579
0.00144501
0.00109519
0.000709368
0.000359039
7.29826e-05
-0.000147286
-0.000307871
-0.000415322
-0.000478013
-0.000507272
-0.000515464
-0.000512965
-0.000506509
-0.000499642
-0.000493835
-0.000489435
-0.000486269
-0.000483971
-0.000482164
-0.000480547
-0.00047893
-0.000477218
-0.000475384
-0.000473441
-0.000471422
-0.000469362
-0.000467284
-0.000465194
-0.000463086
-0.000460945
-0.000458762
-0.000456531
-0.000454247
-0.0004519
-0.000449471
-0.000446938
-0.000444267
-0.000441425
-0.000438378
-0.0004351
-0.000431562
-0.000427732
-0.000423575
-0.000419045
-0.000414095
-0.00040868
-0.000402758
-0.000396284
-0.000389207
-0.000381487
-0.000373088
-0.000363966
-0.000354088
-0.000343453
-0.000332091
-0.00032005
-0.000307407
-0.000294293
-0.000280801
-0.00026719
-0.000253521
-0.000240035
-0.000226838
-0.000214105
-0.000201884
-0.000190256
-0.000179261
-0.000168901
-0.000159167
-0.00015003
-0.000141455
-0.000133398
-0.000125815
-0.000118664
-0.000111906
-0.000105504
-9.94321e-05
-9.36673e-05
-8.81928e-05
-8.29947e-05
-7.80612e-05
-7.33811e-05
-6.89435e-05
-6.47376e-05
-6.07539e-05
-5.69836e-05
-5.34195e-05
-5.00555e-05
-4.68864e-05
-4.39069e-05
-4.11111e-05
-3.84923e-05
-3.60428e-05
-3.37538e-05
-3.16155e-05
-2.9618e-05
-2.7751e-05
-2.60047e-05
-2.43698e-05
-2.28377e-05
-2.14004e-05
-2.00512e-05
-1.87835e-05
-1.7592e-05
-1.64715e-05
-1.54176e-05
-1.44263e-05
-1.34938e-05
-1.26167e-05
-1.17918e-05
-1.10162e-05
-1.0287e-05
-9.60169e-06
-8.95772e-06
-8.35269e-06
-7.78443e-06
-7.25074e-06
-6.7497e-06
-6.27928e-06
-5.83777e-06
-5.42334e-06
-5.03447e-06
-4.66944e-06
-4.32697e-06
-4.00544e-06
-3.70374e-06
-3.42038e-06
-3.15439e-06
-2.90438e-06
-2.66953e-06
-2.44854e-06
-2.24071e-06
-2.04481e-06
-1.86028e-06
-1.68593e-06
-1.52132e-06
-1.36532e-06
-1.21755e-06
-1.077e-06
-9.4332e-07
-8.15607e-07
-6.93496e-07
-5.76296e-07
-4.63516e-07
-3.54823e-07
-2.49423e-07
-1.47624e-07
-4.78983e-08
0.00158331
0.00149399
0.00131337
0.00103817
0.000716739
0.000408544
0.000147992
-5.71248e-05
-0.000211141
-0.000320509
-0.000391923
-0.000433409
-0.000454066
-0.000462331
-0.000464462
-0.000464238
-0.000463531
-0.000463051
-0.000462921
-0.000463013
-0.00046314
-0.000463147
-0.000462934
-0.000462456
-0.000461713
-0.000460739
-0.000459584
-0.000458296
-0.000456907
-0.000455433
-0.000453876
-0.000452231
-0.000450493
-0.00044866
-0.000446734
-0.000444712
-0.000442582
-0.000440323
-0.000437907
-0.000435303
-0.00043248
-0.000429411
-0.000426072
-0.000422434
-0.000418463
-0.000414117
-0.000409347
-0.00040411
-0.000398365
-0.000392068
-0.000385173
-0.000377639
-0.000369433
-0.000360512
-0.000350848
-0.000340437
-0.000329313
-0.000317524
-0.000305142
-0.000292278
-0.000279052
-0.000265673
-0.000252267
-0.000238992
-0.000226013
-0.00021342
-0.00020134
-0.000189825
-0.00017892
-0.000168629
-0.000158955
-0.000149862
-0.000141318
-0.000133286
-0.000125723
-0.000118587
-0.000111842
-0.000105451
-9.93884e-05
-9.36315e-05
-8.8164e-05
-8.29722e-05
-7.80446e-05
-7.33698e-05
-6.89369e-05
-6.4735e-05
-6.07542e-05
-5.69857e-05
-5.34224e-05
-5.00584e-05
-4.68884e-05
-4.39077e-05
-4.11105e-05
-3.84904e-05
-3.60398e-05
-3.37499e-05
-3.16111e-05
-2.96133e-05
-2.77462e-05
-2.6e-05
-2.43653e-05
-2.28335e-05
-2.13966e-05
-2.00476e-05
-1.87803e-05
-1.7589e-05
-1.64688e-05
-1.54151e-05
-1.4424e-05
-1.34917e-05
-1.26148e-05
-1.17902e-05
-1.10147e-05
-1.02857e-05
-9.60054e-06
-8.95672e-06
-8.35182e-06
-7.78369e-06
-7.25012e-06
-6.74919e-06
-6.27887e-06
-5.83747e-06
-5.42312e-06
-5.03434e-06
-4.6694e-06
-4.327e-06
-4.00555e-06
-3.70392e-06
-3.42062e-06
-3.15469e-06
-2.90474e-06
-2.66995e-06
-2.449e-06
-2.24123e-06
-2.04537e-06
-1.86089e-06
-1.68658e-06
-1.52201e-06
-1.36604e-06
-1.21832e-06
-1.07779e-06
-9.44134e-07
-8.16439e-07
-6.94331e-07
-5.77122e-07
-4.64312e-07
-3.55553e-07
-2.50065e-07
-1.48059e-07
-4.81759e-08
0.00142509
0.00134109
0.00119101
0.000970003
0.000705301
0.000439644
0.00020548
1.5502e-05
-0.000130948
-0.000239153
-0.000314982
-0.00036459
-0.000394668
-0.000411815
-0.000421458
-0.000427269
-0.000431319
-0.000434581
-0.000437402
-0.000439845
-0.000441884
-0.000443491
-0.00044466
-0.000445401
-0.000445747
-0.00044575
-0.000445472
-0.000444969
-0.000444282
-0.000443437
-0.000442446
-0.000441313
-0.000440038
-0.000438621
-0.000437067
-0.00043538
-0.000433554
-0.000431573
-0.000429414
-0.000427047
-0.000424446
-0.000421586
-0.000418442
-0.000414992
-0.000411204
-0.000407039
-0.00040245
-0.000397395
-0.000391836
-0.000385731
-0.000379038
-0.00037172
-0.000363744
-0.000355075
-0.000345684
-0.000335576
-0.000324781
-0.000313343
-0.000301328
-0.000288845
-0.000276028
-0.00026304
-0.000250004
-0.000237068
-0.000224394
-0.000212093
-0.000200264
-0.00018896
-0.000178213
-0.00016806
-0.000158486
-0.000149476
-0.000140997
-0.000133014
-0.00012549
-0.000118386
-0.000111669
-0.000105303
-9.92611e-05
-9.35232e-05
-8.80727e-05
-8.28966e-05
-7.79833e-05
-7.33219e-05
-6.89011e-05
-6.47101e-05
-6.07385e-05
-5.69776e-05
-5.342e-05
-5.00599e-05
-4.68923e-05
-4.39125e-05
-4.11153e-05
-3.84945e-05
-3.60429e-05
-3.37517e-05
-3.16117e-05
-2.96128e-05
-2.77449e-05
-2.5998e-05
-2.43628e-05
-2.28306e-05
-2.13935e-05
-2.00444e-05
-1.87771e-05
-1.75859e-05
-1.64658e-05
-1.54124e-05
-1.44214e-05
-1.34893e-05
-1.26126e-05
-1.17881e-05
-1.10129e-05
-1.02841e-05
-9.5991e-06
-8.95547e-06
-8.35074e-06
-7.78278e-06
-7.24937e-06
-6.74859e-06
-6.27841e-06
-5.83714e-06
-5.42292e-06
-5.03426e-06
-4.66943e-06
-4.32714e-06
-4.00578e-06
-3.70424e-06
-3.42103e-06
-3.15519e-06
-2.90532e-06
-2.67061e-06
-2.44974e-06
-2.24203e-06
-2.04625e-06
-1.86183e-06
-1.68759e-06
-1.52307e-06
-1.36717e-06
-1.21949e-06
-1.07902e-06
-9.45391e-07
-8.17725e-07
-6.9563e-07
-5.78409e-07
-4.65571e-07
-3.56708e-07
-2.51114e-07
-1.48813e-07
-4.86841e-08
0.00128904
0.00120988
0.00108128
0.000900151
0.000682238
0.000456245
0.000248852
7.4597e-05
-6.36659e-05
-0.000169162
-0.000246787
-0.00030157
-0.000338616
-0.000362983
-0.000379114
-0.000390318
-0.000398709
-0.000405443
-0.000411053
-0.000415753
-0.000419643
-0.000422809
-0.000425324
-0.000427253
-0.000428655
-0.000429604
-0.000430175
-0.000430432
-0.000430421
-0.000430175
-0.000429721
-0.000429071
-0.000428231
-0.000427205
-0.000426002
-0.000424627
-0.000423082
-0.000421351
-0.000419419
-0.000417263
-0.000414858
-0.00041218
-0.000409208
-0.00040592
-0.000402291
-0.000398283
-0.000393854
-0.000388966
-0.000383581
-0.000377661
-0.00037117
-0.000364075
-0.000356346
-0.000347952
-0.000338874
-0.000329116
-0.000318705
-0.000307684
-0.000296124
-0.000284125
-0.000271804
-0.000259295
-0.000246727
-0.000234249
-0.000221999
-0.000210077
-0.000198574
-0.000187547
-0.000177033
-0.000167069
-0.000157658
-0.000148777
-0.0001404
-0.000132498
-0.000125041
-0.000117994
-0.000111323
-0.000104998
-9.89944e-05
-9.32906e-05
-8.78711e-05
-8.27234e-05
-7.78362e-05
-7.31987e-05
-6.88001e-05
-6.46293e-05
-6.06761e-05
-5.69312e-05
-5.33873e-05
-5.00383e-05
-4.68794e-05
-4.39058e-05
-4.11128e-05
-3.84944e-05
-3.60437e-05
-3.37526e-05
-3.1612e-05
-2.96121e-05
-2.7743e-05
-2.59951e-05
-2.4359e-05
-2.2826e-05
-2.13884e-05
-2.00389e-05
-1.87714e-05
-1.75802e-05
-1.64602e-05
-1.54069e-05
-1.44162e-05
-1.34843e-05
-1.26079e-05
-1.17838e-05
-1.10089e-05
-1.02804e-05
-9.59574e-06
-8.95242e-06
-8.348e-06
-7.78034e-06
-7.24721e-06
-6.74669e-06
-6.27677e-06
-5.83575e-06
-5.42175e-06
-5.03331e-06
-4.66868e-06
-4.32658e-06
-4.00541e-06
-3.70404e-06
-3.421e-06
-3.1553e-06
-2.90558e-06
-2.67101e-06
-2.45027e-06
-2.2427e-06
-2.04704e-06
-1.86273e-06
-1.6886e-06
-1.52419e-06
-1.36839e-06
-1.2208e-06
-1.08041e-06
-9.46861e-07
-8.19251e-07
-6.97203e-07
-5.79978e-07
-4.67139e-07
-3.58154e-07
-2.52452e-07
-1.49789e-07
-4.9326e-08
0.00117067
0.00109665
0.000984909
0.000833855
0.000653249
0.000462036
0.000280471
0.000122369
-7.12539e-06
-0.000108976
-0.000186764
-0.000244618
-0.000286597
-0.000316599
-0.000338137
-0.000354035
-0.000366305
-0.000376205
-0.00038441
-0.000391252
-0.000396936
-0.000401629
-0.000405471
-0.000408568
-0.000411006
-0.000412879
-0.000414278
-0.000415275
-0.00041592
-0.000416254
-0.000416313
-0.000416123
-0.000415695
-0.000415038
-0.000414162
-0.00041308
-0.000411792
-0.00041029
-0.000408561
-0.00040659
-0.000404357
-0.000401838
-0.000399014
-0.000395866
-0.000392372
-0.000388498
-0.000384208
-0.000379467
-0.00037424
-0.000368495
-0.000362197
-0.00035532
-0.000347838
-0.000339727
-0.000330974
-0.000321583
-0.000311581
-0.000301015
-0.000289949
-0.000278468
-0.000266676
-0.000254703
-0.000242672
-0.000230708
-0.000218929
-0.000207434
-0.000196308
-0.000185613
-0.000175391
-0.000165673
-0.000156462
-0.000147744
-0.000139501
-0.000131709
-0.000124343
-0.000117374
-0.000110771
-0.000104507
-9.85584e-05
-9.29046e-05
-8.75308e-05
-8.24248e-05
-7.75759e-05
-7.29736e-05
-6.86074e-05
-6.44663e-05
-6.05405e-05
-5.68207e-05
-5.32991e-05
-4.99696e-05
-4.68271e-05
-4.38669e-05
-4.10841e-05
-3.84733e-05
-3.60278e-05
-3.37399e-05
-3.1601e-05
-2.96017e-05
-2.77326e-05
-2.59843e-05
-2.43476e-05
-2.28141e-05
-2.1376e-05
-2.00264e-05
-1.87588e-05
-1.75677e-05
-1.6448e-05
-1.53951e-05
-1.44048e-05
-1.34736e-05
-1.25978e-05
-1.17743e-05
-1.1e-05
-1.02721e-05
-9.58809e-06
-8.94537e-06
-8.34153e-06
-7.77442e-06
-7.24182e-06
-6.74181e-06
-6.27236e-06
-5.83179e-06
-5.41822e-06
-5.03018e-06
-4.66593e-06
-4.32419e-06
-4.00336e-06
-3.70231e-06
-3.41957e-06
-3.15416e-06
-2.90471e-06
-2.67039e-06
-2.4499e-06
-2.24255e-06
-2.04712e-06
-1.86301e-06
-1.6891e-06
-1.52486e-06
-1.36924e-06
-1.22182e-06
-1.08159e-06
-9.48175e-07
-8.20674e-07
-6.98733e-07
-5.81541e-07
-4.68747e-07
-3.59655e-07
-2.53865e-07
-1.50818e-07
-4.99702e-08
0.00106716
0.000998529
0.000900673
0.000772865
0.000621663
0.000459741
0.00030187
0.00015983
3.96713e-05
-5.77316e-05
-0.000134509
-0.000193859
-0.000239067
-0.000273209
-0.000299039
-0.000318871
-0.000334513
-0.000347237
-0.00035781
-0.000366656
-0.000374049
-0.00038022
-0.000385357
-0.000389598
-0.000393051
-0.000395827
-0.000398035
-0.000399754
-0.000401041
-0.000401942
-0.000402505
-0.000402764
-0.000402738
-0.000402437
-0.000401879
-0.000401079
-0.000400042
-0.00039876
-0.000397224
-0.000395429
-0.000393356
-0.000390985
-0.000388299
-0.000385283
-0.000381915
-0.000378165
-0.000374003
-0.0003694
-0.000364325
-0.000358746
-0.000352637
-0.000345976
-0.000338741
-0.000330912
-0.000322483
-0.000313463
-0.000303878
-0.00029377
-0.000283197
-0.000272236
-0.00026099
-0.000249573
-0.000238088
-0.000226646
-0.000215355
-0.000204313
-0.000193598
-0.000183268
-0.000173366
-0.000163917
-0.000154931
-0.000146404
-0.00013832
-0.000130662
-0.000123411
-0.000116539
-0.000110022
-0.000103835
-9.79546e-05
-9.23643e-05
-8.70489e-05
-8.19965e-05
-7.71966e-05
-7.26392e-05
-6.83142e-05
-6.42115e-05
-6.03209e-05
-5.66335e-05
-5.31416e-05
-4.9839e-05
-4.672e-05
-4.378e-05
-4.10139e-05
-3.84164e-05
-3.59811e-05
-3.37006e-05
-3.15669e-05
-2.95711e-05
-2.77041e-05
-2.59571e-05
-2.43211e-05
-2.27882e-05
-2.13506e-05
-2.00014e-05
-1.87344e-05
-1.7544e-05
-1.64251e-05
-1.53732e-05
-1.4384e-05
-1.34538e-05
-1.25791e-05
-1.17567e-05
-1.09835e-05
-1.02568e-05
-9.57382e-06
-8.93213e-06
-8.32928e-06
-7.76312e-06
-7.23141e-06
-6.73225e-06
-6.26362e-06
-5.8238e-06
-5.41096e-06
-5.02359e-06
-4.65999e-06
-4.31885e-06
-3.99859e-06
-3.69807e-06
-3.41584e-06
-3.1509e-06
-2.90191e-06
-2.66801e-06
-2.44793e-06
-2.24096e-06
-2.04589e-06
-1.86212e-06
-1.68853e-06
-1.5246e-06
-1.36927e-06
-1.22212e-06
-1.08214e-06
-9.48963e-07
-8.2165e-07
-6.999e-07
-5.8281e-07
-4.70126e-07
-3.6098e-07
-2.5514e-07
-1.51744e-07
-5.05197e-08
0.000976155
0.000912923
0.000826716
0.000717284
0.000589298
0.000451522
0.000314616
0.000188
7.75774e-05
-1.46336e-05
-8.94393e-05
-0.000149065
-0.000196119
-0.000233086
-0.000262138
-0.000285129
-0.000303612
-0.000318799
-0.000331498
-0.000342184
-0.000351174
-0.000358744
-0.000365123
-0.000370469
-0.000374905
-0.000378558
-0.000381551
-0.000383976
-0.000385892
-0.000387351
-0.000388409
-0.000389112
-0.000389484
-0.000389537
-0.000389293
-0.000388774
-0.000387987
-0.000386924
-0.000385584
-0.000383964
-0.000382053
-0.000379831
-0.000377283
-0.000374399
-0.000371159
-0.000367535
-0.000363503
-0.000359039
-0.000354117
-0.000348708
-0.000342791
-0.000336347
-0.000329359
-0.000321813
-0.000313709
-0.000305057
-0.000295881
-0.000286221
-0.000276132
-0.00026569
-0.000254983
-0.000244105
-0.000233154
-0.00022223
-0.000211434
-0.000200853
-0.000190556
-0.0001806
-0.000171027
-0.000161863
-0.000153121
-0.000144803
-0.000136898
-0.000129394
-0.000122273
-0.000115515
-0.000109097
-0.000102998
-9.7199e-05
-9.16831e-05
-8.64364e-05
-8.14471e-05
-7.67052e-05
-7.22009e-05
-6.79246e-05
-6.38666e-05
-6.00174e-05
-5.63685e-05
-5.29122e-05
-4.96419e-05
-4.65521e-05
-4.36378e-05
-4.08938e-05
-3.83147e-05
-3.58943e-05
-3.36255e-05
-3.15007e-05
-2.95116e-05
-2.76496e-05
-2.59062e-05
-2.42731e-05
-2.27423e-05
-2.13066e-05
-1.99592e-05
-1.86939e-05
-1.75053e-05
-1.63881e-05
-1.5338e-05
-1.43506e-05
-1.34223e-05
-1.25494e-05
-1.17288e-05
-1.09574e-05
-1.02324e-05
-9.55109e-06
-8.91098e-06
-8.30965e-06
-7.74492e-06
-7.21459e-06
-6.71672e-06
-6.24931e-06
-5.81065e-06
-5.39889e-06
-5.01255e-06
-4.64991e-06
-4.30968e-06
-3.99028e-06
-3.69056e-06
-3.4091e-06
-3.14487e-06
-2.89656e-06
-2.66329e-06
-2.44382e-06
-2.23741e-06
-2.04288e-06
-1.85962e-06
-1.6865e-06
-1.52303e-06
-1.36812e-06
-1.22137e-06
-1.08175e-06
-9.48933e-07
-8.21914e-07
-7.00455e-07
-5.83559e-07
-4.71067e-07
-3.61954e-07
-2.56121e-07
-1.52466e-07
-5.09325e-08
0.000895632
0.000837588
0.000761242
0.000666614
0.000557168
0.000439194
0.000320444
0.000208173
0.000107567
2.11539e-05
-5.0861e-05
-0.00010979
-0.000157604
-0.0001963
-0.000227616
-0.000253025
-0.000273823
-0.000291106
-0.000305669
-0.000318006
-0.000328458
-0.000337327
-0.000344872
-0.000351268
-0.000356645
-0.000361139
-0.000364889
-0.000367997
-0.000370526
-0.000372532
-0.000374078
-0.00037522
-0.000375986
-0.000376391
-0.000376461
-0.000376223
-0.000375688
-0.00037485
-0.000373708
-0.00037227
-0.000370526
-0.000368458
-0.000366054
-0.000363308
-0.000360203
-0.000356714
-0.00035282
-0.000348503
-0.000343741
-0.000338509
-0.000332789
-0.000326567
-0.000319831
-0.000312573
-0.000304792
-0.000296502
-0.000287728
-0.000278508
-0.000268895
-0.000258955
-0.000248763
-0.000238408
-0.000227978
-0.000217565
-0.000207256
-0.000197128
-0.000187247
-0.000177666
-0.000168428
-0.000159559
-0.000151074
-0.000142978
-0.000135267
-0.000127929
-0.000120952
-0.000114319
-0.000108013
-0.000102014
-9.63061e-05
-9.08738e-05
-8.57041e-05
-8.07859e-05
-7.61093e-05
-7.16649e-05
-6.74436e-05
-6.34361e-05
-5.96338e-05
-5.60282e-05
-5.2612e-05
-4.93786e-05
-4.63224e-05
-4.34382e-05
-4.07205e-05
-3.8164e-05
-3.57625e-05
-3.35092e-05
-3.1397e-05
-2.94178e-05
-2.75637e-05
-2.58267e-05
-2.41987e-05
-2.26722e-05
-2.12403e-05
-1.98963e-05
-1.86342e-05
-1.74485e-05
-1.63343e-05
-1.52871e-05
-1.43026e-05
-1.3377e-05
-1.25069e-05
-1.16889e-05
-1.09201e-05
-1.01975e-05
-9.51853e-06
-8.88066e-06
-8.28145e-06
-7.71874e-06
-7.19032e-06
-6.69425e-06
-6.22854e-06
-5.79149e-06
-5.38125e-06
-4.99632e-06
-4.63503e-06
-4.29605e-06
-3.97784e-06
-3.67924e-06
-3.39882e-06
-3.13559e-06
-2.8882e-06
-2.65581e-06
-2.43716e-06
-2.23153e-06
-2.03774e-06
-1.85517e-06
-1.68272e-06
-1.51986e-06
-1.36553e-06
-1.21934e-06
-1.08022e-06
-9.47884e-07
-8.21284e-07
-7.00227e-07
-5.83641e-07
-4.71432e-07
-3.62461e-07
-2.56717e-07
-1.52937e-07
-5.12044e-08
0.000823871
0.00077069
0.000702763
0.000620278
0.000525875
0.000424208
0.000320986
0.000221711
0.000130672
5.04491e-05
-1.8114e-05
-7.55721e-05
-0.00012329
-0.000162834
-0.000195597
-0.000222751
-0.000245351
-0.000264354
-0.000280503
-0.000294286
-0.000306043
-0.000316091
-0.000324706
-0.000332081
-0.000338343
-0.000343634
-0.000348104
-0.000351867
-0.000354988
-0.000357525
-0.000359548
-0.00036112
-0.000362276
-0.000363031
-0.000363412
-0.000363455
-0.000363175
-0.000362565
-0.000361627
-0.000360375
-0.000358805
-0.000356899
-0.000354645
-0.000352045
-0.000349085
-0.00034574
-0.000341993
-0.000337833
-0.000333241
-0.000328194
-0.000322678
-0.000316686
-0.00031021
-0.000303239
-0.000295781
-0.000287851
-0.000279475
-0.000270686
-0.000261533
-0.000252076
-0.000242384
-0.000232537
-0.000222614
-0.000212695
-0.000202858
-0.000193173
-0.000183704
-0.000174499
-0.0001656
-0.000157032
-0.000148813
-0.000140949
-0.00013344
-0.00012628
-0.000119459
-0.000112964
-0.000106779
-0.000100891
-9.52829e-05
-8.99423e-05
-8.48572e-05
-8.0017e-05
-7.54123e-05
-7.1034e-05
-6.68734e-05
-6.2922e-05
-5.91713e-05
-5.56136e-05
-5.22418e-05
-4.90493e-05
-4.60305e-05
-4.31799e-05
-4.04922e-05
-3.79619e-05
-3.55828e-05
-3.33486e-05
-3.12522e-05
-2.92862e-05
-2.7443e-05
-2.5715e-05
-2.40946e-05
-2.25748e-05
-2.11486e-05
-1.98099e-05
-1.85526e-05
-1.73716e-05
-1.62618e-05
-1.52187e-05
-1.42382e-05
-1.33165e-05
-1.24501e-05
-1.16357e-05
-1.08703e-05
-1.0151e-05
-9.47512e-06
-8.8402e-06
-8.2438e-06
-7.68374e-06
-7.15783e-06
-6.66413e-06
-6.20065e-06
-5.76569e-06
-5.35743e-06
-4.97437e-06
-4.61482e-06
-4.27749e-06
-3.96083e-06
-3.66368e-06
-3.38464e-06
-3.12268e-06
-2.87651e-06
-2.64526e-06
-2.42769e-06
-2.22307e-06
-2.03023e-06
-1.84857e-06
-1.67696e-06
-1.51491e-06
-1.36133e-06
-1.21585e-06
-1.07738e-06
-9.45675e-07
-8.19635e-07
-6.99102e-07
-5.82955e-07
-4.71139e-07
-3.62438e-07
-2.5689e-07
-1.53138e-07
-5.13429e-08
0.000759477
0.000710791
0.000650123
0.000577766
0.000495756
0.000407605
0.000317593
0.000229887
0.000147908
7.40156e-05
9.37568e-06
-4.6e-05
-9.2944e-05
-0.000132631
-0.000166163
-0.000194462
-0.000218376
-0.00023872
-0.000256167
-0.000271174
-0.000284067
-0.000295156
-0.000304731
-0.000312996
-0.000320078
-0.000326111
-0.000331257
-0.00033564
-0.000339326
-0.000342373
-0.000344856
-0.000346846
-0.000348381
-0.00034948
-0.00035017
-0.000350492
-0.000350466
-0.000350087
-0.000349357
-0.000348295
-0.000346904
-0.000345166
-0.000343072
-0.000340625
-0.000337818
-0.000334627
-0.000331037
-0.000327043
-0.000322629
-0.000317777
-0.000312475
-0.00030672
-0.000300505
-0.000293826
-0.000286692
-0.000279121
-0.000271135
-0.000262766
-0.000254059
-0.000245071
-0.000235865
-0.000226509
-0.000217075
-0.000207633
-0.000198256
-0.000189008
-0.000179945
-0.000171115
-0.000162554
-0.000154291
-0.000146343
-0.00013872
-0.000131424
-0.000124452
-0.000117797
-0.00011145
-0.000105398
-9.96288e-05
-9.41296e-05
-8.88888e-05
-8.38955e-05
-7.91401e-05
-7.46135e-05
-7.03073e-05
-6.62131e-05
-6.23228e-05
-5.86288e-05
-5.51235e-05
-5.18002e-05
-4.86525e-05
-4.56747e-05
-4.28614e-05
-4.02071e-05
-3.77063e-05
-3.5353e-05
-3.31411e-05
-3.10638e-05
-2.9114e-05
-2.72846e-05
-2.55685e-05
-2.39584e-05
-2.24475e-05
-2.10294e-05
-1.96979e-05
-1.84474e-05
-1.72726e-05
-1.61686e-05
-1.51312e-05
-1.4156e-05
-1.32394e-05
-1.23778e-05
-1.1568e-05
-1.0807e-05
-1.00919e-05
-9.41993e-06
-8.78877e-06
-8.1959e-06
-7.63919e-06
-7.11643e-06
-6.62571e-06
-6.16504e-06
-5.73272e-06
-5.32694e-06
-4.94621e-06
-4.58886e-06
-4.25359e-06
-3.93886e-06
-3.64353e-06
-3.3662e-06
-3.10586e-06
-2.86121e-06
-2.63138e-06
-2.41515e-06
-2.2118e-06
-2.02015e-06
-1.83961e-06
-1.66905e-06
-1.508e-06
-1.35536e-06
-1.21077e-06
-1.07313e-06
-9.42198e-07
-8.1687e-07
-6.96997e-07
-5.81432e-07
-4.70131e-07
-3.61842e-07
-2.56617e-07
-1.53057e-07
-5.13586e-08
0.000701333
0.000656781
0.000602429
0.000538628
0.000466954
0.000390097
0.000311323
0.000233804
0.000160206
9.25565e-05
3.21253e-05
-2.07008e-05
-6.63315e-05
-0.000105595
-0.000139333
-0.000168255
-0.000193032
-0.000214351
-0.000232804
-0.000248804
-0.000262649
-0.000274633
-0.000285047
-0.000294103
-0.000301925
-0.000308639
-0.000314409
-0.000319369
-0.000323587
-0.000327116
-0.000330038
-0.00033243
-0.000334333
-0.000335764
-0.000336756
-0.000337353
-0.000337579
-0.00033743
-0.000336911
-0.000336043
-0.000334836
-0.000333272
-0.000331342
-0.000329057
-0.00032641
-0.000323381
-0.000319957
-0.000316138
-0.000311912
-0.000307262
-0.000302181
-0.000296668
-0.00029072
-0.000284338
-0.000277528
-0.00027031
-0.000262707
-0.000254748
-0.000246478
-0.000237947
-0.00022921
-0.000220327
-0.000211365
-0.000202388
-0.000193459
-0.000184638
-0.000175976
-0.000167516
-0.000159295
-0.000151339
-0.000143668
-0.000136293
-0.000129218
-0.000122444
-0.000115965
-0.000109776
-0.000103866
-9.8225e-05
-9.28431e-05
-8.77099e-05
-8.28158e-05
-7.81519e-05
-7.37097e-05
-6.94814e-05
-6.54592e-05
-6.16355e-05
-5.8003e-05
-5.45548e-05
-5.12843e-05
-4.81853e-05
-4.52523e-05
-4.24798e-05
-3.98624e-05
-3.73945e-05
-3.50704e-05
-3.28841e-05
-3.0829e-05
-2.88987e-05
-2.70862e-05
-2.53847e-05
-2.37876e-05
-2.22882e-05
-2.08805e-05
-1.95584e-05
-1.83165e-05
-1.71498e-05
-1.60534e-05
-1.5023e-05
-1.40546e-05
-1.31443e-05
-1.22888e-05
-1.14847e-05
-1.07291e-05
-1.00191e-05
-9.35208e-06
-8.7255e-06
-8.13698e-06
-7.58436e-06
-7.06546e-06
-6.57837e-06
-6.12111e-06
-5.69201e-06
-5.28925e-06
-4.91136e-06
-4.55669e-06
-4.22392e-06
-3.91156e-06
-3.61845e-06
-3.3432e-06
-3.08481e-06
-2.842e-06
-2.61391e-06
-2.39931e-06
-2.19749e-06
-2.00728e-06
-1.8281e-06
-1.65883e-06
-1.49899e-06
-1.34749e-06
-1.20397e-06
-1.06734e-06
-9.37352e-07
-8.129e-07
-6.93838e-07
-5.79008e-07
-4.68362e-07
-3.60637e-07
-2.55879e-07
-1.52686e-07
-5.12612e-08
0.000648539
0.000607783
0.000558964
0.000502463
0.000439503
0.000372162
0.000302971
0.000234361
0.000168391
0.000106736
5.06352e-05
6.84683e-07
-4.3213e-05
-8.15951e-05
-0.000115072
-0.000144169
-0.000169407
-0.000191355
-0.000210528
-0.000227289
-0.000241897
-0.000254622
-0.000265747
-0.000275487
-0.000283962
-0.000291287
-0.000297621
-0.000303107
-0.000307818
-0.0003118
-0.000315132
-0.000317903
-0.000320159
-0.000321912
-0.000323194
-0.000324059
-0.000324534
-0.000324614
-0.000324304
-0.000323633
-0.000322611
-0.000321225
-0.000319466
-0.000317347
-0.000314868
-0.000312008
-0.000308758
-0.000305122
-0.000301091
-0.000296651
-0.000291796
-0.000286531
-0.000280856
-0.000274769
-0.000268282
-0.000261413
-0.000254188
-0.000246633
-0.000238788
-0.000230697
-0.000222413
-0.00021399
-0.000205487
-0.000196961
-0.00018847
-0.000180066
-0.000171798
-0.000163705
-0.000155823
-0.000148178
-0.000140788
-0.000133667
-0.000126822
-0.000120253
-0.00011396
-0.000107937
-0.000102178
-9.66748e-05
-9.14187e-05
-8.64009e-05
-8.16132e-05
-7.70476e-05
-7.26963e-05
-6.8552e-05
-6.46076e-05
-6.08558e-05
-5.729e-05
-5.39035e-05
-5.06902e-05
-4.76442e-05
-4.47599e-05
-4.2032e-05
-3.9455e-05
-3.70236e-05
-3.47321e-05
-3.25748e-05
-3.05454e-05
-2.86376e-05
-2.68451e-05
-2.51613e-05
-2.35799e-05
-2.20947e-05
-2.06997e-05
-1.93893e-05
-1.81582e-05
-1.70014e-05
-1.59144e-05
-1.48927e-05
-1.39325e-05
-1.303e-05
-1.21818e-05
-1.13847e-05
-1.06356e-05
-9.93183e-06
-9.27061e-06
-8.64954e-06
-8.06622e-06
-7.51849e-06
-7.0042e-06
-6.52144e-06
-6.06827e-06
-5.643e-06
-5.24385e-06
-4.86935e-06
-4.51786e-06
-4.18808e-06
-3.87853e-06
-3.58805e-06
-3.31529e-06
-3.05923e-06
-2.81861e-06
-2.59257e-06
-2.37991e-06
-2.17991e-06
-1.99143e-06
-1.81387e-06
-1.64612e-06
-1.48772e-06
-1.33757e-06
-1.19533e-06
-1.0599e-06
-9.31035e-07
-8.07637e-07
-6.8955e-07
-5.75619e-07
-4.65785e-07
-3.58789e-07
-2.54661e-07
-1.52017e-07
-5.10546e-08
0.000600359
0.000563085
0.00051914
0.000468922
0.000413376
0.00035411
0.000293115
0.00023228
0.000173186
0.00011718
6.5388e-05
1.85096e-05
-2.33388e-05
-6.04697e-05
-9.33023e-05
-0.000122201
-0.000147548
-0.000169807
-0.000189428
-0.000206723
-0.000221906
-0.000235214
-0.000246918
-0.000257229
-0.000266264
-0.000274122
-0.000280954
-0.000286911
-0.00029207
-0.000296468
-0.00030018
-0.000303303
-0.000305891
-0.00030795
-0.000309511
-0.000310633
-0.000311351
-0.000311655
-0.000311553
-0.000311077
-0.000310243
-0.000309037
-0.000307451
-0.000305504
-0.000303198
-0.000300514
-0.000297445
-0.000293997
-0.000290168
-0.000285943
-0.000281321
-0.000276308
-0.000270906
-0.000265116
-0.000258949
-0.000252428
-0.000245575
-0.000238414
-0.000230981
-0.000223319
-0.000215476
-0.000207499
-0.00019944
-0.000191352
-0.000183287
-0.000175292
-0.000167411
-0.000159683
-0.000152139
-0.000144806
-0.000137702
-0.00013084
-0.00012423
-0.000117876
-0.000111776
-0.000105929
-0.00010033
-9.4973e-05
-8.98508e-05
-8.49564e-05
-8.02825e-05
-7.5822e-05
-7.15682e-05
-6.75141e-05
-6.36532e-05
-5.9979e-05
-5.64851e-05
-5.31654e-05
-5.0014e-05
-4.70252e-05
-4.41937e-05
-4.15142e-05
-3.89815e-05
-3.65903e-05
-3.4335e-05
-3.22102e-05
-3.02099e-05
-2.83281e-05
-2.65588e-05
-2.48957e-05
-2.3333e-05
-2.18646e-05
-2.04849e-05
-1.91886e-05
-1.79704e-05
-1.68257e-05
-1.57498e-05
-1.47387e-05
-1.37883e-05
-1.28951e-05
-1.20556e-05
-1.12667e-05
-1.05254e-05
-9.82888e-06
-9.17455e-06
-8.55997e-06
-7.98276e-06
-7.44079e-06
-6.93191e-06
-6.45425e-06
-6.00586e-06
-5.58509e-06
-5.19017e-06
-4.81964e-06
-4.47188e-06
-4.14561e-06
-3.83935e-06
-3.55197e-06
-3.28211e-06
-3.02878e-06
-2.79073e-06
-2.5671e-06
-2.35671e-06
-2.15884e-06
-1.97237e-06
-1.7967e-06
-1.63074e-06
-1.47402e-06
-1.32546e-06
-1.18471e-06
-1.05069e-06
-9.23144e-07
-8.0099e-07
-6.84056e-07
-5.71204e-07
-4.62353e-07
-3.56263e-07
-2.52943e-07
-1.51041e-07
-5.07385e-08
0.000556177
0.000522096
0.000482469
0.0004377
0.000388506
0.000336138
0.000282185
0.000228142
0.000175212
0.00012445
7.68445e-05
3.31277e-05
-6.44974e-06
-4.20433e-05
-7.39226e-05
-0.000102311
-0.000127464
-0.000149754
-0.000169571
-0.000187183
-0.000202757
-0.00021649
-0.000228637
-0.000239405
-0.0002489
-0.000257208
-0.00026447
-0.000270836
-0.000276391
-0.000281165
-0.000285223
-0.000288667
-0.000291562
-0.000293911
-0.000295734
-0.000297098
-0.00029805
-0.000298575
-0.000298674
-0.000298389
-0.000297744
-0.00029672
-0.000295309
-0.000293536
-0.000291408
-0.000288905
-0.00028602
-0.000282767
-0.000279145
-0.000275141
-0.000270754
-0.000265995
-0.000260869
-0.000255376
-0.000249529
-0.000243351
-0.000236862
-0.000230086
-0.000223055
-0.000215811
-0.000208395
-0.00020085
-0.000193222
-0.00018556
-0.000177911
-0.000170317
-0.000162818
-0.00015545
-0.000148243
-0.000141222
-0.000134407
-0.00012781
-0.000121442
-0.000115309
-0.000109411
-0.000103748
-9.83172e-05
-9.31144e-05
-8.81342e-05
-8.33708e-05
-7.8818e-05
-7.44698e-05
-7.032e-05
-6.63625e-05
-6.25912e-05
-5.90002e-05
-5.55837e-05
-5.23358e-05
-4.92511e-05
-4.63241e-05
-4.35498e-05
-4.09229e-05
-3.84384e-05
-3.60912e-05
-3.3876e-05
-3.17873e-05
-2.98196e-05
-2.79673e-05
-2.62244e-05
-2.45853e-05
-2.30442e-05
-2.15956e-05
-2.02339e-05
-1.89541e-05
-1.77513e-05
-1.66207e-05
-1.5558e-05
-1.45592e-05
-1.36204e-05
-1.2738e-05
-1.19087e-05
-1.11294e-05
-1.03972e-05
-9.70919e-06
-9.06287e-06
-8.45583e-06
-7.88572e-06
-7.35042e-06
-6.84783e-06
-6.37607e-06
-5.93323e-06
-5.51767e-06
-5.12765e-06
-4.76171e-06
-4.41828e-06
-4.09606e-06
-3.79361e-06
-3.5098e-06
-3.2433e-06
-2.99312e-06
-2.75804e-06
-2.5372e-06
-2.32943e-06
-2.13403e-06
-1.94988e-06
-1.7764e-06
-1.6125e-06
-1.45772e-06
-1.311e-06
-1.17197e-06
-1.03958e-06
-9.13572e-07
-7.92865e-07
-6.7728e-07
-5.65697e-07
-4.58017e-07
-3.53024e-07
-2.50705e-07
-1.49745e-07
-5.03112e-08
0.000515481
0.000484323
0.000448535
0.000408519
0.000364812
0.000318377
0.000270506
0.000222402
0.000174981
0.000129046
8.54414e-05
4.48861e-05
7.71096e-06
-2.61344e-05
-5.68134e-05
-8.44343e-05
-0.00010914
-0.000131216
-0.000151
-0.000168726
-0.000184516
-0.000198521
-0.000210974
-0.00022208
-0.000231937
-0.000240609
-0.000248225
-0.000254936
-0.00026083
-0.000265936
-0.000270303
-0.000274032
-0.000277204
-0.000279823
-0.000281892
-0.000283481
-0.000284651
-0.000285392
-0.000285688
-0.000285587
-0.000285127
-0.000284287
-0.000283051
-0.000281451
-0.000279504
-0.000277187
-0.00027449
-0.000271434
-0.000268024
-0.000264244
-0.000260095
-0.000255592
-0.000250743
-0.000245547
-0.000240016
-0.000234174
-0.000228044
-0.000221645
-0.000215007
-0.000208168
-0.000201167
-0.000194042
-0.000186833
-0.000179586
-0.000172342
-0.00016514
-0.000158017
-0.000151006
-0.000144134
-0.000137427
-0.000130902
-0.000124575
-0.000118455
-0.000112548
-0.000106859
-0.000101388
-9.61342e-05
-9.10939e-05
-8.62636e-05
-8.16388e-05
-7.72146e-05
-7.29856e-05
-6.89465e-05
-6.5092e-05
-6.14165e-05
-5.79146e-05
-5.4581e-05
-5.14102e-05
-4.83972e-05
-4.55368e-05
-4.28241e-05
-4.02542e-05
-3.78221e-05
-3.55229e-05
-3.33516e-05
-3.13029e-05
-2.93716e-05
-2.75523e-05
-2.58394e-05
-2.42275e-05
-2.27112e-05
-2.12853e-05
-1.99444e-05
-1.86838e-05
-1.74986e-05
-1.63845e-05
-1.53371e-05
-1.43526e-05
-1.34272e-05
-1.25574e-05
-1.17399e-05
-1.09717e-05
-1.02498e-05
-9.57162e-06
-8.93451e-06
-8.33614e-06
-7.77418e-06
-7.24654e-06
-6.75115e-06
-6.28615e-06
-5.84967e-06
-5.44009e-06
-5.05567e-06
-4.695e-06
-4.35651e-06
-4.03893e-06
-3.74084e-06
-3.46113e-06
-3.19847e-06
-2.95191e-06
-2.72022e-06
-2.50256e-06
-2.2978e-06
-2.10522e-06
-1.92373e-06
-1.75274e-06
-1.59121e-06
-1.43865e-06
-1.29403e-06
-1.15697e-06
-1.02646e-06
-9.02207e-07
-7.83166e-07
-6.6914e-07
-5.59033e-07
-4.52726e-07
-3.49033e-07
-2.47921e-07
-1.48116e-07
-4.97696e-08
0.000477834
0.000449348
0.00041698
0.000381138
0.000342204
0.00030091
0.000258315
0.000215418
0.00017292
0.000131408
9.15774e-05
5.41123e-05
1.93952e-05
-1.25557e-05
-4.18419e-05
-6.84901e-05
-9.25404e-05
-0.000114192
-0.000133739
-0.000151391
-0.000167233
-0.000181365
-0.00019399
-0.000205316
-0.000215433
-0.000224384
-0.000232276
-0.000239263
-0.000245436
-0.000250825
-0.000255462
-0.00025944
-0.000262852
-0.000265714
-0.000268014
-0.000269808
-0.000271179
-0.000272125
-0.000272613
-0.000272688
-0.000272405
-0.000271748
-0.000270689
-0.00026926
-0.000267493
-0.000265365
-0.00026286
-0.000260002
-0.000256805
-0.000253254
-0.000249344
-0.000245097
-0.000240525
-0.000235624
-0.000230405
-0.000224896
-0.000219118
-0.000213088
-0.000206833
-0.000200388
-0.00019379
-0.000187072
-0.000180272
-0.000173428
-0.00016658
-0.000159763
-0.00015301
-0.000146351
-0.000139813
-0.000133419
-0.000127187
-0.000121132
-0.000115265
-0.000109592
-0.000104119
-9.8847e-05
-9.37767e-05
-8.89065e-05
-8.42339e-05
-7.97553e-05
-7.54668e-05
-7.13641e-05
-6.74426e-05
-6.36976e-05
-6.01241e-05
-5.67173e-05
-5.34722e-05
-5.0384e-05
-4.74478e-05
-4.4659e-05
-4.20126e-05
-3.95042e-05
-3.71289e-05
-3.4882e-05
-3.27586e-05
-3.07539e-05
-2.88628e-05
-2.70802e-05
-2.54008e-05
-2.38196e-05
-2.23314e-05
-2.09312e-05
-1.9614e-05
-1.83753e-05
-1.72104e-05
-1.61151e-05
-1.50853e-05
-1.41171e-05
-1.3207e-05
-1.23516e-05
-1.15476e-05
-1.0792e-05
-1.0082e-05
-9.415e-06
-8.7884e-06
-8.19989e-06
-7.64719e-06
-7.12826e-06
-6.64105e-06
-6.18375e-06
-5.75449e-06
-5.35168e-06
-4.97364e-06
-4.61894e-06
-4.28606e-06
-3.97375e-06
-3.68061e-06
-3.40553e-06
-3.14724e-06
-2.90477e-06
-2.67693e-06
-2.46289e-06
-2.26153e-06
-2.07215e-06
-1.89368e-06
-1.72552e-06
-1.56667e-06
-1.41662e-06
-1.27438e-06
-1.13957e-06
-1.01119e-06
-8.88935e-07
-7.71795e-07
-6.59554e-07
-5.51143e-07
-4.46427e-07
-3.44251e-07
-2.44566e-07
-1.4614e-07
-4.91099e-08
0.000442866
0.000416821
0.000387502
0.000355337
0.00032059
0.000283784
0.000245793
0.000207474
0.000169377
0.000131906
9.56062e-05
6.1116e-05
2.88526e-05
-1.11872e-06
-2.88705e-05
-5.43825e-05
-7.76082e-05
-9.86622e-05
-0.000117795
-0.000135202
-0.000150942
-0.000165066
-0.000177739
-0.000189165
-0.000199439
-0.000208581
-0.000216675
-0.000223866
-0.000230256
-0.000235872
-0.000240737
-0.000244927
-0.000248542
-0.000251616
-0.000254126
-0.000256109
-0.000257658
-0.000258792
-0.000259468
-0.000259711
-0.000259594
-0.000259116
-0.000258234
-0.000256974
-0.000255384
-0.000253446
-0.000251136
-0.000248475
-0.000245492
-0.000242171
-0.000238502
-0.000234509
-0.000230211
-0.000225604
-0.000220695
-0.000215512
-0.000210078
-0.00020441
-0.000198528
-0.000192467
-0.000186261
-0.00017994
-0.000173536
-0.000167086
-0.000160625
-0.000154185
-0.000147795
-0.000141485
-0.000135279
-0.000129198
-0.000123261
-0.000117481
-0.00011187
-0.000106437
-0.000101186
-9.61197e-05
-9.12406e-05
-8.65479e-05
-8.20403e-05
-7.77152e-05
-7.35697e-05
-6.96004e-05
-6.58032e-05
-6.21742e-05
-5.8709e-05
-5.54033e-05
-5.22527e-05
-4.92526e-05
-4.63987e-05
-4.36864e-05
-4.11113e-05
-3.8669e-05
-3.6355e-05
-3.41647e-05
-3.20936e-05
-3.0137e-05
-2.82901e-05
-2.6548e-05
-2.49059e-05
-2.33588e-05
-2.19021e-05
-2.05308e-05
-1.92404e-05
-1.80264e-05
-1.68845e-05
-1.58105e-05
-1.48006e-05
-1.3851e-05
-1.29583e-05
-1.21191e-05
-1.13304e-05
-1.05891e-05
-9.89256e-06
-9.23816e-06
-8.62341e-06
-8.04603e-06
-7.50379e-06
-6.99469e-06
-6.5167e-06
-6.06806e-06
-5.64694e-06
-5.25177e-06
-4.8809e-06
-4.53294e-06
-4.20638e-06
-3.9e-06
-3.61243e-06
-3.34259e-06
-3.0892e-06
-2.85135e-06
-2.62784e-06
-2.41787e-06
-2.22034e-06
-2.03455e-06
-1.85947e-06
-1.69451e-06
-1.53866e-06
-1.39145e-06
-1.2519e-06
-1.11962e-06
-9.93635e-07
-8.73642e-07
-7.58651e-07
-6.48436e-07
-5.41957e-07
-4.39065e-07
-3.38638e-07
-2.40612e-07
-1.43801e-07
-4.83273e-08
0.000410259
0.000386443
0.000359837
0.000330919
0.000299868
0.000267019
0.000233075
0.000198792
0.000164628
0.000130845
9.78404e-05
6.61854e-05
3.63226e-05
8.36216e-06
-1.77573e-05
-4.20039e-05
-6.42704e-05
-8.45868e-05
-0.000103156
-0.000120164
-0.00013566
-0.000149653
-0.000162259
-0.000173671
-0.000183999
-0.000193248
-0.000201466
-0.000208791
-0.000215333
-0.000221121
-0.000226166
-0.00023053
-0.000234311
-0.000237559
-0.000240255
-0.00024241
-0.000244114
-0.000245416
-0.000246268
-0.000246673
-0.000246711
-0.000246401
-0.000245696
-0.000244604
-0.000243184
-0.000241435
-0.000239321
-0.000236859
-0.000234086
-0.000230995
-0.000227568
-0.000223828
-0.000219801
-0.000215485
-0.000210882
-0.000206019
-0.000200922
-0.000195607
-0.000190089
-0.000184402
-0.000178577
-0.000172642
-0.000166625
-0.000160559
-0.000154475
-0.000148405
-0.000142374
-0.000136408
-0.000130531
-0.000124763
-0.000119121
-0.00011362
-0.00010827
-0.00010308
-9.80563e-05
-9.32028e-05
-8.85217e-05
-8.40137e-05
-7.96782e-05
-7.55139e-05
-7.15185e-05
-6.76894e-05
-6.40234e-05
-6.0517e-05
-5.71666e-05
-5.39682e-05
-5.09179e-05
-4.80117e-05
-4.52454e-05
-4.26149e-05
-4.01162e-05
-3.77449e-05
-3.54968e-05
-3.33678e-05
-3.13533e-05
-2.9449e-05
-2.76503e-05
-2.59528e-05
-2.43517e-05
-2.28425e-05
-2.14207e-05
-2.00817e-05
-1.88212e-05
-1.7635e-05
-1.65188e-05
-1.54688e-05
-1.44812e-05
-1.35525e-05
-1.26793e-05
-1.18584e-05
-1.10868e-05
-1.03616e-05
-9.68013e-06
-9.03988e-06
-8.43841e-06
-7.87351e-06
-7.34299e-06
-6.8449e-06
-6.37725e-06
-5.93831e-06
-5.5263e-06
-5.13968e-06
-4.77684e-06
-4.43641e-06
-4.11692e-06
-3.81718e-06
-3.53584e-06
-3.27184e-06
-3.02395e-06
-2.79125e-06
-2.57259e-06
-2.36717e-06
-2.17392e-06
-1.99216e-06
-1.82087e-06
-1.65947e-06
-1.507e-06
-1.36296e-06
-1.22641e-06
-1.09696e-06
-9.73664e-07
-8.56208e-07
-7.43633e-07
-6.35702e-07
-5.31406e-07
-4.30584e-07
-3.32152e-07
-2.36032e-07
-1.41082e-07
-4.74168e-08
0.000379742
0.000357965
0.000333762
0.000307705
0.000279933
0.000250608
0.000220254
0.000189544
0.000158896
0.000128478
9.85441e-05
6.95764e-05
4.20311e-05
1.60698e-05
-8.35917e-06
-3.12418e-05
-5.24418e-05
-7.19109e-05
-8.97941e-05
-0.00010627
-0.000121392
-0.000135138
-0.000147574
-0.000158869
-0.00016915
-0.000178418
-0.000186689
-0.000194079
-0.000200707
-0.000206607
-0.000211785
-0.000216284
-0.000220192
-0.000223576
-0.000226426
-0.000228734
-0.000230575
-0.000232017
-0.000233032
-0.000233593
-0.000233773
-0.000233618
-0.000233084
-0.00023216
-0.000230904
-0.000229337
-0.00022742
-0.000225156
-0.00022259
-0.000219726
-0.000216542
-0.000213053
-0.000209292
-0.000205263
-0.000200963
-0.000196413
-0.000191645
-0.000186675
-0.000181514
-0.00017619
-0.000170736
-0.000165177
-0.000159537
-0.000153845
-0.000148131
-0.000142423
-0.000136745
-0.000131119
-0.000125569
-0.000120113
-0.000114767
-0.000109546
-0.00010446
-9.95187e-05
-9.47281e-05
-9.00929e-05
-8.56163e-05
-8.12996e-05
-7.71433e-05
-7.31467e-05
-6.93084e-05
-6.56265e-05
-6.20984e-05
-5.87212e-05
-5.54919e-05
-5.24071e-05
-4.94632e-05
-4.66567e-05
-4.39837e-05
-4.14405e-05
-3.90232e-05
-3.6728e-05
-3.45507e-05
-3.24875e-05
-3.05342e-05
-2.86866e-05
-2.69405e-05
-2.52916e-05
-2.37355e-05
-2.2268e-05
-2.08847e-05
-1.95815e-05
-1.83541e-05
-1.71986e-05
-1.61111e-05
-1.50878e-05
-1.41252e-05
-1.32198e-05
-1.23684e-05
-1.15679e-05
-1.08153e-05
-1.01081e-05
-9.4434e-06
-8.81893e-06
-8.23227e-06
-7.68127e-06
-7.16381e-06
-6.67796e-06
-6.22182e-06
-5.79368e-06
-5.3918e-06
-5.0147e-06
-4.66079e-06
-4.32873e-06
-4.01712e-06
-3.72475e-06
-3.45034e-06
-3.19285e-06
-2.95107e-06
-2.72409e-06
-2.51082e-06
-2.31046e-06
-2.12198e-06
-1.94469e-06
-1.77762e-06
-1.62019e-06
-1.47146e-06
-1.33095e-06
-1.19774e-06
-1.07145e-06
-9.51141e-07
-8.36515e-07
-7.26637e-07
-6.21263e-07
-5.19417e-07
-4.20928e-07
-3.24749e-07
-2.30795e-07
-1.37968e-07
-4.63725e-08
0.000351079
0.000331179
0.000309106
0.000285553
0.000260685
0.000234522
0.000207388
0.000179861
0.000152356
0.000125001
9.79289e-05
7.15082e-05
4.61845e-05
2.21764e-05
-5.42236e-07
-2.19878e-05
-4.20329e-05
-6.05693e-05
-7.76717e-05
-9.35027e-05
-0.00010813
-0.000121523
-0.000133697
-0.000144784
-0.000154917
-0.000164117
-0.000172372
-0.000179764
-0.000186412
-0.000192364
-0.000197622
-0.000202215
-0.000206215
-0.000209695
-0.000212664
-0.000215103
-0.000217061
-0.00021862
-0.000219775
-0.000220484
-0.000220797
-0.00022078
-0.000220408
-0.00021965
-0.000218554
-0.000217159
-0.000215436
-0.000213372
-0.000211008
-0.000208365
-0.000205422
-0.000202184
-0.000198683
-0.000194934
-0.000190932
-0.000186692
-0.000182245
-0.00017761
-0.000172797
-0.000167829
-0.000162735
-0.000157542
-0.00015227
-0.000146945
-0.000141593
-0.00013624
-0.000130909
-0.00012562
-0.000120393
-0.000115248
-0.000110199
-0.00010526
-0.000100441
-9.57515e-05
-9.11986e-05
-8.67873e-05
-8.2521e-05
-7.84021e-05
-7.44315e-05
-7.06094e-05
-6.6935e-05
-6.34071e-05
-6.00236e-05
-5.67824e-05
-5.36807e-05
-5.07157e-05
-4.78844e-05
-4.51834e-05
-4.26094e-05
-4.0159e-05
-3.78285e-05
-3.56145e-05
-3.35131e-05
-3.15206e-05
-2.96331e-05
-2.78468e-05
-2.61576e-05
-2.45615e-05
-2.30545e-05
-2.16325e-05
-2.02915e-05
-1.90276e-05
-1.78367e-05
-1.67153e-05
-1.56594e-05
-1.46657e-05
-1.37306e-05
-1.2851e-05
-1.20238e-05
-1.12459e-05
-1.05145e-05
-9.82711e-06
-9.18109e-06
-8.57409e-06
-8.00384e-06
-7.46824e-06
-6.96523e-06
-6.49296e-06
-6.04955e-06
-5.63336e-06
-5.24271e-06
-4.87613e-06
-4.5321e-06
-4.20932e-06
-3.90641e-06
-3.62221e-06
-3.35546e-06
-3.10516e-06
-2.87013e-06
-2.6495e-06
-2.44219e-06
-2.24743e-06
-2.06421e-06
-1.89187e-06
-1.72946e-06
-1.57642e-06
-1.43184e-06
-1.29523e-06
-1.16572e-06
-1.04292e-06
-9.2593e-07
-8.14443e-07
-7.07561e-07
-6.05034e-07
-5.05919e-07
-4.10039e-07
-3.16389e-07
-2.24872e-07
-1.34441e-07
-4.51869e-08
0.000324057
0.000305919
0.000285763
0.000264392
0.000242071
0.000218738
0.000194518
0.00016985
0.000145154
0.000120576
9.61638e-05
7.21585e-05
4.89584e-05
2.68361e-05
5.81451e-06
-1.41485e-05
-3.29661e-05
-5.04993e-05
-6.67483e-05
-8.18423e-05
-9.5868e-05
-0.000108805
-0.000120631
-0.000131429
-0.000141327
-0.000150369
-0.000158536
-0.000165869
-0.000172475
-0.000178418
-0.000183705
-0.000188347
-0.000192403
-0.000195941
-0.000198991
-0.000201534
-0.000203592
-0.000205243
-0.000206511
-0.000207356
-0.000207796
-0.000207901
-0.000207676
-0.00020708
-0.000206141
-0.000204908
-0.00020337
-0.000201506
-0.000199343
-0.000196913
-0.000194207
-0.000191217
-0.000187972
-0.000184496
-0.000180787
-0.000176851
-0.000172718
-0.000168409
-0.000163936
-0.000159315
-0.000154573
-0.000149735
-0.000144823
-0.000139855
-0.000134858
-0.000129854
-0.000124864
-0.000119908
-0.000115003
-0.000110168
-0.000105416
-0.000100759
-9.62102e-05
-9.17766e-05
-8.74659e-05
-8.32835e-05
-7.92333e-05
-7.53182e-05
-7.15397e-05
-6.78987e-05
-6.43949e-05
-6.10275e-05
-5.77953e-05
-5.46965e-05
-5.17289e-05
-4.889e-05
-4.61773e-05
-4.35879e-05
-4.11188e-05
-3.87667e-05
-3.65286e-05
-3.4401e-05
-3.23806e-05
-3.04637e-05
-2.86469e-05
-2.69264e-05
-2.52986e-05
-2.37597e-05
-2.23059e-05
-2.09335e-05
-1.96386e-05
-1.84176e-05
-1.72668e-05
-1.61826e-05
-1.51616e-05
-1.42004e-05
-1.32957e-05
-1.24445e-05
-1.16439e-05
-1.08909e-05
-1.01829e-05
-9.51739e-06
-8.8919e-06
-8.30418e-06
-7.75201e-06
-7.23338e-06
-6.7463e-06
-6.28897e-06
-5.85959e-06
-5.45657e-06
-5.07828e-06
-4.72329e-06
-4.39015e-06
-4.07757e-06
-3.78424e-06
-3.50903e-06
-3.25073e-06
-3.00834e-06
-2.78075e-06
-2.5671e-06
-2.36635e-06
-2.17774e-06
-2.00032e-06
-1.83343e-06
-1.67616e-06
-1.52795e-06
-1.38792e-06
-1.25562e-06
-1.13019e-06
-1.01123e-06
-8.97899e-07
-7.89879e-07
-6.86308e-07
-5.8693e-07
-4.90844e-07
-3.97863e-07
-3.07029e-07
-2.18235e-07
-1.30488e-07
-4.38593e-08
0.000298498
0.000282064
0.000263684
0.000244232
0.000224121
0.000203297
0.000181711
0.000159632
0.000137454
0.000115376
9.34154e-05
7.16901e-05
5.05186e-05
3.02045e-05
1.08351e-05
-7.63576e-06
-2.51741e-05
-4.16452e-05
-5.69853e-05
-7.12745e-05
-8.4611e-05
-9.69968e-05
-0.000108391
-0.000118825
-0.00012841
-0.00013721
-0.000145214
-0.000152426
-0.000158931
-0.000164805
-0.000170064
-0.000174711
-0.000178782
-0.000182342
-0.000185431
-0.000188045
-0.000190185
-0.000191908
-0.000193261
-0.00019422
-0.000194779
-0.000194995
-0.000194897
-0.000194455
-0.000193669
-0.00019259
-0.000191227
-0.000189558
-0.000187594
-0.000185371
-0.000182893
-0.000180149
-0.000177157
-0.000173946
-0.000170522
-0.000166885
-0.000163058
-0.000159067
-0.000154924
-0.000150642
-0.000146243
-0.000141753
-0.00013719
-0.000132573
-0.000127923
-0.000123262
-0.000118609
-0.000113982
-0.000109396
-0.000104869
-0.000100414
-9.60422e-05
-9.17649e-05
-8.75905e-05
-8.35261e-05
-7.95775e-05
-7.5749e-05
-7.20436e-05
-6.84636e-05
-6.501e-05
-6.16834e-05
-5.84833e-05
-5.5409e-05
-5.24592e-05
-4.96321e-05
-4.69258e-05
-4.4338e-05
-4.18662e-05
-3.95078e-05
-3.726e-05
-3.51197e-05
-3.3084e-05
-3.11497e-05
-2.93136e-05
-2.75724e-05
-2.59226e-05
-2.43608e-05
-2.28835e-05
-2.14872e-05
-2.01684e-05
-1.89236e-05
-1.77493e-05
-1.66421e-05
-1.55987e-05
-1.46157e-05
-1.369e-05
-1.28186e-05
-1.19986e-05
-1.12271e-05
-1.05014e-05
-9.81903e-06
-9.17754e-06
-8.57458e-06
-8.00799e-06
-7.47566e-06
-6.97564e-06
-6.50603e-06
-6.06509e-06
-5.6511e-06
-5.26251e-06
-4.89776e-06
-4.55549e-06
-4.23427e-06
-3.93289e-06
-3.65007e-06
-3.38471e-06
-3.13565e-06
-2.90195e-06
-2.68251e-06
-2.4765e-06
-2.28294e-06
-2.10108e-06
-1.93002e-06
-1.76909e-06
-1.61745e-06
-1.47453e-06
-1.33951e-06
-1.21193e-06
-1.09096e-06
-9.76223e-07
-8.66915e-07
-7.62702e-07
-6.62776e-07
-5.66864e-07
-4.74124e-07
-3.84342e-07
-2.9663e-07
-2.10851e-07
-1.26095e-07
-4.24e-08
0.00026795
0.000253608
0.000237352
0.000220113
0.000202461
0.000184419
0.000165812
0.000146703
0.000127404
0.000108163
8.90145e-05
6.99714e-05
5.12328e-05
3.30953e-05
1.57204e-05
-9.101e-07
-1.68163e-05
-3.18997e-05
-4.60472e-05
-5.92704e-05
-7.16623e-05
-8.32575e-05
-9.40115e-05
-0.000103907
-0.000113015
-0.000121417
-0.00012912
-0.000136106
-0.000142417
-0.000148131
-0.000153282
-0.00015787
-0.000161911
-0.000165454
-0.000168547
-0.0001712
-0.000173406
-0.000175195
-0.000176623
-0.000177694
-0.000178384
-0.000178726
-0.000178766
-0.000178497
-0.000177899
-0.000177005
-0.000175848
-0.000174413
-0.000172695
-0.000170726
-0.000168524
-0.000166082
-0.000163405
-0.00016052
-0.000157443
-0.000154174
-0.000150726
-0.000147124
-0.000143385
-0.000139519
-0.000135543
-0.000131479
-0.000127346
-0.000123161
-0.00011894
-0.000114703
-0.000110467
-0.000106248
-0.000102061
-9.79203e-05
-9.38382e-05
-8.9826e-05
-8.58935e-05
-8.20489e-05
-7.82995e-05
-7.4651e-05
-7.11078e-05
-6.76736e-05
-6.43509e-05
-6.11413e-05
-5.80458e-05
-5.50646e-05
-5.21975e-05
-4.94436e-05
-4.68017e-05
-4.42705e-05
-4.1848e-05
-3.95322e-05
-3.73209e-05
-3.52116e-05
-3.32019e-05
-3.1289e-05
-2.94701e-05
-2.77423e-05
-2.61027e-05
-2.45481e-05
-2.30754e-05
-2.16816e-05
-2.03633e-05
-1.91175e-05
-1.79409e-05
-1.68303e-05
-1.57828e-05
-1.4795e-05
-1.38642e-05
-1.29874e-05
-1.21617e-05
-1.13844e-05
-1.0653e-05
-9.96497e-06
-9.31786e-06
-8.70943e-06
-8.13749e-06
-7.6e-06
-7.09498e-06
-6.62058e-06
-6.17502e-06
-5.75664e-06
-5.36383e-06
-4.99511e-06
-4.64902e-06
-4.32424e-06
-4.01944e-06
-3.73346e-06
-3.46509e-06
-3.21329e-06
-2.97696e-06
-2.75519e-06
-2.54697e-06
-2.35149e-06
-2.16782e-06
-1.99525e-06
-1.83293e-06
-1.68021e-06
-1.53632e-06
-1.40068e-06
-1.27255e-06
-1.15145e-06
-1.03665e-06
-9.2772e-07
-8.23955e-07
-7.24989e-07
-6.30099e-07
-5.38974e-07
-4.50866e-07
-3.65514e-07
-2.8214e-07
-2.00545e-07
-1.19954e-07
-4.03347e-08
0.000232837
0.000220819
0.000207138
0.00019251
0.000177522
0.000162337
0.000146811
0.000130869
0.000114676
9.8459e-05
8.22978e-05
6.61789e-05
5.01935e-05
3.45679e-05
1.94906e-05
4.99676e-06
-8.94017e-06
-2.22688e-05
-3.48812e-05
-4.67373e-05
-5.78896e-05
-6.83842e-05
-7.81998e-05
-8.73003e-05
-9.57074e-05
-0.000103484
-0.00011066
-0.000117223
-0.000123181
-0.000128589
-0.000133489
-0.000137887
-0.000141787
-0.000145225
-0.000148243
-0.000150861
-0.000153072
-0.000154889
-0.000156359
-0.000157502
-0.000158305
-0.000158775
-0.000158953
-0.000158851
-0.000158453
-0.000157773
-0.000156843
-0.000155668
-0.000154238
-0.00015257
-0.000150689
-0.000148596
-0.00014629
-0.000143793
-0.000141122
-0.000138284
-0.000135285
-0.000132144
-0.00012888
-0.000125504
-0.000122028
-0.000118468
-0.000114844
-0.000111171
-0.00010746
-0.000103729
-9.99938e-05
-9.62673e-05
-9.25623e-05
-8.88911e-05
-8.52651e-05
-8.16947e-05
-7.81884e-05
-7.47541e-05
-7.13985e-05
-6.81273e-05
-6.49451e-05
-6.18554e-05
-5.88613e-05
-5.59647e-05
-5.3167e-05
-5.0469e-05
-4.78708e-05
-4.53722e-05
-4.29725e-05
-4.06708e-05
-3.84657e-05
-3.63556e-05
-3.43389e-05
-3.24135e-05
-3.05774e-05
-2.88283e-05
-2.71637e-05
-2.55812e-05
-2.40782e-05
-2.26521e-05
-2.13002e-05
-2.00196e-05
-1.88076e-05
-1.76614e-05
-1.65783e-05
-1.55553e-05
-1.45897e-05
-1.36788e-05
-1.28201e-05
-1.20107e-05
-1.12483e-05
-1.05304e-05
-9.85467e-06
-9.21881e-06
-8.62066e-06
-8.05817e-06
-7.52934e-06
-7.0323e-06
-6.56524e-06
-6.12647e-06
-5.71433e-06
-5.32733e-06
-4.96396e-06
-4.62286e-06
-4.30269e-06
-4.00223e-06
-3.72025e-06
-3.45568e-06
-3.20739e-06
-2.97444e-06
-2.7558e-06
-2.55063e-06
-2.35799e-06
-2.17713e-06
-2.00721e-06
-1.84755e-06
-1.69736e-06
-1.55607e-06
-1.42293e-06
-1.29743e-06
-1.17887e-06
-1.0668e-06
-9.60551e-07
-8.59725e-07
-7.6367e-07
-6.72032e-07
-5.84157e-07
-4.99737e-07
-4.18101e-07
-3.3898e-07
-2.61683e-07
-1.86003e-07
-1.11258e-07
-3.73973e-08
0.00019809
0.000188163
0.000176986
0.000164962
0.000152531
0.000139933
0.000127145
0.000114074
0.000100755
8.73343e-05
7.39171e-05
6.05236e-05
4.71919e-05
3.40543e-05
2.12697e-05
8.91749e-06
-2.99849e-06
-1.44592e-05
-2.53941e-05
-3.57453e-05
-4.55213e-05
-5.47568e-05
-6.34482e-05
-7.15636e-05
-7.91016e-05
-8.61016e-05
-9.2591e-05
-9.85608e-05
-0.000104009
-0.000108972
-0.00011349
-0.000117574
-0.000121223
-0.000124454
-0.000127303
-0.00012979
-0.000131921
-0.000133705
-0.000135165
-0.000136324
-0.000137182
-0.000137742
-0.000138028
-0.00013806
-0.000137836
-0.000137356
-0.000136644
-0.000135711
-0.000134557
-0.000133187
-0.000131623
-0.000129873
-0.000127939
-0.000125833
-0.000123571
-0.000121165
-0.000118618
-0.000115945
-0.000113162
-0.00011028
-0.00010731
-0.000104265
-0.000101159
-9.80075e-05
-9.48207e-05
-9.16113e-05
-8.83926e-05
-8.51766e-05
-8.1974e-05
-7.87951e-05
-7.56498e-05
-7.25471e-05
-6.94947e-05
-6.64996e-05
-6.35679e-05
-6.07049e-05
-5.7915e-05
-5.52019e-05
-5.25684e-05
-5.00169e-05
-4.75489e-05
-4.51655e-05
-4.28674e-05
-4.06546e-05
-3.85269e-05
-3.64837e-05
-3.45243e-05
-3.26474e-05
-3.08518e-05
-2.91359e-05
-2.74981e-05
-2.59366e-05
-2.44492e-05
-2.30341e-05
-2.16889e-05
-2.04115e-05
-1.91997e-05
-1.80509e-05
-1.69629e-05
-1.59333e-05
-1.49596e-05
-1.40395e-05
-1.31705e-05
-1.23503e-05
-1.15767e-05
-1.08473e-05
-1.01599e-05
-9.51241e-06
-8.90276e-06
-8.32895e-06
-7.78905e-06
-7.28124e-06
-6.80374e-06
-6.35489e-06
-5.93306e-06
-5.53674e-06
-5.16446e-06
-4.81485e-06
-4.48658e-06
-4.17841e-06
-3.88915e-06
-3.61768e-06
-3.36291e-06
-3.12386e-06
-2.89952e-06
-2.68904e-06
-2.49149e-06
-2.3061e-06
-2.13204e-06
-1.96862e-06
-1.81508e-06
-1.67081e-06
-1.5351e-06
-1.40742e-06
-1.28711e-06
-1.17369e-06
-1.06655e-06
-9.65253e-07
-8.69218e-07
-7.78068e-07
-6.91222e-07
-6.08352e-07
-5.28872e-07
-4.52496e-07
-3.78621e-07
-3.06999e-07
-2.37013e-07
-1.68474e-07
-1.00777e-07
-3.38817e-08
0.000163597
0.000155569
0.000146663
0.000137088
0.000127108
0.000116943
0.000106654
9.61912e-05
8.55259e-05
7.47232e-05
6.38803e-05
5.30501e-05
4.22572e-05
3.15642e-05
2.10783e-05
1.08896e-05
1.03182e-06
-8.48335e-06
-1.76213e-05
-2.63342e-05
-3.46015e-05
-4.24337e-05
-4.98382e-05
-5.68021e-05
-6.33096e-05
-6.93661e-05
-7.49941e-05
-8.02083e-05
-8.50077e-05
-8.9395e-05
-9.33884e-05
-9.70111e-05
-0.000100278
-0.000103196
-0.00010578
-0.000108045
-0.000110007
-0.00011167
-0.000113047
-0.000114157
-0.000115012
-0.000115614
-0.000115973
-0.000116104
-0.000116014
-0.000115705
-0.000115189
-0.000114479
-0.000113582
-0.000112501
-0.000111247
-0.000109834
-0.000108266
-0.00010655
-0.000104698
-0.000102722
-0.000100629
-9.84272e-05
-9.61297e-05
-9.37484e-05
-9.1292e-05
-8.877e-05
-8.61943e-05
-8.35767e-05
-8.0927e-05
-7.8255e-05
-7.55709e-05
-7.28848e-05
-7.02059e-05
-6.75426e-05
-6.49029e-05
-6.22944e-05
-5.97238e-05
-5.71972e-05
-5.47199e-05
-5.22965e-05
-4.99311e-05
-4.76272e-05
-4.53875e-05
-4.32143e-05
-4.11093e-05
-3.90738e-05
-3.71085e-05
-3.52138e-05
-3.33899e-05
-3.16366e-05
-2.99533e-05
-2.83393e-05
-2.67938e-05
-2.53155e-05
-2.39032e-05
-2.25555e-05
-2.12707e-05
-2.00474e-05
-1.88837e-05
-1.77777e-05
-1.67277e-05
-1.57317e-05
-1.47877e-05
-1.38937e-05
-1.30478e-05
-1.2248e-05
-1.14921e-05
-1.07784e-05
-1.01048e-05
-9.46951e-06
-8.87055e-06
-8.30616e-06
-7.77456e-06
-7.27408e-06
-6.80307e-06
-6.35995e-06
-5.94321e-06
-5.5514e-06
-5.18314e-06
-4.83711e-06
-4.51203e-06
-4.20674e-06
-3.92005e-06
-3.65092e-06
-3.39827e-06
-3.16117e-06
-2.93864e-06
-2.72984e-06
-2.53389e-06
-2.35004e-06
-2.17748e-06
-2.01554e-06
-1.8635e-06
-1.72075e-06
-1.58663e-06
-1.46061e-06
-1.34206e-06
-1.23053e-06
-1.12542e-06
-1.02634e-06
-9.32729e-07
-8.44225e-07
-7.60309e-07
-6.80652e-07
-6.04747e-07
-5.32304e-07
-4.62814e-07
-3.9602e-07
-3.31404e-07
-2.68739e-07
-2.07495e-07
-1.47502e-07
-8.82412e-08
-2.96666e-08
0.000129031
0.000122795
0.000115943
0.000108617
0.000100965
9.31336e-05
8.51987e-05
7.71503e-05
6.89576e-05
6.06398e-05
5.22621e-05
4.38802e-05
3.55212e-05
2.72168e-05
1.90301e-05
1.10331e-05
3.26914e-06
-4.24778e-06
-1.15011e-05
-1.84582e-05
-2.50914e-05
-3.13961e-05
-3.73777e-05
-4.30302e-05
-4.83399e-05
-5.33051e-05
-5.79367e-05
-6.22402e-05
-6.62136e-05
-6.98633e-05
-7.32083e-05
-7.62611e-05
-7.90209e-05
-8.14897e-05
-8.36844e-05
-8.56262e-05
-8.73247e-05
-8.87803e-05
-8.99985e-05
-9.09943e-05
-9.17796e-05
-9.23572e-05
-9.27314e-05
-9.29149e-05
-9.29182e-05
-9.27443e-05
-9.23983e-05
-9.18909e-05
-9.12299e-05
-9.04189e-05
-8.94651e-05
-8.83789e-05
-8.71676e-05
-8.58362e-05
-8.43933e-05
-8.28492e-05
-8.12111e-05
-7.94852e-05
-7.76803e-05
-7.58064e-05
-7.38715e-05
-7.18827e-05
-6.98486e-05
-6.77784e-05
-6.56803e-05
-6.35618e-05
-6.14307e-05
-5.92948e-05
-5.71614e-05
-5.50372e-05
-5.29286e-05
-5.08416e-05
-4.87816e-05
-4.67537e-05
-4.47622e-05
-4.2811e-05
-4.09037e-05
-3.90431e-05
-3.72319e-05
-3.54719e-05
-3.3765e-05
-3.21122e-05
-3.05146e-05
-2.89726e-05
-2.74865e-05
-2.60565e-05
-2.46822e-05
-2.33633e-05
-2.20991e-05
-2.08889e-05
-1.97318e-05
-1.86266e-05
-1.75724e-05
-1.65678e-05
-1.56114e-05
-1.47019e-05
-1.38377e-05
-1.30175e-05
-1.22397e-05
-1.15026e-05
-1.08047e-05
-1.01445e-05
-9.5203e-06
-8.93059e-06
-8.3738e-06
-7.84841e-06
-7.35292e-06
-6.88587e-06
-6.44583e-06
-6.03144e-06
-5.64134e-06
-5.27428e-06
-4.929e-06
-4.60433e-06
-4.29912e-06
-4.01231e-06
-3.74284e-06
-3.48975e-06
-3.25206e-06
-3.02891e-06
-2.81942e-06
-2.62281e-06
-2.43827e-06
-2.26512e-06
-2.10261e-06
-1.95013e-06
-1.80702e-06
-1.67271e-06
-1.54661e-06
-1.42821e-06
-1.31697e-06
-1.21243e-06
-1.1141e-06
-1.02158e-06
-9.34397e-07
-8.52197e-07
-7.74537e-07
-7.01106e-07
-6.31476e-07
-5.65372e-07
-5.02375e-07
-4.42242e-07
-3.84551e-07
-3.29088e-07
-2.75424e-07
-2.23373e-07
-1.72493e-07
-1.22637e-07
-7.33855e-08
-2.4726e-08
9.39389e-05
8.94518e-05
8.45375e-05
7.93177e-05
7.38805e-05
6.83019e-05
6.26333e-05
5.68857e-05
5.10468e-05
4.51188e-05
3.91328e-05
3.31285e-05
2.71346e-05
2.11745e-05
1.52825e-05
9.50197e-06
3.86741e-06
-1.60349e-06
-6.89806e-06
-1.19974e-05
-1.68817e-05
-2.15408e-05
-2.59735e-05
-3.01766e-05
-3.41416e-05
-3.7862e-05
-4.13403e-05
-4.45844e-05
-4.7598e-05
-5.03788e-05
-5.29263e-05
-5.52491e-05
-5.73612e-05
-5.92724e-05
-6.09856e-05
-6.2502e-05
-6.38277e-05
-6.49717e-05
-6.59423e-05
-6.6746e-05
-6.73886e-05
-6.78751e-05
-6.82107e-05
-6.84023e-05
-6.84561e-05
-6.83755e-05
-6.81645e-05
-6.78302e-05
-6.73796e-05
-6.68172e-05
-6.61478e-05
-6.53782e-05
-6.45149e-05
-6.35624e-05
-6.25264e-05
-6.14141e-05
-6.02317e-05
-5.89841e-05
-5.76772e-05
-5.63181e-05
-5.49131e-05
-5.34676e-05
-5.19875e-05
-5.04791e-05
-4.89487e-05
-4.74018e-05
-4.58439e-05
-4.42804e-05
-4.27167e-05
-4.11579e-05
-3.96085e-05
-3.8073e-05
-3.65553e-05
-3.50594e-05
-3.35883e-05
-3.21453e-05
-3.07328e-05
-2.93533e-05
-2.80087e-05
-2.67006e-05
-2.54305e-05
-2.41994e-05
-2.3008e-05
-2.1857e-05
-2.07465e-05
-1.96769e-05
-1.8648e-05
-1.76596e-05
-1.67115e-05
-1.5803e-05
-1.49337e-05
-1.41028e-05
-1.33095e-05
-1.25529e-05
-1.18322e-05
-1.11463e-05
-1.04942e-05
-9.87482e-06
-9.28704e-06
-8.72974e-06
-8.2018e-06
-7.70205e-06
-7.22934e-06
-6.78254e-06
-6.3605e-06
-5.9621e-06
-5.58624e-06
-5.23184e-06
-4.89784e-06
-4.58322e-06
-4.287e-06
-4.00821e-06
-3.74593e-06
-3.49927e-06
-3.26737e-06
-3.04944e-06
-2.84467e-06
-2.65233e-06
-2.47169e-06
-2.30211e-06
-2.1429e-06
-1.99348e-06
-1.85324e-06
-1.72164e-06
-1.59815e-06
-1.48227e-06
-1.37352e-06
-1.27146e-06
-1.17563e-06
-1.08566e-06
-1.00113e-06
-9.21696e-07
-8.46978e-07
-7.76674e-07
-7.10422e-07
-6.47958e-07
-5.88942e-07
-5.33137e-07
-4.80217e-07
-4.29973e-07
-3.82085e-07
-3.36369e-07
-2.92503e-07
-2.50326e-07
-2.0951e-07
-1.69919e-07
-1.31219e-07
-9.3296e-08
-5.5778e-08
-1.85939e-08
5.77431e-05
5.50093e-05
5.2016e-05
4.88508e-05
4.55646e-05
4.2191e-05
3.87561e-05
3.52726e-05
3.17388e-05
2.81526e-05
2.45246e-05
2.08778e-05
1.7235e-05
1.36127e-05
1.00267e-05
6.49715e-06
3.045e-06
-3.14546e-07
-3.5719e-06
-6.71764e-06
-9.74069e-06
-1.26322e-05
-1.53884e-05
-1.80078e-05
-2.04868e-05
-2.28216e-05
-2.501e-05
-2.70524e-05
-2.89493e-05
-3.07032e-05
-3.23204e-05
-3.3807e-05
-3.51635e-05
-3.63871e-05
-3.74796e-05
-3.845e-05
-3.93076e-05
-4.00564e-05
-4.06958e-05
-4.12278e-05
-4.16577e-05
-4.19905e-05
-4.22286e-05
-4.23743e-05
-4.24316e-05
-4.24044e-05
-4.22957e-05
-4.21089e-05
-4.18478e-05
-4.15161e-05
-4.11168e-05
-4.06539e-05
-4.01314e-05
-3.95528e-05
-3.89218e-05
-3.82426e-05
-3.75193e-05
-3.67554e-05
-3.59544e-05
-3.51205e-05
-3.42578e-05
-3.33699e-05
-3.24602e-05
-3.15326e-05
-3.05908e-05
-2.96384e-05
-2.86787e-05
-2.77148e-05
-2.67501e-05
-2.57876e-05
-2.48301e-05
-2.38802e-05
-2.29406e-05
-2.20135e-05
-2.1101e-05
-2.02048e-05
-1.93268e-05
-1.84684e-05
-1.76309e-05
-1.68154e-05
-1.60228e-05
-1.52539e-05
-1.4509e-05
-1.37888e-05
-1.30934e-05
-1.24231e-05
-1.17778e-05
-1.11575e-05
-1.05621e-05
-9.99122e-06
-9.44463e-06
-8.92191e-06
-8.4226e-06
-7.94618e-06
-7.49209e-06
-7.05975e-06
-6.64852e-06
-6.25776e-06
-5.88678e-06
-5.5349e-06
-5.20141e-06
-4.88562e-06
-4.5868e-06
-4.30425e-06
-4.03726e-06
-3.78514e-06
-3.5472e-06
-3.32278e-06
-3.11121e-06
-2.91186e-06
-2.72411e-06
-2.54735e-06
-2.38102e-06
-2.22456e-06
-2.07743e-06
-1.93912e-06
-1.80913e-06
-1.68701e-06
-1.5723e-06
-1.46459e-06
-1.36345e-06
-1.2685e-06
-1.17938e-06
-1.09574e-06
-1.01724e-06
-9.43569e-07
-8.74417e-07
-8.09512e-07
-7.48568e-07
-6.91341e-07
-6.37569e-07
-5.87036e-07
-5.39498e-07
-4.94764e-07
-4.52606e-07
-4.12855e-07
-3.75294e-07
-3.39775e-07
-3.06089e-07
-2.74104e-07
-2.43616e-07
-2.14507e-07
-1.86575e-07
-1.59712e-07
-1.33715e-07
-1.08491e-07
-8.38379e-08
-5.97124e-08
-3.59679e-08
-1.25804e-08
1.96315e-05
1.87064e-05
1.76958e-05
1.6628e-05
1.55201e-05
1.43825e-05
1.32237e-05
1.20484e-05
1.08565e-05
9.64657e-06
8.42143e-06
7.18881e-06
5.9573e-06
4.73282e-06
3.51986e-06
2.32431e-06
1.1532e-06
1.19262e-08
-1.09663e-06
-2.17002e-06
-3.20429e-06
-4.1949e-06
-5.13881e-06
-6.03484e-06
-6.88256e-06
-7.68165e-06
-8.43267e-06
-9.13739e-06
-9.79711e-06
-1.04103e-05
-1.09731e-05
-1.14835e-05
-1.19448e-05
-1.23645e-05
-1.27477e-05
-1.30936e-05
-1.33984e-05
-1.36611e-05
-1.38843e-05
-1.40719e-05
-1.42258e-05
-1.4346e-05
-1.44328e-05
-1.44873e-05
-1.45117e-05
-1.45072e-05
-1.44742e-05
-1.44136e-05
-1.43269e-05
-1.42156e-05
-1.40808e-05
-1.39239e-05
-1.37461e-05
-1.3549e-05
-1.33338e-05
-1.3102e-05
-1.2855e-05
-1.25941e-05
-1.23205e-05
-1.20359e-05
-1.17416e-05
-1.14389e-05
-1.1129e-05
-1.08132e-05
-1.04927e-05
-1.01687e-05
-9.84229e-06
-9.51447e-06
-9.18634e-06
-8.85889e-06
-8.53303e-06
-8.20963e-06
-7.8895e-06
-7.57341e-06
-7.26206e-06
-6.95607e-06
-6.65603e-06
-6.36245e-06
-6.07579e-06
-5.79644e-06
-5.52473e-06
-5.26092e-06
-5.00522e-06
-4.75779e-06
-4.51873e-06
-4.28812e-06
-4.06598e-06
-3.85231e-06
-3.64707e-06
-3.45017e-06
-3.26152e-06
-3.08101e-06
-2.90847e-06
-2.74374e-06
-2.58666e-06
-2.43702e-06
-2.29463e-06
-2.15926e-06
-2.03071e-06
-1.90874e-06
-1.79313e-06
-1.68363e-06
-1.58002e-06
-1.48205e-06
-1.38948e-06
-1.30209e-06
-1.21964e-06
-1.1419e-06
-1.06864e-06
-9.99651e-07
-9.34711e-07
-8.73615e-07
-8.16158e-07
-7.62149e-07
-7.11396e-07
-6.63723e-07
-6.18953e-07
-5.76923e-07
-5.37472e-07
-5.00453e-07
-4.65717e-07
-4.33133e-07
-4.02565e-07
-3.73896e-07
-3.47001e-07
-3.21777e-07
-2.98109e-07
-2.75907e-07
-2.55065e-07
-2.35504e-07
-2.17126e-07
-1.99862e-07
-1.83622e-07
-1.68346e-07
-1.53947e-07
-1.40375e-07
-1.27546e-07
-1.15419e-07
-1.0391e-07
-9.29882e-08
-8.25658e-08
-7.26223e-08
-6.30649e-08
-5.38841e-08
-4.49796e-08
-3.63517e-08
-2.78811e-08
-1.95609e-08
-1.12456e-08
-3.08162e-09
0.000201303
0.000217829
0.00022079
0.000230332
0.000236053
0.000248965
0.000259879
0.000283481
0.000297498
0.000320783
0.000341405
0.000372784
0.000395642
0.000430649
0.00046006
0.000502588
0.000539351
0.000593618
0.000639494
0.000703764
0.000762589
0.000845406
0.000921558
0.00102902
0.00113909
0.00130392
0.00148722
0.00176914
0.00210786
0.00258642
0.000201473
0.000217787
0.000220496
0.000230082
0.000235869
0.000248953
0.000259595
0.000282984
0.000297082
0.000320392
0.000340761
0.00037205
0.000394651
0.000429863
0.000459293
0.000501593
0.000538263
0.000591615
0.000637473
0.00070073
0.000759972
0.000840385
0.00091786
0.00102128
0.00113442
0.00128841
0.00147272
0.00171833
0.00201602
0.00229341
0.000201696
0.000217393
0.000220127
0.000229573
0.00023569
0.00024855
0.000259185
0.000282107
0.000296709
0.000319451
0.000340099
0.000370609
0.000393766
0.000428172
0.000458467
0.000499476
0.000537039
0.000588164
0.000635388
0.000695756
0.000756565
0.000832812
0.000912067
0.00101002
0.00112381
0.00126571
0.00143988
0.00164398
0.00187002
0.0020212
0.000201811
0.000216806
0.000219675
0.000228896
0.000235407
0.000247908
0.000258712
0.000281111
0.000296194
0.000318223
0.000339295
0.00036885
0.000392672
0.000426098
0.000457253
0.000496801
0.000535154
0.000584193
0.000632283
0.000690062
0.000751466
0.000824162
0.000903328
0.000996472
0.00110675
0.001237
0.00139173
0.00155768
0.00171773
0.00180123
0.000201838
0.000216042
0.00021908
0.000228053
0.000235013
0.000247093
0.000258114
0.000279886
0.000295472
0.000316742
0.000338223
0.000366818
0.000391273
0.000423675
0.000455489
0.000493649
0.000532485
0.00057969
0.000628039
0.000683594
0.000744564
0.000814265
0.000891658
0.000980174
0.00108397
0.00120193
0.00133421
0.00146662
0.00157797
0.00162416
0.000201785
0.00021506
0.000218333
0.000227036
0.00023449
0.000246062
0.000257332
0.000278426
0.000294523
0.000314993
0.000336856
0.000364519
0.000389481
0.00042088
0.000453114
0.000490011
0.000528981
0.000574587
0.000622624
0.000676199
0.000735943
0.000802849
0.000877263
0.000960746
0.00105635
0.00116123
0.00127198
0.00137594
0.00145318
0.00147425
0.000201635
0.000213852
0.000217411
0.000225827
0.000233796
0.000244816
0.00025634
0.000276749
0.0002933
0.00031299
0.000335143
0.000361944
0.000387223
0.000417719
0.000450093
0.000485884
0.000524609
0.000568818
0.000616045
0.000667771
0.000725673
0.000789727
0.000860303
0.00093818
0.00102475
0.00111645
0.00120792
0.00128839
0.00134089
0.00134328
0.000201361
0.000212422
0.00021628
0.00022442
0.000232904
0.000243372
0.000255103
0.000274862
0.000291763
0.000310739
0.000333034
0.000359089
0.000384474
0.000414183
0.000446412
0.000481228
0.000519371
0.000562303
0.000608332
0.000658207
0.000713821
0.000774806
0.00084097
0.000912736
0.000990068
0.0010691
0.00114375
0.00120493
0.00123859
0.00122729
0.000200929
0.000210781
0.000214919
0.000222819
0.000231781
0.000241739
0.000253583
0.000272765
0.000289885
0.000308231
0.000330506
0.000355935
0.000381221
0.000410225
0.000442068
0.000475985
0.000513288
0.000554959
0.000599519
0.000647437
0.000700452
0.000758078
0.000819485
0.000884817
0.000953107
0.00102035
0.00108046
0.0011258
0.00114482
0.00112399
0.0002003
0.000208952
0.000213312
0.000221013
0.000230392
0.000239918
0.000251762
0.000270441
0.000287651
0.000305447
0.000327549
0.000352444
0.000377456
0.000405796
0.000437074
0.000470097
0.000506375
0.000546728
0.000589633
0.000635428
0.000685621
0.000739623
0.000796092
0.000854889
0.000914563
0.000971063
0.00101869
0.00105102
0.00105878
0.00103169
0.000199435
0.000206953
0.000211447
0.000218986
0.000228713
0.000237899
0.000249624
0.000267863
0.000285058
0.000302358
0.000324156
0.000348569
0.000373177
0.000400851
0.000431433
0.000463522
0.000498638
0.000537577
0.000578686
0.000622185
0.000669391
0.000719582
0.000771051
0.000823405
0.000875014
0.000921874
0.000958832
0.000980592
0.000979867
0.000948944
0.000198293
0.000204791
0.000209328
0.000216723
0.000226722
0.000235662
0.000247159
0.000265
0.000282102
0.000298935
0.000320319
0.000344269
0.000368382
0.000395352
0.000425143
0.00045623
0.000490076
0.000527491
0.000566693
0.000607748
0.000651845
0.000698126
0.000744633
0.000790776
0.00083494
0.000873265
0.000901184
0.000914459
0.000907477
0.000874468
0.000196839
0.000202461
0.000206958
0.000214207
0.000224404
0.000233179
0.000244363
0.000261821
0.000278778
0.00029515
0.000316029
0.000339509
0.000363062
0.000389269
0.000418194
0.000448208
0.000480684
0.000516472
0.000553678
0.000592175
0.000633083
0.000675438
0.000717107
0.000757369
0.000794741
0.000825601
0.000845942
0.000852489
0.000841
0.000807132
0.000195044
0.000199949
0.00020434
0.000211421
0.000221745
0.000230421
0.000241227
0.000258292
0.000275078
0.000290982
0.000311276
0.000334257
0.000357203
0.000382582
0.000410575
0.000439446
0.000470465
0.000504532
0.000539673
0.000575543
0.000613222
0.000651705
0.000688729
0.0007235
0.00075475
0.000779152
0.000793211
0.000794484
0.000779836
0.000745973
0.000192889
0.000197233
0.000201475
0.000208346
0.000218733
0.000227363
0.000237742
0.000254384
0.000270986
0.000286412
0.000306048
0.000328488
0.000350789
0.000375276
0.000402274
0.000429942
0.000459427
0.000491695
0.000524722
0.000557934
0.00059239
0.000627107
0.000659737
0.000689448
0.000715235
0.000734111
0.00074302
0.000740206
0.000723432
0.000690178
0.00019036
0.000194282
0.000198358
0.000204964
0.000215357
0.000223983
0.000233897
0.000250069
0.000266482
0.000281424
0.000300335
0.00032218
0.000343801
0.00036734
0.000393286
0.000419701
0.000447584
0.00047799
0.000508879
0.00053944
0.00057072
0.000601818
0.000630346
0.00065545
0.000676408
0.0006906
0.000695331
0.000689399
0.000671289
0.000639066
0.000187448
0.000191063
0.000194981
0.000201263
0.000211598
0.000220261
0.000229683
0.00024532
0.000261543
0.000276003
0.000294126
0.000315317
0.000336223
0.000358765
0.000383609
0.000408728
0.000434958
0.000463459
0.000492203
0.000520154
0.000548344
0.000576006
0.000600744
0.000621698
0.000638432
0.000648687
0.00065007
0.000641805
0.000622967
0.000592058
0.000184146
0.000187541
0.000191333
0.000197231
0.000207432
0.000216178
0.000225092
0.000240113
0.000256144
0.000270134
0.000287409
0.000307888
0.000328044
0.000349541
0.000373243
0.00039704
0.000421574
0.000448143
0.000474767
0.000500173
0.000525388
0.000549824
0.0005711
0.000588349
0.000601419
0.000608404
0.000607136
0.000597173
0.000578072
0.000548665
0.000180452
0.000183682
0.000187393
0.000192864
0.000202832
0.000211711
0.000220129
0.000234426
0.000250254
0.000263805
0.000280173
0.000299882
0.000319259
0.000339661
0.000362188
0.000384658
0.000407468
0.000432087
0.00045664
0.000479597
0.000501969
0.000523405
0.000541561
0.000555529
0.000565439
0.000569743
0.000566419
0.000555263
0.00053625
0.000508462
0.000176363
0.000179452
0.000183135
0.000188164
0.000197775
0.000206826
0.000214796
0.000228248
0.000243834
0.000257005
0.000272411
0.000291283
0.000309871
0.000329128
0.000350439
0.000371606
0.000392686
0.000415336
0.000437889
0.000458529
0.000478202
0.00049686
0.000512241
0.000523339
0.000530536
0.000532664
0.000527801
0.000515859
0.000497185
0.000471077
0.000171878
0.00017482
0.00017852
0.000183136
0.000192252
0.000201475
0.000209095
0.000221583
0.000236845
0.000249715
0.000264127
0.000282074
0.000299877
0.00031796
0.000337998
0.000357899
0.000377283
0.000397949
0.00041857
0.00043706
0.000454198
0.000470289
0.000483229
0.000491856
0.000496729
0.000497109
0.000491152
0.000478763
0.0004606
0.000436187
0.000166994
0.000169767
0.000173505
0.000177774
0.000186267
0.000195611
0.000203007
0.00021445
0.000229257
0.000241904
0.000255328
0.000272248
0.00028927
0.000306177
0.000324877
0.000343545
0.000361307
0.00037999
0.000398741
0.000415267
0.000430058
0.000443776
0.000454587
0.000461128
0.000464024
0.000463005
0.000456338
0.000443793
0.000426254
0.000403509
0.000161702
0.00016428
0.000168049
0.000172058
0.000179835
0.000189199
0.0001965
0.000206867
0.000221059
0.000233536
0.000246012
0.000261807
0.000278044
0.000293798
0.000311098
0.000328561
0.000344803
0.000361523
0.000378457
0.000393219
0.00040587
0.000417391
0.000426356
0.000431184
0.000432412
0.000430263
0.000423215
0.000410778
0.000393943
0.000372804
0.00015599
0.000158347
0.000162123
0.000165962
0.000172965
0.000182211
0.000189532
0.000198845
0.000212247
0.00022458
0.000236181
0.00025075
0.000266189
0.000280848
0.000296688
0.000312951
0.000327813
0.000342619
0.000357764
0.000370961
0.000381714
0.000391195
0.000398546
0.000402024
0.000401883
0.000398797
0.000391619
0.000379542
0.000363485
0.000343868
0.000149844
0.000151963
0.000155692
0.000159458
0.000165682
0.000174624
0.00018205
0.000190409
0.000202827
0.000214988
0.000225842
0.000239099
0.000253681
0.000267346
0.000281697
0.000296715
0.000310351
0.000323357
0.000336711
0.000348499
0.000357638
0.000365253
0.000371145
0.000373591
0.000372408
0.000368533
0.000361368
0.000349865
0.000334671
0.000316508
0.00014154
0.000143367
0.000146928
0.000150678
0.000156037
0.000164328
0.000171863
0.000179279
0.000190275
0.000202023
0.000212143
0.000223755
0.000237089
0.000249622
0.000262181
0.000275514
0.000287723
0.000298726
0.000309853
0.000319931
0.000327379
0.000332953
0.000337133
0.000338534
0.000336454
0.000331823
0.000324725
0.00031409
0.00030008
0.000283643
0.000130264
0.000131796
0.000134973
0.000138684
0.000143312
0.000150467
0.000157813
0.00016457
0.000173789
0.000184487
0.000193923
0.000203798
0.000215299
0.000226479
0.000237161
0.000248313
0.000258781
0.000267841
0.000276514
0.000284489
0.000290296
0.000294039
0.000296433
0.000296778
0.000294197
0.000289184
0.000282235
0.000272704
0.000260377
0.000246105
0.000117078
0.000118364
0.000121064
0.000124598
0.00012868
0.000134568
0.000141327
0.000147605
0.000155164
0.000164348
0.000172994
0.000181379
0.000190877
0.000200519
0.000209502
0.000218476
0.000227091
0.000234468
0.000241003
0.000246924
0.000251295
0.000253722
0.000254722
0.000254208
0.000251496
0.000246599
0.000240036
0.000231694
0.000221285
0.000209246
0.000101713
0.000102795
0.000105016
0.000108153
0.000111726
0.00011646
0.000122264
0.000127927
0.000134081
0.000141543
0.000149066
0.000156127
0.000163699
0.000171586
0.000178934
0.000185938
0.000192666
0.000198457
0.000203254
0.000207396
0.000210474
0.000211967
0.000212077
0.000210996
0.000208362
0.000203962
0.000198131
0.000191053
0.000182548
0.000172727
8.39205e-05
8.48119e-05
8.6563e-05
8.91236e-05
9.2132e-05
9.58492e-05
0.000100459
0.000105229
0.000110158
0.000115896
0.000121964
0.000127705
0.000133514
0.000139547
0.000145259
0.000150524
0.000155457
0.000159734
0.000163149
0.000165891
0.000167861
0.000168692
0.000168364
0.000167057
0.000164665
0.000161003
0.0001562
0.000150467
0.000143778
0.000136142
6.347e-05
6.41472e-05
6.543e-05
6.73269e-05
6.96408e-05
7.23757e-05
7.57079e-05
7.9329e-05
8.30252e-05
8.71185e-05
9.15433e-05
9.58304e-05
9.9995e-05
0.000104226
0.000108291
0.000111972
0.000115306
0.0001182
0.000120478
0.00012217
0.000123296
0.000123684
0.000123231
0.000122017
0.000120067
0.000117291
0.000113699
0.000109424
0.000104532
9.90419e-05
4.01657e-05
4.05953e-05
4.13952e-05
4.25737e-05
4.40441e-05
4.5752e-05
4.77901e-05
5.00653e-05
5.24006e-05
5.48948e-05
5.75936e-05
6.02638e-05
6.28115e-05
6.53348e-05
6.77669e-05
6.9957e-05
7.18918e-05
7.35579e-05
7.48587e-05
7.57702e-05
7.63209e-05
7.64496e-05
7.60765e-05
7.52206e-05
7.39223e-05
7.21554e-05
6.99022e-05
6.72258e-05
6.41964e-05
6.08435e-05
1.38925e-05
1.40415e-05
1.4317e-05
1.47199e-05
1.52277e-05
1.58159e-05
1.65089e-05
1.72901e-05
1.80973e-05
1.89439e-05
1.98549e-05
2.0767e-05
2.16332e-05
2.24767e-05
2.32883e-05
2.40198e-05
2.46579e-05
2.52014e-05
2.56237e-05
2.59111e-05
2.60716e-05
2.6092e-05
2.59463e-05
2.56354e-05
2.51738e-05
2.45582e-05
2.37821e-05
2.28631e-05
2.18267e-05
2.06848e-05
)
;

boundaryField
{
    top
    {
        type            fixedValue;
        value           uniform 0;
    }
    inlet
    {
        type            zeroGradient;
    }
    outlet
    {
        type            fixedValue;
        value           uniform 0;
    }
    plate
    {
        type            zeroGradient;
    }
    symmBound
    {
        type            zeroGradient;
    }
    frontAndBack
    {
        type            empty;
    }
}


// ************************************************************************* //
