/*--------------------------------*- C++ -*----------------------------------*\
| =========                 |                                                 |
| \\      /  F ield         | OpenFOAM: The Open Source CFD Toolbox           |
|  \\    /   O peration     | Version:  2.3.0                                 |
|   \\  /    A nd           | Web:      www.OpenFOAM.org                      |
|    \\/     M anipulation  |                                                 |
\*---------------------------------------------------------------------------*/
FoamFile
{
    version     2.0;
    format      ascii;
    class       volVectorField;
    location    "0.35";
    object      U;
}
// * * * * * * * * * * * * * * * * * * * * * * * * * * * * * * * * * * * * * //

dimensions      [0 1 -1 0 0 0 0];

internalField   nonuniform List<vector> 
3105
(
(0.176817 0.00434427 0)
(0.156108 0.00594949 0)
(0.137413 0.00612085 0)
(0.119282 0.00552894 0)
(0.101799 0.00472983 0)
(0.0857592 0.00384756 0)
(0.0722014 0.00288916 0)
(0.0615438 0.00187675 0)
(0.053616 0.00098858 0)
(0.0478942 0.000380521 0)
(0.043813 5.34664e-05 0)
(0.0408987 -8.12148e-05 0)
(0.0387696 -0.000107694 0)
(0.0371408 -8.31563e-05 0)
(0.0358091 -3.98546e-05 0)
(0.0346454 3.21952e-06 0)
(0.0335785 3.66596e-05 0)
(0.0325752 5.82703e-05 0)
(0.0316242 6.97201e-05 0)
(0.0307239 7.38971e-05 0)
(0.0298754 7.35275e-05 0)
(0.0290792 7.06803e-05 0)
(0.0283343 6.67203e-05 0)
(0.0276382 6.24478e-05 0)
(0.0269877 5.82813e-05 0)
(0.026379 5.43998e-05 0)
(0.0258083 5.08521e-05 0)
(0.0252721 4.76327e-05 0)
(0.0247673 4.47208e-05 0)
(0.0242908 4.20854e-05 0)
(0.0238402 3.968e-05 0)
(0.0234132 3.74591e-05 0)
(0.023008 3.53937e-05 0)
(0.022623 3.34738e-05 0)
(0.0222568 3.16948e-05 0)
(0.0219081 3.00411e-05 0)
(0.0215757 2.84852e-05 0)
(0.0212587 2.70077e-05 0)
(0.0209563 2.56025e-05 0)
(0.0206678 2.42754e-05 0)
(0.0203924 2.30291e-05 0)
(0.0201294 2.18565e-05 0)
(0.0198782 2.07414e-05 0)
(0.0196384 1.96723e-05 0)
(0.0194094 1.86468e-05 0)
(0.0191908 1.76777e-05 0)
(0.0189823 1.67688e-05 0)
(0.0187833 1.59111e-05 0)
(0.0185934 1.50865e-05 0)
(0.0184125 1.42835e-05 0)
(0.0182403 1.34955e-05 0)
(0.0180766 1.27354e-05 0)
(0.0179213 1.20092e-05 0)
(0.017774 1.13181e-05 0)
(0.0176345 1.06582e-05 0)
(0.0175027 1.00351e-05 0)
(0.0173782 9.43649e-06 0)
(0.017261 8.85573e-06 0)
(0.017151 8.27884e-06 0)
(0.017048 7.70337e-06 0)
(0.0169523 7.11397e-06 0)
(0.0168637 6.51922e-06 0)
(0.0167824 5.92232e-06 0)
(0.0167082 5.35537e-06 0)
(0.016641 4.82396e-06 0)
(0.0165802 4.33851e-06 0)
(0.0165259 3.85773e-06 0)
(0.0164779 3.36392e-06 0)
(0.0164363 2.81041e-06 0)
(0.0164013 2.2166e-06 0)
(0.0163731 1.59145e-06 0)
(0.0163514 1.02622e-06 0)
(0.0163362 5.34251e-07 0)
(0.0163266 1.42212e-07 0)
(0.0163227 -1.85325e-07 0)
(0.0163235 -7.02264e-07 0)
(0.0163288 -1.05335e-06 0)
(0.0163374 -1.3677e-06 0)
(0.016349 -1.60833e-06 0)
(0.0163621 -1.73652e-06 0)
(0.0163765 -1.78992e-06 0)
(0.0163907 -1.73684e-06 0)
(0.0164048 -1.63701e-06 0)
(0.0164175 -1.46913e-06 0)
(0.0164294 -1.31239e-06 0)
(0.0164395 -1.11628e-06 0)
(0.0164488 -9.85064e-07 0)
(0.0164565 -8.17166e-07 0)
(0.0164637 -7.49487e-07 0)
(0.0164697 -6.22872e-07 0)
(0.0164757 -6.06228e-07 0)
(0.0164805 -4.99256e-07 0)
(0.0164856 -4.96065e-07 0)
(0.0164896 -3.82498e-07 0)
(0.0164936 -3.70347e-07 0)
(0.0164965 -2.4782e-07 0)
(0.0164992 -2.36477e-07 0)
(0.0165011 -1.2978e-07 0)
(0.0165026 -1.33412e-07 0)
(0.0165041 -8.12305e-08 0)
(0.192294 0.00771087 0)
(0.190419 0.0107965 0)
(0.187844 0.0118817 0)
(0.183988 0.0117239 0)
(0.178557 0.0110894 0)
(0.171725 0.0102003 0)
(0.164109 0.00905472 0)
(0.156199 0.00764809 0)
(0.14838 0.00613035 0)
(0.140882 0.00471894 0)
(0.133839 0.00355649 0)
(0.127353 0.00267486 0)
(0.121467 0.00204007 0)
(0.116189 0.00160503 0)
(0.111474 0.00131812 0)
(0.107254 0.00113072 0)
(0.103454 0.00100395 0)
(0.100012 0.000911255 0)
(0.0968727 0.000836834 0)
(0.0939932 0.00077238 0)
(0.0913391 0.000714123 0)
(0.0888828 0.000660661 0)
(0.0866013 0.000611591 0)
(0.0844754 0.000566802 0)
(0.082489 0.000526167 0)
(0.0806278 0.000489441 0)
(0.0788796 0.000456287 0)
(0.0772338 0.000426352 0)
(0.0756811 0.000399305 0)
(0.0742134 0.000374804 0)
(0.0728234 0.00035248 0)
(0.071505 0.000331998 0)
(0.0702528 0.00031311 0)
(0.069062 0.000295649 0)
(0.0679285 0.000279477 0)
(0.0668483 0.000264442 0)
(0.0658181 0.000250376 0)
(0.0648351 0.000237146 0)
(0.0638965 0.000224669 0)
(0.0630001 0.000212916 0)
(0.0621436 0.000201853 0)
(0.0613249 0.000191415 0)
(0.0605424 0.00018151 0)
(0.0597943 0.000172072 0)
(0.0590794 0.000163067 0)
(0.0583962 0.000154508 0)
(0.0577435 0.00014638 0)
(0.0571201 0.000138635 0)
(0.0565251 0.000131199 0)
(0.0559575 0.000124022 0)
(0.0554168 0.000117067 0)
(0.0549022 0.00011036 0)
(0.054413 0.000103906 0)
(0.0539486 9.76953e-05 0)
(0.0535084 9.17026e-05 0)
(0.0530919 8.5936e-05 0)
(0.0526987 8.03495e-05 0)
(0.0523282 7.4917e-05 0)
(0.0519805 6.95898e-05 0)
(0.0516551 6.43588e-05 0)
(0.0513521 5.91742e-05 0)
(0.0510711 5.40645e-05 0)
(0.0508123 4.904e-05 0)
(0.050575 4.42051e-05 0)
(0.050359 3.95793e-05 0)
(0.0501635 3.52011e-05 0)
(0.0499884 3.09438e-05 0)
(0.0498329 2.67648e-05 0)
(0.0496976 2.25304e-05 0)
(0.0495816 1.83212e-05 0)
(0.0494854 1.41597e-05 0)
(0.0494073 1.02958e-05 0)
(0.0493472 6.75137e-06 0)
(0.0493027 3.66819e-06 0)
(0.0492734 9.45784e-07 0)
(0.0492565 -1.56782e-06 0)
(0.0492515 -3.86747e-06 0)
(0.0492546 -5.53623e-06 0)
(0.0492655 -6.67496e-06 0)
(0.0492801 -7.22058e-06 0)
(0.0492985 -7.41194e-06 0)
(0.0493169 -7.18076e-06 0)
(0.0493362 -6.75415e-06 0)
(0.0493531 -6.07925e-06 0)
(0.0493697 -5.44608e-06 0)
(0.0493831 -4.69137e-06 0)
(0.0493963 -4.17418e-06 0)
(0.0494063 -3.54689e-06 0)
(0.049417 -3.27019e-06 0)
(0.0494249 -2.7958e-06 0)
(0.0494341 -2.70039e-06 0)
(0.0494406 -2.28638e-06 0)
(0.0494487 -2.23852e-06 0)
(0.0494539 -1.79132e-06 0)
(0.0494607 -1.71802e-06 0)
(0.0494643 -1.23256e-06 0)
(0.0494693 -1.16461e-06 0)
(0.0494714 -7.17322e-07 0)
(0.0494744 -7.1396e-07 0)
(0.0494761 -4.01233e-07 0)
(0.193264 0.00742672 0)
(0.193623 0.010025 0)
(0.194616 0.0116137 0)
(0.195662 0.0121254 0)
(0.196109 0.0120244 0)
(0.195625 0.0115881 0)
(0.194215 0.0108573 0)
(0.191999 0.00985278 0)
(0.189136 0.0086789 0)
(0.185787 0.00749948 0)
(0.182098 0.0064468 0)
(0.178219 0.00557539 0)
(0.17427 0.00487512 0)
(0.17035 0.00431752 0)
(0.16651 0.00386985 0)
(0.162772 0.00350278 0)
(0.159146 0.00319346 0)
(0.155636 0.00292581 0)
(0.152242 0.0026893 0)
(0.148966 0.00247736 0)
(0.145806 0.00228597 0)
(0.142764 0.00211266 0)
(0.139839 0.0019557 0)
(0.13703 0.0018137 0)
(0.134336 0.00168536 0)
(0.131753 0.00156937 0)
(0.12928 0.00146443 0)
(0.126911 0.00136933 0)
(0.124643 0.00128298 0)
(0.12247 0.00120441 0)
(0.12039 0.00113263 0)
(0.118397 0.00106675 0)
(0.116487 0.00100601 0)
(0.114656 0.000949868 0)
(0.112901 0.000897885 0)
(0.111217 0.000849612 0)
(0.109601 0.000804567 0)
(0.10805 0.000762345 0)
(0.106561 0.00072265 0)
(0.105131 0.000685298 0)
(0.103759 0.000650132 0)
(0.102441 0.000616954 0)
(0.101175 0.000585509 0)
(0.0999595 0.000555589 0)
(0.0987929 0.000527073 0)
(0.0976733 0.000499938 0)
(0.0965993 0.000474114 0)
(0.0955694 0.000449454 0)
(0.0945824 0.000425772 0)
(0.0936371 0.000402939 0)
(0.0927327 0.000380872 0)
(0.0918682 0.000359589 0)
(0.091043 0.000339072 0)
(0.0902561 0.000319278 0)
(0.089507 0.000300134 0)
(0.0887948 0.000281622 0)
(0.0881193 0.000263639 0)
(0.0874796 0.000246127 0)
(0.0868759 0.000228994 0)
(0.0863074 0.000212219 0)
(0.0857743 0.000195716 0)
(0.085276 0.000179537 0)
(0.0848128 0.000163701 0)
(0.0843836 0.000148389 0)
(0.0839888 0.000133637 0)
(0.0836265 0.000119515 0)
(0.0832975 0.00010581 0)
(0.0829998 9.24668e-05 0)
(0.0827345 7.92834e-05 0)
(0.0824997 6.64457e-05 0)
(0.0822963 5.40226e-05 0)
(0.0821213 4.24303e-05 0)
(0.0819752 3.16845e-05 0)
(0.0818537 2.20612e-05 0)
(0.0817572 1.34542e-05 0)
(0.0816804 6.19954e-06 0)
(0.0816239 -1.28772e-07 0)
(0.0815815 -4.85986e-06 0)
(0.0815537 -8.47198e-06 0)
(0.0815338 -1.07334e-05 0)
(0.081523 -1.1842e-05 0)
(0.0815147 -1.1882e-05 0)
(0.0815116 -1.1377e-05 0)
(0.0815074 -1.03026e-05 0)
(0.0815063 -9.24454e-06 0)
(0.0815021 -7.93978e-06 0)
(0.0815011 -7.06816e-06 0)
(0.0814963 -5.99888e-06 0)
(0.0814954 -5.5797e-06 0)
(0.0814905 -4.79003e-06 0)
(0.0814906 -4.699e-06 0)
(0.0814858 -3.99412e-06 0)
(0.0814871 -3.96848e-06 0)
(0.0814823 -3.16951e-06 0)
(0.0814842 -3.06793e-06 0)
(0.0814785 -2.17669e-06 0)
(0.0814805 -2.05875e-06 0)
(0.0814738 -1.1926e-06 0)
(0.0814752 -1.20891e-06 0)
(0.0814682 -4.97669e-07 0)
(0.194264 0.00700657 0)
(0.194594 0.00887294 0)
(0.195602 0.0103729 0)
(0.197143 0.0111267 0)
(0.198737 0.0112789 0)
(0.200004 0.0110657 0)
(0.200784 0.0105947 0)
(0.201047 0.00991056 0)
(0.200812 0.00907859 0)
(0.200121 0.00820266 0)
(0.199034 0.00738448 0)
(0.19764 0.00668221 0)
(0.196025 0.00610534 0)
(0.194266 0.00563297 0)
(0.192411 0.00523921 0)
(0.190488 0.00490261 0)
(0.188509 0.00460734 0)
(0.186485 0.00434222 0)
(0.184421 0.00409961 0)
(0.182325 0.00387454 0)
(0.180202 0.00366394 0)
(0.178061 0.00346601 0)
(0.175909 0.00327964 0)
(0.173753 0.00310414 0)
(0.171601 0.00293895 0)
(0.16946 0.00278361 0)
(0.167335 0.00263764 0)
(0.165234 0.0025006 0)
(0.163159 0.00237202 0)
(0.161115 0.00225141 0)
(0.159105 0.00213818 0)
(0.157132 0.0020317 0)
(0.155198 0.00193138 0)
(0.153303 0.00183675 0)
(0.15145 0.00174745 0)
(0.149639 0.00166313 0)
(0.147872 0.00158334 0)
(0.146149 0.00150766 0)
(0.14447 0.00143576 0)
(0.142836 0.00136745 0)
(0.141247 0.00130254 0)
(0.139703 0.00124081 0)
(0.138204 0.00118194 0)
(0.136749 0.00112562 0)
(0.135338 0.0010716 0)
(0.13397 0.00101984 0)
(0.132646 0.000970265 0)
(0.131365 0.000922726 0)
(0.130128 0.00087695 0)
(0.128932 0.000832697 0)
(0.127779 0.0007898 0)
(0.126669 0.000748253 0)
(0.1256 0.000708012 0)
(0.124573 0.000669021 0)
(0.123587 0.000631193 0)
(0.122642 0.00059449 0)
(0.121739 0.000558751 0)
(0.120876 0.000523881 0)
(0.120055 0.000489732 0)
(0.119275 0.00045625 0)
(0.118536 0.000423302 0)
(0.117838 0.000390957 0)
(0.117182 0.000359259 0)
(0.116565 0.000328492 0)
(0.115991 0.000298736 0)
(0.115455 0.000270106 0)
(0.11496 0.000242299 0)
(0.114503 0.000215227 0)
(0.114087 0.000188622 0)
(0.113708 0.000162773 0)
(0.113368 0.000137833 0)
(0.113062 0.000114454 0)
(0.112794 9.27331e-05 0)
(0.112556 7.30825e-05 0)
(0.112351 5.5301e-05 0)
(0.112173 3.98485e-05 0)
(0.112022 2.67294e-05 0)
(0.111892 1.62549e-05 0)
(0.111784 7.87104e-06 0)
(0.11169 1.84619e-06 0)
(0.111613 -2.10174e-06 0)
(0.111543 -4.10911e-06 0)
(0.111485 -4.95485e-06 0)
(0.11143 -4.70653e-06 0)
(0.111384 -4.22972e-06 0)
(0.111337 -3.24954e-06 0)
(0.1113 -2.73848e-06 0)
(0.111258 -1.88982e-06 0)
(0.111228 -1.87335e-06 0)
(0.11119 -1.32699e-06 0)
(0.111166 -1.67995e-06 0)
(0.111132 -1.19329e-06 0)
(0.111114 -1.53163e-06 0)
(0.111082 -8.58494e-07 0)
(0.11107 -9.61983e-07 0)
(0.111039 -9.85927e-08 0)
(0.111032 -8.65913e-08 0)
(0.111 8.43002e-07 0)
(0.110997 7.04456e-07 0)
(0.110965 1.49182e-06 0)
(0.195094 0.00670855 0)
(0.19541 0.00812786 0)
(0.196204 0.00941493 0)
(0.19749 0.0102192 0)
(0.198999 0.0104909 0)
(0.200422 0.0103808 0)
(0.201585 0.0100257 0)
(0.202439 0.00950177 0)
(0.20298 0.00886382 0)
(0.203222 0.00817867 0)
(0.203189 0.00751891 0)
(0.202926 0.00693658 0)
(0.202489 0.00645002 0)
(0.201931 0.00604947 0)
(0.201286 0.00571551 0)
(0.200575 0.00543031 0)
(0.199805 0.00518046 0)
(0.198979 0.00495633 0)
(0.198096 0.0047511 0)
(0.197158 0.00456004 0)
(0.196164 0.00438003 0)
(0.195116 0.00420907 0)
(0.194017 0.00404587 0)
(0.19287 0.00388953 0)
(0.191679 0.00373944 0)
(0.190447 0.00359513 0)
(0.189181 0.0034563 0)
(0.187883 0.00332275 0)
(0.186559 0.00319436 0)
(0.185213 0.00307103 0)
(0.18385 0.00295259 0)
(0.182473 0.00283879 0)
(0.181086 0.00272934 0)
(0.17969 0.00262393 0)
(0.17829 0.00252238 0)
(0.176888 0.00242445 0)
(0.175488 0.00232987 0)
(0.174091 0.00223837 0)
(0.1727 0.00214974 0)
(0.171319 0.00206396 0)
(0.169949 0.00198102 0)
(0.168593 0.00190083 0)
(0.167253 0.00182324 0)
(0.165931 0.00174805 0)
(0.164627 0.00167507 0)
(0.163345 0.00160423 0)
(0.162084 0.00153546 0)
(0.160846 0.00146864 0)
(0.159633 0.00140356 0)
(0.158445 0.00134003 0)
(0.157285 0.00127795 0)
(0.156154 0.00121738 0)
(0.155053 0.0011583 0)
(0.153982 0.00110061 0)
(0.152942 0.0010442 0)
(0.151933 0.000988994 0)
(0.150957 0.000934802 0)
(0.150013 0.000881552 0)
(0.149104 0.000829167 0)
(0.14823 0.000777644 0)
(0.147394 0.000726846 0)
(0.146594 0.00067682 0)
(0.145832 0.000627574 0)
(0.145106 0.000579427 0)
(0.144418 0.000532533 0)
(0.143766 0.000487102 0)
(0.143153 0.000442831 0)
(0.142577 0.000399622 0)
(0.142042 0.000357171 0)
(0.141544 0.000315865 0)
(0.141086 0.000275957 0)
(0.140662 0.000238287 0)
(0.140277 0.000203013 0)
(0.139922 0.000170659 0)
(0.139602 0.000141059 0)
(0.13931 0.000114744 0)
(0.139051 9.16321e-05 0)
(0.138814 7.21475e-05 0)
(0.138607 5.6196e-05 0)
(0.138417 4.39273e-05 0)
(0.138251 3.46626e-05 0)
(0.138096 2.82093e-05 0)
(0.137963 2.37526e-05 0)
(0.137833 2.10117e-05 0)
(0.137723 1.90772e-05 0)
(0.137611 1.79735e-05 0)
(0.13752 1.67497e-05 0)
(0.137422 1.59694e-05 0)
(0.137347 1.45941e-05 0)
(0.137258 1.37242e-05 0)
(0.137199 1.22242e-05 0)
(0.137116 1.14412e-05 0)
(0.137071 1.02358e-05 0)
(0.136993 9.79569e-06 0)
(0.13696 9.11098e-06 0)
(0.136884 9.04661e-06 0)
(0.136863 8.64964e-06 0)
(0.136788 8.85642e-06 0)
(0.136778 8.42557e-06 0)
(0.136703 8.55989e-06 0)
(0.195776 0.00646907 0)
(0.196091 0.00761744 0)
(0.196751 0.00869798 0)
(0.19779 0.0094693 0)
(0.199062 0.00981078 0)
(0.20034 0.00978512 0)
(0.201459 0.0095147 0)
(0.202354 0.00909159 0)
(0.203021 0.00857363 0)
(0.203473 0.00801 0)
(0.20373 0.00745289 0)
(0.203824 0.00694614 0)
(0.203795 0.00651184 0)
(0.203682 0.00614965 0)
(0.203516 0.00584707 0)
(0.203314 0.00558962 0)
(0.203084 0.00536539 0)
(0.202827 0.00516563 0)
(0.202539 0.00498416 0)
(0.202219 0.00481665 0)
(0.201865 0.00466014 0)
(0.201475 0.00451258 0)
(0.201048 0.0043725 0)
(0.200584 0.00423879 0)
(0.200083 0.00411048 0)
(0.199545 0.00398681 0)
(0.19897 0.0038672 0)
(0.198361 0.00375123 0)
(0.197718 0.00363867 0)
(0.197044 0.00352942 0)
(0.196341 0.00342338 0)
(0.19561 0.00332046 0)
(0.194853 0.00322051 0)
(0.194071 0.0031233 0)
(0.193266 0.00302862 0)
(0.192439 0.00293618 0)
(0.191592 0.0028457 0)
(0.190727 0.00275691 0)
(0.189845 0.00266964 0)
(0.188949 0.00258383 0)
(0.188041 0.00249955 0)
(0.187122 0.00241677 0)
(0.186196 0.00233542 0)
(0.185263 0.00225542 0)
(0.184327 0.00217679 0)
(0.183389 0.00209962 0)
(0.18245 0.00202388 0)
(0.181511 0.00194937 0)
(0.180575 0.00187577 0)
(0.179643 0.00180279 0)
(0.178716 0.00173031 0)
(0.177798 0.00165859 0)
(0.176891 0.00158791 0)
(0.175997 0.00151842 0)
(0.175118 0.00145017 0)
(0.174252 0.00138299 0)
(0.173402 0.00131641 0)
(0.172565 0.00125009 0)
(0.171747 0.00118386 0)
(0.170948 0.00111784 0)
(0.170173 0.00105221 0)
(0.169422 0.000987363 0)
(0.168699 0.00092358 0)
(0.168002 0.0008612 0)
(0.167331 0.000800195 0)
(0.166682 0.000740461 0)
(0.16606 0.000681472 0)
(0.165461 0.000623126 0)
(0.164895 0.000565385 0)
(0.164359 0.000509038 0)
(0.163859 0.000454702 0)
(0.163386 0.000403349 0)
(0.162947 0.000355087 0)
(0.16253 0.000310278 0)
(0.162144 0.000268663 0)
(0.161777 0.000230706 0)
(0.161442 0.000196553 0)
(0.161125 0.000166789 0)
(0.160842 0.000141493 0)
(0.160572 0.000120649 0)
(0.160334 0.000103974 0)
(0.160103 9.08596e-05 0)
(0.159903 8.08757e-05 0)
(0.159702 7.29874e-05 0)
(0.159533 6.692e-05 0)
(0.159354 6.1653e-05 0)
(0.159212 5.72399e-05 0)
(0.159049 5.29036e-05 0)
(0.158933 4.90341e-05 0)
(0.158784 4.50625e-05 0)
(0.158692 4.16854e-05 0)
(0.158552 3.82229e-05 0)
(0.158482 3.56684e-05 0)
(0.158346 3.29313e-05 0)
(0.158294 3.12145e-05 0)
(0.158162 2.9175e-05 0)
(0.158127 2.78671e-05 0)
(0.157997 2.63352e-05 0)
(0.157978 2.52768e-05 0)
(0.157849 2.37449e-05 0)
(0.196361 0.0062529 0)
(0.196667 0.00720989 0)
(0.197235 0.00811332 0)
(0.198087 0.00880769 0)
(0.199144 0.00917682 0)
(0.200249 0.00922446 0)
(0.20126 0.00903523 0)
(0.2021 0.0086968 0)
(0.202751 0.0082706 0)
(0.203227 0.00780028 0)
(0.203546 0.00732517 0)
(0.203735 0.0068799 0)
(0.203826 0.00648659 0)
(0.20385 0.00615111 0)
(0.203834 0.00586737 0)
(0.203797 0.00562462 0)
(0.203746 0.00541268 0)
(0.203685 0.00522378 0)
(0.203613 0.00505248 0)
(0.203527 0.00489507 0)
(0.203427 0.00474902 0)
(0.203311 0.00461252 0)
(0.203178 0.00448417 0)
(0.203027 0.00436283 0)
(0.202857 0.00424741 0)
(0.202667 0.00413692 0)
(0.202457 0.00403057 0)
(0.202226 0.00392772 0)
(0.201974 0.00382795 0)
(0.201702 0.003731 0)
(0.201409 0.00363674 0)
(0.201097 0.00354512 0)
(0.200765 0.00345606 0)
(0.200413 0.00336943 0)
(0.200043 0.00328499 0)
(0.199653 0.00320238 0)
(0.199243 0.00312122 0)
(0.198815 0.00304118 0)
(0.198368 0.00296197 0)
(0.197903 0.00288345 0)
(0.197422 0.00280562 0)
(0.196924 0.0027285 0)
(0.196412 0.00265197 0)
(0.195885 0.00257589 0)
(0.195346 0.0025003 0)
(0.194795 0.00242543 0)
(0.194234 0.00235144 0)
(0.193663 0.00227827 0)
(0.193084 0.00220559 0)
(0.192494 0.00213282 0)
(0.191897 0.00205946 0)
(0.191294 0.00198552 0)
(0.190688 0.00191132 0)
(0.190082 0.00183747 0)
(0.189478 0.00176461 0)
(0.188876 0.00169305 0)
(0.188276 0.00162233 0)
(0.187675 0.00155161 0)
(0.187076 0.00148008 0)
(0.186477 0.00140725 0)
(0.185886 0.00133314 0)
(0.185303 0.00125849 0)
(0.184737 0.00118451 0)
(0.184186 0.00111261 0)
(0.183654 0.00104342 0)
(0.183129 0.000976368 0)
(0.182615 0.000909747 0)
(0.182104 0.000842136 0)
(0.181608 0.000773237 0)
(0.181128 0.000704516 0)
(0.180676 0.000637997 0)
(0.180244 0.000575522 0)
(0.179839 0.000517553 0)
(0.179445 0.000463837 0)
(0.179074 0.000413701 0)
(0.178708 0.000366908 0)
(0.178367 0.000323811 0)
(0.178032 0.000284671 0)
(0.177729 0.000250447 0)
(0.177429 0.000220745 0)
(0.177167 0.000196486 0)
(0.176901 0.000175914 0)
(0.176676 0.000160093 0)
(0.176437 0.00014605 0)
(0.176245 0.000135573 0)
(0.176024 0.000124931 0)
(0.175861 0.000116967 0)
(0.175652 0.000107597 0)
(0.175519 0.000100718 0)
(0.175321 9.21237e-05 0)
(0.175217 8.63609e-05 0)
(0.175028 7.90736e-05 0)
(0.174949 7.47966e-05 0)
(0.174766 6.91511e-05 0)
(0.174706 6.60247e-05 0)
(0.174526 6.15917e-05 0)
(0.174481 5.88462e-05 0)
(0.174303 5.47975e-05 0)
(0.174277 5.26786e-05 0)
(0.1741 4.82646e-05 0)
(0.196871 0.00604794 0)
(0.197164 0.00685538 0)
(0.197659 0.00761282 0)
(0.19837 0.0082198 0)
(0.19925 0.00858575 0)
(0.200195 0.00868774 0)
(0.201091 0.0085726 0)
(0.201862 0.00831112 0)
(0.202478 0.00796293 0)
(0.202943 0.00757046 0)
(0.203274 0.00716644 0)
(0.203493 0.00677798 0)
(0.203626 0.00642465 0)
(0.203699 0.00611527 0)
(0.203734 0.00584862 0)
(0.203749 0.00561765 0)
(0.203752 0.00541429 0)
(0.203749 0.00523194 0)
(0.203741 0.00506591 0)
(0.203726 0.00491309 0)
(0.203705 0.00477144 0)
(0.203677 0.00463942 0)
(0.203641 0.00451583 0)
(0.203599 0.00439964 0)
(0.203548 0.00428983 0)
(0.20349 0.00418535 0)
(0.203423 0.00408531 0)
(0.203346 0.00398899 0)
(0.20326 0.0038958 0)
(0.203165 0.0038054 0)
(0.20306 0.00371762 0)
(0.202945 0.00363238 0)
(0.20282 0.00354966 0)
(0.202686 0.00346944 0)
(0.202542 0.00339159 0)
(0.202387 0.00331569 0)
(0.202221 0.00324128 0)
(0.202044 0.00316799 0)
(0.201856 0.00309543 0)
(0.201655 0.00302336 0)
(0.201444 0.00295177 0)
(0.201221 0.00288067 0)
(0.200987 0.00280995 0)
(0.200741 0.00273932 0)
(0.200485 0.00266868 0)
(0.200217 0.00259825 0)
(0.199941 0.00252836 0)
(0.199654 0.00245915 0)
(0.199359 0.00239055 0)
(0.199053 0.00232191 0)
(0.198737 0.00225234 0)
(0.198411 0.00218124 0)
(0.198076 0.00210859 0)
(0.197734 0.00203496 0)
(0.197391 0.00196162 0)
(0.197044 0.00188967 0)
(0.196695 0.0018193 0)
(0.19634 0.00174962 0)
(0.19598 0.0016793 0)
(0.19561 0.00160694 0)
(0.195236 0.00153169 0)
(0.194857 0.00145349 0)
(0.194483 0.00137379 0)
(0.194116 0.00129526 0)
(0.193764 0.00122087 0)
(0.193415 0.00115136 0)
(0.193069 0.00108454 0)
(0.192711 0.00101635 0)
(0.192352 0.000944204 0)
(0.191987 0.000868585 0)
(0.191641 0.00079316 0)
(0.191304 0.000721691 0)
(0.190994 0.000656657 0)
(0.190685 0.000597623 0)
(0.190395 0.000543711 0)
(0.190095 0.000492835 0)
(0.189815 0.000445402 0)
(0.189522 0.000400308 0)
(0.18926 0.000360132 0)
(0.188984 0.000323128 0)
(0.188751 0.000292802 0)
(0.188497 0.000265091 0)
(0.188298 0.000244423 0)
(0.188062 0.000224228 0)
(0.187894 0.000210462 0)
(0.187669 0.000194568 0)
(0.187527 0.00018421 0)
(0.187306 0.000169829 0)
(0.18719 0.000160517 0)
(0.186974 0.000147024 0)
(0.186884 0.000138711 0)
(0.186676 0.000127483 0)
(0.186609 0.000121066 0)
(0.186408 0.000113074 0)
(0.186354 0.000108334 0)
(0.186155 0.000102375 0)
(0.18611 9.82038e-05 0)
(0.18591 9.17026e-05 0)
(0.18588 8.85511e-05 0)
(0.185676 8.02066e-05 0)
(0.197319 0.00585018 0)
(0.197595 0.00653622 0)
(0.19803 0.00717601 0)
(0.198632 0.00770212 0)
(0.19937 0.00804845 0)
(0.200175 0.0081853 0)
(0.200962 0.00813264 0)
(0.201661 0.00794071 0)
(0.202237 0.00766175 0)
(0.202684 0.00733648 0)
(0.203016 0.00699457 0)
(0.203249 0.00665844 0)
(0.203405 0.00634454 0)
(0.203504 0.0060623 0)
(0.203565 0.00581361 0)
(0.203604 0.00559475 0)
(0.203629 0.00539991 0)
(0.203647 0.00522379 0)
(0.203659 0.00506246 0)
(0.203665 0.00491328 0)
(0.203667 0.00477461 0)
(0.203664 0.00464516 0)
(0.203656 0.00452391 0)
(0.203645 0.00441001 0)
(0.203629 0.00430256 0)
(0.203611 0.00420055 0)
(0.203589 0.00410311 0)
(0.203563 0.00400951 0)
(0.203533 0.0039191 0)
(0.203499 0.00383144 0)
(0.203461 0.00374639 0)
(0.20342 0.00366385 0)
(0.203374 0.00358376 0)
(0.203325 0.0035062 0)
(0.203272 0.00343116 0)
(0.203215 0.00335825 0)
(0.203153 0.00328697 0)
(0.203087 0.00321694 0)
(0.203016 0.00314775 0)
(0.20294 0.00307907 0)
(0.202859 0.0030109 0)
(0.202772 0.00294331 0)
(0.20268 0.00287618 0)
(0.202581 0.00280917 0)
(0.202477 0.00274208 0)
(0.202366 0.00267497 0)
(0.202249 0.00260811 0)
(0.202127 0.00254182 0)
(0.202 0.00247636 0)
(0.201866 0.00241129 0)
(0.201726 0.00234564 0)
(0.201577 0.00227825 0)
(0.201421 0.00220859 0)
(0.201258 0.00213682 0)
(0.201092 0.00206439 0)
(0.200923 0.00199297 0)
(0.200752 0.00192377 0)
(0.200576 0.0018563 0)
(0.200395 0.0017892 0)
(0.200204 0.00172037 0)
(0.200006 0.00164825 0)
(0.199796 0.00157141 0)
(0.199585 0.00149037 0)
(0.199372 0.00140775 0)
(0.199171 0.0013289 0)
(0.198973 0.00125734 0)
(0.198782 0.00119281 0)
(0.198573 0.00112939 0)
(0.198357 0.00106135 0)
(0.198119 0.000985669 0)
(0.197889 0.000906194 0)
(0.197656 0.000828104 0)
(0.197449 0.000757424 0)
(0.197237 0.000694445 0)
(0.197047 0.000639439 0)
(0.196836 0.000587843 0)
(0.196647 0.000540531 0)
(0.196427 0.000493444 0)
(0.196241 0.000451419 0)
(0.19602 0.000409752 0)
(0.195849 0.000376039 0)
(0.195635 0.000342319 0)
(0.195491 0.000318387 0)
(0.195286 0.000292419 0)
(0.19517 0.000276649 0)
(0.19497 0.000256154 0)
(0.194877 0.000244891 0)
(0.194675 0.000226725 0)
(0.194602 0.000216107 0)
(0.194399 0.000198964 0)
(0.194343 0.00018814 0)
(0.194147 0.000174104 0)
(0.194107 0.000164923 0)
(0.19392 0.000156085 0)
(0.193885 0.000149584 0)
(0.193701 0.000143879 0)
(0.193664 0.00013909 0)
(0.193473 0.000131101 0)
(0.193444 0.000127859 0)
(0.193243 0.000115245 0)
(0.197713 0.00565921 0)
(0.197971 0.00624593 0)
(0.198355 0.00679153 0)
(0.19887 0.0072481 0)
(0.199495 0.00756813 0)
(0.200181 0.00772387 0)
(0.200867 0.00772004 0)
(0.201495 0.00758871 0)
(0.202028 0.00737148 0)
(0.202455 0.00710524 0)
(0.202782 0.00681772 0)
(0.203022 0.00652883 0)
(0.203193 0.0062526 0)
(0.20331 0.00599788 0)
(0.203391 0.00576824 0)
(0.203446 0.00556252 0)
(0.203486 0.00537707 0)
(0.203516 0.00520799 0)
(0.203538 0.00505205 0)
(0.203555 0.00490704 0)
(0.203565 0.00477163 0)
(0.203571 0.00464479 0)
(0.203572 0.0045256 0)
(0.20357 0.00441338 0)
(0.203565 0.00430739 0)
(0.203558 0.00420669 0)
(0.203549 0.00411051 0)
(0.203538 0.00401818 0)
(0.203524 0.00392901 0)
(0.203509 0.00384253 0)
(0.203492 0.00375861 0)
(0.203473 0.00367717 0)
(0.203453 0.00359808 0)
(0.203431 0.00352138 0)
(0.203408 0.00344718 0)
(0.203383 0.00337516 0)
(0.203357 0.00330482 0)
(0.203331 0.00323581 0)
(0.203303 0.00316774 0)
(0.203273 0.00310017 0)
(0.203242 0.00303314 0)
(0.203209 0.00296687 0)
(0.203175 0.00290126 0)
(0.203138 0.00283588 0)
(0.203099 0.00277055 0)
(0.203056 0.00270519 0)
(0.203011 0.00263989 0)
(0.202963 0.00257489 0)
(0.202914 0.00251077 0)
(0.202862 0.0024474 0)
(0.202808 0.00238397 0)
(0.202749 0.00231904 0)
(0.202687 0.00225177 0)
(0.202619 0.00218182 0)
(0.20255 0.00211046 0)
(0.202476 0.00203948 0)
(0.202404 0.00197095 0)
(0.202327 0.00190486 0)
(0.202249 0.00184022 0)
(0.202163 0.00177451 0)
(0.202074 0.0017061 0)
(0.201973 0.00163248 0)
(0.20187 0.00155306 0)
(0.201758 0.00146897 0)
(0.201656 0.00138671 0)
(0.201553 0.00131219 0)
(0.201463 0.00124869 0)
(0.201358 0.00119028 0)
(0.201249 0.00112933 0)
(0.201112 0.00105826 0)
(0.200978 0.000979586 0)
(0.200828 0.000898017 0)
(0.200702 0.000823288 0)
(0.200564 0.000756536 0)
(0.200454 0.000700917 0)
(0.200317 0.000649349 0)
(0.200209 0.000604306 0)
(0.200059 0.000557491 0)
(0.199949 0.000516827 0)
(0.199786 0.00047298 0)
(0.199682 0.000438753 0)
(0.199515 0.000400675 0)
(0.199429 0.000375244 0)
(0.199261 0.000344179 0)
(0.1992 0.000327208 0)
(0.199034 0.000302689 0)
(0.198994 0.000291192 0)
(0.198824 0.000270674 0)
(0.198798 0.000259406 0)
(0.198625 0.000240614 0)
(0.198607 0.000227163 0)
(0.198442 0.000212162 0)
(0.19843 0.000199402 0)
(0.198278 0.000191419 0)
(0.198264 0.000182954 0)
(0.198117 0.000179238 0)
(0.198093 0.000175094 0)
(0.197933 0.000166925 0)
(0.19791 0.000165182 0)
(0.197731 0.000148829 0)
(0.19806 0.00547569 0)
(0.1983 0.00598121 0)
(0.19864 0.00645073 0)
(0.199085 0.0068489 0)
(0.199618 0.00714123 0)
(0.200205 0.00730448 0)
(0.200801 0.0073362 0)
(0.20136 0.00725512 0)
(0.201849 0.00709193 0)
(0.202253 0.00687785 0)
(0.202571 0.00663833 0)
(0.202813 0.00639176 0)
(0.202993 0.00615066 0)
(0.203124 0.00592308 0)
(0.203219 0.00571323 0)
(0.203288 0.0055217 0)
(0.20334 0.0053467 0)
(0.203379 0.00518559 0)
(0.20341 0.00503594 0)
(0.203434 0.00489595 0)
(0.203451 0.00476453 0)
(0.203462 0.00464085 0)
(0.203469 0.00452414 0)
(0.203472 0.00441383 0)
(0.203472 0.00430934 0)
(0.203469 0.00420984 0)
(0.203464 0.00411463 0)
(0.203458 0.0040232 0)
(0.20345 0.0039349 0)
(0.203441 0.0038492 0)
(0.20343 0.003766 0)
(0.203418 0.00368521 0)
(0.203405 0.00360667 0)
(0.203391 0.00353036 0)
(0.203377 0.0034564 0)
(0.203362 0.00338448 0)
(0.203347 0.0033142 0)
(0.203331 0.00324523 0)
(0.203317 0.00317726 0)
(0.203302 0.00310975 0)
(0.203287 0.00304275 0)
(0.203272 0.00297666 0)
(0.203257 0.00291148 0)
(0.203241 0.00284662 0)
(0.203225 0.00278193 0)
(0.203207 0.00271731 0)
(0.203188 0.00265273 0)
(0.203168 0.00258811 0)
(0.203148 0.00252418 0)
(0.203127 0.00246106 0)
(0.203107 0.00239825 0)
(0.203085 0.00233425 0)
(0.203063 0.00226827 0)
(0.203037 0.00219959 0)
(0.203011 0.00212928 0)
(0.20298 0.00205875 0)
(0.202951 0.00199054 0)
(0.202918 0.00192492 0)
(0.202887 0.00186138 0)
(0.202851 0.00179721 0)
(0.202816 0.00173118 0)
(0.202771 0.00166031 0)
(0.202727 0.00158351 0)
(0.202671 0.00150004 0)
(0.202622 0.00141631 0)
(0.202567 0.00133902 0)
(0.202526 0.00127484 0)
(0.202474 0.00121897 0)
(0.202427 0.00116404 0)
(0.202353 0.00109867 0)
(0.202284 0.00102387 0)
(0.202188 0.000941933 0)
(0.202115 0.000865457 0)
(0.20202 0.000795442 0)
(0.201959 0.000739001 0)
(0.201867 0.000686568 0)
(0.201813 0.000643692 0)
(0.20171 0.000597318 0)
(0.201657 0.000559404 0)
(0.201539 0.000514835 0)
(0.201488 0.000482216 0)
(0.201358 0.000441436 0)
(0.201318 0.000416083 0)
(0.201181 0.000380901 0)
(0.201161 0.000363138 0)
(0.201023 0.000335092 0)
(0.201023 0.000323137 0)
(0.200883 0.000301317 0)
(0.200892 0.000289216 0)
(0.200751 0.000270593 0)
(0.200762 0.000254073 0)
(0.200631 0.000239877 0)
(0.200641 0.000222703 0)
(0.200527 0.000216859 0)
(0.200529 0.000206208 0)
(0.200422 0.000205544 0)
(0.200409 0.000203239 0)
(0.200286 0.000195962 0)
(0.20027 0.000197282 0)
(0.200122 0.000178193 0)
(0.198365 0.00530032 0)
(0.198588 0.00573919 0)
(0.198891 0.00614653 0)
(0.199277 0.00649583 0)
(0.199735 0.00676151 0)
(0.200239 0.00692496 0)
(0.200756 0.00698098 0)
(0.201251 0.00693977 0)
(0.201696 0.00682267 0)
(0.202073 0.00665455 0)
(0.20238 0.00645772 0)
(0.202621 0.00624912 0)
(0.202806 0.00604034 0)
(0.202946 0.00583888 0)
(0.203051 0.00564908 0)
(0.203131 0.00547256 0)
(0.203193 0.00530894 0)
(0.203241 0.00515671 0)
(0.203279 0.00501418 0)
(0.203309 0.00488 0)
(0.203332 0.00475332 0)
(0.203349 0.00463343 0)
(0.20336 0.00451973 0)
(0.203367 0.00441176 0)
(0.20337 0.00430908 0)
(0.20337 0.00421099 0)
(0.203369 0.00411688 0)
(0.203365 0.00402636 0)
(0.20336 0.00393894 0)
(0.203354 0.00385404 0)
(0.203346 0.00377156 0)
(0.203337 0.0036914 0)
(0.203327 0.00361339 0)
(0.203316 0.00353747 0)
(0.203304 0.00346371 0)
(0.203292 0.00339178 0)
(0.203281 0.0033213 0)
(0.203269 0.00325203 0)
(0.203258 0.0031838 0)
(0.203247 0.00311605 0)
(0.203237 0.00304878 0)
(0.203227 0.00298243 0)
(0.203218 0.00291722 0)
(0.203208 0.00285248 0)
(0.203199 0.002788 0)
(0.203188 0.00272364 0)
(0.203178 0.00265941 0)
(0.203166 0.00259489 0)
(0.203156 0.00253073 0)
(0.203144 0.00246713 0)
(0.203136 0.00240403 0)
(0.203126 0.00233996 0)
(0.203119 0.00227439 0)
(0.203108 0.0022065 0)
(0.203098 0.00213722 0)
(0.203083 0.00206737 0)
(0.20307 0.00199958 0)
(0.203052 0.00193402 0)
(0.203039 0.00187072 0)
(0.203021 0.00180675 0)
(0.203007 0.00174158 0)
(0.202987 0.0016721 0)
(0.202971 0.00159764 0)
(0.202942 0.00151592 0)
(0.202917 0.00143284 0)
(0.202882 0.00135415 0)
(0.202859 0.00128878 0)
(0.202827 0.00123288 0)
(0.202808 0.00118123 0)
(0.202766 0.00112014 0)
(0.202734 0.00105018 0)
(0.20267 0.000970126 0)
(0.202626 0.000894415 0)
(0.202554 0.000822341 0)
(0.202516 0.00076515 0)
(0.202444 0.00071071 0)
(0.202418 0.0006689 0)
(0.202341 0.000621974 0)
(0.202321 0.000586732 0)
(0.202231 0.000541849 0)
(0.202214 0.000511892 0)
(0.202108 0.000469657 0)
(0.202098 0.000445507 0)
(0.201982 0.000407289 0)
(0.201987 0.000388986 0)
(0.201868 0.000357963 0)
(0.20189 0.000344986 0)
(0.201771 0.000322511 0)
(0.2018 0.000308913 0)
(0.201683 0.000291672 0)
(0.20171 0.000271482 0)
(0.201606 0.000259316 0)
(0.201626 0.000237074 0)
(0.201542 0.000234039 0)
(0.201553 0.000221016 0)
(0.201477 0.000223753 0)
(0.201472 0.000224062 0)
(0.201379 0.000218271 0)
(0.201368 0.000223694 0)
(0.201248 0.000202817 0)
(0.198634 0.00513349 0)
(0.198839 0.00551722 0)
(0.19911 0.00587322 0)
(0.199448 0.00618144 0)
(0.199844 0.00642255 0)
(0.200278 0.0065819 0)
(0.200727 0.0066537 0)
(0.201164 0.00664308 0)
(0.201564 0.00656431 0)
(0.201914 0.00643618 0)
(0.202206 0.00627731 0)
(0.202442 0.00610285 0)
(0.202628 0.00592366 0)
(0.202774 0.00574692 0)
(0.202887 0.00557699 0)
(0.202976 0.00541597 0)
(0.203046 0.00526442 0)
(0.203101 0.00512183 0)
(0.203146 0.00498713 0)
(0.203181 0.00485941 0)
(0.203209 0.00473807 0)
(0.20323 0.00462252 0)
(0.203246 0.00451231 0)
(0.203257 0.00440712 0)
(0.203263 0.00430663 0)
(0.203267 0.00421025 0)
(0.203268 0.00411749 0)
(0.203267 0.00402806 0)
(0.203264 0.0039416 0)
(0.20326 0.00385761 0)
(0.203254 0.00377597 0)
(0.203247 0.00369654 0)
(0.203239 0.00361914 0)
(0.20323 0.00354366 0)
(0.20322 0.00347019 0)
(0.203209 0.00339833 0)
(0.203199 0.00332767 0)
(0.203189 0.00325803 0)
(0.20318 0.00318943 0)
(0.20317 0.00312138 0)
(0.203162 0.00305388 0)
(0.203154 0.00298721 0)
(0.203146 0.00292176 0)
(0.203138 0.002857 0)
(0.203131 0.00279269 0)
(0.203122 0.00272845 0)
(0.203114 0.00266438 0)
(0.203105 0.00259989 0)
(0.203097 0.00253546 0)
(0.203089 0.00247117 0)
(0.203083 0.00240738 0)
(0.203077 0.00234277 0)
(0.203074 0.00227717 0)
(0.203068 0.00220972 0)
(0.203063 0.00214144 0)
(0.203054 0.0020725 0)
(0.203045 0.00200539 0)
(0.203032 0.00193988 0)
(0.203024 0.00187645 0)
(0.203011 0.001812 0)
(0.203005 0.00174673 0)
(0.202993 0.0016775 0)
(0.202987 0.00160462 0)
(0.20297 0.00152493 0)
(0.202956 0.00144398 0)
(0.202928 0.00136553 0)
(0.202912 0.00129946 0)
(0.202884 0.00124213 0)
(0.202875 0.00119127 0)
(0.202846 0.00113234 0)
(0.202831 0.00106683 0)
(0.202784 0.000989827 0)
(0.202756 0.000916854 0)
(0.202693 0.000844112 0)
(0.202666 0.000786651 0)
(0.202602 0.000729582 0)
(0.202587 0.000687807 0)
(0.202521 0.000639201 0)
(0.202517 0.000605905 0)
(0.202442 0.000560498 0)
(0.202442 0.000533402 0)
(0.202352 0.000490413 0)
(0.202358 0.000468058 0)
(0.202255 0.00042773 0)
(0.202272 0.000409116 0)
(0.202165 0.000375733 0)
(0.202196 0.000361325 0)
(0.20209 0.000338639 0)
(0.202127 0.000322924 0)
(0.202026 0.000307717 0)
(0.202058 0.000283375 0)
(0.20197 0.00027387 0)
(0.201994 0.000246181 0)
(0.201928 0.000246147 0)
(0.201941 0.000230611 0)
(0.201884 0.000236665 0)
(0.201883 0.000239846 0)
(0.20181 0.000235731 0)
(0.201802 0.000245635 0)
(0.201703 0.00022358 0)
(0.198872 0.00497531 0)
(0.19906 0.00531299 0)
(0.199302 0.00562626 0)
(0.199598 0.00589978 0)
(0.199942 0.00611877 0)
(0.200318 0.00627176 0)
(0.200709 0.00635329 0)
(0.201093 0.00636559 0)
(0.201452 0.00631793 0)
(0.201773 0.00622398 0)
(0.202047 0.00609857 0)
(0.202276 0.00595483 0)
(0.202461 0.0058027 0)
(0.202609 0.00564911 0)
(0.202727 0.00549845 0)
(0.202822 0.00535304 0)
(0.202898 0.005214 0)
(0.202959 0.00508154 0)
(0.203009 0.00495522 0)
(0.20305 0.00483444 0)
(0.203082 0.0047189 0)
(0.203108 0.00460819 0)
(0.203127 0.0045019 0)
(0.203142 0.00439986 0)
(0.203152 0.00430192 0)
(0.203158 0.00420759 0)
(0.203162 0.00411648 0)
(0.203163 0.00402834 0)
(0.203163 0.00394297 0)
(0.20316 0.00386001 0)
(0.203157 0.00377934 0)
(0.203151 0.00370077 0)
(0.203145 0.00362409 0)
(0.203137 0.00354911 0)
(0.203129 0.00347596 0)
(0.20312 0.00340425 0)
(0.203111 0.00333357 0)
(0.203102 0.00326363 0)
(0.203093 0.00319463 0)
(0.203085 0.00312626 0)
(0.203078 0.00305859 0)
(0.20307 0.00299173 0)
(0.203063 0.00292606 0)
(0.203056 0.00286116 0)
(0.203049 0.00279699 0)
(0.203041 0.00273291 0)
(0.203034 0.00266891 0)
(0.203026 0.00260435 0)
(0.203019 0.00253973 0)
(0.203011 0.00247481 0)
(0.203007 0.00241023 0)
(0.203001 0.0023449 0)
(0.202999 0.0022791 0)
(0.202994 0.00221192 0)
(0.202991 0.00214457 0)
(0.202983 0.00207663 0)
(0.202977 0.00201039 0)
(0.202965 0.001945 0)
(0.202958 0.00188136 0)
(0.202947 0.00181623 0)
(0.202942 0.0017505 0)
(0.202933 0.00168092 0)
(0.20293 0.001609 0)
(0.202917 0.00153112 0)
(0.202908 0.00145293 0)
(0.202883 0.00137585 0)
(0.202869 0.00130989 0)
(0.202842 0.00125074 0)
(0.202834 0.0011993 0)
(0.202809 0.00114089 0)
(0.202801 0.00107902 0)
(0.202762 0.00100531 0)
(0.202742 0.000936142 0)
(0.202685 0.000863802 0)
(0.202663 0.000806711 0)
(0.202601 0.000746972 0)
(0.202591 0.00070469 0)
(0.202529 0.000653665 0)
(0.202531 0.000621563 0)
(0.202463 0.000575226 0)
(0.202471 0.000550724 0)
(0.202389 0.000507215 0)
(0.202403 0.000486815 0)
(0.202309 0.000444992 0)
(0.202332 0.000426278 0)
(0.202233 0.000391127 0)
(0.202268 0.000375212 0)
(0.202169 0.000352701 0)
(0.202207 0.000334587 0)
(0.202114 0.000321736 0)
(0.202146 0.000293024 0)
(0.202066 0.000286413 0)
(0.20209 0.000253148 0)
(0.202032 0.00025607 0)
(0.202044 0.000237894 0)
(0.201997 0.000247044 0)
(0.201996 0.000252926 0)
(0.201935 0.000250448 0)
(0.201928 0.000264682 0)
(0.201843 0.000241696 0)
(0.19908 0.00482566 0)
(0.199252 0.00512463 0)
(0.199469 0.00540207 0)
(0.19973 0.00564618 0)
(0.20003 0.00584556 0)
(0.200356 0.00599121 0)
(0.200696 0.00607831 0)
(0.201034 0.00610745 0)
(0.201355 0.00608454 0)
(0.201647 0.00601925 0)
(0.201903 0.00592301 0)
(0.20212 0.00580675 0)
(0.202301 0.00567933 0)
(0.20245 0.00554725 0)
(0.202571 0.00541492 0)
(0.202669 0.00528485 0)
(0.20275 0.00515844 0)
(0.202816 0.00503642 0)
(0.20287 0.00491881 0)
(0.202915 0.00480535 0)
(0.202952 0.00469598 0)
(0.202981 0.0045905 0)
(0.203003 0.00448853 0)
(0.203021 0.00438998 0)
(0.203034 0.00429489 0)
(0.203043 0.0042029 0)
(0.203049 0.0041137 0)
(0.203053 0.00402715 0)
(0.203055 0.00394307 0)
(0.203054 0.00386124 0)
(0.203052 0.00378163 0)
(0.203049 0.00370402 0)
(0.203044 0.00362816 0)
(0.203038 0.00355381 0)
(0.203031 0.00348102 0)
(0.203023 0.0034095 0)
(0.203016 0.00333891 0)
(0.203008 0.00326884 0)
(0.203 0.0031995 0)
(0.202993 0.00313079 0)
(0.202986 0.00306298 0)
(0.202979 0.00299605 0)
(0.202973 0.00293028 0)
(0.202966 0.00286523 0)
(0.20296 0.0028011 0)
(0.202953 0.00273718 0)
(0.202946 0.00267331 0)
(0.202938 0.00260862 0)
(0.202932 0.00254376 0)
(0.202925 0.00247832 0)
(0.202921 0.00241305 0)
(0.202915 0.00234698 0)
(0.202913 0.00228094 0)
(0.202908 0.00221396 0)
(0.202906 0.00214744 0)
(0.202899 0.00208045 0)
(0.202893 0.00201511 0)
(0.202882 0.00194991 0)
(0.202875 0.00188614 0)
(0.202865 0.00182035 0)
(0.20286 0.00175416 0)
(0.202851 0.00168406 0)
(0.202849 0.00161275 0)
(0.202836 0.00153633 0)
(0.20283 0.00146089 0)
(0.202807 0.00138561 0)
(0.202794 0.00132037 0)
(0.202768 0.00125965 0)
(0.20276 0.00120726 0)
(0.202736 0.00114854 0)
(0.20273 0.00108956 0)
(0.202695 0.00101885 0)
(0.202679 0.000953756 0)
(0.202626 0.000882404 0)
(0.202607 0.000826229 0)
(0.202547 0.000764116 0)
(0.202538 0.000721235 0)
(0.202478 0.000667509 0)
(0.202482 0.000636093 0)
(0.202417 0.000588466 0)
(0.202428 0.00056613 0)
(0.202352 0.000522028 0)
(0.202369 0.000503449 0)
(0.202282 0.000460424 0)
(0.202308 0.000441759 0)
(0.202215 0.000405331 0)
(0.20225 0.000388103 0)
(0.202157 0.000366144 0)
(0.202194 0.000345706 0)
(0.202104 0.000335395 0)
(0.202134 0.000302363 0)
(0.202058 0.000298693 0)
(0.202079 0.000259894 0)
(0.202025 0.000265676 0)
(0.202035 0.000244721 0)
(0.201991 0.000256776 0)
(0.201989 0.000264922 0)
(0.201934 0.000263943 0)
(0.201927 0.000282051 0)
(0.201852 0.000258122 0)
(0.199262 0.00468429 0)
(0.19942 0.00495055 0)
(0.199614 0.00519782 0)
(0.199844 0.00541696 0)
(0.200106 0.0055991 0)
(0.200391 0.00573713 0)
(0.200687 0.00582698 0)
(0.200984 0.00586832 0)
(0.201269 0.00586482 0)
(0.201534 0.00582323 0)
(0.20177 0.00575208 0)
(0.201975 0.00566016 0)
(0.20215 0.00555512 0)
(0.202296 0.00544288 0)
(0.202418 0.00532777 0)
(0.202518 0.00521248 0)
(0.202601 0.0050986 0)
(0.202671 0.00498711 0)
(0.202729 0.00487841 0)
(0.202777 0.00477251 0)
(0.202816 0.00466956 0)
(0.202848 0.00456955 0)
(0.202874 0.00447224 0)
(0.202895 0.00437751 0)
(0.202911 0.00428553 0)
(0.202923 0.00419612 0)
(0.202931 0.00410909 0)
(0.202937 0.00402434 0)
(0.20294 0.00394181 0)
(0.202942 0.00386127 0)
(0.202941 0.00378278 0)
(0.202939 0.0037062 0)
(0.202936 0.00363128 0)
(0.202931 0.00355766 0)
(0.202926 0.00348534 0)
(0.20292 0.00341402 0)
(0.202914 0.00334357 0)
(0.202907 0.00327354 0)
(0.2029 0.00320403 0)
(0.202894 0.00313502 0)
(0.202888 0.00306706 0)
(0.202882 0.00300007 0)
(0.202876 0.00293433 0)
(0.202869 0.00286925 0)
(0.202863 0.0028051 0)
(0.202857 0.00274125 0)
(0.202851 0.00267756 0)
(0.202844 0.00261279 0)
(0.202838 0.00254762 0)
(0.202831 0.00248167 0)
(0.202827 0.00241589 0)
(0.202822 0.00234922 0)
(0.202819 0.00228293 0)
(0.202815 0.00221608 0)
(0.202812 0.00215027 0)
(0.202805 0.00208411 0)
(0.2028 0.00201963 0)
(0.20279 0.00195467 0)
(0.202784 0.00189087 0)
(0.202774 0.00182455 0)
(0.202769 0.00175802 0)
(0.20276 0.00168744 0)
(0.202757 0.00161662 0)
(0.202745 0.00154133 0)
(0.202739 0.00146832 0)
(0.202718 0.00139476 0)
(0.202707 0.00133056 0)
(0.202682 0.00126871 0)
(0.202674 0.0012156 0)
(0.20265 0.00115636 0)
(0.202644 0.00109975 0)
(0.202611 0.00103154 0)
(0.202597 0.000970325 0)
(0.202548 0.000900134 0)
(0.202531 0.000845232 0)
(0.202474 0.00078115 0)
(0.202466 0.000737852 0)
(0.202408 0.000681477 0)
(0.202411 0.000650499 0)
(0.202348 0.000601342 0)
(0.20236 0.000580736 0)
(0.202288 0.000535806 0)
(0.202307 0.000518757 0)
(0.202225 0.00047458 0)
(0.202252 0.000456044 0)
(0.202165 0.0004187 0)
(0.2022 0.000400488 0)
(0.202111 0.000379441 0)
(0.202146 0.000356983 0)
(0.202059 0.000349357 0)
(0.202087 0.000312225 0)
(0.202013 0.000311494 0)
(0.202031 0.000267293 0)
(0.201977 0.000275875 0)
(0.201985 0.000251996 0)
(0.201942 0.000266838 0)
(0.201939 0.000276699 0)
(0.201887 0.000277059 0)
(0.20188 0.000298465 0)
(0.201812 0.000273445 0)
(0.199421 0.00455098 0)
(0.199565 0.00478948 0)
(0.199739 0.00501124 0)
(0.199942 0.00520908 0)
(0.200172 0.00537609 0)
(0.20042 0.00550665 0)
(0.200679 0.00559733 0)
(0.20094 0.00564741 0)
(0.201193 0.00565903 0)
(0.201431 0.0056368 0)
(0.201647 0.00558698 0)
(0.201839 0.00551637 0)
(0.202005 0.00543143 0)
(0.202147 0.00533742 0)
(0.202267 0.0052384 0)
(0.202368 0.00513717 0)
(0.202453 0.00503548 0)
(0.202524 0.0049344 0)
(0.202584 0.00483463 0)
(0.202635 0.00473645 0)
(0.202677 0.00464007 0)
(0.202712 0.00454566 0)
(0.20274 0.00445321 0)
(0.202763 0.00436257 0)
(0.202781 0.00427394 0)
(0.202795 0.00418734 0)
(0.202806 0.00410269 0)
(0.202814 0.00401989 0)
(0.202819 0.00393906 0)
(0.202822 0.00386001 0)
(0.202823 0.00378277 0)
(0.202823 0.00370726 0)
(0.202821 0.00363334 0)
(0.202818 0.00356057 0)
(0.202814 0.00348884 0)
(0.202809 0.00341781 0)
(0.202804 0.0033475 0)
(0.202798 0.00327756 0)
(0.202792 0.00320809 0)
(0.202787 0.00313895 0)
(0.202782 0.00307082 0)
(0.202776 0.00300373 0)
(0.202771 0.00293805 0)
(0.202765 0.0028731 0)
(0.20276 0.00280903 0)
(0.202754 0.00274512 0)
(0.202748 0.00268151 0)
(0.202741 0.00261678 0)
(0.202736 0.00255139 0)
(0.20273 0.00248489 0)
(0.202726 0.00241864 0)
(0.202721 0.00235157 0)
(0.202719 0.00228512 0)
(0.202714 0.00221832 0)
(0.202711 0.00215312 0)
(0.202705 0.00208767 0)
(0.2027 0.00202395 0)
(0.202691 0.00195922 0)
(0.202685 0.00189549 0)
(0.202675 0.00182881 0)
(0.202671 0.00176212 0)
(0.202661 0.00169119 0)
(0.202658 0.00162083 0)
(0.202646 0.0015464 0)
(0.20264 0.00147539 0)
(0.202621 0.00140327 0)
(0.202612 0.00134021 0)
(0.202588 0.00127767 0)
(0.202581 0.00122426 0)
(0.202556 0.00116459 0)
(0.202551 0.00111005 0)
(0.202518 0.00104386 0)
(0.202506 0.000986116 0)
(0.20246 0.000917009 0)
(0.202446 0.000863571 0)
(0.202392 0.000797916 0)
(0.202384 0.0007545 0)
(0.202327 0.000695699 0)
(0.20233 0.000665087 0)
(0.202269 0.000614252 0)
(0.202281 0.000595001 0)
(0.202212 0.00054896 0)
(0.202232 0.000533112 0)
(0.202155 0.000487708 0)
(0.202183 0.000469332 0)
(0.202101 0.000431315 0)
(0.202136 0.000412473 0)
(0.202051 0.000392646 0)
(0.202084 0.000368556 0)
(0.202 0.000363741 0)
(0.202025 0.000322802 0)
(0.201953 0.000325006 0)
(0.201969 0.000275574 0)
(0.201914 0.000286948 0)
(0.201921 0.000260014 0)
(0.201877 0.000277591 0)
(0.201873 0.000288622 0)
(0.201824 0.000290168 0)
(0.201816 0.000314297 0)
(0.201754 0.00028799 0)
(0.199559 0.00442575 0)
(0.199689 0.00464055 0)
(0.199845 0.00484056 0)
(0.200025 0.00502011 0)
(0.200226 0.00517379 0)
(0.200443 0.00529715 0)
(0.20067 0.00538737 0)
(0.200899 0.00544356 0)
(0.201123 0.00546685 0)
(0.201336 0.0054603 0)
(0.201533 0.00542842 0)
(0.20171 0.00537634 0)
(0.201867 0.00530932 0)
(0.202003 0.00523197 0)
(0.202119 0.00514795 0)
(0.202219 0.00506003 0)
(0.202304 0.00497005 0)
(0.202376 0.00487915 0)
(0.202437 0.00478823 0)
(0.202489 0.0046978 0)
(0.202533 0.00460811 0)
(0.20257 0.00451939 0)
(0.2026 0.00443189 0)
(0.202625 0.00434553 0)
(0.202645 0.00426043 0)
(0.202661 0.00417681 0)
(0.202674 0.00409471 0)
(0.202683 0.00401401 0)
(0.20269 0.00393496 0)
(0.202695 0.00385755 0)
(0.202698 0.00378171 0)
(0.202699 0.00370729 0)
(0.202698 0.00363438 0)
(0.202696 0.00356253 0)
(0.202694 0.00349149 0)
(0.20269 0.00342088 0)
(0.202686 0.00335077 0)
(0.202681 0.00328088 0)
(0.202677 0.0032115 0)
(0.202672 0.00314243 0)
(0.202668 0.00307427 0)
(0.202663 0.00300705 0)
(0.202658 0.00294138 0)
(0.202653 0.00287659 0)
(0.202648 0.00281275 0)
(0.202643 0.00274885 0)
(0.202638 0.00268515 0)
(0.202631 0.00262039 0)
(0.202626 0.00255498 0)
(0.202621 0.00248803 0)
(0.202618 0.00242127 0)
(0.202613 0.00235386 0)
(0.20261 0.00228741 0)
(0.202606 0.00222067 0)
(0.202603 0.00215595 0)
(0.202597 0.00209111 0)
(0.202592 0.00202809 0)
(0.202584 0.00196356 0)
(0.202579 0.00189999 0)
(0.202569 0.00183308 0)
(0.202565 0.00176638 0)
(0.202555 0.00169524 0)
(0.202552 0.00162536 0)
(0.202539 0.00155159 0)
(0.202534 0.00148222 0)
(0.202517 0.0014112 0)
(0.202509 0.00134925 0)
(0.202486 0.00128635 0)
(0.20248 0.00123308 0)
(0.202455 0.0011732 0)
(0.20245 0.00112055 0)
(0.202418 0.00105594 0)
(0.202408 0.00100124 0)
(0.202364 0.000933048 0)
(0.202352 0.000881168 0)
(0.202301 0.000814279 0)
(0.202294 0.000771049 0)
(0.20224 0.000710077 0)
(0.202242 0.000679833 0)
(0.202183 0.00062724 0)
(0.202194 0.000609049 0)
(0.202129 0.00056164 0)
(0.202148 0.000546694 0)
(0.202076 0.00049994 0)
(0.202105 0.000481727 0)
(0.202028 0.000443199 0)
(0.202062 0.000424045 0)
(0.201981 0.00040568 0)
(0.202013 0.000380341 0)
(0.201932 0.000378427 0)
(0.201955 0.000333984 0)
(0.201884 0.000339123 0)
(0.201899 0.000284655 0)
(0.201844 0.000298851 0)
(0.201849 0.00026877 0)
(0.201806 0.000289078 0)
(0.201801 0.000300793 0)
(0.201753 0.000303396 0)
(0.201745 0.000329721 0)
(0.201687 0.000301932 0)
(0.199677 0.00430905 0)
(0.199795 0.00450353 0)
(0.199934 0.00468481 0)
(0.200093 0.00484843 0)
(0.20027 0.00499021 0)
(0.20046 0.00510664 0)
(0.200658 0.0051954 0)
(0.200859 0.00525553 0)
(0.201057 0.0052876 0)
(0.201247 0.00529354 0)
(0.201425 0.00527652 0)
(0.201588 0.00524039 0)
(0.201733 0.00518924 0)
(0.201862 0.00512697 0)
(0.201974 0.00505689 0)
(0.202071 0.00498153 0)
(0.202154 0.00490278 0)
(0.202226 0.00482185 0)
(0.202288 0.00473967 0)
(0.20234 0.00465693 0)
(0.202385 0.00457405 0)
(0.202423 0.0044912 0)
(0.202455 0.00440874 0)
(0.202481 0.00432675 0)
(0.202503 0.00424537 0)
(0.202521 0.00416487 0)
(0.202535 0.00408548 0)
(0.202546 0.00400705 0)
(0.202554 0.00392989 0)
(0.20256 0.00385418 0)
(0.202564 0.00377987 0)
(0.202567 0.00370662 0)
(0.202568 0.00363466 0)
(0.202567 0.00356374 0)
(0.202565 0.00349348 0)
(0.202563 0.00342339 0)
(0.20256 0.00335361 0)
(0.202556 0.0032838 0)
(0.202553 0.0032144 0)
(0.202549 0.00314546 0)
(0.202545 0.00307746 0)
(0.202541 0.0030102 0)
(0.202537 0.00294446 0)
(0.202532 0.00287974 0)
(0.202528 0.00281617 0)
(0.202523 0.00275244 0)
(0.202519 0.0026887 0)
(0.202513 0.00262371 0)
(0.202509 0.00255824 0)
(0.202504 0.00249107 0)
(0.202501 0.0024239 0)
(0.202496 0.00235608 0)
(0.202494 0.00228969 0)
(0.202489 0.00222307 0)
(0.202487 0.00215875 0)
(0.202481 0.00209439 0)
(0.202477 0.00203204 0)
(0.202469 0.00196775 0)
(0.202464 0.00190438 0)
(0.202455 0.00183735 0)
(0.202451 0.00177076 0)
(0.202441 0.00169949 0)
(0.202438 0.00163011 0)
(0.202426 0.00155686 0)
(0.202421 0.00148883 0)
(0.202404 0.00141865 0)
(0.202398 0.00135775 0)
(0.202377 0.0012947 0)
(0.202371 0.00124192 0)
(0.202347 0.00118202 0)
(0.202342 0.00113114 0)
(0.202311 0.00106778 0)
(0.202302 0.00101575 0)
(0.202262 0.000948319 0)
(0.202251 0.000898038 0)
(0.202203 0.000830168 0)
(0.202197 0.000787376 0)
(0.202145 0.000724476 0)
(0.202147 0.00069465 0)
(0.202091 0.000640273 0)
(0.202101 0.000622925 0)
(0.202039 0.000573937 0)
(0.202058 0.000559629 0)
(0.20199 0.00051139 0)
(0.202018 0.000493319 0)
(0.201946 0.000454371 0)
(0.201979 0.000435162 0)
(0.201903 0.000418421 0)
(0.201933 0.000392163 0)
(0.201856 0.000393195 0)
(0.201878 0.000345531 0)
(0.201809 0.000353598 0)
(0.201822 0.00029431 0)
(0.201769 0.000311379 0)
(0.201773 0.000278128 0)
(0.201729 0.000301191 0)
(0.201724 0.000313195 0)
(0.201678 0.000316754 0)
(0.201669 0.000344817 0)
(0.201615 0.000315368 0)
(0.199776 0.00420211 0)
(0.199883 0.00437921 0)
(0.200007 0.00454426 0)
(0.200147 0.00469392 0)
(0.200303 0.00482497 0)
(0.200469 0.00493467 0)
(0.200643 0.00502107 0)
(0.200819 0.00508323 0)
(0.200994 0.00512136 0)
(0.201163 0.00513674 0)
(0.201322 0.00513157 0)
(0.20147 0.00510868 0)
(0.201604 0.00507121 0)
(0.201724 0.00502229 0)
(0.20183 0.00496487 0)
(0.201923 0.00490123 0)
(0.202004 0.00483316 0)
(0.202074 0.0047619 0)
(0.202135 0.00468833 0)
(0.202188 0.0046132 0)
(0.202233 0.00453716 0)
(0.202272 0.00446041 0)
(0.202304 0.00438316 0)
(0.202331 0.0043057 0)
(0.202355 0.00422829 0)
(0.202373 0.00415116 0)
(0.202389 0.00407466 0)
(0.202401 0.00399874 0)
(0.202411 0.00392363 0)
(0.202418 0.00384967 0)
(0.202423 0.00377703 0)
(0.202427 0.00370522 0)
(0.202429 0.00363435 0)
(0.202429 0.00356429 0)
(0.202429 0.00349483 0)
(0.202427 0.00342536 0)
(0.202426 0.00335602 0)
(0.202423 0.00328645 0)
(0.20242 0.0032171 0)
(0.202417 0.00314816 0)
(0.202414 0.00308036 0)
(0.202411 0.00301327 0)
(0.202407 0.00294754 0)
(0.202403 0.00288278 0)
(0.2024 0.00281936 0)
(0.202395 0.00275586 0)
(0.202392 0.00269226 0)
(0.202386 0.00262705 0)
(0.202382 0.0025613 0)
(0.202378 0.00249394 0)
(0.202375 0.00242662 0)
(0.202371 0.00235845 0)
(0.202369 0.00229197 0)
(0.202364 0.0022255 0)
(0.202362 0.0021616 0)
(0.202357 0.00209761 0)
(0.202353 0.00203582 0)
(0.202345 0.00197179 0)
(0.202342 0.00190872 0)
(0.202333 0.00184164 0)
(0.202329 0.00177525 0)
(0.202319 0.00170391 0)
(0.202316 0.00163502 0)
(0.202304 0.00156216 0)
(0.2023 0.00149524 0)
(0.202284 0.00142568 0)
(0.202278 0.00136579 0)
(0.202259 0.00130275 0)
(0.202254 0.00125069 0)
(0.202231 0.00119092 0)
(0.202226 0.00114171 0)
(0.202197 0.00107935 0)
(0.202189 0.0010297 0)
(0.202151 0.000962894 0)
(0.202143 0.000914216 0)
(0.202098 0.000845548 0)
(0.202093 0.000803389 0)
(0.202043 0.000738795 0)
(0.202045 0.000709465 0)
(0.201991 0.000653334 0)
(0.202001 0.000636681 0)
(0.201942 0.00058597 0)
(0.201961 0.000572091 0)
(0.201897 0.000522259 0)
(0.201924 0.000504292 0)
(0.201857 0.000464971 0)
(0.201889 0.000445884 0)
(0.201817 0.000430845 0)
(0.201845 0.000403906 0)
(0.201772 0.000407859 0)
(0.201792 0.000357205 0)
(0.201726 0.000368163 0)
(0.201739 0.000304277 0)
(0.201687 0.000324268 0)
(0.20169 0.000287885 0)
(0.201648 0.000313744 0)
(0.201641 0.000325738 0)
(0.201598 0.000330181 0)
(0.201589 0.000359602 0)
(0.201539 0.000328358 0)
(0.199875 0.00408822 0)
(0.199968 0.00424794 0)
(0.200075 0.00439691 0)
(0.200196 0.00453263 0)
(0.200329 0.00465273 0)
(0.20047 0.00475508 0)
(0.200618 0.0048381 0)
(0.200768 0.00490088 0)
(0.200918 0.0049434 0)
(0.201064 0.00496648 0)
(0.201203 0.00497167 0)
(0.201333 0.00496094 0)
(0.201454 0.00493658 0)
(0.201563 0.00490095 0)
(0.201661 0.00485642 0)
(0.201749 0.00480505 0)
(0.201825 0.00474846 0)
(0.201893 0.00468776 0)
(0.201952 0.00462382 0)
(0.202003 0.00455734 0)
(0.202048 0.00448911 0)
(0.202086 0.00441947 0)
(0.202119 0.00434854 0)
(0.202146 0.00427656 0)
(0.20217 0.00420399 0)
(0.20219 0.00413106 0)
(0.202207 0.0040582 0)
(0.20222 0.00398553 0)
(0.202231 0.00391318 0)
(0.202239 0.00384145 0)
(0.202246 0.00377088 0)
(0.20225 0.00370107 0)
(0.202254 0.00363183 0)
(0.202255 0.00356293 0)
(0.202256 0.00349446 0)
(0.202256 0.00342587 0)
(0.202255 0.00335724 0)
(0.202253 0.00328818 0)
(0.202252 0.00321913 0)
(0.20225 0.00315023 0)
(0.202248 0.00308258 0)
(0.202245 0.00301587 0)
(0.202242 0.00295049 0)
(0.202239 0.00288578 0)
(0.202236 0.0028224 0)
(0.202233 0.00275905 0)
(0.202229 0.0026958 0)
(0.202225 0.00263065 0)
(0.202222 0.00256455 0)
(0.202218 0.00249671 0)
(0.202216 0.00242936 0)
(0.202212 0.0023611 0)
(0.20221 0.00229448 0)
(0.202206 0.00222801 0)
(0.202204 0.0021647 0)
(0.202199 0.00210121 0)
(0.202196 0.00203997 0)
(0.202189 0.0019762 0)
(0.202185 0.00191356 0)
(0.202177 0.00184652 0)
(0.202174 0.00178043 0)
(0.202164 0.00170908 0)
(0.202161 0.00164079 0)
(0.20215 0.0015683 0)
(0.202146 0.00150248 0)
(0.202132 0.00143346 0)
(0.202127 0.00137469 0)
(0.202109 0.00131179 0)
(0.202105 0.00126073 0)
(0.202084 0.00120124 0)
(0.202079 0.00115393 0)
(0.202052 0.00109257 0)
(0.202045 0.00104545 0)
(0.202011 0.000979251 0)
(0.202004 0.00093245 0)
(0.201963 0.000863052 0)
(0.201959 0.000821829 0)
(0.201913 0.000755523 0)
(0.201915 0.000726879 0)
(0.201865 0.000668789 0)
(0.201874 0.000652831 0)
(0.201819 0.000600031 0)
(0.201836 0.000586452 0)
(0.201778 0.000534699 0)
(0.201803 0.000516787 0)
(0.201741 0.000477114 0)
(0.201771 0.000458286 0)
(0.201704 0.000445346 0)
(0.201731 0.000417758 0)
(0.201662 0.000425117 0)
(0.201682 0.000371094 0)
(0.20162 0.000385425 0)
(0.201631 0.000316305 0)
(0.201582 0.000339836 0)
(0.201585 0.000299793 0)
(0.201544 0.000329045 0)
(0.201537 0.000340714 0)
(0.201496 0.000346164 0)
(0.201488 0.000376772 0)
(0.201441 0.00034328 0)
(0.199962 0.00396156 0)
(0.20004 0.00410421 0)
(0.20013 0.00423768 0)
(0.20023 0.00436009 0)
(0.200339 0.00446968 0)
(0.200456 0.00456488 0)
(0.200577 0.00464446 0)
(0.200701 0.00470756 0)
(0.200825 0.00475398 0)
(0.200946 0.00478413 0)
(0.201063 0.00479902 0)
(0.201175 0.00479998 0)
(0.201278 0.00478853 0)
(0.201374 0.0047663 0)
(0.201462 0.00473501 0)
(0.201541 0.00469636 0)
(0.201611 0.00465183 0)
(0.201673 0.0046024 0)
(0.201728 0.00454891 0)
(0.201777 0.00449197 0)
(0.20182 0.00443232 0)
(0.201857 0.00437047 0)
(0.201888 0.00430667 0)
(0.201916 0.00424102 0)
(0.20194 0.00417397 0)
(0.20196 0.00410588 0)
(0.201977 0.00403727 0)
(0.201991 0.00396841 0)
(0.202002 0.00389944 0)
(0.202012 0.00383046 0)
(0.20202 0.00376224 0)
(0.202025 0.00369468 0)
(0.202029 0.00362746 0)
(0.202032 0.00356011 0)
(0.202034 0.00349287 0)
(0.202036 0.00342532 0)
(0.202036 0.00335758 0)
(0.202035 0.0032892 0)
(0.202034 0.00322063 0)
(0.202033 0.00315192 0)
(0.202033 0.0030844 0)
(0.202031 0.00301804 0)
(0.202029 0.00295323 0)
(0.202026 0.00288883 0)
(0.202024 0.00282552 0)
(0.202022 0.00276221 0)
(0.20202 0.00269923 0)
(0.202016 0.0026343 0)
(0.202013 0.00256809 0)
(0.20201 0.00249964 0)
(0.202009 0.00243204 0)
(0.202005 0.00236387 0)
(0.202003 0.0022974 0)
(0.202 0.00223079 0)
(0.201999 0.00216793 0)
(0.201995 0.00210509 0)
(0.201992 0.00204455 0)
(0.201986 0.00198102 0)
(0.201983 0.00191891 0)
(0.201976 0.00185206 0)
(0.201972 0.00178638 0)
(0.201964 0.00171507 0)
(0.201961 0.00164747 0)
(0.201951 0.00157533 0)
(0.201948 0.00151061 0)
(0.201935 0.00144206 0)
(0.201931 0.00138451 0)
(0.201915 0.00132186 0)
(0.201911 0.00127212 0)
(0.201892 0.00121304 0)
(0.201888 0.00116781 0)
(0.201864 0.00110735 0)
(0.201859 0.00106281 0)
(0.201828 0.000997147 0)
(0.201823 0.000952449 0)
(0.201787 0.000882416 0)
(0.201784 0.000842465 0)
(0.201743 0.000774504 0)
(0.201745 0.000746786 0)
(0.201699 0.000686619 0)
(0.201708 0.000671356 0)
(0.201658 0.000616111 0)
(0.201674 0.000602643 0)
(0.201621 0.000548625 0)
(0.201645 0.000530685 0)
(0.201589 0.00049069 0)
(0.201616 0.000472277 0)
(0.201555 0.000461808 0)
(0.201579 0.000433614 0)
(0.201517 0.000444778 0)
(0.201535 0.000387039 0)
(0.201479 0.000405193 0)
(0.20149 0.000330323 0)
(0.201444 0.000358122 0)
(0.201447 0.000313987 0)
(0.201409 0.000347366 0)
(0.201403 0.000358307 0)
(0.201364 0.000364884 0)
(0.201356 0.000396344 0)
(0.201315 0.000359992 0)
(0.200025 0.00383874 0)
(0.200089 0.00396726 0)
(0.200161 0.00408801 0)
(0.200242 0.00419953 0)
(0.20033 0.00430047 0)
(0.200424 0.00438968 0)
(0.200521 0.00446619 0)
(0.20062 0.00452932 0)
(0.200719 0.00457871 0)
(0.200818 0.00461446 0)
(0.200914 0.00463718 0)
(0.201006 0.00464772 0)
(0.201092 0.0046471 0)
(0.201173 0.00463637 0)
(0.201249 0.00461672 0)
(0.201317 0.0045894 0)
(0.201379 0.00455574 0)
(0.201435 0.00451668 0)
(0.201484 0.00447294 0)
(0.201528 0.00442503 0)
(0.201567 0.00437359 0)
(0.201602 0.00431917 0)
(0.201631 0.00426225 0)
(0.201657 0.00420287 0)
(0.20168 0.00414132 0)
(0.2017 0.0040781 0)
(0.201716 0.00401384 0)
(0.20173 0.00394881 0)
(0.201742 0.0038833 0)
(0.201752 0.00381731 0)
(0.20176 0.00375156 0)
(0.201767 0.00368625 0)
(0.201772 0.00362118 0)
(0.201775 0.00355563 0)
(0.201778 0.00348977 0)
(0.201781 0.00342324 0)
(0.201782 0.00335639 0)
(0.201782 0.00328885 0)
(0.201782 0.00322099 0)
(0.201782 0.0031527 0)
(0.201783 0.0030854 0)
(0.201782 0.00301922 0)
(0.201781 0.00295495 0)
(0.201779 0.00289116 0)
(0.201778 0.00282817 0)
(0.201777 0.00276484 0)
(0.201776 0.00270197 0)
(0.201772 0.00263722 0)
(0.20177 0.00257121 0)
(0.201768 0.00250245 0)
(0.201768 0.00243436 0)
(0.201765 0.00236609 0)
(0.201763 0.00230012 0)
(0.20176 0.00223361 0)
(0.20176 0.00217095 0)
(0.201757 0.00210865 0)
(0.201754 0.00204901 0)
(0.201749 0.00198573 0)
(0.201747 0.0019241 0)
(0.201741 0.00185751 0)
(0.201738 0.00179236 0)
(0.201731 0.00172107 0)
(0.201729 0.00165414 0)
(0.20172 0.0015823 0)
(0.201717 0.0015186 0)
(0.201706 0.00145041 0)
(0.201703 0.00139405 0)
(0.20169 0.0013317 0)
(0.201686 0.00128337 0)
(0.20167 0.00122469 0)
(0.201666 0.00118141 0)
(0.201645 0.00112164 0)
(0.201641 0.00107944 0)
(0.201615 0.00101411 0)
(0.201612 0.000971429 0)
(0.20158 0.000900807 0)
(0.201579 0.000862276 0)
(0.201543 0.000792864 0)
(0.201546 0.000766268 0)
(0.201506 0.000704199 0)
(0.201513 0.000689715 0)
(0.20147 0.000632039 0)
(0.201484 0.000618648 0)
(0.201437 0.000562345 0)
(0.201458 0.000544453 0)
(0.201409 0.000504192 0)
(0.201433 0.000486388 0)
(0.20138 0.000478331 0)
(0.2014 0.000449643 0)
(0.201346 0.000464315 0)
(0.201362 0.000402938 0)
(0.201312 0.000424711 0)
(0.201323 0.000344355 0)
(0.201282 0.000376598 0)
(0.201285 0.000328626 0)
(0.20125 0.000366446 0)
(0.201245 0.000376525 0)
(0.201211 0.000384285 0)
(0.201203 0.000416261 0)
(0.201167 0.000376836 0)
(0.200062 0.00372653 0)
(0.200111 0.0038438 0)
(0.200168 0.00395449 0)
(0.200231 0.00405741 0)
(0.200299 0.00415146 0)
(0.200371 0.00423573 0)
(0.200446 0.0043095 0)
(0.200522 0.00437222 0)
(0.200599 0.00442354 0)
(0.200675 0.00446334 0)
(0.20075 0.0044919 0)
(0.200823 0.00450974 0)
(0.200892 0.00451757 0)
(0.200957 0.00451606 0)
(0.201018 0.004506 0)
(0.201075 0.00448827 0)
(0.201127 0.00446391 0)
(0.201174 0.00443382 0)
(0.201215 0.00439866 0)
(0.201253 0.00435883 0)
(0.201287 0.0043149 0)
(0.201318 0.00426735 0)
(0.201344 0.00421675 0)
(0.201367 0.00416322 0)
(0.201387 0.00410697 0)
(0.201405 0.00404844 0)
(0.201421 0.00398835 0)
(0.201434 0.00392697 0)
(0.201445 0.00386486 0)
(0.201455 0.00380204 0)
(0.201464 0.00373893 0)
(0.201471 0.00367577 0)
(0.201476 0.00361274 0)
(0.20148 0.00354906 0)
(0.201484 0.00348477 0)
(0.201487 0.00341943 0)
(0.20149 0.0033535 0)
(0.201491 0.00328676 0)
(0.201491 0.00321969 0)
(0.201492 0.00315203 0)
(0.201494 0.00308519 0)
(0.201494 0.00301924 0)
(0.201494 0.00295537 0)
(0.201492 0.00289226 0)
(0.201492 0.0028299 0)
(0.201492 0.00276671 0)
(0.201493 0.00270385 0)
(0.20149 0.00263913 0)
(0.201488 0.00257339 0)
(0.201487 0.0025047 0)
(0.201488 0.00243631 0)
(0.201487 0.00236763 0)
(0.201484 0.00230211 0)
(0.201482 0.00223611 0)
(0.201483 0.00217376 0)
(0.201481 0.00211169 0)
(0.201479 0.00205291 0)
(0.201474 0.00199011 0)
(0.201474 0.00192892 0)
(0.201469 0.0018625 0)
(0.201467 0.00179796 0)
(0.201461 0.00172679 0)
(0.20146 0.00166051 0)
(0.201452 0.00158891 0)
(0.20145 0.00152616 0)
(0.201441 0.00145825 0)
(0.201439 0.00140304 0)
(0.201428 0.00134095 0)
(0.201426 0.001294 0)
(0.201412 0.00123567 0)
(0.201409 0.00119418 0)
(0.201392 0.00113487 0)
(0.201389 0.00109473 0)
(0.201367 0.0010295 0)
(0.201365 0.000988615 0)
(0.201339 0.000917364 0)
(0.201339 0.000880282 0)
(0.20131 0.000809629 0)
(0.201313 0.000784295 0)
(0.201279 0.000720569 0)
(0.201286 0.000706947 0)
(0.201249 0.000647003 0)
(0.201261 0.000633691 0)
(0.201223 0.000575226 0)
(0.20124 0.000557465 0)
(0.201199 0.000517054 0)
(0.201218 0.000499988 0)
(0.201174 0.000494224 0)
(0.201191 0.000465063 0)
(0.201145 0.000482856 0)
(0.201159 0.000417894 0)
(0.201117 0.000443039 0)
(0.201127 0.000357461 0)
(0.201092 0.000394298 0)
(0.201095 0.000342631 0)
(0.201065 0.000385193 0)
(0.20106 0.000394015 0)
(0.201031 0.000403137 0)
(0.201024 0.000434993 0)
(0.200994 0.000392587 0)
(0.200072 0.0036312 0)
(0.200108 0.00373995 0)
(0.200149 0.00384297 0)
(0.200194 0.00393927 0)
(0.200244 0.00402792 0)
(0.200296 0.00410817 0)
(0.20035 0.00417944 0)
(0.200404 0.00424132 0)
(0.200459 0.00429352 0)
(0.200514 0.00433585 0)
(0.200569 0.00436837 0)
(0.200622 0.00439133 0)
(0.200673 0.00440521 0)
(0.200722 0.00441051 0)
(0.200767 0.00440776 0)
(0.20081 0.00439756 0)
(0.20085 0.00438067 0)
(0.200887 0.00435782 0)
(0.200919 0.00432971 0)
(0.200949 0.00429669 0)
(0.200976 0.00425921 0)
(0.201001 0.0042176 0)
(0.201022 0.00417238 0)
(0.201041 0.00412388 0)
(0.201058 0.00407245 0)
(0.201073 0.00401826 0)
(0.201087 0.00396197 0)
(0.201099 0.00390394 0)
(0.201108 0.00384488 0)
(0.201117 0.00378498 0)
(0.201125 0.00372448 0)
(0.201132 0.00366345 0)
(0.201138 0.00360233 0)
(0.201142 0.00354047 0)
(0.201146 0.00347779 0)
(0.201149 0.00341376 0)
(0.201153 0.00334879 0)
(0.201155 0.00328274 0)
(0.201156 0.0032164 0)
(0.201157 0.00314953 0)
(0.20116 0.0030834 0)
(0.201162 0.00301788 0)
(0.201163 0.00295429 0)
(0.201162 0.00289169 0)
(0.201162 0.00283017 0)
(0.201163 0.00276749 0)
(0.201165 0.00270467 0)
(0.201164 0.00263979 0)
(0.201162 0.0025742 0)
(0.201161 0.00250582 0)
(0.201164 0.00243759 0)
(0.201164 0.00236852 0)
(0.201163 0.00230304 0)
(0.20116 0.00223773 0)
(0.201162 0.00217615 0)
(0.201162 0.00211414 0)
(0.20116 0.00205587 0)
(0.201157 0.00199373 0)
(0.201157 0.00193318 0)
(0.201155 0.00186676 0)
(0.201153 0.00180275 0)
(0.201149 0.00173183 0)
(0.201149 0.0016662 0)
(0.201143 0.00159479 0)
(0.201142 0.00153297 0)
(0.201135 0.00146542 0)
(0.201135 0.00141131 0)
(0.201126 0.00134954 0)
(0.201125 0.00130389 0)
(0.201114 0.00124593 0)
(0.201113 0.00120605 0)
(0.201099 0.00114706 0)
(0.201098 0.00110863 0)
(0.201081 0.0010434 0)
(0.20108 0.00100402 0)
(0.20106 0.000932182 0)
(0.201061 0.000896409 0)
(0.201038 0.000824791 0)
(0.201042 0.000800688 0)
(0.201015 0.000735624 0)
(0.201022 0.00072277 0)
(0.200993 0.000660833 0)
(0.201003 0.000647456 0)
(0.200972 0.000587093 0)
(0.200986 0.000569419 0)
(0.200954 0.000529086 0)
(0.200969 0.000512721 0)
(0.200934 0.000509105 0)
(0.200947 0.000479307 0)
(0.200911 0.000499689 0)
(0.200922 0.000431171 0)
(0.20089 0.00045925 0)
(0.200898 0.000368971 0)
(0.200871 0.000410301 0)
(0.200873 0.000355563 0)
(0.20085 0.00040281 0)
(0.200845 0.000410547 0)
(0.200822 0.000420779 0)
(0.200817 0.000452368 0)
(0.200794 0.000406537 0)
(0.200058 0.00355912 0)
(0.20008 0.003662 0)
(0.200105 0.00375961 0)
(0.200133 0.00385112 0)
(0.200164 0.00393578 0)
(0.200196 0.00401291 0)
(0.200229 0.00408205 0)
(0.200263 0.00414283 0)
(0.200297 0.00419509 0)
(0.200331 0.00423864 0)
(0.200365 0.00427342 0)
(0.200398 0.0042995 0)
(0.200431 0.00431718 0)
(0.200461 0.00432686 0)
(0.200491 0.00432899 0)
(0.200519 0.00432399 0)
(0.200545 0.00431239 0)
(0.200569 0.00429472 0)
(0.200591 0.00427168 0)
(0.200611 0.00424366 0)
(0.20063 0.004211 0)
(0.200647 0.00417393 0)
(0.200663 0.00413289 0)
(0.200676 0.00408827 0)
(0.200688 0.00404053 0)
(0.2007 0.00398973 0)
(0.200711 0.00393647 0)
(0.200719 0.00388124 0)
(0.200727 0.00382475 0)
(0.200734 0.00376718 0)
(0.200741 0.0037089 0)
(0.200748 0.00364977 0)
(0.200753 0.00359021 0)
(0.200757 0.00352982 0)
(0.20076 0.00346858 0)
(0.200764 0.00340584 0)
(0.200768 0.00334188 0)
(0.200771 0.00327646 0)
(0.200773 0.00321074 0)
(0.200775 0.00314465 0)
(0.200778 0.0030793 0)
(0.200781 0.00301433 0)
(0.200783 0.00295107 0)
(0.200783 0.00288875 0)
(0.200784 0.002828 0)
(0.200786 0.00276614 0)
(0.200789 0.00270359 0)
(0.200789 0.00263852 0)
(0.200789 0.00257298 0)
(0.200789 0.00250496 0)
(0.200792 0.00243724 0)
(0.200794 0.00236803 0)
(0.200794 0.00230233 0)
(0.200792 0.00223756 0)
(0.200794 0.00217711 0)
(0.200796 0.0021153 0)
(0.200795 0.00205717 0)
(0.200793 0.00199564 0)
(0.200794 0.00193596 0)
(0.200794 0.00186955 0)
(0.200793 0.00180592 0)
(0.200791 0.00173538 0)
(0.200791 0.00167048 0)
(0.200788 0.00159927 0)
(0.200788 0.00153833 0)
(0.200784 0.00147117 0)
(0.200785 0.00141814 0)
(0.200779 0.00135675 0)
(0.200779 0.0013124 0)
(0.200772 0.00125484 0)
(0.200772 0.00121647 0)
(0.200763 0.00115778 0)
(0.200763 0.00112086 0)
(0.200752 0.00105561 0)
(0.200752 0.00101762 0)
(0.200739 0.000945258 0)
(0.200741 0.000910743 0)
(0.200725 0.00083839 0)
(0.200728 0.000815606 0)
(0.20071 0.00074952 0)
(0.200715 0.000737599 0)
(0.200695 0.000674036 0)
(0.200703 0.000660873 0)
(0.200682 0.000598885 0)
(0.200693 0.000581583 0)
(0.20067 0.000541242 0)
(0.200681 0.000525774 0)
(0.200657 0.000523698 0)
(0.200666 0.000493577 0)
(0.200642 0.000515649 0)
(0.200649 0.000444346 0)
(0.200628 0.000474403 0)
(0.200633 0.000380496 0)
(0.200616 0.000425286 0)
(0.200617 0.000368288 0)
(0.200601 0.000419323 0)
(0.200598 0.000426295 0)
(0.200582 0.000437499 0)
(0.200578 0.000468934 0)
(0.200562 0.00042049 0)
(0.200022 0.00351823 0)
(0.20003 0.00361789 0)
(0.200039 0.00371244 0)
(0.200049 0.00380117 0)
(0.200059 0.00388344 0)
(0.20007 0.00395862 0)
(0.200082 0.00402628 0)
(0.200094 0.00408609 0)
(0.200106 0.00413795 0)
(0.200118 0.00418173 0)
(0.200131 0.0042173 0)
(0.200143 0.00424464 0)
(0.200155 0.00426393 0)
(0.200166 0.00427553 0)
(0.200177 0.00427992 0)
(0.200188 0.0042774 0)
(0.200198 0.00426839 0)
(0.200208 0.00425331 0)
(0.200217 0.00423278 0)
(0.200225 0.00420728 0)
(0.200233 0.00417712 0)
(0.200241 0.00414241 0)
(0.200248 0.00410355 0)
(0.200254 0.00406092 0)
(0.20026 0.00401508 0)
(0.200265 0.00396618 0)
(0.200271 0.00391459 0)
(0.200276 0.00386074 0)
(0.20028 0.00380552 0)
(0.200284 0.00374928 0)
(0.200288 0.00369235 0)
(0.200292 0.00363428 0)
(0.200296 0.00357547 0)
(0.200299 0.00351586 0)
(0.200302 0.0034555 0)
(0.200305 0.00339352 0)
(0.200309 0.0033301 0)
(0.200311 0.00326492 0)
(0.200314 0.00319946 0)
(0.200316 0.00313383 0)
(0.200319 0.003069 0)
(0.200322 0.00300441 0)
(0.200324 0.00294138 0)
(0.200326 0.00287915 0)
(0.200328 0.00281882 0)
(0.200331 0.00275756 0)
(0.200334 0.00269524 0)
(0.200335 0.00262993 0)
(0.200337 0.00256433 0)
(0.200339 0.00249648 0)
(0.200341 0.00242916 0)
(0.200344 0.00235994 0)
(0.200346 0.00229403 0)
(0.200347 0.00222947 0)
(0.200349 0.00216991 0)
(0.200351 0.00210834 0)
(0.200353 0.00205021 0)
(0.200353 0.00198899 0)
(0.200356 0.00193001 0)
(0.200357 0.00186357 0)
(0.200359 0.00180014 0)
(0.200359 0.0017298 0)
(0.200362 0.00166545 0)
(0.200362 0.0015943 0)
(0.200364 0.00153398 0)
(0.200363 0.00146709 0)
(0.200366 0.00141486 0)
(0.200365 0.00135373 0)
(0.200367 0.00131035 0)
(0.200365 0.00125314 0)
(0.200367 0.00121595 0)
(0.200364 0.00115758 0)
(0.200367 0.00112184 0)
(0.200363 0.00105665 0)
(0.200366 0.00101971 0)
(0.200361 0.000947084 0)
(0.200364 0.000913549 0)
(0.200358 0.000840861 0)
(0.200362 0.000819173 0)
(0.200355 0.000752593 0)
(0.20036 0.000741393 0)
(0.200352 0.000676849 0)
(0.200358 0.000663742 0)
(0.200349 0.00060091 0)
(0.200357 0.000583804 0)
(0.200347 0.000544173 0)
(0.200354 0.000529253 0)
(0.200344 0.000529219 0)
(0.20035 0.000498378 0)
(0.20034 0.000522542 0)
(0.200345 0.000448372 0)
(0.200336 0.00048073 0)
(0.200339 0.000383465 0)
(0.200333 0.000431696 0)
(0.200334 0.000372791 0)
(0.200328 0.000427278 0)
(0.200327 0.000433781 0)
(0.200322 0.000445822 0)
(0.20032 0.000477231 0)
(0.200314 0.000426525 0)
(0.208233 0.000207121 0)
(0.191249 -0.00013901 0)
(0.208503 0.000196156 0)
(0.190677 -0.000107095 0)
(0.208516 0.000199631 0)
(0.189759 -4.29945e-05 0)
(0.208497 0.000232012 0)
(0.188485 5.58523e-05 0)
(0.208408 0.000285308 0)
(0.186683 0.000197882 0)
(0.208128 0.000376819 0)
(0.184023 0.00043879 0)
(0.20733 0.000624979 0)
(0.179789 0.0011177 0)
(0.205625 0.00188515 0)
(0.206075 0.000243019 0)
(0.193918 -0.000123177 0)
(0.205812 0.0002235 0)
(0.193907 -7.60836e-05 0)
(0.205146 0.000245596 0)
(0.193762 3.9068e-05 0)
(0.204212 0.000304599 0)
(0.193552 0.000208472 0)
(0.202875 0.000390563 0)
(0.19322 0.000461197 0)
(0.200889 0.000544988 0)
(0.192626 0.000934255 0)
(0.197802 0.00104051 0)
(0.191616 0.00237399 0)
(0.193309 0.00353731 0)
(0.203311 0.000219719 0)
(0.197033 -6.11847e-05 0)
(0.20278 0.00019762 0)
(0.197241 2.26917e-05 0)
(0.201891 0.000234899 0)
(0.197266 0.000188109 0)
(0.200808 0.000319191 0)
(0.197119 0.000403356 0)
(0.199478 0.000460883 0)
(0.196668 0.000705861 0)
(0.197786 0.000758371 0)
(0.195696 0.00128095 0)
(0.195587 0.00163916 0)
(0.194124 0.00297969 0)
(0.193417 0.00472483 0)
(0.20136 0.000163152 0)
(0.198963 2.52413e-05 0)
(0.200949 0.000160155 0)
(0.199012 0.000131433 0)
(0.200263 0.000230841 0)
(0.198807 0.000315409 0)
(0.199455 0.000366263 0)
(0.198366 0.000545534 0)
(0.198479 0.00058967 0)
(0.197589 0.000880675 0)
(0.197225 0.00103481 0)
(0.196359 0.00155919 0)
(0.19564 0.00218092 0)
(0.194851 0.0033777 0)
(0.194339 0.00513761 0)
(0.200431 0.000118812 0)
(0.199738 9.10367e-05 0)
(0.200206 0.000152536 0)
(0.19961 0.000208171 0)
(0.199726 0.000263272 0)
(0.199232 0.000403306 0)
(0.199111 0.000452456 0)
(0.198646 0.000653558 0)
(0.198314 0.000747913 0)
(0.197783 0.00104135 0)
(0.19725 0.00130398 0)
(0.196606 0.00183865 0)
(0.195967 0.00257189 0)
(0.195397 0.00368743 0)
(0.195068 0.00520625 0)
(0.200107 9.38119e-05 0)
(0.199949 0.000131308 0)
(0.199977 0.000170863 0)
(0.199741 0.000260072 0)
(0.199592 0.000319489 0)
(0.199309 0.000470162 0)
(0.19905 0.00055586 0)
(0.198699 0.000751378 0)
(0.198322 0.000911408 0)
(0.197865 0.00120173 0)
(0.197365 0.00155319 0)
(0.196822 0.00209591 0)
(0.196302 0.00286481 0)
(0.195884 0.00389232 0)
(0.195683 0.0052013 0)
(0.200021 8.10243e-05 0)
(0.199981 0.000156113 0)
(0.199915 0.000202284 0)
(0.199755 0.000302389 0)
(0.199565 0.000384103 0)
(0.199321 0.000533201 0)
(0.199051 0.000660079 0)
(0.198728 0.000852535 0)
(0.198365 0.00106693 0)
(0.197951 0.00136569 0)
(0.197504 0.00177373 0)
(0.197047 0.00232276 0)
(0.196631 0.00308464 0)
(0.196328 0.0040262 0)
(0.196223 0.00517056 0)
(0.200003 7.51114e-05 0)
(0.199976 0.000173266 0)
(0.199897 0.000238852 0)
(0.199753 0.00034361 0)
(0.199565 0.000449897 0)
(0.199333 0.000599179 0)
(0.19907 0.000759876 0)
(0.198766 0.000959102 0)
(0.198427 0.00121189 0)
(0.198053 0.00152807 0)
(0.197661 0.00196551 0)
(0.19728 0.00251686 0)
(0.196952 0.0032491 0)
(0.196739 0.00411258 0)
(0.196706 0.00512054 0)
(0.2 7.34359e-05 0)
(0.199969 0.0001871 0)
(0.199888 0.000276179 0)
(0.199753 0.000386448 0)
(0.199572 0.000514393 0)
(0.199352 0.000668805 0)
(0.1991 0.00085506 0)
(0.198816 0.00106812 0)
(0.198502 0.00134716 0)
(0.198169 0.00168199 0)
(0.19783 0.00213189 0)
(0.197515 0.00267858 0)
(0.197262 0.00337174 0)
(0.19712 0.00416231 0)
(0.197139 0.00505234 0)
(0.2 7.4483e-05 0)
(0.199964 0.000200143 0)
(0.199884 0.000311974 0)
(0.199755 0.00043114 0)
(0.199583 0.000576949 0)
(0.199375 0.000740936 0)
(0.199137 0.000946269 0)
(0.198873 0.00117607 0)
(0.198588 0.00147319 0)
(0.198293 0.00182333 0)
(0.198004 0.0022755 0)
(0.197748 0.00281052 0)
(0.197558 0.00346103 0)
(0.197472 0.00418262 0)
(0.197527 0.00496908 0)
(0.2 7.72541e-05 0)
(0.199961 0.000213774 0)
(0.199882 0.000345651 0)
(0.19976 0.000477028 0)
(0.199598 0.000637722 0)
(0.199402 0.000814007 0)
(0.19918 0.00103405 0)
(0.198937 0.00128023 0)
(0.198681 0.00158989 0)
(0.198423 0.00195033 0)
(0.19818 0.00239824 0)
(0.197976 0.0029159 0)
(0.197837 0.00352277 0)
(0.197795 0.00417943 0)
(0.197875 0.00487525 0)
(0.2 8.10716e-05 0)
(0.19996 0.000228527 0)
(0.199883 0.000377485 0)
(0.199767 0.000523154 0)
(0.199615 0.000696949 0)
(0.199433 0.000886503 0)
(0.199227 0.00111852 0)
(0.199006 0.00137882 0)
(0.198778 0.00169693 0)
(0.198556 0.00206254 0)
(0.198354 0.00250163 0)
(0.198194 0.0029979 0)
(0.198098 0.00356156 0)
(0.198089 0.00415791 0)
(0.198185 0.00477496 0)
(0.2 8.55029e-05 0)
(0.199961 0.000244371 0)
(0.199886 0.000407945 0)
(0.199776 0.000568617 0)
(0.199635 0.000754633 0)
(0.199466 0.000957174 0)
(0.199278 0.00119935 0)
(0.199079 0.00147083 0)
(0.198878 0.00179402 0)
(0.198688 0.00216021 0)
(0.198523 0.00258715 0)
(0.198401 0.00305948 0)
(0.198339 0.00358134 0)
(0.198355 0.0041225 0)
(0.198461 0.00467135 0)
(0.2 9.03046e-05 0)
(0.199962 0.000260965 0)
(0.19989 0.000437435 0)
(0.199787 0.000612782 0)
(0.199656 0.000810535 0)
(0.199502 0.00102512 0)
(0.199332 0.00127597 0)
(0.199155 0.00155565 0)
(0.19898 0.00188099 0)
(0.19882 0.00224397 0)
(0.198687 0.00265634 0)
(0.198596 0.00310338 0)
(0.198562 0.00358556 0)
(0.198596 0.00407682 0)
(0.198707 0.00456665 0)
(0.2 9.5328e-05 0)
(0.199964 0.000277904 0)
(0.199896 0.000466182 0)
(0.1998 0.000655271 0)
(0.199679 0.000864245 0)
(0.19954 0.0010897 0)
(0.199387 0.00134778 0)
(0.199231 0.00163299 0)
(0.199081 0.00195788 0)
(0.198947 0.00231471 0)
(0.198842 0.00271083 0)
(0.198778 0.00313224 0)
(0.198765 0.00357726 0)
(0.198812 0.00402372 0)
(0.198925 0.00446245 0)
(0.2 0.000100464 0)
(0.199966 0.000294834 0)
(0.199902 0.000494217 0)
(0.199814 0.000695891 0)
(0.199704 0.000915309 0)
(0.199578 0.0011504 0)
(0.199443 0.00141429 0)
(0.199307 0.00170275 0)
(0.19918 0.00202496 0)
(0.19907 0.00237344 0)
(0.198989 0.00275229 0)
(0.198947 0.00314846 0)
(0.19895 0.00355908 0)
(0.199006 0.00396548 0)
(0.199117 0.00435985 0)
(0.2 0.000105631 0)
(0.199968 0.000311475 0)
(0.19991 0.000521399 0)
(0.199829 0.000734498 0)
(0.19973 0.000963368 0)
(0.199618 0.00120675 0)
(0.199499 0.00147512 0)
(0.199382 0.00176496 0)
(0.199275 0.00208271 0)
(0.199187 0.0024213 0)
(0.199126 0.00278245 0)
(0.199101 0.00315428 0)
(0.199117 0.00353333 0)
(0.199178 0.00390399 0)
(0.199286 0.00425978 0)
(0.2 0.000110761 0)
(0.199971 0.000327612 0)
(0.199918 0.000547493 0)
(0.199845 0.000770875 0)
(0.199756 0.00100815 0)
(0.199658 0.00125841 0)
(0.199555 0.00152996 0)
(0.199455 0.00181965 0)
(0.199367 0.00213173 0)
(0.199297 0.00245946 0)
(0.199253 0.00280302 0)
(0.199241 0.00315176 0)
(0.199266 0.00350209 0)
(0.19933 0.00384094 0)
(0.199434 0.00416314 0)
(0.2 0.000115792 0)
(0.199973 0.000343098 0)
(0.199926 0.000572271 0)
(0.199861 0.000804752 0)
(0.199783 0.00104932 0)
(0.199697 0.00130509 0)
(0.199609 0.00157858 0)
(0.199525 0.0018668 0)
(0.199453 0.00217243 0)
(0.199399 0.00248897 0)
(0.199369 0.00281557 0)
(0.199368 0.00314282 0)
(0.199399 0.00346726 0)
(0.199464 0.003778 0)
(0.199562 0.00407099 0)
(0.2 0.000120682 0)
(0.199976 0.0003578 0)
(0.199934 0.000595593 0)
(0.199877 0.000835961 0)
(0.199809 0.00108661 0)
(0.199736 0.00134652 0)
(0.199661 0.00162079 0)
(0.199592 0.00190641 0)
(0.199534 0.00220504 0)
(0.199493 0.0025105 0)
(0.199474 0.00282131 0)
(0.199481 0.00312908 0)
(0.199516 0.00343066 0)
(0.199579 0.00371695 0)
(0.199672 0.00398486 0)
(0.2 0.000126203 0)
(0.199979 0.000374246 0)
(0.199944 0.000621484 0)
(0.199896 0.000870003 0)
(0.19984 0.00112636 0)
(0.19978 0.00138958 0)
(0.19972 0.00166343 0)
(0.199666 0.00194487 0)
(0.199623 0.0022347 0)
(0.199595 0.00252739 0)
(0.199587 0.00282107 0)
(0.1996 0.00310841 0)
(0.199637 0.00338664 0)
(0.199698 0.00364854 0)
(0.199782 0.00389185 0)
(0.2 0.000132421 0)
(0.199983 0.000392936 0)
(0.199955 0.00065055 0)
(0.199918 0.000907752 0)
(0.199874 0.0011694 0)
(0.199828 0.00143494 0)
(0.199784 0.00170663 0)
(0.199745 0.00198208 0)
(0.199716 0.00226082 0)
(0.199701 0.00253832 0)
(0.199701 0.00281256 0)
(0.199719 0.00307771 0)
(0.199755 0.00333126 0)
(0.19981 0.00356796 0)
(0.199884 0.00378619 0)
(0.2 0.000138582 0)
(0.199987 0.000411275 0)
(0.199966 0.000678853 0)
(0.199938 0.000943737 0)
(0.199907 0.00120955 0)
(0.199874 0.0014758 0)
(0.199844 0.00174382 0)
(0.199818 0.0020119 0)
(0.1998 0.00227879 0)
(0.199793 0.00254067 0)
(0.199799 0.0027958 0)
(0.199818 0.00303989 0)
(0.199852 0.00327086 0)
(0.199899 0.00348492 0)
(0.19996 0.00368106 0)
(0.2 0.000144394 0)
(0.199991 0.000428274 0)
(0.199976 0.000704892 0)
(0.199957 0.000976052 0)
(0.199936 0.00124469 0)
(0.199915 0.00151022 0)
(0.199896 0.00177348 0)
(0.19988 0.00203312 0)
(0.199871 0.00228802 0)
(0.19987 0.0025349 0)
(0.199878 0.00277255 0)
(0.199896 0.00299785 0)
(0.199924 0.0032095 0)
(0.199962 0.00340471 0)
(0.200011 0.00358303 0)
(0.2 0.000149445 0)
(0.199994 0.000442933 0)
(0.199985 0.000727071 0)
(0.199974 0.00100313 0)
(0.199961 0.00127323 0)
(0.199949 0.00153709 0)
(0.199938 0.00179515 0)
(0.19993 0.00204629 0)
(0.199926 0.00229 0)
(0.199927 0.00252381 0)
(0.199935 0.00274678 0)
(0.19995 0.00295673 0)
(0.199971 0.00315296 0)
(0.2 0.00333359 0)
(0.200035 0.00349839 0)
(0.2 0.000153343 0)
(0.199997 0.000454075 0)
(0.199992 0.000743805 0)
(0.199986 0.00102328 0)
(0.19998 0.00129398 0)
(0.199974 0.00155579 0)
(0.199969 0.00180924 0)
(0.199966 0.00205329 0)
(0.199965 0.00228803 0)
(0.199966 0.00251186 0)
(0.199972 0.002724 0)
(0.199982 0.00292279 0)
(0.199996 0.00310793 0)
(0.200013 0.00327822 0)
(0.200035 0.00343364 0)
(0.2 0.000155553 0)
(0.199999 0.000460403 0)
(0.199997 0.000753275 0)
(0.199996 0.00103461 0)
(0.199994 0.00130545 0)
(0.199992 0.00156577 0)
(0.199991 0.0018164 0)
(0.19999 0.0020563 0)
(0.19999 0.00228583 0)
(0.19999 0.00250398 0)
(0.199993 0.00271013 0)
(0.199996 0.00290277 0)
(0.200001 0.00308181 0)
(0.200007 0.00324643 0)
(0.200014 0.00339674 0)
)
;

boundaryField
{
    top
    {
        type            zeroGradient;
    }
    inlet
    {
        type            fixedValue;
        value           uniform (0.2 0 0);
    }
    outlet
    {
        type            zeroGradient;
    }
    plate
    {
        type            fixedValue;
        value           uniform (0 0 0);
    }
    symmBound
    {
        type            zeroGradient;
    }
    frontAndBack
    {
        type            empty;
    }
}


// ************************************************************************* //
