/*--------------------------------*- C++ -*----------------------------------*\
| =========                 |                                                 |
| \\      /  F ield         | OpenFOAM: The Open Source CFD Toolbox           |
|  \\    /   O peration     | Version:  2.3.0                                 |
|   \\  /    A nd           | Web:      www.OpenFOAM.org                      |
|    \\/     M anipulation  |                                                 |
\*---------------------------------------------------------------------------*/
FoamFile
{
    version     2.0;
    format      ascii;
    class       surfaceScalarField;
    location    "0.3";
    object      phi;
}
// * * * * * * * * * * * * * * * * * * * * * * * * * * * * * * * * * * * * * //

dimensions      [0 3 -1 0 0 0 0];

internalField   nonuniform List<scalar> 
6598
(
2.88758e-08
2.99977e-09
-3.18756e-08
2.52529e-08
3.62296e-09
2.16851e-08
3.56773e-09
1.85169e-08
3.16825e-09
1.57186e-08
2.79833e-09
1.33259e-08
2.39269e-09
1.13686e-08
1.95727e-09
9.83092e-09
1.53768e-09
8.70273e-09
1.12819e-09
7.8808e-09
8.21923e-10
7.26584e-09
6.14966e-10
6.80799e-09
4.57843e-10
6.4624e-09
3.45591e-10
6.1941e-09
2.68304e-10
5.97075e-09
2.23346e-10
5.7723e-09
1.98459e-10
5.59424e-09
1.78051e-10
5.4312e-09
1.63042e-10
5.27668e-09
1.54525e-10
5.12935e-09
1.47327e-10
4.99262e-09
1.36729e-10
4.86618e-09
1.26438e-10
4.74816e-09
1.18021e-10
4.63881e-09
1.09357e-10
4.53729e-09
1.01514e-10
4.44221e-09
9.50847e-11
4.35201e-09
9.01932e-11
4.26625e-09
8.57621e-11
4.18547e-09
8.0777e-11
4.10879e-09
7.66799e-11
4.0375e-09
7.12932e-11
3.97036e-09
6.71451e-11
3.9069e-09
6.34514e-11
3.84602e-09
6.08826e-11
3.78753e-09
5.84938e-11
3.73335e-09
5.41817e-11
3.68107e-09
5.22763e-11
3.63121e-09
4.9862e-11
3.58483e-09
4.63751e-11
3.54014e-09
4.46893e-11
3.498e-09
4.21434e-11
3.4584e-09
3.95965e-11
3.41978e-09
3.86287e-11
3.38391e-09
3.58642e-11
3.35084e-09
3.30672e-11
3.31841e-09
3.2433e-11
3.28863e-09
2.97829e-11
3.26086e-09
2.77668e-11
3.23265e-09
2.82108e-11
3.20859e-09
2.40582e-11
3.18622e-09
2.23684e-11
3.16281e-09
2.34143e-11
3.14386e-09
1.89503e-11
3.12676e-09
1.70947e-11
3.10852e-09
1.8246e-11
3.09372e-09
1.47937e-11
3.0813e-09
1.24233e-11
3.06821e-09
1.3087e-11
3.05782e-09
1.03921e-11
3.04974e-09
8.08053e-12
3.04148e-09
8.26501e-12
3.03545e-09
6.03034e-12
3.03155e-09
3.89423e-12
3.02818e-09
3.37077e-12
3.02718e-09
1.00105e-12
3.02771e-09
-5.33193e-13
3.02839e-09
-6.76458e-13
3.03107e-09
-2.68146e-12
3.03604e-09
-4.96569e-12
3.04016e-09
-4.12747e-12
3.04465e-09
-4.48761e-12
3.0502e-09
-5.55222e-12
3.05437e-09
-4.16098e-12
3.05821e-09
-3.84575e-12
3.06243e-09
-4.21842e-12
3.06479e-09
-2.35912e-12
3.06717e-09
-2.37761e-12
3.07013e-09
-2.96252e-12
3.07158e-09
-1.45589e-12
3.07252e-09
-9.37615e-13
3.07414e-09
-1.61687e-12
3.07508e-09
-9.38072e-13
3.07611e-09
-1.03355e-12
3.07829e-09
-2.17434e-12
3.07943e-09
-1.1425e-12
3.07978e-09
-3.52123e-13
3.08158e-09
-1.80123e-12
3.08328e-09
-1.69608e-12
3.08363e-09
-3.52033e-13
3.08436e-09
-7.35493e-13
3.08635e-09
-1.98566e-12
3.08736e-09
-1.00641e-12
3.08764e-09
-2.78254e-13
3.08847e-09
-8.37194e-13
3.08936e-09
-8.87269e-13
3.08982e-09
-4.65313e-13
3.09059e-09
-7.63687e-13
3.09154e-09
-9.49252e-13
3.09199e-09
-4.49223e-13
-3.68489e-13
3.43282e-08
2.86977e-09
-3.41982e-08
3.40813e-08
3.86982e-09
3.34354e-08
4.21365e-09
3.24691e-08
4.13457e-09
3.11761e-08
4.09134e-09
2.9718e-08
3.85081e-09
2.82046e-08
3.47065e-09
2.66802e-08
3.0621e-09
2.52653e-08
2.54301e-09
2.39653e-08
2.122e-09
2.27732e-08
1.80705e-09
2.16968e-08
1.53418e-09
2.07242e-08
1.31819e-09
1.98678e-08
1.12469e-09
1.91107e-08
9.80524e-10
1.84262e-08
8.82919e-10
1.7807e-08
7.97214e-10
1.72455e-08
7.24616e-10
1.67292e-08
6.70805e-10
1.62513e-08
6.25172e-10
1.58128e-08
5.75272e-10
1.54091e-08
5.30105e-10
1.50345e-08
4.92681e-10
1.46864e-08
4.57439e-10
1.43614e-08
4.26523e-10
1.40562e-08
4.00221e-10
1.37682e-08
3.7829e-10
1.34956e-08
3.58306e-10
1.32384e-08
3.38011e-10
1.29949e-08
3.20122e-10
1.27664e-08
2.99807e-10
1.25499e-08
2.83667e-10
1.23447e-08
2.68619e-10
1.2149e-08
2.56561e-10
1.19625e-08
2.45062e-10
1.17869e-08
2.29719e-10
1.16189e-08
2.20303e-10
1.14592e-08
2.09596e-10
1.13083e-08
1.97238e-10
1.11641e-08
1.88886e-10
1.10277e-08
1.78606e-10
1.08984e-08
1.68865e-10
1.07745e-08
1.62553e-10
1.06581e-08
1.522e-10
1.05489e-08
1.42289e-10
1.04442e-08
1.37191e-10
1.03464e-08
1.27526e-10
1.02544e-08
1.19736e-10
1.01655e-08
1.17156e-10
1.00854e-08
1.04191e-10
1.00102e-08
9.75392e-11
9.93726e-09
9.63439e-11
9.87324e-09
8.29766e-11
9.81435e-09
7.59839e-11
9.75757e-09
7.50274e-11
9.70818e-09
6.41826e-11
9.66449e-09
5.61065e-11
9.6233e-09
5.4284e-11
9.58849e-09
4.51955e-11
9.55922e-09
3.73572e-11
9.53283e-09
3.46539e-11
9.51212e-09
2.67373e-11
9.49667e-09
1.93417e-11
9.48461e-09
1.54317e-11
9.47776e-09
7.84856e-12
9.47481e-09
2.41691e-12
9.47412e-09
1.34848e-14
9.47741e-09
-5.97162e-12
9.48428e-09
-1.18323e-11
9.49074e-09
-1.05899e-11
9.49818e-09
-1.19258e-11
9.50672e-09
-1.40922e-11
9.51336e-09
-1.08008e-11
9.51952e-09
-1.0008e-11
9.52561e-09
-1.03037e-11
9.52905e-09
-5.80491e-12
9.53258e-09
-5.8987e-12
9.53657e-09
-6.95253e-12
9.53869e-09
-3.5757e-12
9.54027e-09
-2.52459e-12
9.54263e-09
-3.97147e-12
9.5444e-09
-2.70678e-12
9.54661e-09
-3.24292e-12
9.55004e-09
-5.60642e-12
9.55222e-09
-3.32571e-12
9.55387e-09
-1.99945e-12
9.55722e-09
-5.14989e-12
9.56012e-09
-4.60127e-12
9.56157e-09
-1.8007e-12
9.56368e-09
-2.84661e-12
9.56722e-09
-5.52443e-12
9.56936e-09
-3.14338e-12
9.5707e-09
-1.61739e-12
9.57264e-09
-2.782e-12
9.57455e-09
-2.79422e-12
9.57595e-09
-1.8711e-12
9.57777e-09
-2.58374e-12
9.57966e-09
-2.83644e-12
9.58091e-09
-1.70054e-12
-1.28794e-12
3.57856e-08
2.66829e-09
-3.55841e-08
3.61788e-08
3.47664e-09
3.6664e-08
3.72842e-09
3.67426e-08
4.05594e-09
3.65654e-08
4.26855e-09
3.63282e-08
4.08802e-09
3.59099e-08
3.88894e-09
3.53601e-08
3.61189e-09
3.46844e-08
3.21875e-09
3.39496e-08
2.85674e-09
3.31784e-08
2.57827e-09
3.24046e-08
2.30806e-09
3.16286e-08
2.09418e-09
3.08664e-08
1.88687e-09
3.01288e-08
1.71806e-09
2.94233e-08
1.58845e-09
2.8757e-08
1.46357e-09
2.81208e-08
1.36079e-09
2.75017e-08
1.28988e-09
2.68987e-08
1.22817e-09
2.63232e-08
1.15079e-09
2.57778e-08
1.07543e-09
2.52595e-08
1.01104e-09
2.47667e-08
9.50234e-10
2.42974e-08
8.95861e-10
2.38493e-08
8.48297e-10
2.342e-08
8.07615e-10
2.30078e-08
7.70491e-10
2.26132e-08
7.32624e-10
2.22353e-08
6.97948e-10
2.18775e-08
6.57634e-10
2.15354e-08
6.25758e-10
2.12082e-08
5.95801e-10
2.08939e-08
5.70923e-10
2.05921e-08
5.4687e-10
2.03057e-08
5.16043e-10
2.00304e-08
4.95638e-10
1.97678e-08
4.72249e-10
1.95177e-08
4.47305e-10
1.92774e-08
4.29203e-10
1.90488e-08
4.07199e-10
1.88308e-08
3.8689e-10
1.8621e-08
3.72289e-10
1.84228e-08
3.5045e-10
1.82352e-08
3.29835e-10
1.80549e-08
3.17485e-10
1.78855e-08
2.96989e-10
1.77251e-08
2.80067e-10
1.75701e-08
2.72218e-10
1.74282e-08
2.46026e-10
1.72944e-08
2.31409e-10
1.71649e-08
2.25778e-10
1.70488e-08
1.99134e-10
1.69409e-08
1.83879e-10
1.68375e-08
1.78389e-10
1.6745e-08
1.56655e-10
1.66616e-08
1.39517e-10
1.65835e-08
1.32384e-10
1.65151e-08
1.13653e-10
1.64552e-08
9.72684e-11
1.64008e-08
8.90333e-11
1.63553e-08
7.21979e-11
1.6318e-08
5.6673e-11
1.62865e-08
4.69665e-11
1.62627e-08
3.15864e-11
1.62452e-08
1.99414e-11
1.62319e-08
1.32911e-11
1.62248e-08
1.1923e-12
1.6223e-08
-1.00646e-11
1.62218e-08
-9.38255e-12
1.62229e-08
-1.30276e-11
1.62263e-08
-1.75231e-11
1.62282e-08
-1.27328e-11
1.62304e-08
-1.2157e-11
1.62329e-08
-1.28425e-11
1.62326e-08
-5.51743e-12
1.6233e-08
-6.25144e-12
1.62343e-08
-8.22957e-12
1.62335e-08
-2.83569e-12
1.62324e-08
-1.35922e-12
1.62326e-08
-4.1525e-12
1.62323e-08
-2.47578e-12
1.62327e-08
-3.64988e-12
1.62348e-08
-7.71506e-12
1.62358e-08
-4.3302e-12
1.62365e-08
-2.68306e-12
1.62393e-08
-7.94228e-12
1.62419e-08
-7.16331e-12
1.6243e-08
-2.89993e-12
1.62449e-08
-4.78767e-12
1.62487e-08
-9.27365e-12
1.6251e-08
-5.46554e-12
1.62525e-08
-3.14781e-12
1.62548e-08
-5.07224e-12
1.62571e-08
-5.10886e-12
1.62589e-08
-3.6465e-12
1.62612e-08
-4.91072e-12
1.62636e-08
-5.23056e-12
1.62654e-08
-3.52455e-12
-2.54945e-12
3.73175e-08
2.46899e-09
-3.71182e-08
3.76007e-08
3.19345e-09
3.79064e-08
3.42266e-09
3.82574e-08
3.70498e-09
3.8544e-08
3.98196e-09
3.87688e-08
3.86324e-09
3.8812e-08
3.84568e-09
3.88245e-08
3.59946e-09
3.87032e-08
3.34002e-09
3.84989e-08
3.06104e-09
3.82616e-08
2.81552e-09
3.7984e-08
2.58568e-09
3.76375e-08
2.44074e-09
3.72465e-08
2.27785e-09
3.68212e-08
2.14333e-09
3.63885e-08
2.02119e-09
3.59716e-08
1.88038e-09
3.55686e-08
1.76381e-09
3.51573e-08
1.70117e-09
3.47223e-08
1.66321e-09
3.42731e-08
1.60004e-09
3.38231e-08
1.52538e-09
3.33825e-08
1.45162e-09
3.29537e-08
1.37907e-09
3.25345e-08
1.31505e-09
3.2123e-08
1.25979e-09
3.17182e-08
1.21246e-09
3.13169e-08
1.17175e-09
3.0919e-08
1.13056e-09
3.05255e-08
1.0914e-09
3.01468e-08
1.03631e-09
2.97805e-08
9.92132e-10
2.94253e-08
9.50967e-10
2.90764e-08
9.19852e-10
2.8733e-08
8.90202e-10
2.84019e-08
8.47138e-10
2.80783e-08
8.19252e-10
2.77664e-08
7.84158e-10
2.74669e-08
7.4684e-10
2.71753e-08
7.20753e-10
2.68946e-08
6.87904e-10
2.66235e-08
6.58021e-10
2.63595e-08
6.36286e-10
2.61077e-08
6.02246e-10
2.58672e-08
5.70319e-10
2.56333e-08
5.5141e-10
2.54113e-08
5.19018e-10
2.51994e-08
4.91936e-10
2.49921e-08
4.79499e-10
2.48008e-08
4.37349e-10
2.46181e-08
4.14087e-10
2.44393e-08
4.04561e-10
2.4277e-08
3.61495e-10
2.41244e-08
3.36484e-10
2.39765e-08
3.2622e-10
2.38416e-08
2.91633e-10
2.37175e-08
2.63573e-10
2.36001e-08
2.49817e-10
2.34945e-08
2.19268e-10
2.33989e-08
1.92822e-10
2.33098e-08
1.78121e-10
2.32321e-08
1.49927e-10
2.31645e-08
1.2422e-10
2.3104e-08
1.07499e-10
2.30531e-08
8.25353e-11
2.301e-08
6.29672e-11
2.29724e-08
5.09366e-11
2.29425e-08
3.1077e-11
2.29204e-08
1.20199e-11
2.29001e-08
1.0905e-11
2.28838e-08
3.26533e-12
2.28722e-08
-5.8946e-12
2.28603e-08
-8.67649e-13
2.28507e-08
-2.48142e-12
2.28429e-08
-5.05088e-12
2.28328e-08
4.56752e-12
2.28244e-08
2.11735e-12
2.28184e-08
-2.18395e-12
2.28099e-08
5.62938e-12
2.28015e-08
7.09591e-12
2.27952e-08
2.09049e-12
2.2789e-08
3.75192e-12
2.27837e-08
1.64287e-12
2.27805e-08
-4.54904e-12
2.27766e-08
-4.5557e-13
2.2773e-08
9.77385e-13
2.27724e-08
-7.31482e-12
2.27717e-08
-6.51735e-12
2.27697e-08
-9.27118e-13
2.2769e-08
-4.03948e-12
2.27709e-08
-1.11393e-11
2.27715e-08
-6.11375e-12
2.27715e-08
-3.17933e-12
2.27727e-08
-6.23905e-12
2.27742e-08
-6.58372e-12
2.27752e-08
-4.70626e-12
2.27772e-08
-6.83218e-12
2.27793e-08
-7.36431e-12
2.2781e-08
-5.20665e-12
-3.66824e-12
3.88829e-08
2.31657e-09
-3.87305e-08
3.90771e-08
2.99928e-09
3.93732e-08
3.12654e-09
3.95795e-08
3.49864e-09
3.98454e-08
3.71609e-09
4.00276e-08
3.68105e-09
4.03072e-08
3.56603e-09
4.04176e-08
3.48906e-09
4.04695e-08
3.28813e-09
4.04965e-08
3.03411e-09
4.05314e-08
2.78062e-09
4.05379e-08
2.5791e-09
4.04713e-08
2.50734e-09
4.03536e-08
2.39557e-09
4.01909e-08
2.30603e-09
4.00068e-08
2.20528e-09
3.983e-08
2.05723e-09
3.9673e-08
1.92079e-09
3.95158e-08
1.85842e-09
3.93275e-08
1.85148e-09
3.9103e-08
1.82454e-09
3.8849e-08
1.77939e-09
3.85847e-08
1.71587e-09
3.83227e-08
1.64111e-09
3.80658e-08
1.572e-09
3.78086e-08
1.51696e-09
3.75518e-08
1.46921e-09
3.72891e-08
1.43447e-09
3.70149e-08
1.4048e-09
3.67246e-08
1.38164e-09
3.64336e-08
1.32736e-09
3.61463e-08
1.27941e-09
3.58681e-08
1.22917e-09
3.55926e-08
1.19536e-09
3.53122e-08
1.17056e-09
3.50328e-08
1.1266e-09
3.47506e-08
1.10143e-09
3.44718e-08
1.06298e-09
3.42004e-08
1.01826e-09
3.39335e-08
9.87599e-10
3.36734e-08
9.48052e-10
3.3417e-08
9.1443e-10
3.31612e-08
8.92032e-10
3.29137e-08
8.49726e-10
3.26751e-08
8.08956e-10
3.24393e-08
7.8721e-10
3.22123e-08
7.4601e-10
3.19923e-08
7.11904e-10
3.17722e-08
6.99658e-10
3.15682e-08
6.41296e-10
3.13708e-08
6.11553e-10
3.11731e-08
6.02212e-10
3.09917e-08
5.42895e-10
3.08191e-08
5.09094e-10
3.06489e-08
4.96379e-10
3.04906e-08
4.49925e-10
3.03425e-08
4.11703e-10
3.01999e-08
3.92462e-10
3.00692e-08
3.49941e-10
2.9948e-08
3.14055e-10
2.98314e-08
2.94723e-10
2.97262e-08
2.55062e-10
2.9632e-08
2.185e-10
2.95445e-08
1.94969e-10
2.94667e-08
1.60278e-10
2.93967e-08
1.32983e-10
2.93314e-08
1.16223e-10
2.92749e-08
8.76444e-11
2.92281e-08
5.87838e-11
2.91837e-08
5.53519e-11
2.91435e-08
4.3391e-11
2.91097e-08
2.79154e-11
2.90768e-08
3.20219e-11
2.9049e-08
2.53105e-11
2.90254e-08
1.86002e-11
2.90001e-08
2.99056e-11
2.89781e-08
2.40536e-11
2.89602e-08
1.56979e-11
2.89401e-08
2.57385e-11
2.89201e-08
2.7119e-11
2.89034e-08
1.88222e-11
2.88876e-08
1.94872e-11
2.88731e-08
1.61796e-11
2.88612e-08
7.3451e-12
2.88493e-08
1.14058e-11
2.88372e-08
1.31657e-11
2.88289e-08
9.28047e-13
2.88218e-08
5.87983e-13
2.88138e-08
7.09954e-12
2.88072e-08
2.49304e-12
2.88041e-08
-8.0209e-12
2.88004e-08
-2.36377e-12
2.87968e-08
4.43725e-13
2.87945e-08
-3.98455e-12
2.8793e-08
-5.04271e-12
2.87915e-08
-3.23902e-12
2.87915e-08
-6.82859e-12
2.87921e-08
-8.01461e-12
2.87923e-08
-5.39778e-12
-3.60256e-12
4.04467e-08
2.24911e-09
-4.03793e-08
4.06594e-08
2.78662e-09
4.08222e-08
2.9637e-09
4.10974e-08
3.22351e-09
4.13279e-08
3.48554e-09
4.14899e-08
3.51905e-09
4.17589e-08
3.29699e-09
4.18997e-08
3.34831e-09
4.19607e-08
3.22709e-09
4.20133e-08
2.9815e-09
4.20775e-08
2.71643e-09
4.21278e-08
2.5289e-09
4.21481e-08
2.48694e-09
4.21318e-08
2.4119e-09
4.20918e-08
2.34605e-09
4.20458e-08
2.25126e-09
4.1992e-08
2.11104e-09
4.19492e-08
1.96362e-09
4.192e-08
1.88761e-09
4.18787e-08
1.89279e-09
4.18131e-08
1.89014e-09
4.1716e-08
1.87648e-09
4.15986e-08
1.83328e-09
4.14738e-08
1.76593e-09
4.13593e-08
1.68651e-09
4.12429e-08
1.63335e-09
4.11334e-08
1.57871e-09
4.10218e-08
1.546e-09
4.08971e-08
1.52954e-09
4.07454e-08
1.53328e-09
4.05778e-08
1.495e-09
4.04039e-08
1.45327e-09
4.02367e-08
1.39636e-09
4.00744e-08
1.35766e-09
3.99096e-08
1.33544e-09
3.97377e-08
1.29849e-09
3.9554e-08
1.28508e-09
3.93649e-08
1.25211e-09
3.91748e-08
1.20839e-09
3.89859e-08
1.17645e-09
3.88016e-08
1.13237e-09
3.86164e-08
1.09966e-09
3.84252e-08
1.0832e-09
3.82358e-08
1.03909e-09
3.80506e-08
9.94238e-10
3.78644e-08
9.73334e-10
3.76834e-08
9.27019e-10
3.75051e-08
8.90232e-10
3.73186e-08
8.86122e-10
3.71462e-08
8.1377e-10
3.69765e-08
7.81192e-10
3.68016e-08
7.77164e-10
3.66398e-08
7.0468e-10
3.64838e-08
6.65057e-10
3.63262e-08
6.53959e-10
3.61766e-08
5.99533e-10
3.60344e-08
5.53886e-10
3.58949e-08
5.32049e-10
3.57654e-08
4.79414e-10
3.56429e-08
4.36551e-10
3.55207e-08
4.16883e-10
3.5407e-08
3.68841e-10
3.53026e-08
3.22863e-10
3.52039e-08
2.93651e-10
3.51141e-08
2.50107e-10
3.50301e-08
2.16937e-10
3.49475e-08
1.98853e-10
3.4872e-08
1.63172e-10
3.48074e-08
1.23394e-10
3.47455e-08
1.17257e-10
3.46875e-08
1.01372e-10
3.46349e-08
8.04996e-11
3.45822e-08
8.47218e-11
3.45364e-08
7.10633e-11
3.4497e-08
5.80455e-11
3.44567e-08
7.01591e-11
3.44216e-08
5.91566e-11
3.43921e-08
4.52031e-11
3.43604e-08
5.74613e-11
3.43283e-08
5.91742e-11
3.42998e-08
4.73697e-11
3.42732e-08
4.60522e-11
3.42486e-08
4.08197e-11
3.42273e-08
2.86047e-11
3.42062e-08
3.25642e-11
3.41842e-08
3.51095e-11
3.41663e-08
1.88715e-11
3.41505e-08
1.64047e-11
3.41344e-08
2.32159e-11
3.412e-08
1.68482e-11
3.41094e-08
2.53065e-12
3.40991e-08
7.94408e-12
3.40892e-08
1.04076e-11
3.40812e-08
3.94662e-12
3.40747e-08
1.52502e-12
3.40687e-08
2.69359e-12
3.4065e-08
-3.03857e-12
3.40626e-08
-5.66491e-12
3.40598e-08
-2.57018e-12
-1.12524e-12
4.20544e-08
2.22172e-09
-4.2027e-08
4.22577e-08
2.58333e-09
4.23768e-08
2.84455e-09
4.26886e-08
2.91176e-09
4.28761e-08
3.29798e-09
4.30121e-08
3.38312e-09
4.3295e-08
3.01407e-09
4.33407e-08
3.30261e-09
4.34646e-08
3.10318e-09
4.35316e-08
2.91447e-09
4.36007e-08
2.64734e-09
4.36561e-08
2.47352e-09
4.36962e-08
2.44679e-09
4.36969e-08
2.41121e-09
4.36715e-08
2.37146e-09
4.36548e-08
2.26795e-09
4.36445e-08
2.12139e-09
4.36523e-08
1.95576e-09
4.36498e-08
1.89017e-09
4.3644e-08
1.8986e-09
4.36336e-08
1.90046e-09
4.36055e-08
1.90465e-09
4.35658e-08
1.87297e-09
4.35077e-08
1.82404e-09
4.34754e-08
1.71883e-09
4.3438e-08
1.67068e-09
4.3412e-08
1.60477e-09
4.3388e-08
1.56994e-09
4.33564e-08
1.56119e-09
4.33017e-08
1.58798e-09
4.32284e-08
1.5683e-09
4.31424e-08
1.5393e-09
4.30647e-08
1.47403e-09
4.29871e-08
1.43523e-09
4.29155e-08
1.40701e-09
4.28407e-08
1.37335e-09
4.27516e-08
1.37418e-09
4.26537e-08
1.34998e-09
4.255e-08
1.31211e-09
4.24443e-08
1.28211e-09
4.2344e-08
1.23267e-09
4.22419e-08
1.20179e-09
4.21308e-08
1.19428e-09
4.20179e-08
1.15199e-09
4.19046e-08
1.10755e-09
4.17893e-08
1.08867e-09
4.16763e-08
1.04e-09
4.15635e-08
1.00298e-09
4.14371e-08
1.01259e-09
4.13219e-08
9.28987e-10
4.12047e-08
8.98406e-10
4.10802e-08
9.01609e-10
4.09647e-08
8.20183e-10
4.08525e-08
7.77248e-10
4.07357e-08
7.70819e-10
4.06209e-08
7.14318e-10
4.05098e-08
6.6497e-10
4.03984e-08
6.43398e-10
4.02953e-08
5.82558e-10
4.0197e-08
5.34861e-10
4.00944e-08
5.19445e-10
3.99948e-08
4.68457e-10
3.99007e-08
4.16989e-10
3.98102e-08
3.8417e-10
3.97278e-08
3.32427e-10
3.96502e-08
2.94562e-10
3.95694e-08
2.79616e-10
3.94912e-08
2.41445e-10
3.94226e-08
1.92013e-10
3.93569e-08
1.82914e-10
3.92958e-08
1.62493e-10
3.92383e-08
1.38016e-10
3.91772e-08
1.45744e-10
3.91222e-08
1.26112e-10
3.90735e-08
1.06754e-10
3.90247e-08
1.18961e-10
3.89831e-08
1.00728e-10
3.89484e-08
7.99138e-11
3.89113e-08
9.45489e-11
3.88728e-08
9.76597e-11
3.88367e-08
8.34811e-11
3.88024e-08
8.03378e-11
3.87705e-08
7.27809e-11
3.87428e-08
5.62859e-11
3.87155e-08
5.98039e-11
3.86866e-08
6.40882e-11
3.86605e-08
4.49282e-11
3.86368e-08
4.01101e-11
3.86132e-08
4.68169e-11
3.85915e-08
3.8528e-11
3.85736e-08
2.04776e-11
3.85563e-08
2.51956e-11
3.85398e-08
2.69336e-11
3.85257e-08
1.80746e-11
3.85129e-08
1.42892e-11
3.85013e-08
1.42778e-11
3.84924e-08
5.87937e-12
3.84862e-08
5.11085e-13
3.84795e-08
4.12267e-12
4.54684e-12
4.37475e-08
2.18325e-09
-4.37091e-08
4.39095e-08
2.42135e-09
4.40354e-08
2.71866e-09
4.42772e-08
2.66994e-09
4.44829e-08
3.09233e-09
4.46126e-08
3.25341e-09
4.47779e-08
2.84876e-09
4.48575e-08
3.22296e-09
4.49884e-08
2.97232e-09
4.51108e-08
2.79205e-09
4.51865e-08
2.57168e-09
4.52135e-08
2.44648e-09
4.52543e-08
2.40602e-09
4.52616e-08
2.40389e-09
4.5248e-08
2.38511e-09
4.52589e-08
2.25703e-09
4.52742e-08
2.10607e-09
4.52892e-08
1.94079e-09
4.5279e-08
1.9004e-09
4.52748e-08
1.90278e-09
4.52678e-08
1.9074e-09
4.52561e-08
1.91643e-09
4.52375e-08
1.89148e-09
4.52225e-08
1.83909e-09
4.52126e-08
1.72871e-09
4.52036e-08
1.6797e-09
4.52011e-08
1.60729e-09
4.52051e-08
1.56586e-09
4.52042e-08
1.56215e-09
4.51887e-08
1.60344e-09
4.51685e-08
1.5885e-09
4.51329e-08
1.57493e-09
4.5106e-08
1.50088e-09
4.50727e-08
1.46859e-09
4.50442e-08
1.43544e-09
4.5021e-08
1.39653e-09
4.49897e-08
1.40554e-09
4.49491e-08
1.39055e-09
4.49054e-08
1.35577e-09
4.48565e-08
1.33109e-09
4.48148e-08
1.27432e-09
4.47739e-08
1.24266e-09
4.47236e-08
1.24462e-09
4.46721e-08
1.20345e-09
4.46161e-08
1.16362e-09
4.4559e-08
1.14576e-09
4.45059e-08
1.09312e-09
4.44504e-08
1.05849e-09
4.43778e-08
1.08511e-09
4.43219e-08
9.84943e-10
4.42532e-08
9.67109e-10
4.41806e-08
9.74165e-10
4.41139e-08
8.86911e-10
4.40495e-08
8.41601e-10
4.39819e-08
8.38452e-10
4.39107e-08
7.8557e-10
4.38382e-08
7.37405e-10
4.37632e-08
7.18375e-10
4.36956e-08
6.50148e-10
4.36328e-08
5.97715e-10
4.35637e-08
5.88556e-10
4.34926e-08
5.39523e-10
4.3422e-08
4.87605e-10
4.33519e-08
4.54243e-10
4.32893e-08
3.95067e-10
4.32319e-08
3.51966e-10
4.31686e-08
3.42887e-10
4.31029e-08
3.07155e-10
4.30433e-08
2.51638e-10
4.29855e-08
2.40734e-10
4.2934e-08
2.13946e-10
4.28854e-08
1.86607e-10
4.28303e-08
2.00863e-10
4.27787e-08
1.77699e-10
4.27304e-08
1.5507e-10
4.26814e-08
1.68001e-10
4.26415e-08
1.40607e-10
4.26097e-08
1.11681e-10
4.25758e-08
1.28434e-10
4.25397e-08
1.33774e-10
4.25041e-08
1.19134e-10
4.24689e-08
1.15487e-10
4.24353e-08
1.06366e-10
4.24064e-08
8.51614e-11
4.23786e-08
8.76382e-11
4.23484e-08
9.43113e-11
4.23194e-08
7.39385e-11
4.22919e-08
6.7553e-11
4.22643e-08
7.44382e-11
4.22383e-08
6.45072e-11
4.22156e-08
4.32452e-11
4.21937e-08
4.70126e-11
4.21727e-08
4.80152e-11
4.2154e-08
3.67079e-11
4.2136e-08
3.22815e-11
4.21195e-08
3.07897e-11
4.21057e-08
1.96845e-11
4.20958e-08
1.03907e-11
4.20857e-08
1.42573e-11
1.3162e-11
4.55063e-08
2.11951e-09
-4.54426e-08
4.56264e-08
2.30124e-09
4.57488e-08
2.59629e-09
4.5945e-08
2.47375e-09
4.61274e-08
2.90988e-09
4.62739e-08
3.10694e-09
4.64015e-08
2.72111e-09
4.66092e-08
3.01532e-09
4.66359e-08
2.94561e-09
4.67147e-08
2.71324e-09
4.67974e-08
2.489e-09
4.68473e-08
2.39654e-09
4.68655e-08
2.38778e-09
4.68661e-08
2.4033e-09
4.68876e-08
2.36368e-09
4.69352e-08
2.20944e-09
4.69512e-08
2.09001e-09
4.69438e-08
1.94819e-09
4.69227e-08
1.92154e-09
4.6925e-08
1.90049e-09
4.69298e-08
1.90253e-09
4.69316e-08
1.91463e-09
4.69214e-08
1.90175e-09
4.69245e-08
1.83593e-09
4.6901e-08
1.75226e-09
4.68965e-08
1.68417e-09
4.68998e-08
1.60402e-09
4.69057e-08
1.55997e-09
4.69056e-08
1.56228e-09
4.69006e-08
1.60838e-09
4.68982e-08
1.59097e-09
4.6891e-08
1.58205e-09
4.68799e-08
1.51197e-09
4.68686e-08
1.47993e-09
4.68494e-08
1.45461e-09
4.68439e-08
1.40203e-09
4.68344e-08
1.41509e-09
4.68246e-08
1.4003e-09
4.68068e-08
1.3736e-09
4.67866e-08
1.35127e-09
4.67734e-08
1.28755e-09
4.6762e-08
1.25404e-09
4.67441e-08
1.26254e-09
4.67259e-08
1.22168e-09
4.67042e-08
1.18529e-09
4.66822e-08
1.16778e-09
4.66617e-08
1.11364e-09
4.66461e-08
1.0741e-09
4.65997e-08
1.13146e-09
4.65869e-08
9.97717e-10
4.65513e-08
1.00279e-09
4.65166e-08
1.0088e-09
4.64837e-08
9.19892e-10
4.64513e-08
8.73906e-10
4.64208e-08
8.69024e-10
4.63875e-08
8.18823e-10
4.63483e-08
7.76653e-10
4.63028e-08
7.6383e-10
4.62641e-08
6.88875e-10
4.62311e-08
6.30713e-10
4.6193e-08
6.26604e-10
4.61512e-08
5.81333e-10
4.61059e-08
5.32916e-10
4.60582e-08
5.0197e-10
4.60168e-08
4.36516e-10
4.59818e-08
3.86961e-10
4.59402e-08
3.84445e-10
4.58935e-08
3.53873e-10
4.5849e-08
2.961e-10
4.58038e-08
2.85983e-10
4.5767e-08
2.50747e-10
4.57329e-08
2.20682e-10
4.56914e-08
2.42398e-10
4.56521e-08
2.1692e-10
4.56115e-08
1.95664e-10
4.55687e-08
2.10854e-10
4.55358e-08
1.73516e-10
4.55115e-08
1.35981e-10
4.54859e-08
1.53979e-10
4.54583e-08
1.61387e-10
4.54297e-08
1.47797e-10
4.54e-08
1.45188e-10
4.53704e-08
1.35909e-10
4.53453e-08
1.10326e-10
4.53215e-08
1.11371e-10
4.52952e-08
1.20649e-10
4.52686e-08
1.00517e-10
4.52424e-08
9.37415e-11
4.52153e-08
1.01525e-10
4.51889e-08
9.08994e-11
4.51648e-08
6.73825e-11
4.51416e-08
7.02064e-11
4.51192e-08
7.03677e-11
4.50992e-08
5.67354e-11
4.50789e-08
5.26059e-11
4.50595e-08
5.01605e-11
4.50425e-08
3.67232e-11
4.50298e-08
2.30293e-11
4.50177e-08
2.63836e-11
2.36017e-11
4.72987e-08
2.04416e-09
-4.72234e-08
4.74018e-08
2.19814e-09
4.75406e-08
2.45754e-09
4.76751e-08
2.33924e-09
4.78316e-08
2.75333e-09
4.80029e-08
2.93566e-09
4.80845e-08
2.63958e-09
4.83095e-08
2.7903e-09
4.83378e-08
2.91727e-09
4.8417e-08
2.63411e-09
4.84611e-08
2.44488e-09
4.85091e-08
2.34851e-09
4.85448e-08
2.35206e-09
4.85714e-08
2.37672e-09
4.86341e-08
2.30101e-09
4.86547e-08
2.18884e-09
4.86489e-08
2.09581e-09
4.86334e-08
1.96366e-09
4.86232e-08
1.93179e-09
4.86436e-08
1.88004e-09
4.86583e-08
1.88781e-09
4.86559e-08
1.91705e-09
4.86586e-08
1.89909e-09
4.86575e-08
1.83696e-09
4.86407e-08
1.76911e-09
4.86371e-08
1.68771e-09
4.86333e-08
1.60791e-09
4.86358e-08
1.55746e-09
4.86337e-08
1.56433e-09
4.86372e-08
1.60487e-09
4.86304e-08
1.59777e-09
4.86355e-08
1.57695e-09
4.86254e-08
1.52203e-09
4.86176e-08
1.48773e-09
4.86085e-08
1.46379e-09
4.85935e-08
1.41703e-09
4.85983e-08
1.41029e-09
4.85915e-08
1.40712e-09
4.85864e-08
1.37868e-09
4.85812e-08
1.35644e-09
4.85802e-08
1.28856e-09
4.85734e-08
1.26085e-09
4.85745e-08
1.26143e-09
4.85685e-08
1.22765e-09
4.85569e-08
1.19694e-09
4.85546e-08
1.17007e-09
4.8549e-08
1.11927e-09
4.85334e-08
1.08967e-09
4.85261e-08
1.13873e-09
4.85189e-08
1.00494e-09
4.84998e-08
1.02182e-09
4.84863e-08
1.02236e-09
4.84736e-08
9.32589e-10
4.84592e-08
8.88258e-10
4.84467e-08
8.81535e-10
4.84317e-08
8.33887e-10
4.84135e-08
7.94784e-10
4.83876e-08
7.89789e-10
4.8367e-08
7.09468e-10
4.83523e-08
6.45435e-10
4.83332e-08
6.45617e-10
4.83116e-08
6.02964e-10
4.82851e-08
5.59418e-10
4.82544e-08
5.32678e-10
4.82287e-08
4.62196e-10
4.82103e-08
4.05424e-10
4.81857e-08
4.08974e-10
4.81561e-08
3.83482e-10
4.81259e-08
3.26324e-10
4.80918e-08
3.20116e-10
4.80678e-08
2.74708e-10
4.80454e-08
2.43111e-10
4.80167e-08
2.71053e-10
4.79919e-08
2.41782e-10
4.79608e-08
2.26721e-10
4.7927e-08
2.44669e-10
4.79026e-08
1.97909e-10
4.78853e-08
1.53252e-10
4.7868e-08
1.71277e-10
4.78497e-08
1.79682e-10
4.78299e-08
1.6764e-10
4.78081e-08
1.66989e-10
4.77854e-08
1.58612e-10
4.77664e-08
1.29307e-10
4.77486e-08
1.29137e-10
4.77284e-08
1.40925e-10
4.7707e-08
1.21904e-10
4.7685e-08
1.15711e-10
4.76616e-08
1.24967e-10
4.76376e-08
1.14897e-10
4.76145e-08
9.04441e-11
4.75923e-08
9.24429e-11
4.75711e-08
9.1519e-11
4.75524e-08
7.5471e-11
4.75324e-08
7.25619e-11
4.75126e-08
6.99718e-11
4.74944e-08
5.48895e-11
4.74803e-08
3.71555e-11
4.74677e-08
3.90095e-11
3.4588e-11
4.91558e-08
1.96902e-09
-4.90806e-08
4.92443e-08
2.1096e-09
4.93796e-08
2.32222e-09
4.94597e-08
2.25922e-09
4.96278e-08
2.58518e-09
4.97641e-08
2.79941e-09
4.98031e-08
2.60057e-09
4.99876e-08
2.60575e-09
5.01327e-08
2.77213e-09
5.02232e-08
2.54361e-09
5.02618e-08
2.4063e-09
5.02725e-08
2.33787e-09
5.02717e-08
2.35277e-09
5.03649e-08
2.28353e-09
5.04251e-08
2.2409e-09
5.04091e-08
2.20479e-09
5.04085e-08
2.09641e-09
5.03932e-08
1.97894e-09
5.04106e-08
1.91444e-09
5.04341e-08
1.85656e-09
5.04469e-08
1.875e-09
5.04412e-08
1.92276e-09
5.04402e-08
1.90001e-09
5.04401e-08
1.83707e-09
5.04349e-08
1.77438e-09
5.04364e-08
1.68623e-09
5.04266e-08
1.61765e-09
5.04235e-08
1.56053e-09
5.04214e-08
1.56644e-09
5.04265e-08
1.5998e-09
5.04218e-08
1.60247e-09
5.04256e-08
1.57312e-09
5.04161e-08
1.5316e-09
5.0414e-08
1.48982e-09
5.04074e-08
1.47034e-09
5.03912e-08
1.43328e-09
5.03928e-08
1.40869e-09
5.03932e-08
1.40669e-09
5.03911e-08
1.38072e-09
5.03875e-08
1.36008e-09
5.03848e-08
1.29127e-09
5.0381e-08
1.26468e-09
5.03877e-08
1.25472e-09
5.03893e-08
1.226e-09
5.03753e-08
1.21096e-09
5.03715e-08
1.17389e-09
5.03725e-08
1.11825e-09
5.0356e-08
1.10622e-09
5.03698e-08
1.1249e-09
5.03648e-08
1.00997e-09
5.03459e-08
1.04071e-09
5.03399e-08
1.02833e-09
5.03385e-08
9.34042e-10
5.03342e-08
8.92544e-10
5.03331e-08
8.82589e-10
5.03252e-08
8.41805e-10
5.03151e-08
8.04849e-10
5.03005e-08
8.04427e-10
5.02848e-08
7.25112e-10
5.02784e-08
6.51833e-10
5.02689e-08
6.55194e-10
5.02572e-08
6.14592e-10
5.02419e-08
5.74786e-10
5.02216e-08
5.52977e-10
5.02048e-08
4.79005e-10
5.01938e-08
4.16367e-10
5.01784e-08
4.24427e-10
5.01613e-08
4.00597e-10
5.01411e-08
3.46433e-10
5.01143e-08
3.46935e-10
5.0099e-08
2.90014e-10
5.00813e-08
2.60855e-10
5.00601e-08
2.92216e-10
5.00473e-08
2.54586e-10
5.00237e-08
2.50313e-10
5e-08
2.68399e-10
4.9983e-08
2.14945e-10
4.99682e-08
1.67984e-10
4.9956e-08
1.83471e-10
4.99443e-08
1.91451e-10
4.99313e-08
1.80567e-10
4.99162e-08
1.82166e-10
4.99e-08
1.74805e-10
4.98871e-08
1.42193e-10
4.98745e-08
1.41664e-10
4.98597e-08
1.5582e-10
4.98433e-08
1.38276e-10
4.98258e-08
1.3319e-10
4.98068e-08
1.44007e-10
4.97859e-08
1.3572e-10
4.97646e-08
1.11755e-10
4.97441e-08
1.13011e-10
4.97249e-08
1.1067e-10
4.97087e-08
9.17267e-11
4.96906e-08
9.0623e-11
4.96719e-08
8.86998e-11
4.9654e-08
7.27311e-11
4.96392e-08
5.19355e-11
4.9627e-08
5.12427e-11
4.5254e-11
5.10622e-08
1.8984e-09
-5.09916e-08
5.11798e-08
1.99205e-09
5.12114e-08
2.29059e-09
5.13478e-08
2.12277e-09
5.1466e-08
2.46698e-09
5.15778e-08
2.68762e-09
5.16469e-08
2.53147e-09
5.18342e-08
2.41852e-09
5.19569e-08
2.64937e-09
5.20327e-08
2.4678e-09
5.20726e-08
2.36641e-09
5.21158e-08
2.29472e-09
5.21684e-08
2.30016e-09
5.22172e-08
2.23472e-09
5.22474e-08
2.21072e-09
5.22236e-08
2.22854e-09
5.22274e-08
2.0926e-09
5.22405e-08
1.96589e-09
5.2274e-08
1.88095e-09
5.22911e-08
1.83947e-09
5.22937e-08
1.87233e-09
5.22887e-08
1.92781e-09
5.22823e-08
1.90636e-09
5.22838e-08
1.83559e-09
5.22929e-08
1.76525e-09
5.22914e-08
1.68773e-09
5.22936e-08
1.61553e-09
5.22857e-08
1.56836e-09
5.22841e-08
1.56809e-09
5.22773e-08
1.60658e-09
5.22716e-08
1.60817e-09
5.22727e-08
1.57206e-09
5.22714e-08
1.53283e-09
5.22709e-08
1.49034e-09
5.22638e-08
1.47741e-09
5.22526e-08
1.44451e-09
5.22525e-08
1.40886e-09
5.22534e-08
1.40575e-09
5.22529e-08
1.3812e-09
5.22533e-08
1.35966e-09
5.22449e-08
1.29974e-09
5.22426e-08
1.26692e-09
5.22506e-08
1.24671e-09
5.22502e-08
1.2264e-09
5.22449e-08
1.21634e-09
5.22311e-08
1.18767e-09
5.22282e-08
1.12116e-09
5.22271e-08
1.10731e-09
5.22363e-08
1.11566e-09
5.22226e-08
1.02364e-09
5.22288e-08
1.03451e-09
5.22247e-08
1.03247e-09
5.22102e-08
9.48561e-10
5.22009e-08
9.0178e-10
5.22061e-08
8.77485e-10
5.22052e-08
8.42694e-10
5.22005e-08
8.09519e-10
5.21881e-08
8.16785e-10
5.21798e-08
7.33447e-10
5.21662e-08
6.6543e-10
5.21655e-08
6.55933e-10
5.21592e-08
6.20842e-10
5.21507e-08
5.83298e-10
5.21352e-08
5.68459e-10
5.21216e-08
4.92585e-10
5.21105e-08
4.27511e-10
5.20977e-08
4.37238e-10
5.20896e-08
4.08694e-10
5.20759e-08
3.60076e-10
5.20535e-08
3.69407e-10
5.20428e-08
3.00664e-10
5.20227e-08
2.80952e-10
5.2005e-08
3.09971e-10
5.19997e-08
2.59856e-10
5.19819e-08
2.68098e-10
5.1973e-08
2.77361e-10
5.1952e-08
2.35866e-10
5.19376e-08
1.82453e-10
5.19287e-08
1.92362e-10
5.19197e-08
2.0044e-10
5.19108e-08
1.89493e-10
5.18995e-08
1.93458e-10
5.18877e-08
1.86545e-10
5.18795e-08
1.50431e-10
5.18703e-08
1.50807e-10
5.18588e-08
1.67317e-10
5.18457e-08
1.51398e-10
5.18316e-08
1.47354e-10
5.18162e-08
1.59414e-10
5.17977e-08
1.54169e-10
5.17776e-08
1.31838e-10
5.17583e-08
1.32366e-10
5.17406e-08
1.28349e-10
5.17267e-08
1.05607e-10
5.17108e-08
1.06484e-10
5.16937e-08
1.05848e-10
5.16766e-08
8.97844e-11
5.16615e-08
6.71069e-11
5.16497e-08
6.3004e-11
5.53343e-11
5.30373e-08
1.81145e-09
-5.29503e-08
5.31161e-08
1.91322e-09
5.31688e-08
2.23789e-09
5.32795e-08
2.0121e-09
5.33614e-08
2.38509e-09
5.35586e-08
2.49034e-09
5.34604e-08
2.62972e-09
5.38468e-08
2.0321e-09
5.38499e-08
2.64624e-09
5.38739e-08
2.44382e-09
5.39274e-08
2.31289e-09
5.40092e-08
2.213e-09
5.40986e-08
2.21067e-09
5.41208e-08
2.21259e-09
5.4124e-08
2.20749e-09
5.41144e-08
2.23818e-09
5.41255e-08
2.08143e-09
5.41726e-08
1.91884e-09
5.42024e-08
1.85115e-09
5.42125e-08
1.82931e-09
5.42024e-08
1.88249e-09
5.41945e-08
1.93564e-09
5.4204e-08
1.8969e-09
5.42091e-08
1.8305e-09
5.42199e-08
1.75446e-09
5.42097e-08
1.69792e-09
5.42176e-08
1.6076e-09
5.42146e-08
1.57142e-09
5.42064e-08
1.57625e-09
5.41978e-08
1.61516e-09
5.4197e-08
1.60905e-09
5.4187e-08
1.58204e-09
5.41928e-08
1.52703e-09
5.41896e-08
1.49349e-09
5.4188e-08
1.47906e-09
5.4183e-08
1.44949e-09
5.41801e-08
1.41175e-09
5.41798e-08
1.40606e-09
5.41792e-08
1.38176e-09
5.41809e-08
1.35795e-09
5.41757e-08
1.30496e-09
5.41671e-08
1.2756e-09
5.41749e-08
1.23887e-09
5.41748e-08
1.22652e-09
5.41698e-08
1.22133e-09
5.41578e-08
1.19969e-09
5.41519e-08
1.12707e-09
5.41468e-08
1.11241e-09
5.41633e-08
1.09915e-09
5.4146e-08
1.04093e-09
5.41517e-08
1.02878e-09
5.41562e-08
1.02799e-09
5.41414e-08
9.63384e-10
5.41342e-08
9.0895e-10
5.4131e-08
8.80663e-10
5.41314e-08
8.42284e-10
5.41315e-08
8.09473e-10
5.41194e-08
8.2886e-10
5.4118e-08
7.34819e-10
5.40947e-08
6.8877e-10
5.40943e-08
6.56361e-10
5.40943e-08
6.20781e-10
5.4089e-08
5.88682e-10
5.40783e-08
5.79129e-10
5.40641e-08
5.06818e-10
5.4049e-08
4.42558e-10
5.40367e-08
4.49582e-10
5.40329e-08
4.12493e-10
5.40242e-08
3.68773e-10
5.40076e-08
3.86003e-10
5.39956e-08
3.12634e-10
5.39687e-08
3.07809e-10
5.39564e-08
3.22281e-10
5.39503e-08
2.66034e-10
5.39427e-08
2.75659e-10
5.39357e-08
2.84383e-10
5.39109e-08
2.60677e-10
5.39009e-08
1.9237e-10
5.3891e-08
2.02339e-10
5.38831e-08
2.0832e-10
5.38764e-08
1.96185e-10
5.3867e-08
2.02903e-10
5.38576e-08
1.95856e-10
5.38525e-08
1.55611e-10
5.38449e-08
1.58336e-10
5.3835e-08
1.77202e-10
5.38233e-08
1.63157e-10
5.38113e-08
1.59353e-10
5.37983e-08
1.72359e-10
5.3781e-08
1.71521e-10
5.37614e-08
1.51384e-10
5.37424e-08
1.51399e-10
5.37251e-08
1.45698e-10
5.3713e-08
1.17688e-10
5.3699e-08
1.20425e-10
5.36833e-08
1.21549e-10
5.36669e-08
1.06203e-10
5.36514e-08
8.2671e-11
5.36396e-08
7.47452e-11
6.5e-11
5.50633e-08
1.74354e-09
-5.49954e-08
5.51184e-08
1.85807e-09
5.52207e-08
2.13562e-09
5.52688e-08
1.96403e-09
5.54159e-08
2.238e-09
5.54719e-08
2.43433e-09
5.55521e-08
2.54949e-09
5.57268e-08
1.85743e-09
5.57282e-08
2.64485e-09
5.58339e-08
2.33805e-09
5.59193e-08
2.22754e-09
5.60113e-08
2.121e-09
5.60369e-08
2.18508e-09
5.60559e-08
2.1936e-09
5.60686e-08
2.19474e-09
5.60907e-08
2.21613e-09
5.6124e-08
2.04806e-09
5.61766e-08
1.86633e-09
5.61966e-08
1.83109e-09
5.61891e-08
1.83682e-09
5.61837e-08
1.88789e-09
5.61827e-08
1.93662e-09
5.61966e-08
1.88305e-09
5.61962e-08
1.83092e-09
5.61952e-08
1.75539e-09
5.62036e-08
1.68956e-09
5.62133e-08
1.59788e-09
5.62085e-08
1.57627e-09
5.61932e-08
1.59155e-09
5.61942e-08
1.6141e-09
5.61907e-08
1.61258e-09
5.61796e-08
1.59316e-09
5.61786e-08
1.52796e-09
5.61805e-08
1.49167e-09
5.61789e-08
1.48058e-09
5.61787e-08
1.44973e-09
5.61766e-08
1.41389e-09
5.61787e-08
1.40388e-09
5.61705e-08
1.38998e-09
5.61751e-08
1.35332e-09
5.61729e-08
1.30721e-09
5.61668e-08
1.28172e-09
5.61665e-08
1.23917e-09
5.61629e-08
1.23009e-09
5.61554e-08
1.22887e-09
5.6158e-08
1.19708e-09
5.61498e-08
1.13521e-09
5.61463e-08
1.11597e-09
5.615e-08
1.09538e-09
5.61451e-08
1.04591e-09
5.61479e-08
1.02592e-09
5.61495e-08
1.02642e-09
5.61435e-08
9.694e-10
5.61329e-08
9.19504e-10
5.61221e-08
8.91433e-10
5.61255e-08
8.38914e-10
5.61231e-08
8.11914e-10
5.61194e-08
8.32504e-10
5.61136e-08
7.40624e-10
5.60979e-08
7.0453e-10
5.60879e-08
6.66289e-10
5.60897e-08
6.19e-10
5.60861e-08
5.92311e-10
5.60771e-08
5.88114e-10
5.6067e-08
5.16971e-10
5.6044e-08
4.65509e-10
5.6036e-08
4.57569e-10
5.60326e-08
4.15905e-10
5.60256e-08
3.75811e-10
5.60105e-08
4.01018e-10
5.59979e-08
3.25261e-10
5.59659e-08
3.3985e-10
5.59614e-08
3.26718e-10
5.59523e-08
2.75157e-10
5.5951e-08
2.76933e-10
5.594e-08
2.95447e-10
5.59226e-08
2.78108e-10
5.5907e-08
2.0795e-10
5.58969e-08
2.12404e-10
5.58889e-08
2.16367e-10
5.58825e-08
2.02527e-10
5.58732e-08
2.12241e-10
5.58654e-08
2.0363e-10
5.58624e-08
1.58596e-10
5.58554e-08
1.65387e-10
5.58461e-08
1.86435e-10
5.58348e-08
1.74522e-10
5.58242e-08
1.69959e-10
5.58124e-08
1.84139e-10
5.57954e-08
1.88515e-10
5.57763e-08
1.70493e-10
5.57569e-08
1.70822e-10
5.57385e-08
1.64093e-10
5.57276e-08
1.28513e-10
5.57153e-08
1.32785e-10
5.57007e-08
1.36078e-10
5.56848e-08
1.22164e-10
5.56689e-08
9.8603e-11
5.56565e-08
8.70807e-11
7.45808e-11
5.71277e-08
1.71833e-09
-5.71025e-08
5.72519e-08
1.73387e-09
5.73142e-08
2.07339e-09
5.73261e-08
1.95206e-09
5.75455e-08
2.01864e-09
5.75004e-08
2.47943e-09
5.77299e-08
2.31998e-09
5.76743e-08
1.91302e-09
5.78968e-08
2.42238e-09
5.79358e-08
2.29902e-09
5.79874e-08
2.17594e-09
5.80801e-08
2.02834e-09
5.80504e-08
2.21475e-09
5.80645e-08
2.17948e-09
5.80958e-08
2.16348e-09
5.81473e-08
2.16465e-09
5.82096e-08
1.98574e-09
5.82404e-08
1.83549e-09
5.82482e-08
1.8233e-09
5.82334e-08
1.85167e-09
5.82289e-08
1.8924e-09
5.82438e-08
1.92167e-09
5.82454e-08
1.88141e-09
5.82464e-08
1.82994e-09
5.82544e-08
1.74738e-09
5.82782e-08
1.66583e-09
5.82807e-08
1.59533e-09
5.82732e-08
1.58379e-09
5.82615e-08
1.60322e-09
5.82602e-08
1.61539e-09
5.82519e-08
1.62093e-09
5.82488e-08
1.59621e-09
5.82412e-08
1.53559e-09
5.82408e-08
1.49203e-09
5.82417e-08
1.47967e-09
5.82424e-08
1.44911e-09
5.82428e-08
1.41341e-09
5.82464e-08
1.40035e-09
5.82437e-08
1.39268e-09
5.8243e-08
1.35399e-09
5.82339e-08
1.31635e-09
5.82321e-08
1.28351e-09
5.82313e-08
1.23988e-09
5.82274e-08
1.23402e-09
5.82203e-08
1.23603e-09
5.82221e-08
1.19521e-09
5.82188e-08
1.13854e-09
5.82155e-08
1.11923e-09
5.82181e-08
1.09279e-09
5.82159e-08
1.04811e-09
5.82133e-08
1.02855e-09
5.82143e-08
1.02538e-09
5.82154e-08
9.68301e-10
5.82044e-08
9.30497e-10
5.81927e-08
9.03123e-10
5.81914e-08
8.40216e-10
5.81849e-08
8.18496e-10
5.81872e-08
8.30121e-10
5.8179e-08
7.48814e-10
5.817e-08
7.13541e-10
5.81543e-08
6.82005e-10
5.81585e-08
6.14863e-10
5.81525e-08
5.98271e-10
5.81478e-08
5.92774e-10
5.81343e-08
5.30488e-10
5.81128e-08
4.87035e-10
5.8102e-08
4.6837e-10
5.8099e-08
4.18873e-10
5.80883e-08
3.86513e-10
5.80823e-08
4.07019e-10
5.80643e-08
3.433e-10
5.80385e-08
3.65629e-10
5.8032e-08
3.33192e-10
5.80271e-08
2.80128e-10
5.80228e-08
2.81201e-10
5.80141e-08
3.04122e-10
5.8001e-08
2.91244e-10
5.7979e-08
2.2991e-10
5.79674e-08
2.24037e-10
5.796e-08
2.23731e-10
5.79537e-08
2.08805e-10
5.79428e-08
2.23153e-10
5.79362e-08
2.10223e-10
5.79343e-08
1.60487e-10
5.79274e-08
1.72375e-10
5.79185e-08
1.95249e-10
5.79082e-08
1.84903e-10
5.7898e-08
1.80102e-10
5.7886e-08
1.96198e-10
5.78693e-08
2.05162e-10
5.78508e-08
1.89016e-10
5.78306e-08
1.90995e-10
5.78103e-08
1.84454e-10
5.78003e-08
1.38463e-10
5.77891e-08
1.4403e-10
5.77755e-08
1.49679e-10
5.776e-08
1.37597e-10
5.7744e-08
1.14607e-10
5.77306e-08
1.00507e-10
8.4409e-11
5.93136e-08
1.66858e-09
-5.92639e-08
5.9459e-08
1.58854e-09
5.94445e-08
2.08784e-09
5.95548e-08
1.84175e-09
5.96192e-08
1.95427e-09
5.96857e-08
2.41296e-09
5.98427e-08
2.16295e-09
5.98548e-08
1.90091e-09
6.00376e-08
2.23963e-09
6.00692e-08
2.26738e-09
6.00932e-08
2.15196e-09
6.01172e-08
2.00431e-09
6.00931e-08
2.23886e-09
6.01738e-08
2.09878e-09
6.02337e-08
2.10364e-09
6.0298e-08
2.10032e-09
6.03444e-08
1.93932e-09
6.0365e-08
1.81491e-09
6.03719e-08
1.81639e-09
6.03542e-08
1.86938e-09
6.03534e-08
1.89321e-09
6.03732e-08
1.90185e-09
6.03676e-08
1.88697e-09
6.03842e-08
1.81337e-09
6.04142e-08
1.71737e-09
6.04271e-08
1.65294e-09
6.04175e-08
1.60492e-09
6.04054e-08
1.59593e-09
6.04047e-08
1.60397e-09
6.03972e-08
1.62289e-09
6.0389e-08
1.62908e-09
6.03898e-08
1.59544e-09
6.0385e-08
1.54038e-09
6.03778e-08
1.49922e-09
6.0381e-08
1.47649e-09
6.03799e-08
1.45017e-09
6.03848e-08
1.40856e-09
6.03923e-08
1.39278e-09
6.03862e-08
1.39877e-09
6.03838e-08
1.35647e-09
6.0377e-08
1.32307e-09
6.03701e-08
1.29049e-09
6.03688e-08
1.24116e-09
6.0366e-08
1.23678e-09
6.03681e-08
1.23398e-09
6.03645e-08
1.19875e-09
6.03584e-08
1.14473e-09
6.03545e-08
1.12305e-09
6.03579e-08
1.08941e-09
6.03639e-08
1.04209e-09
6.03594e-08
1.03312e-09
6.0364e-08
1.02073e-09
6.03533e-08
9.79056e-10
6.03409e-08
9.4284e-10
6.03387e-08
9.05318e-10
6.03373e-08
8.41619e-10
6.03199e-08
8.35955e-10
6.03283e-08
8.21658e-10
6.03225e-08
7.54668e-10
6.03117e-08
7.24281e-10
6.02989e-08
6.94844e-10
6.02994e-08
6.14314e-10
6.02936e-08
6.04127e-10
6.02912e-08
5.95123e-10
6.02782e-08
5.43545e-10
6.02624e-08
5.02774e-10
6.02434e-08
4.87415e-10
6.02335e-08
4.28772e-10
6.02237e-08
3.96316e-10
6.0227e-08
4.03719e-10
6.02054e-08
3.6487e-10
6.01937e-08
3.77335e-10
6.01797e-08
3.47189e-10
6.01777e-08
2.82135e-10
6.0167e-08
2.91891e-10
6.01569e-08
3.14211e-10
6.01461e-08
3.02114e-10
6.01277e-08
2.48256e-10
6.01129e-08
2.38836e-10
6.01041e-08
2.32506e-10
6.0098e-08
2.14913e-10
6.00872e-08
2.3397e-10
6.00818e-08
2.15644e-10
6.00786e-08
1.63708e-10
6.00718e-08
1.79194e-10
6.00649e-08
2.02066e-10
6.00554e-08
1.94466e-10
6.00434e-08
1.92098e-10
6.00308e-08
2.08737e-10
6.00154e-08
2.20584e-10
5.99981e-08
2.06375e-10
5.99764e-08
2.12625e-10
5.99541e-08
2.06749e-10
5.99453e-08
1.47288e-10
5.99341e-08
1.55209e-10
5.99212e-08
1.62593e-10
5.99063e-08
1.52556e-10
5.98905e-08
1.30328e-10
5.98757e-08
1.15344e-10
9.47124e-11
6.15786e-08
1.60241e-09
-6.15124e-08
6.16626e-08
1.50453e-09
6.16868e-08
2.06362e-09
6.19032e-08
1.62539e-09
6.18336e-08
2.02382e-09
6.19242e-08
2.3224e-09
6.20297e-08
2.05745e-09
6.2057e-08
1.87356e-09
6.22492e-08
2.04749e-09
6.22543e-08
2.2622e-09
6.23181e-08
2.08819e-09
6.23136e-08
2.00883e-09
6.2373e-08
2.17945e-09
6.23832e-08
2.08862e-09
6.24361e-08
2.05066e-09
6.25097e-08
2.0268e-09
6.25319e-08
1.91706e-09
6.25506e-08
1.79628e-09
6.25449e-08
1.82202e-09
6.25535e-08
1.86079e-09
6.25584e-08
1.88831e-09
6.25761e-08
1.88419e-09
6.2593e-08
1.87001e-09
6.26194e-08
1.78704e-09
6.26474e-08
1.68928e-09
6.26401e-08
1.66026e-09
6.26259e-08
1.61914e-09
6.26187e-08
1.60311e-09
6.26192e-08
1.6035e-09
6.26119e-08
1.63017e-09
6.26084e-08
1.63258e-09
6.26021e-08
1.60172e-09
6.26022e-08
1.54035e-09
6.25946e-08
1.50679e-09
6.25943e-08
1.47676e-09
6.26055e-08
1.43904e-09
6.26068e-08
1.40717e-09
6.26095e-08
1.39009e-09
6.26032e-08
1.40507e-09
6.26047e-08
1.35496e-09
6.2599e-08
1.32878e-09
6.25875e-08
1.30201e-09
6.2588e-08
1.24063e-09
6.25808e-08
1.24398e-09
6.25885e-08
1.22633e-09
6.25882e-08
1.19905e-09
6.25823e-08
1.15063e-09
6.25719e-08
1.1334e-09
6.2575e-08
1.08639e-09
6.25812e-08
1.03583e-09
6.25771e-08
1.03723e-09
6.25785e-08
1.0194e-09
6.25755e-08
9.81975e-10
6.25595e-08
9.58892e-10
6.25636e-08
9.0119e-10
6.25545e-08
8.50686e-10
6.25434e-08
8.47054e-10
6.25509e-08
8.14168e-10
6.25435e-08
7.62149e-10
6.25391e-08
7.28615e-10
6.25204e-08
7.13613e-10
6.25186e-08
6.16045e-10
6.25114e-08
6.11342e-10
6.25099e-08
5.96623e-10
6.25004e-08
5.53087e-10
6.24883e-08
5.14844e-10
6.24655e-08
5.10256e-10
6.24472e-08
4.46979e-10
6.24372e-08
4.06335e-10
6.24446e-08
3.96344e-10
6.24309e-08
3.78597e-10
6.24276e-08
3.80657e-10
6.24063e-08
3.68408e-10
6.23871e-08
3.01398e-10
6.2387e-08
2.91999e-10
6.2378e-08
3.23208e-10
6.23685e-08
3.11612e-10
6.23504e-08
2.66358e-10
6.2335e-08
2.54202e-10
6.23299e-08
2.37651e-10
6.23227e-08
2.22042e-10
6.23126e-08
2.44085e-10
6.23043e-08
2.23992e-10
6.23009e-08
1.67033e-10
6.22949e-08
1.85224e-10
6.22871e-08
2.09839e-10
6.22764e-08
2.05237e-10
6.22666e-08
2.01823e-10
6.2253e-08
2.22388e-10
6.22387e-08
2.3484e-10
6.22228e-08
2.22271e-10
6.22003e-08
2.35174e-10
6.21789e-08
2.2812e-10
6.2171e-08
1.55163e-10
6.21568e-08
1.69423e-10
6.21444e-08
1.74999e-10
6.21302e-08
1.66828e-10
6.21143e-08
1.4622e-10
6.20983e-08
1.31353e-10
1.05385e-10
6.39218e-08
1.56832e-09
-6.38877e-08
6.39278e-08
1.49852e-09
6.40672e-08
1.92422e-09
6.41674e-08
1.52523e-09
6.42057e-08
1.98553e-09
6.43237e-08
2.20439e-09
6.43482e-08
2.03298e-09
6.43458e-08
1.87593e-09
6.44537e-08
1.93957e-09
6.45054e-08
2.21049e-09
6.4572e-08
2.02161e-09
6.46117e-08
1.96915e-09
6.46911e-08
2.10003e-09
6.46917e-08
2.08805e-09
6.47288e-08
2.01358e-09
6.47838e-08
1.97174e-09
6.48176e-08
1.88332e-09
6.48306e-08
1.78324e-09
6.48457e-08
1.80688e-09
6.48478e-08
1.85874e-09
6.48443e-08
1.89185e-09
6.4864e-08
1.86444e-09
6.48935e-08
1.84055e-09
6.49199e-08
1.76064e-09
6.49302e-08
1.67892e-09
6.49268e-08
1.66366e-09
6.49157e-08
1.63029e-09
6.49132e-08
1.60561e-09
6.49101e-08
1.6066e-09
6.49095e-08
1.63077e-09
6.49074e-08
1.63468e-09
6.48937e-08
1.61544e-09
6.48918e-08
1.54219e-09
6.48936e-08
1.50503e-09
6.48952e-08
1.47513e-09
6.49106e-08
1.42362e-09
6.49021e-08
1.41572e-09
6.48985e-08
1.39367e-09
6.49086e-08
1.39497e-09
6.49039e-08
1.3597e-09
6.48934e-08
1.33922e-09
6.48944e-08
1.30106e-09
6.48868e-08
1.24815e-09
6.48815e-08
1.24932e-09
6.4887e-08
1.22087e-09
6.48866e-08
1.19945e-09
6.48874e-08
1.14982e-09
6.48784e-08
1.14236e-09
6.48743e-08
1.09048e-09
6.48649e-08
1.04527e-09
6.48685e-08
1.03364e-09
6.48704e-08
1.01748e-09
6.48734e-08
9.78998e-10
6.48654e-08
9.66882e-10
6.48615e-08
9.05031e-10
6.48542e-08
8.58016e-10
6.48486e-08
8.52692e-10
6.48473e-08
8.15391e-10
6.48429e-08
7.66637e-10
6.48374e-08
7.34069e-10
6.48276e-08
7.23381e-10
6.48285e-08
6.15183e-10
6.48093e-08
6.30544e-10
6.48127e-08
5.93237e-10
6.48038e-08
5.61958e-10
6.47903e-08
5.28318e-10
6.47776e-08
5.22965e-10
6.47516e-08
4.72959e-10
6.4733e-08
4.24943e-10
6.47311e-08
3.98267e-10
6.47277e-08
3.81993e-10
6.47259e-08
3.82511e-10
6.47172e-08
3.77016e-10
6.46993e-08
3.19356e-10
6.4692e-08
2.99286e-10
6.46833e-08
3.31896e-10
6.46703e-08
3.24661e-10
6.4655e-08
2.81584e-10
6.46421e-08
2.67191e-10
6.46397e-08
2.40013e-10
6.46282e-08
2.33485e-10
6.4624e-08
2.48287e-10
6.46167e-08
2.31351e-10
6.46035e-08
1.80207e-10
6.45942e-08
1.94586e-10
6.45874e-08
2.16583e-10
6.45805e-08
2.12156e-10
6.4569e-08
2.13306e-10
6.45566e-08
2.34802e-10
6.45437e-08
2.47743e-10
6.45279e-08
2.38054e-10
6.45064e-08
2.56657e-10
6.44838e-08
2.50751e-10
6.44737e-08
1.65222e-10
6.44611e-08
1.82081e-10
6.44476e-08
1.88471e-10
6.44353e-08
1.79117e-10
6.44196e-08
1.61889e-10
6.4403e-08
1.47955e-10
1.16154e-10
6.63865e-08
1.52478e-09
-6.63429e-08
6.63687e-08
1.51632e-09
6.65443e-08
1.7486e-09
6.64299e-08
1.63965e-09
6.66152e-08
1.80019e-09
6.67055e-08
2.11413e-09
6.67009e-08
2.03762e-09
6.67463e-08
1.83045e-09
6.67948e-08
1.89113e-09
6.69167e-08
2.0885e-09
6.69832e-08
1.95514e-09
6.70308e-08
1.92157e-09
6.70812e-08
2.04966e-09
6.70522e-08
2.11703e-09
6.71073e-08
1.95844e-09
6.71745e-08
1.90459e-09
6.7224e-08
1.83379e-09
6.72149e-08
1.79233e-09
6.72136e-08
1.80819e-09
6.71968e-08
1.87555e-09
6.71949e-08
1.89372e-09
6.72231e-08
1.83624e-09
6.7267e-08
1.79663e-09
6.72954e-08
1.73229e-09
6.72992e-08
1.67508e-09
6.73008e-08
1.66207e-09
6.72877e-08
1.64341e-09
6.72775e-08
1.61576e-09
6.72798e-08
1.60437e-09
6.72883e-08
1.62222e-09
6.72914e-08
1.6316e-09
6.72692e-08
1.63763e-09
6.7269e-08
1.54246e-09
6.7276e-08
1.49802e-09
6.72868e-08
1.46431e-09
6.72858e-08
1.42462e-09
6.72838e-08
1.41772e-09
6.72837e-08
1.39373e-09
6.7289e-08
1.38974e-09
6.72789e-08
1.36977e-09
6.72688e-08
1.34935e-09
6.72781e-08
1.29174e-09
6.72673e-08
1.25895e-09
6.72649e-08
1.25167e-09
6.72695e-08
1.2163e-09
6.7272e-08
1.19697e-09
6.72678e-08
1.15405e-09
6.72686e-08
1.14153e-09
6.7254e-08
1.10508e-09
6.72506e-08
1.0487e-09
6.72528e-08
1.03139e-09
6.72508e-08
1.01947e-09
6.72494e-08
9.80381e-10
6.72496e-08
9.66703e-10
6.72341e-08
9.20528e-10
6.72347e-08
8.57431e-10
6.72466e-08
8.4077e-10
6.72292e-08
8.32854e-10
6.72289e-08
7.66887e-10
6.72198e-08
7.43208e-10
6.7215e-08
7.2815e-10
6.72026e-08
6.27568e-10
6.71938e-08
6.39393e-10
6.71953e-08
5.91664e-10
6.71876e-08
5.69672e-10
6.71753e-08
5.40627e-10
6.71707e-08
5.27624e-10
6.71456e-08
4.98002e-10
6.71236e-08
4.46938e-10
6.71033e-08
4.18606e-10
6.71025e-08
3.82803e-10
6.71034e-08
3.81576e-10
6.71025e-08
3.77889e-10
6.70903e-08
3.3155e-10
6.70769e-08
3.12713e-10
6.70682e-08
3.40577e-10
6.70582e-08
3.34699e-10
6.70476e-08
2.9218e-10
6.70387e-08
2.76123e-10
6.70378e-08
2.40845e-10
6.70269e-08
2.4444e-10
6.7021e-08
2.54188e-10
6.70049e-08
2.47429e-10
6.699e-08
1.95165e-10
6.69786e-08
2.05972e-10
6.69734e-08
2.21781e-10
6.69664e-08
2.19105e-10
6.69553e-08
2.24377e-10
6.69433e-08
2.46854e-10
6.69329e-08
2.58184e-10
6.69183e-08
2.52649e-10
6.68989e-08
2.76036e-10
6.688e-08
2.69595e-10
6.68666e-08
1.78678e-10
6.68497e-08
1.98939e-10
6.68343e-08
2.03941e-10
6.6825e-08
1.88324e-10
6.68104e-08
1.76573e-10
6.67938e-08
1.64509e-10
1.27163e-10
6.88961e-08
1.52286e-09
-6.88941e-08
6.88962e-08
1.51622e-09
6.90351e-08
1.60965e-09
6.8966e-08
1.70877e-09
6.90487e-08
1.71746e-09
6.91266e-08
2.03629e-09
6.91738e-08
1.99034e-09
6.92646e-08
1.73967e-09
6.92878e-08
1.86796e-09
6.93674e-08
2.00893e-09
6.93944e-08
1.92807e-09
6.94434e-08
1.87255e-09
6.95155e-08
1.97754e-09
6.95798e-08
2.05273e-09
6.96092e-08
1.92903e-09
6.96488e-08
1.86506e-09
6.9671e-08
1.81158e-09
6.9654e-08
1.80936e-09
6.96562e-08
1.80594e-09
6.96572e-08
1.87459e-09
6.96559e-08
1.89501e-09
6.96996e-08
1.79252e-09
6.97537e-08
1.74257e-09
6.97625e-08
1.72343e-09
6.97406e-08
1.69704e-09
6.9734e-08
1.66867e-09
6.97397e-08
1.63764e-09
6.97447e-08
1.61078e-09
6.97462e-08
1.60289e-09
6.97444e-08
1.62404e-09
6.97433e-08
1.63269e-09
6.97457e-08
1.63525e-09
6.97486e-08
1.53955e-09
6.97453e-08
1.50129e-09
6.97595e-08
1.4501e-09
6.97514e-08
1.43273e-09
6.97454e-08
1.42378e-09
6.97427e-08
1.39637e-09
6.97467e-08
1.38571e-09
6.97449e-08
1.37156e-09
6.97423e-08
1.35199e-09
6.97375e-08
1.29657e-09
6.97368e-08
1.25965e-09
6.97388e-08
1.2496e-09
6.97352e-08
1.21994e-09
6.97357e-08
1.1965e-09
6.97234e-08
1.16631e-09
6.97321e-08
1.13282e-09
6.97288e-08
1.10842e-09
6.97229e-08
1.05455e-09
6.9721e-08
1.03331e-09
6.97237e-08
1.01676e-09
6.97247e-08
9.79386e-10
6.97179e-08
9.73516e-10
6.97032e-08
9.3521e-10
6.96939e-08
8.66757e-10
6.97003e-08
8.34309e-10
6.9701e-08
8.32189e-10
6.97046e-08
7.63268e-10
6.96936e-08
7.54278e-10
6.96799e-08
7.41771e-10
6.96601e-08
6.4736e-10
6.96704e-08
6.29097e-10
6.9664e-08
5.98116e-10
6.96589e-08
5.74767e-10
6.96448e-08
5.54689e-10
6.96399e-08
5.32571e-10
6.96244e-08
5.13489e-10
6.96046e-08
4.66692e-10
6.95704e-08
4.52857e-10
6.95678e-08
3.85389e-10
6.95676e-08
3.81784e-10
6.95719e-08
3.73605e-10
6.95572e-08
3.4628e-10
6.95385e-08
3.31387e-10
6.95364e-08
3.4265e-10
6.95316e-08
3.39552e-10
6.95219e-08
3.01797e-10
6.95104e-08
2.87631e-10
6.94996e-08
2.51684e-10
6.94938e-08
2.50259e-10
6.94876e-08
2.60348e-10
6.94772e-08
2.57831e-10
6.94655e-08
2.06877e-10
6.94559e-08
2.15604e-10
6.9451e-08
2.26669e-10
6.94422e-08
2.27858e-10
6.94292e-08
2.37417e-10
6.94174e-08
2.58659e-10
6.94082e-08
2.67386e-10
6.93959e-08
2.64889e-10
6.9379e-08
2.93006e-10
6.93656e-08
2.82992e-10
6.93419e-08
2.02319e-10
6.93244e-08
2.16446e-10
6.93089e-08
2.19465e-10
6.93022e-08
1.95019e-10
6.92898e-08
1.88964e-10
6.92733e-08
1.81064e-10
1.38517e-10
9.80908e-08
1.46881e-09
-9.80367e-08
9.80939e-08
1.51305e-09
9.81112e-08
1.59241e-09
9.81602e-08
1.65976e-09
9.82643e-08
1.61331e-09
9.83362e-08
1.96441e-09
9.84182e-08
1.90836e-09
9.85704e-08
1.58744e-09
9.85638e-08
1.87458e-09
9.8626e-08
1.94669e-09
9.85938e-08
1.96028e-09
9.86545e-08
1.81188e-09
9.88449e-08
1.78717e-09
9.89746e-08
1.92305e-09
9.89756e-08
1.92801e-09
9.89256e-08
1.91507e-09
9.89146e-08
1.8225e-09
9.89246e-08
1.79944e-09
9.90409e-08
1.68959e-09
9.91277e-08
1.78778e-09
9.90906e-08
1.9321e-09
9.90723e-08
1.8109e-09
9.90575e-08
1.75732e-09
9.90619e-08
1.71909e-09
9.90855e-08
1.67337e-09
9.91141e-08
1.64015e-09
9.91319e-08
1.61978e-09
9.91199e-08
1.62278e-09
9.90926e-08
1.63016e-09
9.90914e-08
1.62529e-09
9.91238e-08
1.60028e-09
9.91859e-08
1.57316e-09
9.91689e-08
1.55648e-09
9.91398e-08
1.5304e-09
9.91361e-08
1.4538e-09
9.91282e-08
1.44063e-09
9.91151e-08
1.43687e-09
9.91143e-08
1.39723e-09
9.91151e-08
1.38488e-09
9.91067e-08
1.37999e-09
9.91162e-08
1.34245e-09
9.91164e-08
1.29641e-09
9.91235e-08
1.2525e-09
9.91239e-08
1.24923e-09
9.91193e-08
1.22454e-09
9.91096e-08
1.2062e-09
9.90939e-08
1.182e-09
9.90981e-08
1.12866e-09
9.91019e-08
1.10464e-09
9.91063e-08
1.05011e-09
9.91051e-08
1.03447e-09
9.91183e-08
1.00358e-09
9.91127e-08
9.85038e-10
9.91057e-08
9.80465e-10
9.90922e-08
9.48739e-10
9.90671e-08
8.91822e-10
9.9058e-08
8.4346e-10
9.90611e-08
8.29102e-10
9.90526e-08
7.71779e-10
9.90498e-08
7.5708e-10
9.90495e-08
7.42048e-10
9.90284e-08
6.6839e-10
9.90236e-08
6.33962e-10
9.90109e-08
6.10787e-10
9.90019e-08
5.83798e-10
9.90044e-08
5.52161e-10
9.90035e-08
5.33453e-10
9.89958e-08
5.21186e-10
9.89632e-08
4.99354e-10
9.89116e-08
5.04435e-10
9.88881e-08
4.08849e-10
9.88716e-08
3.983e-10
9.88818e-08
3.63413e-10
9.888e-08
3.48092e-10
9.88677e-08
3.43667e-10
9.88573e-08
3.53061e-10
9.88496e-08
3.47211e-10
9.88312e-08
3.20194e-10
9.88161e-08
3.02731e-10
9.88039e-08
2.63942e-10
9.88032e-08
2.50905e-10
9.88015e-08
2.62114e-10
9.87937e-08
2.6556e-10
9.87752e-08
2.25439e-10
9.87616e-08
2.29176e-10
9.87486e-08
2.39677e-10
9.87392e-08
2.37281e-10
9.87199e-08
2.56727e-10
9.86976e-08
2.80902e-10
9.86862e-08
2.78783e-10
9.86799e-08
2.71193e-10
9.86699e-08
3.0302e-10
9.86383e-08
3.14654e-10
9.86005e-08
2.40038e-10
9.85715e-08
2.45516e-10
9.85561e-08
2.34836e-10
9.85455e-08
2.05659e-10
9.85316e-08
2.02778e-10
9.85107e-08
2.02009e-10
1.54652e-10
1.10136e-07
1.44505e-09
-1.10113e-07
1.10147e-07
1.50223e-09
1.10257e-07
1.48209e-09
1.10345e-07
1.57242e-09
1.1027e-07
1.68844e-09
1.10371e-07
1.86338e-09
1.10466e-07
1.81335e-09
1.10487e-07
1.56603e-09
1.10533e-07
1.82911e-09
1.10605e-07
1.87412e-09
1.10661e-07
1.9049e-09
1.10747e-07
1.72504e-09
1.1086e-07
1.6744e-09
1.10941e-07
1.84178e-09
1.10985e-07
1.88396e-09
1.11009e-07
1.8912e-09
1.11021e-07
1.81103e-09
1.1103e-07
1.79062e-09
1.11031e-07
1.68783e-09
1.11045e-07
1.77399e-09
1.11073e-07
1.90389e-09
1.11105e-07
1.77921e-09
1.11118e-07
1.74441e-09
1.11156e-07
1.68127e-09
1.11174e-07
1.65502e-09
1.11176e-07
1.63861e-09
1.11158e-07
1.63771e-09
1.11153e-07
1.62763e-09
1.11149e-07
1.63366e-09
1.11168e-07
1.60647e-09
1.11192e-07
1.57679e-09
1.11206e-07
1.55848e-09
1.11197e-07
1.56606e-09
1.11197e-07
1.53048e-09
1.11188e-07
1.46218e-09
1.11183e-07
1.44591e-09
1.1118e-07
1.43994e-09
1.11178e-07
1.39905e-09
1.11187e-07
1.37619e-09
1.11151e-07
1.4159e-09
1.11165e-07
1.3281e-09
1.11162e-07
1.29933e-09
1.11162e-07
1.253e-09
1.11167e-07
1.24377e-09
1.11169e-07
1.22245e-09
1.11172e-07
1.20346e-09
1.11159e-07
1.19473e-09
1.11155e-07
1.1331e-09
1.1117e-07
1.0899e-09
1.11174e-07
1.04552e-09
1.11178e-07
1.03059e-09
1.11174e-07
1.00825e-09
1.1115e-07
1.00867e-09
1.1115e-07
9.80047e-10
1.1115e-07
9.49214e-10
1.11137e-07
9.04622e-10
1.11122e-07
8.58267e-10
1.11107e-07
8.44264e-10
1.11098e-07
7.81073e-10
1.11104e-07
7.50555e-10
1.11116e-07
7.29947e-10
1.11087e-07
6.97455e-10
1.11058e-07
6.63256e-10
1.1106e-07
6.08679e-10
1.11066e-07
5.7783e-10
1.11064e-07
5.54078e-10
1.11056e-07
5.41858e-10
1.1104e-07
5.37263e-10
1.11003e-07
5.36486e-10
1.10995e-07
5.12008e-10
1.10967e-07
4.3658e-10
1.10938e-07
4.27925e-10
1.10926e-07
3.75194e-10
1.1092e-07
3.53537e-10
1.10919e-07
3.45408e-10
1.10918e-07
3.54079e-10
1.10916e-07
3.48557e-10
1.10905e-07
3.31068e-10
1.10876e-07
3.3247e-10
1.10852e-07
2.87954e-10
1.10847e-07
2.5551e-10
1.10854e-07
2.55015e-10
1.10859e-07
2.60448e-10
1.10841e-07
2.43559e-10
1.10815e-07
2.5523e-10
1.1079e-07
2.64637e-10
1.10789e-07
2.3806e-10
1.10773e-07
2.73637e-10
1.10751e-07
3.0268e-10
1.1074e-07
2.89702e-10
1.10717e-07
2.94363e-10
1.10692e-07
3.27829e-10
1.10672e-07
3.34299e-10
1.10647e-07
2.65107e-10
1.10622e-07
2.70664e-10
1.10612e-07
2.45241e-10
1.10602e-07
2.14987e-10
1.10586e-07
2.18739e-10
1.10564e-07
2.24631e-10
1.73179e-10
1.23839e-07
1.44678e-09
-1.23841e-07
1.23615e-07
1.72608e-09
1.2379e-07
1.30783e-09
1.24141e-07
1.22117e-09
1.24073e-07
1.75621e-09
1.23878e-07
2.05881e-09
1.23836e-07
1.85463e-09
1.23815e-07
1.58723e-09
1.23972e-07
1.67263e-09
1.24082e-07
1.76352e-09
1.24204e-07
1.78327e-09
1.24235e-07
1.69367e-09
1.24301e-07
1.60864e-09
1.2443e-07
1.71301e-09
1.24551e-07
1.76254e-09
1.24574e-07
1.868e-09
1.24522e-07
1.86369e-09
1.24535e-07
1.77706e-09
1.24489e-07
1.73377e-09
1.24502e-07
1.76175e-09
1.2461e-07
1.79557e-09
1.24649e-07
1.74047e-09
1.24652e-07
1.74115e-09
1.24646e-07
1.68679e-09
1.24644e-07
1.65775e-09
1.24652e-07
1.63023e-09
1.24654e-07
1.63573e-09
1.2466e-07
1.62171e-09
1.24664e-07
1.62974e-09
1.24667e-07
1.60369e-09
1.2468e-07
1.5631e-09
1.24702e-07
1.53711e-09
1.24679e-07
1.58837e-09
1.24662e-07
1.54778e-09
1.24671e-07
1.45281e-09
1.2471e-07
1.40685e-09
1.24748e-07
1.4027e-09
1.24739e-07
1.40809e-09
1.24688e-07
1.42663e-09
1.24665e-07
1.43944e-09
1.24658e-07
1.33436e-09
1.2467e-07
1.28789e-09
1.2468e-07
1.24333e-09
1.24676e-07
1.24757e-09
1.24656e-07
1.24265e-09
1.24664e-07
1.19467e-09
1.2467e-07
1.18859e-09
1.24672e-07
1.13188e-09
1.24671e-07
1.09031e-09
1.24661e-07
1.05609e-09
1.2467e-07
1.02109e-09
1.24666e-07
1.01256e-09
1.24654e-07
1.02022e-09
1.24644e-07
9.90639e-10
1.24639e-07
9.53681e-10
1.24641e-07
9.02405e-10
1.24639e-07
8.60404e-10
1.24635e-07
8.48347e-10
1.24638e-07
7.78804e-10
1.24636e-07
7.51778e-10
1.2463e-07
7.36571e-10
1.24615e-07
7.12442e-10
1.2458e-07
6.97881e-10
1.24559e-07
6.29793e-10
1.24552e-07
5.84939e-10
1.24538e-07
5.67475e-10
1.24526e-07
5.53916e-10
1.24523e-07
5.40536e-10
1.24528e-07
5.31495e-10
1.24534e-07
5.06548e-10
1.24502e-07
4.67856e-10
1.2448e-07
4.49783e-10
1.2445e-07
4.05701e-10
1.24434e-07
3.69752e-10
1.24426e-07
3.52752e-10
1.2443e-07
3.5025e-10
1.24435e-07
3.43632e-10
1.24438e-07
3.27822e-10
1.24418e-07
3.52704e-10
1.24391e-07
3.14657e-10
1.2437e-07
2.76494e-10
1.24366e-07
2.59267e-10
1.24367e-07
2.5932e-10
1.24368e-07
2.43163e-10
1.24345e-07
2.77776e-10
1.24315e-07
2.94345e-10
1.24298e-07
2.55221e-10
1.24285e-07
2.8709e-10
1.24275e-07
3.12632e-10
1.24263e-07
3.01805e-10
1.24238e-07
3.18859e-10
1.24216e-07
3.50021e-10
1.24203e-07
3.47352e-10
1.24155e-07
3.13661e-10
1.24134e-07
2.91487e-10
1.24133e-07
2.45777e-10
1.24126e-07
2.21916e-10
1.24107e-07
2.37955e-10
1.2409e-07
2.4141e-10
1.93739e-10
1.38938e-07
1.43864e-09
-1.3893e-07
1.38909e-07
1.75487e-09
1.38947e-07
1.2702e-09
1.39001e-07
1.1669e-09
1.39027e-07
1.73052e-09
1.39044e-07
2.04106e-09
1.39087e-07
1.81196e-09
1.39141e-07
1.53284e-09
1.39218e-07
1.5958e-09
1.39298e-07
1.68358e-09
1.39366e-07
1.71544e-09
1.39435e-07
1.62462e-09
1.39522e-07
1.5218e-09
1.39573e-07
1.66214e-09
1.39596e-07
1.73906e-09
1.39615e-07
1.84918e-09
1.39623e-07
1.8553e-09
1.39631e-07
1.76934e-09
1.39636e-07
1.72939e-09
1.39671e-07
1.72647e-09
1.39721e-07
1.74494e-09
1.39743e-07
1.71936e-09
1.39753e-07
1.73073e-09
1.39755e-07
1.68519e-09
1.39768e-07
1.64435e-09
1.39784e-07
1.61415e-09
1.39783e-07
1.63666e-09
1.39766e-07
1.63932e-09
1.39779e-07
1.61628e-09
1.39799e-07
1.58405e-09
1.39812e-07
1.54944e-09
1.39811e-07
1.53793e-09
1.39799e-07
1.60042e-09
1.39804e-07
1.54336e-09
1.39821e-07
1.43545e-09
1.39834e-07
1.39405e-09
1.39838e-07
1.3985e-09
1.39825e-07
1.42147e-09
1.39804e-07
1.4476e-09
1.39837e-07
1.40618e-09
1.39791e-07
1.38037e-09
1.39797e-07
1.28186e-09
1.39816e-07
1.22469e-09
1.3982e-07
1.24343e-09
1.39809e-07
1.25382e-09
1.39804e-07
1.19967e-09
1.39801e-07
1.19139e-09
1.39775e-07
1.15764e-09
1.39777e-07
1.08874e-09
1.39796e-07
1.03686e-09
1.39813e-07
1.00409e-09
1.39822e-07
1.00348e-09
1.39818e-07
1.02425e-09
1.39803e-07
1.00573e-09
1.3978e-07
9.76949e-10
1.3974e-07
9.42095e-10
1.39731e-07
8.6898e-10
1.39754e-07
8.26214e-10
1.39756e-07
7.76539e-10
1.39765e-07
7.42619e-10
1.39776e-07
7.25441e-10
1.39766e-07
7.22779e-10
1.39754e-07
7.09535e-10
1.39723e-07
6.60554e-10
1.39688e-07
6.20278e-10
1.39671e-07
5.84193e-10
1.39665e-07
5.60366e-10
1.39667e-07
5.38524e-10
1.39674e-07
5.24045e-10
1.39669e-07
5.12002e-10
1.39653e-07
4.83675e-10
1.3964e-07
4.62729e-10
1.39611e-07
4.34758e-10
1.39586e-07
3.95264e-10
1.39577e-07
3.61623e-10
1.39582e-07
3.45037e-10
1.3959e-07
3.35021e-10
1.39581e-07
3.36992e-10
1.39574e-07
3.60036e-10
1.39555e-07
3.3392e-10
1.39533e-07
2.98176e-10
1.39519e-07
2.73491e-10
1.39526e-07
2.52445e-10
1.39524e-07
2.44719e-10
1.39514e-07
2.8775e-10
1.39492e-07
3.16466e-10
1.39451e-07
2.9603e-10
1.39415e-07
3.23488e-10
1.39416e-07
3.11851e-10
1.39416e-07
3.0126e-10
1.39409e-07
3.25602e-10
1.39394e-07
3.65301e-10
1.39376e-07
3.65186e-10
1.39345e-07
3.45438e-10
1.3931e-07
3.25729e-10
1.3929e-07
2.66144e-10
1.39282e-07
2.29602e-10
1.39278e-07
2.41862e-10
1.39274e-07
2.45682e-10
2.14663e-10
1.55821e-07
1.36998e-09
-1.55753e-07
1.56143e-07
1.43334e-09
1.55994e-07
1.41892e-09
1.55671e-07
1.48998e-09
1.55793e-07
1.60874e-09
1.56246e-07
1.58833e-09
1.56507e-07
1.55057e-09
1.5645e-07
1.58945e-09
1.56396e-07
1.64958e-09
1.56426e-07
1.65419e-09
1.56519e-07
1.62214e-09
1.56519e-07
1.62441e-09
1.56382e-07
1.65901e-09
1.56342e-07
1.70214e-09
1.56362e-07
1.71885e-09
1.56467e-07
1.74433e-09
1.56563e-07
1.75972e-09
1.56604e-07
1.72799e-09
1.56616e-07
1.71718e-09
1.56637e-07
1.70539e-09
1.56692e-07
1.69069e-09
1.56726e-07
1.68522e-09
1.56743e-07
1.71392e-09
1.56714e-07
1.71404e-09
1.5669e-07
1.66805e-09
1.56677e-07
1.62771e-09
1.56678e-07
1.63524e-09
1.56693e-07
1.62456e-09
1.56729e-07
1.58018e-09
1.56752e-07
1.56131e-09
1.56732e-07
1.56932e-09
1.567e-07
1.56942e-09
1.56737e-07
1.56401e-09
1.56792e-07
1.48753e-09
1.5679e-07
1.43794e-09
1.56746e-07
1.43776e-09
1.56707e-07
1.43749e-09
1.56709e-07
1.41972e-09
1.56767e-07
1.38948e-09
1.56784e-07
1.38923e-09
1.56781e-07
1.38313e-09
1.56777e-07
1.28632e-09
1.56781e-07
1.22005e-09
1.56771e-07
1.25387e-09
1.56777e-07
1.24766e-09
1.56762e-07
1.21491e-09
1.5676e-07
1.19373e-09
1.56747e-07
1.17069e-09
1.56748e-07
1.08694e-09
1.56766e-07
1.01963e-09
1.56742e-07
1.02744e-09
1.56719e-07
1.0267e-09
1.56716e-07
1.02701e-09
1.56704e-07
1.0182e-09
1.56707e-07
9.73897e-10
1.56719e-07
9.3025e-10
1.5672e-07
8.67445e-10
1.56729e-07
8.17422e-10
1.56721e-07
7.844e-10
1.56717e-07
7.46691e-10
1.56719e-07
7.23536e-10
1.5671e-07
7.31632e-10
1.56708e-07
7.11321e-10
1.56708e-07
6.60888e-10
1.56693e-07
6.35185e-10
1.56667e-07
6.10658e-10
1.56634e-07
5.92622e-10
1.56605e-07
5.68144e-10
1.56599e-07
5.29368e-10
1.5662e-07
4.9122e-10
1.56634e-07
4.70355e-10
1.56633e-07
4.63144e-10
1.56614e-07
4.5427e-10
1.56578e-07
4.30648e-10
1.56549e-07
3.90738e-10
1.56556e-07
3.37933e-10
1.56573e-07
3.18135e-10
1.56573e-07
3.36576e-10
1.56578e-07
3.55679e-10
1.56564e-07
3.47383e-10
1.56531e-07
3.31693e-10
1.56484e-07
3.20794e-10
1.56476e-07
2.59985e-10
1.5649e-07
2.30588e-10
1.56518e-07
2.59646e-10
1.56526e-07
3.08267e-10
1.56491e-07
3.31885e-10
1.56446e-07
3.679e-10
1.5641e-07
3.48016e-10
1.56389e-07
3.22342e-10
1.56387e-07
3.27456e-10
1.56407e-07
3.45169e-10
1.56413e-07
3.59134e-10
1.56388e-07
3.70265e-10
1.56341e-07
3.72743e-10
1.56296e-07
3.11385e-10
1.56279e-07
2.47258e-10
1.56288e-07
2.3203e-10
1.56294e-07
2.39591e-10
2.23273e-10
1.7513e-07
1.33242e-09
-1.75092e-07
1.75155e-07
1.40827e-09
1.75142e-07
1.43241e-09
1.75183e-07
1.44908e-09
1.75266e-07
1.52545e-09
1.75292e-07
1.5617e-09
1.75306e-07
1.53727e-09
1.75332e-07
1.56367e-09
1.75385e-07
1.5959e-09
1.75421e-07
1.61804e-09
1.75426e-07
1.61761e-09
1.75431e-07
1.61967e-09
1.75437e-07
1.65268e-09
1.75458e-07
1.68075e-09
1.75489e-07
1.68776e-09
1.75544e-07
1.68958e-09
1.75603e-07
1.70123e-09
1.7563e-07
1.70021e-09
1.75647e-07
1.7004e-09
1.75653e-07
1.69925e-09
1.7565e-07
1.69444e-09
1.75637e-07
1.6975e-09
1.75629e-07
1.72218e-09
1.75636e-07
1.70708e-09
1.7566e-07
1.64447e-09
1.75665e-07
1.62201e-09
1.75679e-07
1.62209e-09
1.75699e-07
1.60368e-09
1.75709e-07
1.57073e-09
1.75703e-07
1.56763e-09
1.75687e-07
1.58466e-09
1.7569e-07
1.56646e-09
1.75724e-07
1.53026e-09
1.75734e-07
1.47701e-09
1.7572e-07
1.4526e-09
1.75713e-07
1.44498e-09
1.75704e-07
1.44574e-09
1.75709e-07
1.41474e-09
1.75701e-07
1.39781e-09
1.75713e-07
1.37716e-09
1.75763e-07
1.33327e-09
1.75753e-07
1.2962e-09
1.75726e-07
1.2473e-09
1.75717e-07
1.26231e-09
1.75713e-07
1.25175e-09
1.75715e-07
1.21332e-09
1.7574e-07
1.16826e-09
1.7577e-07
1.14118e-09
1.75747e-07
1.10987e-09
1.75722e-07
1.04459e-09
1.75683e-07
1.06608e-09
1.75654e-07
1.05612e-09
1.75662e-07
1.01928e-09
1.75669e-07
1.01043e-09
1.75707e-07
9.36285e-10
1.75745e-07
8.92649e-10
1.75746e-07
8.65706e-10
1.75737e-07
8.26658e-10
1.75729e-07
7.922e-10
1.75719e-07
7.56998e-10
1.7568e-07
7.62642e-10
1.7568e-07
7.31728e-10
1.75683e-07
7.08196e-10
1.7569e-07
6.5361e-10
1.75685e-07
6.4001e-10
1.75679e-07
6.17156e-10
1.75668e-07
6.03125e-10
1.75641e-07
5.95206e-10
1.75611e-07
5.60097e-10
1.75608e-07
4.93845e-10
1.75613e-07
4.65502e-10
1.75628e-07
4.47668e-10
1.75643e-07
4.3924e-10
1.75627e-07
4.47317e-10
1.75592e-07
4.25248e-10
1.75584e-07
3.45917e-10
1.75596e-07
3.06012e-10
1.75605e-07
3.27497e-10
1.75613e-07
3.4785e-10
1.7561e-07
3.50108e-10
1.75594e-07
3.48512e-10
1.75569e-07
3.4499e-10
1.75541e-07
2.88828e-10
1.75518e-07
2.53181e-10
1.75515e-07
2.6285e-10
1.75538e-07
2.85423e-10
1.75541e-07
3.28501e-10
1.75541e-07
3.68029e-10
1.75508e-07
3.81313e-10
1.75474e-07
3.55421e-10
1.75459e-07
3.42564e-10
1.75461e-07
3.4353e-10
1.75466e-07
3.54251e-10
1.75465e-07
3.71167e-10
1.75456e-07
3.81812e-10
1.75425e-07
3.4186e-10
1.75387e-07
2.85785e-10
1.75376e-07
2.42728e-10
1.7538e-07
2.35722e-10
2.23035e-10
1.96645e-07
-1.96638e-07
1.96699e-07
1.96722e-07
1.96719e-07
1.96726e-07
1.96748e-07
1.96763e-07
1.96768e-07
1.96786e-07
1.96814e-07
1.96822e-07
1.96816e-07
1.96808e-07
1.96804e-07
1.9682e-07
1.96832e-07
1.96839e-07
1.9684e-07
1.96848e-07
1.96861e-07
1.96865e-07
1.96862e-07
1.96877e-07
1.96907e-07
1.96916e-07
1.96916e-07
1.96921e-07
1.9692e-07
1.96901e-07
1.96894e-07
1.96892e-07
1.969e-07
1.96923e-07
1.96915e-07
1.96901e-07
1.9691e-07
1.96923e-07
1.9694e-07
1.96945e-07
1.96956e-07
1.96961e-07
1.96941e-07
1.96922e-07
1.96927e-07
1.96926e-07
1.9695e-07
1.96974e-07
1.96965e-07
1.96947e-07
1.96939e-07
1.96944e-07
1.96925e-07
1.96925e-07
1.96929e-07
1.96942e-07
1.96944e-07
1.96961e-07
1.9698e-07
1.96965e-07
1.96963e-07
1.96931e-07
1.96932e-07
1.9695e-07
1.96943e-07
1.96927e-07
1.96925e-07
1.96923e-07
1.96931e-07
1.9693e-07
1.96929e-07
1.96933e-07
1.96943e-07
1.96954e-07
1.96952e-07
1.96936e-07
1.96915e-07
1.96897e-07
1.9689e-07
1.96897e-07
1.96909e-07
1.96923e-07
1.96941e-07
1.96921e-07
1.96884e-07
1.96872e-07
1.96887e-07
1.96905e-07
1.96908e-07
1.96894e-07
1.96876e-07
1.96858e-07
1.96846e-07
1.96844e-07
1.96855e-07
1.96872e-07
1.9687e-07
1.96843e-07
1.96818e-07
1.96806e-07
3.45737e-08
-4.41358e-11
3.45853e-08
7.88966e-12
3.45498e-08
4.96872e-11
3.45821e-08
-6.25241e-11
3.44988e-08
2.31987e-10
3.45851e-08
2.22974e-11
3.44865e-08
4.06877e-11
3.4512e-08
-1.37962e-10
3.44507e-08
2.72596e-10
3.44288e-08
4.52385e-11
3.43779e-08
3.27662e-11
3.43775e-08
1.12243e-10
3.43252e-08
2.13463e-10
3.42905e-08
4.29226e-11
3.42083e-08
1.47837e-10
3.41416e-08
6.91008e-11
3.40756e-08
7.36751e-10
3.41095e-08
5.27937e-11
3.39085e-08
6.55335e-10
3.39803e-08
1.92592e-10
3.36626e-08
3.51832e-10
3.36359e-08
3.48021e-10
3.31847e-08
1.0068e-09
3.28828e-08
7.79458e-10
2.32781e-09
3.5858e-08
-3.2124e-11
3.58704e-08
-4.5038e-12
3.58336e-08
8.6476e-11
3.58654e-08
-9.42505e-11
3.57886e-08
3.087e-10
3.58565e-08
-4.55655e-11
3.57746e-08
1.2258e-10
3.57848e-08
-1.48197e-10
3.57337e-08
3.23746e-10
3.57074e-08
7.15026e-11
3.5654e-08
8.61652e-11
3.56706e-08
9.5703e-11
3.55945e-08
2.89581e-10
3.55519e-08
8.54575e-11
3.5489e-08
2.10758e-10
3.54213e-08
1.36773e-10
3.53526e-08
8.05461e-10
3.53699e-08
3.55371e-11
3.52022e-08
8.23017e-10
3.51638e-08
2.30987e-10
3.49769e-08
5.38725e-10
3.48622e-08
4.62755e-10
3.44991e-08
1.36984e-09
3.4138e-08
1.14055e-09
2.26769e-09
3.71899e-08
-1.91989e-11
3.72033e-08
-1.79159e-11
3.71642e-08
1.25507e-10
3.71987e-08
-1.28657e-10
3.71244e-08
3.82912e-10
3.7181e-08
-1.0215e-10
3.71105e-08
1.93112e-10
3.71069e-08
-1.44572e-10
3.70761e-08
3.5449e-10
3.70219e-08
1.25753e-10
3.69915e-08
1.16541e-10
3.69905e-08
9.66557e-11
3.69176e-08
3.62566e-10
3.68683e-08
1.34679e-10
3.68263e-08
2.52821e-10
3.67284e-08
2.34647e-10
3.6714e-08
8.19814e-10
3.66579e-08
9.17042e-11
3.65946e-08
8.86319e-10
3.63992e-08
4.26365e-10
3.63765e-08
5.61457e-10
3.60644e-08
7.7485e-10
3.60068e-08
1.42738e-09
3.57102e-08
1.43713e-09
2.39381e-09
3.85715e-08
-5.64153e-12
3.85851e-08
-3.15611e-11
3.85457e-08
1.64963e-10
3.85803e-08
-1.63285e-10
3.85137e-08
4.49536e-10
3.85512e-08
-1.39685e-10
3.84935e-08
2.5086e-10
3.84791e-08
-1.30196e-10
3.84692e-08
3.64419e-10
3.8387e-08
2.0793e-10
3.83692e-08
1.34316e-10
3.83719e-08
9.40264e-11
3.82823e-08
4.52169e-10
3.82283e-08
1.88659e-10
3.82002e-08
2.80859e-10
3.81132e-08
3.21708e-10
3.81013e-08
8.31729e-10
3.80005e-08
1.92492e-10
3.79683e-08
9.18448e-10
3.77633e-08
6.31446e-10
3.77301e-08
5.94663e-10
3.74703e-08
1.03461e-09
3.74131e-08
1.48455e-09
3.7273e-08
1.57728e-09
2.54863e-09
4.00053e-08
7.78554e-12
4.00175e-08
-4.37623e-11
3.99811e-08
2.01302e-10
4.00106e-08
-1.92787e-10
3.99564e-08
5.03761e-10
3.99716e-08
-1.54871e-10
3.99273e-08
2.95195e-10
3.99088e-08
-1.1171e-10
3.98962e-08
3.76969e-10
3.98185e-08
2.8562e-10
3.97953e-08
1.57495e-10
3.98213e-08
6.80732e-11
3.96479e-08
6.25534e-10
3.96714e-08
1.65157e-10
3.96313e-08
3.20988e-10
3.95702e-08
3.82813e-10
3.95227e-08
8.79228e-10
3.94288e-08
2.86428e-10
3.94389e-08
9.0836e-10
3.91868e-08
8.83505e-10
3.91346e-08
6.46811e-10
3.89353e-08
1.23392e-09
3.88767e-08
1.54321e-09
3.88007e-08
1.65326e-09
2.61883e-09
4.14926e-08
2.08049e-11
4.15031e-08
-5.4281e-11
4.14694e-08
2.35028e-10
4.14937e-08
-2.17098e-10
4.14483e-08
5.49171e-10
4.14521e-08
-1.58721e-10
4.14084e-08
3.38949e-10
4.13987e-08
-1.02004e-10
4.13669e-08
4.08754e-10
4.1319e-08
3.33495e-10
4.1252e-08
2.24465e-10
4.13219e-08
-1.80946e-12
4.11562e-08
7.91247e-10
4.11705e-08
1.50819e-10
4.11259e-08
3.65596e-10
4.10511e-08
4.57598e-10
4.09947e-08
9.35674e-10
4.09094e-08
3.71767e-10
4.08884e-08
9.2935e-10
4.06708e-08
1.10105e-09
4.06169e-08
7.00685e-10
4.04762e-08
1.37466e-09
4.04097e-08
1.60972e-09
4.03763e-08
1.68666e-09
2.61586e-09
4.30351e-08
3.34121e-11
4.30439e-08
-6.30308e-11
4.30144e-08
2.64485e-10
4.30303e-08
-2.33024e-10
4.29948e-08
5.84723e-10
4.29895e-08
-1.53442e-10
4.29453e-08
3.83146e-10
4.29437e-08
-1.00392e-10
4.28977e-08
4.54778e-10
4.28661e-08
3.65116e-10
4.28128e-08
2.77737e-10
4.27905e-08
2.04806e-11
4.28186e-08
7.63124e-10
4.25852e-08
3.84241e-10
4.26719e-08
2.78846e-10
4.2588e-08
5.41587e-10
4.25329e-08
9.90759e-10
4.24016e-08
5.03051e-10
4.24743e-08
8.56593e-10
4.21703e-08
1.40511e-09
4.21649e-08
7.06049e-10
4.21186e-08
1.42101e-09
4.20374e-08
1.69091e-09
4.19847e-08
1.73936e-09
2.57354e-09
4.46352e-08
4.54231e-11
4.46422e-08
-7.00279e-11
4.46169e-08
2.89719e-10
4.46245e-08
-2.40641e-10
4.45963e-08
6.12962e-10
4.45861e-08
-1.43269e-10
4.4534e-08
4.35256e-10
4.45506e-08
-1.17027e-10
4.44798e-08
5.25666e-10
4.44742e-08
3.70654e-10
4.44272e-08
3.24759e-10
4.43657e-08
8.19925e-11
4.43963e-08
7.32507e-10
4.41489e-08
6.31679e-10
4.43129e-08
1.14827e-10
4.41812e-08
6.73282e-10
4.41408e-08
1.03118e-09
4.40116e-08
6.32256e-10
4.39946e-08
8.73562e-10
4.38243e-08
1.57543e-09
4.38232e-08
7.07161e-10
4.37848e-08
1.45942e-09
4.37182e-08
1.75744e-09
4.36095e-08
1.84809e-09
2.47395e-09
4.62953e-08
5.61853e-11
4.62987e-08
-7.34317e-11
4.62794e-08
3.0895e-10
4.62782e-08
-2.39396e-10
4.62602e-08
6.31005e-10
4.62305e-08
-1.13656e-10
4.62105e-08
4.55317e-10
4.61864e-08
-9.29664e-11
4.61462e-08
5.65925e-10
4.61355e-08
3.81326e-10
4.60843e-08
3.75943e-10
4.6023e-08
1.43337e-10
4.60285e-08
7.26984e-10
4.58081e-08
8.52081e-10
4.60021e-08
-7.921e-11
4.58445e-08
8.30954e-10
4.57823e-08
1.09335e-09
4.56867e-08
7.27801e-10
4.55873e-08
9.73005e-10
4.56742e-08
1.4885e-09
4.54087e-08
9.72693e-10
4.54829e-08
1.38526e-09
4.54266e-08
1.81367e-09
4.53504e-08
1.92433e-09
2.38179e-09
4.80203e-08
6.24683e-11
4.80125e-08
-6.57218e-11
4.80117e-08
3.0975e-10
4.7975e-08
-2.02648e-10
4.80065e-08
5.99457e-10
4.79022e-08
-9.30328e-12
4.79944e-08
3.63076e-10
4.78515e-08
4.99253e-11
4.79133e-08
5.04197e-10
4.78123e-08
4.82293e-10
4.78506e-08
3.37604e-10
4.77435e-08
2.5051e-10
4.77455e-08
7.24952e-10
4.75652e-08
1.03239e-09
4.76566e-08
-1.70654e-10
4.75573e-08
9.3032e-10
4.75268e-08
1.12385e-09
4.74051e-08
8.49521e-10
4.73444e-08
1.03364e-09
4.73767e-08
1.45618e-09
4.7197e-08
1.15246e-09
4.72448e-08
1.33746e-09
4.72114e-08
1.84705e-09
4.71574e-08
1.97834e-09
2.31581e-09
4.98095e-08
6.39705e-11
4.97892e-08
-4.54081e-11
4.98114e-08
2.87495e-10
4.97306e-08
-1.21889e-10
4.98177e-08
5.12452e-10
4.96763e-08
1.32063e-10
4.97671e-08
2.72246e-10
4.96316e-08
1.854e-10
4.97259e-08
4.09927e-10
4.95925e-08
6.15659e-10
4.95883e-08
3.41886e-10
4.95302e-08
3.08602e-10
4.9494e-08
7.61123e-10
4.94705e-08
1.05591e-09
4.93407e-08
-4.08472e-11
4.93394e-08
9.31639e-10
4.93187e-08
1.14445e-09
4.9215e-08
9.53271e-10
4.91451e-08
1.10358e-09
4.91681e-08
1.43309e-09
4.90761e-08
1.24446e-09
4.90361e-08
1.37754e-09
4.90247e-08
1.85836e-09
4.90024e-08
2.00067e-09
2.23758e-09
5.16624e-08
6.32643e-11
5.16433e-08
-2.63386e-11
5.16462e-08
2.84635e-10
5.16043e-08
-8.00174e-11
5.16279e-08
4.8889e-10
5.15679e-08
1.92083e-10
5.15707e-08
2.6939e-10
5.15255e-08
2.30612e-10
5.15278e-08
4.07622e-10
5.14622e-08
6.81311e-10
5.14245e-08
3.79554e-10
5.13639e-08
3.69145e-10
5.13669e-08
7.58202e-10
5.1323e-08
1.09983e-09
5.11468e-08
1.35312e-10
5.11986e-08
8.79812e-10
5.11835e-08
1.15956e-09
5.10947e-08
1.04206e-09
5.10143e-08
1.18398e-09
5.10327e-08
1.41474e-09
5.09849e-08
1.29229e-09
5.08995e-08
1.46286e-09
5.09082e-08
1.8497e-09
5.09309e-08
1.97798e-09
2.17689e-09
5.35816e-08
6.28569e-11
5.35534e-08
1.87569e-12
5.35919e-08
2.46112e-10
5.351e-08
1.85508e-12
5.35585e-08
4.40459e-10
5.34765e-08
2.74053e-10
5.35118e-08
2.34107e-10
5.345e-08
2.9235e-10
5.34421e-08
4.15588e-10
5.33707e-08
7.52718e-10
5.33616e-08
3.88617e-10
5.3291e-08
4.3973e-10
5.32786e-08
7.70624e-10
5.32479e-08
1.13053e-09
5.31052e-08
2.78033e-10
5.31536e-08
8.31367e-10
5.30647e-08
1.24843e-09
5.30139e-08
1.09287e-09
5.29733e-08
1.22464e-09
5.29847e-08
1.40337e-09
5.29348e-08
1.34209e-09
5.28436e-08
1.55408e-09
5.28635e-08
1.82987e-09
5.29253e-08
1.91613e-09
2.15186e-09
5.55694e-08
6.54803e-11
5.55468e-08
2.44167e-11
5.55712e-08
2.21766e-10
5.55011e-08
7.19843e-11
5.55678e-08
3.73744e-10
5.5455e-08
3.86837e-10
5.55109e-08
1.78225e-10
5.54311e-08
3.72106e-10
5.54112e-08
4.35471e-10
5.53931e-08
7.70825e-10
5.53411e-08
4.40589e-10
5.52971e-08
4.83776e-10
5.52089e-08
8.58859e-10
5.53173e-08
1.02205e-09
5.50615e-08
5.3389e-10
5.51325e-08
7.60366e-10
5.50628e-08
1.31808e-09
5.50278e-08
1.12791e-09
5.50118e-08
1.24064e-09
5.49995e-08
1.41561e-09
5.49375e-08
1.40413e-09
5.48937e-08
1.59788e-09
5.49264e-08
1.79714e-09
5.49498e-08
1.89271e-09
2.10631e-09
5.76382e-08
6.40376e-11
5.76092e-08
5.34595e-11
5.76338e-08
1.97124e-10
5.75884e-08
1.17437e-10
5.76048e-08
3.57267e-10
5.75635e-08
4.28174e-10
5.75438e-08
1.97983e-10
5.75139e-08
4.01984e-10
5.74643e-08
4.85083e-10
5.74757e-08
7.59417e-10
5.73906e-08
5.25635e-10
5.73616e-08
5.1284e-10
5.73116e-08
9.08793e-10
5.73209e-08
1.0128e-09
5.71714e-08
6.83335e-10
5.71935e-08
7.38263e-10
5.71739e-08
1.33774e-09
5.70923e-08
1.20946e-09
5.7108e-08
1.22499e-09
5.7081e-08
1.44255e-09
5.70297e-08
1.45543e-09
5.703e-08
1.59763e-09
5.70362e-08
1.79097e-09
5.70716e-08
1.85731e-09
2.07536e-09
5.97842e-08
5.81123e-11
5.97463e-08
9.13826e-11
5.97757e-08
1.67687e-10
5.97318e-08
1.61306e-10
5.97308e-08
3.58274e-10
5.97258e-08
4.33164e-10
5.96756e-08
2.4819e-10
5.96559e-08
4.21758e-10
5.96079e-08
5.33062e-10
5.96108e-08
7.56461e-10
5.95461e-08
5.90345e-10
5.9483e-08
5.76002e-10
5.94549e-08
9.36892e-10
5.94647e-08
1.00295e-09
5.93652e-08
7.82853e-10
5.93674e-08
7.36025e-10
5.93386e-08
1.36657e-09
5.92538e-08
1.29424e-09
5.92423e-08
1.23652e-09
5.92573e-08
1.42755e-09
5.92281e-08
1.48458e-09
5.92091e-08
1.6167e-09
5.92103e-08
1.78974e-09
5.92614e-08
1.80618e-09
2.07289e-09
6.20027e-08
5.47427e-11
6.19776e-08
1.16506e-10
6.19872e-08
1.58088e-10
6.19581e-08
1.90347e-10
6.19546e-08
3.61856e-10
6.19459e-08
4.41816e-10
6.18935e-08
3.00559e-10
6.18678e-08
4.4746e-10
6.18463e-08
5.5457e-10
6.18237e-08
7.79073e-10
6.17823e-08
6.31735e-10
6.17112e-08
6.47103e-10
6.16922e-08
9.55872e-10
6.16861e-08
1.0091e-09
6.16351e-08
8.3383e-10
6.15549e-08
8.16254e-10
6.15714e-08
1.35011e-09
6.15242e-08
1.34143e-09
6.14931e-08
1.26763e-09
6.15112e-08
1.4094e-09
6.1505e-08
1.49074e-09
6.14373e-08
1.68447e-09
6.1513e-08
1.71404e-09
6.15038e-08
1.81531e-09
2.06432e-09
6.43064e-08
5.12702e-11
6.42902e-08
1.32696e-10
6.42845e-08
1.63842e-10
6.42654e-08
2.09444e-10
6.42506e-08
3.76569e-10
6.42487e-08
4.43797e-10
6.41923e-08
3.56915e-10
6.41856e-08
4.54154e-10
6.41564e-08
5.83737e-10
6.41465e-08
7.89061e-10
6.40838e-08
6.94348e-10
6.40152e-08
7.15798e-10
6.40199e-08
9.5113e-10
6.40049e-08
1.02411e-09
6.39699e-08
8.68867e-10
6.38708e-08
9.15264e-10
6.38708e-08
1.3501e-09
6.38591e-08
1.35317e-09
6.38019e-08
1.32481e-09
6.38697e-08
1.34163e-09
6.38338e-08
1.52661e-09
6.38021e-08
1.71619e-09
6.38507e-08
1.66548e-09
6.38034e-08
1.86254e-09
1.98003e-09
6.66943e-08
4.9038e-11
6.66747e-08
1.52357e-10
6.66733e-08
1.65217e-10
6.66596e-08
2.23108e-10
6.66548e-08
3.81381e-10
6.66344e-08
4.64266e-10
6.65853e-08
4.05995e-10
6.65895e-08
4.49927e-10
6.65423e-08
6.30983e-10
6.65448e-08
7.86545e-10
6.64651e-08
7.74007e-10
6.64118e-08
7.69164e-10
6.64364e-08
9.26473e-10
6.64172e-08
1.04332e-09
6.63782e-08
9.07884e-10
6.62624e-08
1.03104e-09
6.62768e-08
1.33567e-09
6.62835e-08
1.34652e-09
6.62432e-08
1.36508e-09
6.62956e-08
1.28923e-09
6.6205e-08
1.61724e-09
6.62537e-08
1.66751e-09
6.62796e-08
1.63952e-09
6.62575e-08
1.88467e-09
1.89458e-09
6.91802e-08
3.88594e-11
6.91229e-08
2.09672e-10
6.91617e-08
1.26429e-10
6.91419e-08
2.4296e-10
6.91449e-08
3.78376e-10
6.90803e-08
5.28857e-10
6.90768e-08
4.09502e-10
6.9082e-08
4.44654e-10
6.9025e-08
6.87997e-10
6.8996e-08
8.15587e-10
6.89505e-08
8.19525e-10
6.89489e-08
7.70757e-10
6.89424e-08
9.32951e-10
6.88751e-08
1.11059e-09
6.88473e-08
9.35669e-10
6.87849e-08
1.0935e-09
6.87993e-08
1.32122e-09
6.87897e-08
1.35611e-09
6.87953e-08
1.35955e-09
6.8744e-08
1.34053e-09
6.8728e-08
1.63324e-09
6.87672e-08
1.62831e-09
6.87484e-08
1.65828e-09
6.88213e-08
1.81176e-09
1.82175e-09
9.83728e-08
3.51655e-11
9.83402e-08
2.42248e-10
9.8347e-08
1.19602e-10
9.8343e-08
2.47035e-10
9.83227e-08
3.98665e-10
9.82522e-08
5.99363e-10
9.82864e-08
3.75313e-10
9.82468e-08
4.84231e-10
9.81634e-08
7.71414e-10
9.81103e-08
8.68675e-10
9.81286e-08
8.01231e-10
9.81241e-08
7.75233e-10
9.80448e-08
1.01226e-09
9.79924e-08
1.16298e-09
9.79718e-08
9.56301e-10
9.79324e-08
1.13281e-09
9.78947e-08
1.35895e-09
9.78519e-08
1.39895e-09
9.7912e-08
1.29947e-09
9.77794e-08
1.4731e-09
9.78702e-08
1.54241e-09
9.78987e-08
1.59988e-09
9.78496e-08
1.70739e-09
9.79284e-08
1.73293e-09
1.71343e-09
1.10399e-07
5.1448e-11
1.10456e-07
1.85336e-10
1.10344e-07
2.31747e-10
1.10378e-07
2.13182e-10
1.10342e-07
4.34144e-10
1.10361e-07
5.81117e-10
1.10255e-07
4.80492e-10
1.10261e-07
4.78858e-10
1.10228e-07
8.04745e-10
1.1019e-07
9.05744e-10
1.10169e-07
8.22526e-10
1.10164e-07
7.80059e-10
1.10071e-07
1.10592e-09
1.10099e-07
1.13503e-09
1.10017e-07
1.03764e-09
1.09948e-07
1.20202e-09
1.09951e-07
1.3563e-09
1.09974e-07
1.37522e-09
1.09949e-07
1.32445e-09
1.09888e-07
1.53463e-09
1.09952e-07
1.47882e-09
1.09914e-07
1.63726e-09
1.0997e-07
1.6519e-09
1.1001e-07
1.69266e-09
1.61076e-09
1.23938e-07
5.06008e-11
1.23935e-07
1.8824e-10
1.23914e-07
2.52919e-10
1.23866e-07
2.61155e-10
1.23887e-07
4.13625e-10
1.23875e-07
5.9315e-10
1.23797e-07
5.57981e-10
1.23775e-07
5.01407e-10
1.23756e-07
8.23331e-10
1.23758e-07
9.03875e-10
1.23716e-07
8.64534e-10
1.23638e-07
8.57789e-10
1.23615e-07
1.12927e-09
1.23593e-07
1.15664e-09
1.23577e-07
1.05383e-09
1.23532e-07
1.24694e-09
1.23561e-07
1.32773e-09
1.23541e-07
1.39448e-09
1.23477e-07
1.38867e-09
1.23452e-07
1.56023e-09
1.2348e-07
1.44988e-09
1.23498e-07
1.61928e-09
1.23571e-07
1.57908e-09
1.23464e-07
1.79968e-09
1.23412e-09
1.3911e-07
5.54066e-11
1.39118e-07
1.80194e-10
1.3909e-07
2.81329e-10
1.39061e-07
2.89981e-10
1.39082e-07
3.92314e-10
1.3905e-07
6.25549e-10
1.39002e-07
6.05697e-10
1.38958e-07
5.45399e-10
1.38948e-07
8.33245e-10
1.38937e-07
9.14937e-10
1.38891e-07
9.1078e-10
1.38842e-07
9.06475e-10
1.38849e-07
1.12216e-09
1.38828e-07
1.17815e-09
1.38797e-07
1.08467e-09
1.38782e-07
1.26176e-09
1.38779e-07
1.33046e-09
1.38758e-07
1.41563e-09
1.387e-07
1.44741e-09
1.38731e-07
1.52904e-09
1.38708e-07
1.47257e-09
1.38774e-07
1.55316e-09
1.38822e-07
1.53096e-09
1.38825e-07
1.79663e-09
1.12983e-09
1.56148e-07
5.88992e-11
1.56145e-07
1.83311e-10
1.56132e-07
2.93415e-10
1.56122e-07
3.00891e-10
1.56086e-07
4.27989e-10
1.56097e-07
6.1447e-10
1.56081e-07
6.2194e-10
1.56003e-07
6.22784e-10
1.56e-07
8.36216e-10
1.5601e-07
9.0518e-10
1.55982e-07
9.3894e-10
1.55919e-07
9.69416e-10
1.55929e-07
1.11213e-09
1.55914e-07
1.19299e-09
1.55858e-07
1.14137e-09
1.55908e-07
1.21124e-09
1.55872e-07
1.36646e-09
1.55857e-07
1.43112e-09
1.55826e-07
1.4781e-09
1.55862e-07
1.49317e-09
1.55856e-07
1.47854e-09
1.55888e-07
1.52068e-09
1.55922e-07
1.4977e-09
1.56138e-07
1.58049e-09
1.51491e-09
1.75266e-07
6.67966e-11
1.75265e-07
1.83987e-10
1.75271e-07
2.87378e-10
1.75247e-07
3.25237e-10
1.75217e-07
4.57811e-10
1.75234e-07
5.97816e-10
1.75219e-07
6.37057e-10
1.75177e-07
6.63936e-10
1.75181e-07
8.32882e-10
1.75202e-07
8.84231e-10
1.75157e-07
9.83968e-10
1.75084e-07
1.04166e-09
1.75104e-07
1.09288e-09
1.75112e-07
1.18427e-09
1.75078e-07
1.17567e-09
1.7512e-07
1.16953e-09
1.75075e-07
1.41106e-09
1.75067e-07
1.43898e-09
1.7507e-07
1.47557e-09
1.75087e-07
1.47615e-09
1.75083e-07
1.4821e-09
1.75103e-07
1.50096e-09
1.75111e-07
1.4897e-09
1.75126e-07
1.56547e-09
1.54854e-09
1.96732e-07
1.96741e-07
1.96741e-07
1.96725e-07
1.9671e-07
1.96726e-07
1.96719e-07
1.96695e-07
1.96681e-07
1.96697e-07
1.9668e-07
1.96674e-07
1.96693e-07
1.96718e-07
1.96695e-07
1.96637e-07
1.96634e-07
1.96646e-07
1.96665e-07
1.96667e-07
1.96671e-07
1.96669e-07
1.96632e-07
1.96643e-07
)
;

boundaryField
{
    top
    {
        type            calculated;
        value           nonuniform List<scalar> 
125
(
1.32537e-09
1.35377e-09
1.40997e-09
1.45215e-09
1.51845e-09
1.53918e-09
1.5224e-09
1.55894e-09
1.57762e-09
1.58993e-09
1.60943e-09
1.62559e-09
1.66087e-09
1.68516e-09
1.67111e-09
1.67843e-09
1.69335e-09
1.70007e-09
1.69201e-09
1.686e-09
1.69117e-09
1.70033e-09
1.70656e-09
1.67751e-09
1.6351e-09
1.62184e-09
1.61791e-09
1.60461e-09
1.5895e-09
1.57402e-09
1.58738e-09
1.55826e-09
1.50736e-09
1.48502e-09
1.46599e-09
1.43662e-09
1.43296e-09
1.3975e-09
1.39232e-09
1.36693e-09
1.32757e-09
1.31606e-09
1.26622e-09
1.25783e-09
1.25275e-09
1.18899e-09
1.14458e-09
1.15057e-09
1.12703e-09
1.05267e-09
1.06152e-09
1.07468e-09
1.01986e-09
1.00617e-09
9.23555e-10
8.90158e-10
8.4921e-10
8.07143e-10
8.07135e-10
7.59452e-10
7.94537e-10
7.30557e-10
6.90098e-10
6.60391e-10
6.5659e-10
6.1926e-10
6.05122e-10
5.87495e-10
5.60482e-10
4.94883e-10
4.61253e-10
4.37778e-10
4.2886e-10
4.49272e-10
4.41279e-10
3.67025e-10
3.23269e-10
3.34337e-10
3.40786e-10
3.38179e-10
3.34419e-10
3.27373e-10
3.0915e-10
2.89505e-10
2.75464e-10
2.70105e-10
3.10954e-10
3.65007e-10
3.94605e-10
3.73834e-10
3.60306e-10
3.56297e-10
3.55404e-10
3.60508e-10
3.64706e-10
3.44276e-10
3.12534e-10
2.67387e-10
2.47625e-10
2.2538e-10
7.26117e-11
1.7579e-10
2.87349e-10
3.41027e-10
4.72688e-10
5.81466e-10
6.44101e-10
6.88661e-10
8.46751e-10
8.67878e-10
1.00063e-09
1.04838e-09
1.07339e-09
1.15971e-09
1.19822e-09
1.22726e-09
1.41436e-09
1.42676e-09
1.45681e-09
1.47406e-09
1.47873e-09
1.5027e-09
1.5262e-09
1.5545e-09
1.55412e-09
)
;
    }
    inlet
    {
        type            calculated;
        value           nonuniform List<scalar> 
27
(
-9.83691e-08
-1.10416e-07
-1.23937e-07
-1.39115e-07
-1.56151e-07
-1.75274e-07
-1.96738e-07
-3.4585e-08
-3.587e-08
-3.72028e-08
-3.85851e-08
-4.00187e-08
-4.15056e-08
-4.30477e-08
-4.46472e-08
-4.6306e-08
-4.80265e-08
-4.9811e-08
-5.16617e-08
-5.35812e-08
-5.5572e-08
-5.76368e-08
-5.97783e-08
-6.19993e-08
-6.43029e-08
-6.66921e-08
-6.91701e-08
)
;
    }
    outlet
    {
        type            calculated;
        value           nonuniform List<scalar> 
27
(
9.84946e-08
1.10545e-07
1.2407e-07
1.39253e-07
1.56286e-07
1.7538e-07
1.96804e-07
3.09236e-09
9.58183e-09
1.62667e-08
2.27821e-08
2.87923e-08
3.40573e-08
3.84739e-08
4.20771e-08
4.50073e-08
4.74567e-08
4.96163e-08
5.16396e-08
5.363e-08
5.56469e-08
5.77208e-08
5.98654e-08
6.20876e-08
6.43923e-08
6.67828e-08
6.92619e-08
)
;
    }
    plate
    {
        type            calculated;
        value           uniform 0;
    }
    symmBound
    {
        type            calculated;
        value           nonuniform List<scalar> 
25
(
5.5488e-11
-1.95626e-11
-1.4124e-11
3.02072e-11
-1.48671e-10
-1.08612e-10
5.79558e-11
1.12386e-10
-2.11217e-10
-2.33569e-11
1.80939e-11
-1.11866e-10
-1.61159e-10
-8.1983e-12
-6.56167e-11
-2.43137e-12
-6.70785e-10
-8.66072e-11
-4.54414e-10
-2.6435e-10
-3.41048e-11
-3.21299e-10
-5.5568e-10
-4.77484e-10
-1.32066e-09
)
;
    }
    frontAndBack
    {
        type            empty;
        value           nonuniform 0();
    }
}


// ************************************************************************* //
