/*--------------------------------*- C++ -*----------------------------------*\
| =========                 |                                                 |
| \\      /  F ield         | OpenFOAM: The Open Source CFD Toolbox           |
|  \\    /   O peration     | Version:  2.3.0                                 |
|   \\  /    A nd           | Web:      www.OpenFOAM.org                      |
|    \\/     M anipulation  |                                                 |
\*---------------------------------------------------------------------------*/
FoamFile
{
    version     2.0;
    format      ascii;
    class       volVectorField;
    location    "0.65";
    object      U_0;
}
// * * * * * * * * * * * * * * * * * * * * * * * * * * * * * * * * * * * * * //

dimensions      [0 1 -1 0 0 0 0];

internalField   nonuniform List<vector> 
3375
(
(0.175653 0.00438952 0)
(0.155164 0.00597586 0)
(0.136587 0.00611687 0)
(0.118466 0.0055168 0)
(0.100948 0.00472085 0)
(0.0848941 0.00383684 0)
(0.0713746 0.00286952 0)
(0.0607927 0.00184852 0)
(0.0529493 0.000961826 0)
(0.0472998 0.000363312 0)
(0.0432742 4.60234e-05 0)
(0.0403998 -8.22128e-05 0)
(0.038298 -0.000105456 0)
(0.0366863 -7.95102e-05 0)
(0.0353639 -3.58859e-05 0)
(0.0342045 6.75338e-06 0)
(0.0331392 3.93748e-05 0)
(0.0321366 6.01341e-05 0)
(0.0311863 7.08978e-05 0)
(0.0302869 7.46071e-05 0)
(0.0294394 7.39577e-05 0)
(0.028644 7.09669e-05 0)
(0.0278995 6.69488e-05 0)
(0.0272034 6.26741e-05 0)
(0.0265523 5.85402e-05 0)
(0.0259423 5.47199e-05 0)
(0.0253695 5.12545e-05 0)
(0.0248304 4.81324e-05 0)
(0.0243216 4.53134e-05 0)
(0.0238402 4.27588e-05 0)
(0.0233837 4.0427e-05 0)
(0.02295 3.82895e-05 0)
(0.0225371 3.63159e-05 0)
(0.0221434 3.44898e-05 0)
(0.0217675 3.27885e-05 0)
(0.021408 3.12044e-05 0)
(0.0210639 2.97189e-05 0)
(0.0207342 2.83311e-05 0)
(0.0204179 2.70244e-05 0)
(0.0201142 2.58017e-05 0)
(0.0198225 2.4647e-05 0)
(0.0195418 2.35655e-05 0)
(0.0192718 2.2542e-05 0)
(0.0190115 2.15827e-05 0)
(0.0187608 2.06733e-05 0)
(0.0185188 1.98199e-05 0)
(0.0182853 1.9009e-05 0)
(0.0180596 1.82473e-05 0)
(0.0178418 1.7521e-05 0)
(0.0176308 1.68389e-05 0)
(0.017427 1.61861e-05 0)
(0.0172294 1.55734e-05 0)
(0.0170383 1.49851e-05 0)
(0.0168527 1.44325e-05 0)
(0.0166733 1.39008e-05 0)
(0.0164988 1.34002e-05 0)
(0.0163299 1.29174e-05 0)
(0.0161655 1.24624e-05 0)
(0.0160065 1.20218e-05 0)
(0.0158513 1.16074e-05 0)
(0.0157013 1.12042e-05 0)
(0.0155548 1.08263e-05 0)
(0.0154132 1.04559e-05 0)
(0.0152745 1.011e-05 0)
(0.0151408 9.7685e-06 0)
(0.0150095 9.45063e-06 0)
(0.014883 9.13481e-06 0)
(0.0147586 8.84213e-06 0)
(0.0146391 8.54858e-06 0)
(0.014521 8.28114e-06 0)
(0.0144081 8.00416e-06 0)
(0.014296 7.76267e-06 0)
(0.0141893 7.49852e-06 0)
(0.0140828 7.28238e-06 0)
(0.013982 7.02831e-06 0)
(0.0138808 6.83643e-06 0)
(0.0137858 6.5896e-06 0)
(0.0136894 6.42539e-06 0)
(0.0135999 6.18048e-06 0)
(0.0135081 6.04728e-06 0)
(0.0134241 5.79778e-06 0)
(0.0133363 5.70439e-06 0)
(0.0132576 5.43944e-06 0)
(0.0131736 5.39152e-06 0)
(0.0131002 5.11011e-06 0)
(0.0130193 5.11453e-06 0)
(0.0129513 4.80549e-06 0)
(0.0128729 4.87754e-06 0)
(0.0128104 4.52655e-06 0)
(0.0127337 4.68401e-06 0)
(0.0126769 4.2742e-06 0)
(0.0126008 4.54208e-06 0)
(0.01255 4.06489e-06 0)
(0.012473 4.46699e-06 0)
(0.012429 3.88993e-06 0)
(0.0123487 4.47618e-06 0)
(0.0123128 3.7542e-06 0)
(0.0122255 4.59713e-06 0)
(0.0122011 3.67186e-06 0)
(0.0120966 5.60112e-06 0)
(0.190876 0.00776568 0)
(0.189126 0.0108481 0)
(0.186659 0.0118904 0)
(0.182827 0.0117131 0)
(0.177359 0.0110789 0)
(0.170474 0.0101889 0)
(0.162817 0.00903291 0)
(0.154884 0.00761015 0)
(0.147057 0.00608152 0)
(0.13956 0.0046696 0)
(0.132525 0.00351419 0)
(0.12605 0.00264159 0)
(0.12018 0.00201558 0)
(0.11492 0.00158827 0)
(0.110223 0.00130744 0)
(0.106018 0.00112417 0)
(0.102234 0.000999794 0)
(0.0988037 0.000908369 0)
(0.0956751 0.000834689 0)
(0.0928045 0.000770829 0)
(0.0901574 0.000713142 0)
(0.087706 0.000660241 0)
(0.0854274 0.000611718 0)
(0.0833024 0.000567484 0)
(0.0813148 0.000527433 0)
(0.0794502 0.000491358 0)
(0.0776966 0.000458933 0)
(0.076043 0.000429782 0)
(0.0744802 0.0004035 0)
(0.0729998 0.00037972 0)
(0.071595 0.000358095 0)
(0.0702591 0.000338346 0)
(0.068987 0.000320217 0)
(0.0677735 0.00030352 0)
(0.0666146 0.00028807 0)
(0.0655061 0.000273744 0)
(0.0644449 0.000260405 0)
(0.0634275 0.000247979 0)
(0.0624516 0.000236357 0)
(0.061514 0.000225494 0)
(0.0606131 0.000215298 0)
(0.059746 0.000205743 0)
(0.0589114 0.000196749 0)
(0.0581068 0.000188302 0)
(0.0573314 0.000180331 0)
(0.0565826 0.000172827 0)
(0.0558602 0.000165729 0)
(0.0551615 0.000159033 0)
(0.0544868 0.000152683 0)
(0.0538333 0.000146682 0)
(0.0532017 0.000140976 0)
(0.0525891 0.000135577 0)
(0.0519968 0.000130432 0)
(0.0514214 0.000125553 0)
(0.0508649 0.000120896 0)
(0.0503235 0.000116468 0)
(0.0497998 0.000112235 0)
(0.0492896 0.000108202 0)
(0.0487962 0.000104339 0)
(0.0483148 0.000100652 0)
(0.0478494 9.71145e-05 0)
(0.0473945 9.37344e-05 0)
(0.0469551 9.0483e-05 0)
(0.0465248 8.7372e-05 0)
(0.0461099 8.43736e-05 0)
(0.0457024 8.14987e-05 0)
(0.0453104 7.87245e-05 0)
(0.0449243 7.60589e-05 0)
(0.0445539 7.34825e-05 0)
(0.0441879 7.10111e-05 0)
(0.043838 6.86011e-05 0)
(0.0434907 6.63124e-05 0)
(0.0431605 6.40457e-05 0)
(0.0428308 6.19262e-05 0)
(0.0425195 5.97847e-05 0)
(0.0422063 5.78207e-05 0)
(0.0419134 5.57879e-05 0)
(0.0416156 5.39813e-05 0)
(0.0413405 5.20347e-05 0)
(0.0410572 5.03886e-05 0)
(0.0407997 4.8504e-05 0)
(0.0405296 4.70389e-05 0)
(0.0402896 4.51814e-05 0)
(0.0400314 4.39097e-05 0)
(0.039809 4.20777e-05 0)
(0.0395614 4.10148e-05 0)
(0.0393569 3.91794e-05 0)
(0.0391178 3.83679e-05 0)
(0.0389319 3.64958e-05 0)
(0.038699 3.5984e-05 0)
(0.0385328 3.40434e-05 0)
(0.0383029 3.38988e-05 0)
(0.0381579 3.18973e-05 0)
(0.0379265 3.21746e-05 0)
(0.0378056 3.00753e-05 0)
(0.0375659 3.08826e-05 0)
(0.0374737 2.86919e-05 0)
(0.0372153 3.0146e-05 0)
(0.0371611 2.79395e-05 0)
(0.0368641 3.1792e-05 0)
(0.191972 0.00748273 0)
(0.192394 0.0101044 0)
(0.193462 0.0116597 0)
(0.194531 0.012143 0)
(0.194951 0.0120332 0)
(0.194419 0.0115948 0)
(0.19296 0.010857 0)
(0.190699 0.00984014 0)
(0.187797 0.0086552 0)
(0.184412 0.00747085 0)
(0.180693 0.00641953 0)
(0.176786 0.00555223 0)
(0.172815 0.00485671 0)
(0.168877 0.0043035 0)
(0.16502 0.00385927 0)
(0.161267 0.00349449 0)
(0.157626 0.00318642 0)
(0.154101 0.0029194 0)
(0.150692 0.00268338 0)
(0.147401 0.00247215 0)
(0.144229 0.0022818 0)
(0.141174 0.00210982 0)
(0.138236 0.00195438 0)
(0.135415 0.00181403 0)
(0.132707 0.00168744 0)
(0.13011 0.00157329 0)
(0.12762 0.00147029 0)
(0.125234 0.00137723 0)
(0.122945 0.00129294 0)
(0.120751 0.00121638 0)
(0.118646 0.00114661 0)
(0.116626 0.00108281 0)
(0.114685 0.00102427 0)
(0.112821 0.000970403 0)
(0.111028 0.000920651 0)
(0.109303 0.000874597 0)
(0.107643 0.000831825 0)
(0.106043 0.000792038 0)
(0.104501 0.000754915 0)
(0.103013 0.000720246 0)
(0.101577 0.000687773 0)
(0.10019 0.000657344 0)
(0.0988503 0.00062875 0)
(0.097554 0.000601876 0)
(0.096301 0.000576554 0)
(0.0950872 0.000552689 0)
(0.0939131 0.000530144 0)
(0.0927741 0.000508841 0)
(0.0916719 0.000488668 0)
(0.0906013 0.000469563 0)
(0.0895649 0.000451431 0)
(0.0885569 0.000434222 0)
(0.0875808 0.000417859 0)
(0.0866303 0.00040229 0)
(0.0857098 0.000387467 0)
(0.0848123 0.000373322 0)
(0.0839433 0.00035984 0)
(0.0830946 0.000346937 0)
(0.0822734 0.000334626 0)
(0.0814701 0.000322814 0)
(0.0806934 0.000311533 0)
(0.0799322 0.000300681 0)
(0.0791973 0.000290308 0)
(0.0784754 0.000280298 0)
(0.0777797 0.000270729 0)
(0.0770945 0.000261458 0)
(0.0764359 0.000252602 0)
(0.0757851 0.000243983 0)
(0.0751618 0.00023576 0)
(0.0745434 0.000227732 0)
(0.0739537 0.000220056 0)
(0.0733657 0.000212568 0)
(0.0728085 0.000205375 0)
(0.0722491 0.000198375 0)
(0.0717232 0.000191613 0)
(0.0711907 0.000185052 0)
(0.0706956 0.000178678 0)
(0.0701883 0.000172535 0)
(0.0697233 0.000166498 0)
(0.0692395 0.000160759 0)
(0.0688044 0.00015501 0)
(0.0683423 0.000149689 0)
(0.0679374 0.000144171 0)
(0.0674947 0.000139268 0)
(0.0671205 0.000133986 0)
(0.0666947 0.000129505 0)
(0.0663522 0.00012443 0)
(0.0659402 0.000120418 0)
(0.0656311 0.000115527 0)
(0.0652288 0.000112035 0)
(0.0649555 0.000107329 0)
(0.0645575 0.000104427 0)
(0.0643236 0.00010001 0)
(0.0639225 9.77212e-05 0)
(0.0637332 9.36738e-05 0)
(0.0633187 9.20813e-05 0)
(0.0631816 8.86359e-05 0)
(0.0627389 8.78844e-05 0)
(0.0626652 8.53876e-05 0)
(0.0621741 8.77862e-05 0)
(0.193009 0.00705808 0)
(0.193384 0.00895615 0)
(0.194457 0.0104391 0)
(0.196029 0.0111645 0)
(0.197613 0.0113011 0)
(0.198848 0.0110831 0)
(0.199592 0.0106083 0)
(0.199821 0.00991763 0)
(0.199554 0.00907808 0)
(0.198831 0.00819719 0)
(0.197714 0.00737814 0)
(0.19629 0.0066781 0)
(0.194648 0.00610438 0)
(0.192864 0.00563489 0)
(0.190985 0.00524343 0)
(0.189038 0.00490849 0)
(0.187035 0.00461428 0)
(0.184985 0.00434973 0)
(0.182894 0.00410741 0)
(0.180769 0.00388256 0)
(0.178617 0.00367223 0)
(0.176447 0.00347475 0)
(0.174266 0.00328911 0)
(0.172081 0.00311474 0)
(0.169901 0.00295112 0)
(0.167731 0.00279777 0)
(0.165577 0.00265417 0)
(0.163444 0.00251974 0)
(0.161337 0.0023939 0)
(0.159258 0.00227607 0)
(0.157211 0.00216566 0)
(0.155198 0.00206216 0)
(0.153222 0.00196504 0)
(0.151282 0.00187387 0)
(0.149382 0.00178818 0)
(0.14752 0.00170761 0)
(0.145699 0.00163176 0)
(0.143917 0.00156034 0)
(0.142176 0.00149299 0)
(0.140474 0.00142947 0)
(0.138813 0.00136948 0)
(0.137188 0.00131281 0)
(0.135605 0.0012592 0)
(0.134057 0.00120847 0)
(0.132548 0.00116042 0)
(0.131073 0.00111486 0)
(0.129636 0.00107164 0)
(0.128231 0.00103058 0)
(0.126863 0.000991581 0)
(0.125524 0.000954452 0)
(0.124222 0.000919136 0)
(0.122947 0.000885448 0)
(0.121706 0.000853373 0)
(0.120491 0.000822701 0)
(0.11931 0.000793478 0)
(0.118151 0.000765453 0)
(0.117026 0.000738742 0)
(0.11592 0.000713046 0)
(0.114849 0.00068855 0)
(0.113794 0.000664913 0)
(0.112773 0.000642382 0)
(0.111766 0.000620565 0)
(0.110794 0.000599779 0)
(0.109833 0.000579568 0)
(0.108906 0.000560337 0)
(0.107988 0.000541538 0)
(0.107107 0.000523697 0)
(0.106229 0.000506149 0)
(0.105391 0.000489548 0)
(0.104552 0.000473124 0)
(0.103756 0.000457614 0)
(0.102954 0.00044221 0)
(0.102198 0.000427675 0)
(0.101431 0.000413178 0)
(0.100715 0.000399527 0)
(0.0999809 0.000385837 0)
(0.0993045 0.000372995 0)
(0.0986015 0.000360046 0)
(0.0979646 0.000347936 0)
(0.0972903 0.000335679 0)
(0.0966935 0.000324231 0)
(0.0960455 0.000312647 0)
(0.0954896 0.000301791 0)
(0.094865 0.000290843 0)
(0.0943515 0.000280613 0)
(0.0937468 0.000270257 0)
(0.0932779 0.000260651 0)
(0.0926887 0.000250905 0)
(0.0922674 0.000241944 0)
(0.0916882 0.000232818 0)
(0.0913189 0.000224582 0)
(0.0907424 0.000216109 0)
(0.0904304 0.000208846 0)
(0.0898473 0.000200996 0)
(0.0895996 0.000194901 0)
(0.0889979 0.000187812 0)
(0.0888236 0.000183204 0)
(0.0881876 0.000177355 0)
(0.0880969 0.000174555 0)
(0.0874088 0.000172551 0)
(0.193872 0.00676143 0)
(0.194219 0.00820703 0)
(0.195062 0.0094886 0)
(0.196379 0.0102692 0)
(0.197886 0.0105223 0)
(0.199286 0.0104041 0)
(0.200422 0.010046 0)
(0.201249 0.00951917 0)
(0.201768 0.00887704 0)
(0.201988 0.00818817 0)
(0.201934 0.00752694 0)
(0.20165 0.00694561 0)
(0.201192 0.00646128 0)
(0.200614 0.00606313 0)
(0.199952 0.00573141 0)
(0.199222 0.00544827 0)
(0.198434 0.00520026 0)
(0.197588 0.00497772 0)
(0.196683 0.00477381 0)
(0.19572 0.00458383 0)
(0.194699 0.00440465 0)
(0.193623 0.00423436 0)
(0.192495 0.00407182 0)
(0.191319 0.00391639 0)
(0.190098 0.00376765 0)
(0.188836 0.0036253 0)
(0.187539 0.00348906 0)
(0.18621 0.00335864 0)
(0.184853 0.00323376 0)
(0.183471 0.00311413 0)
(0.18207 0.00299949 0)
(0.18065 0.00288958 0)
(0.179219 0.00278417 0)
(0.177776 0.00268304 0)
(0.176327 0.00258601 0)
(0.174872 0.00249287 0)
(0.173417 0.00240346 0)
(0.17196 0.00231763 0)
(0.170508 0.00223524 0)
(0.169059 0.00215614 0)
(0.167618 0.00208022 0)
(0.166183 0.00200733 0)
(0.164761 0.0019374 0)
(0.163347 0.00187022 0)
(0.161949 0.00180578 0)
(0.16056 0.00174385 0)
(0.159191 0.00168446 0)
(0.157831 0.00162733 0)
(0.156493 0.00157256 0)
(0.155166 0.00151983 0)
(0.153863 0.00146929 0)
(0.15257 0.00142057 0)
(0.151303 0.00137389 0)
(0.150046 0.0013288 0)
(0.148816 0.00128564 0)
(0.147595 0.00124384 0)
(0.146404 0.00120387 0)
(0.14522 0.00116504 0)
(0.144068 0.00112797 0)
(0.142921 0.00109183 0)
(0.141808 0.00105738 0)
(0.140698 0.00102367 0)
(0.139625 0.000991605 0)
(0.138551 0.00096007 0)
(0.137517 0.000930169 0)
(0.136479 0.000900572 0)
(0.135484 0.000872641 0)
(0.134481 0.000844777 0)
(0.133525 0.000818636 0)
(0.132556 0.000792339 0)
(0.13164 0.0007678 0)
(0.130704 0.000742924 0)
(0.129828 0.000719848 0)
(0.128924 0.00069623 0)
(0.128089 0.000674507 0)
(0.127215 0.000651995 0)
(0.126421 0.000631545 0)
(0.125575 0.000610023 0)
(0.124824 0.000590757 0)
(0.124005 0.000570134 0)
(0.123298 0.000551987 0)
(0.122503 0.000532197 0)
(0.121842 0.000515106 0)
(0.121068 0.000496057 0)
(0.120457 0.000480115 0)
(0.119699 0.00046169 0)
(0.119141 0.000446947 0)
(0.118395 0.000429127 0)
(0.117895 0.000415656 0)
(0.117155 0.000398408 0)
(0.116718 0.000386361 0)
(0.115975 0.000369712 0)
(0.115609 0.000359437 0)
(0.114854 0.000343389 0)
(0.114566 0.000335078 0)
(0.113787 0.000319977 0)
(0.113586 0.000313899 0)
(0.112768 0.000300643 0)
(0.112665 0.00029716 0)
(0.111792 0.000288228 0)
(0.194593 0.00652697 0)
(0.194929 0.0076946 0)
(0.195624 0.00877479 0)
(0.196688 0.00952887 0)
(0.19796 0.00985194 0)
(0.199221 0.00981576 0)
(0.200316 0.00954139 0)
(0.201188 0.00911652 0)
(0.201835 0.00859632 0)
(0.20227 0.00803003 0)
(0.202512 0.00747115 0)
(0.20259 0.00696432 0)
(0.202545 0.00653129 0)
(0.202418 0.00617096 0)
(0.202238 0.00587049 0)
(0.202024 0.00561526 0)
(0.201782 0.00539334 0)
(0.201511 0.00519593 0)
(0.201209 0.00501678 0)
(0.200873 0.00485143 0)
(0.200501 0.00469679 0)
(0.20009 0.00455075 0)
(0.199643 0.00441195 0)
(0.199156 0.00427944 0)
(0.198632 0.00415263 0)
(0.19807 0.00403102 0)
(0.197472 0.00391425 0)
(0.196838 0.0038019 0)
(0.19617 0.00369369 0)
(0.195468 0.00358924 0)
(0.194736 0.00348832 0)
(0.193972 0.0033906 0)
(0.19318 0.00329597 0)
(0.192359 0.00320413 0)
(0.191515 0.00311501 0)
(0.190643 0.00302838 0)
(0.189752 0.00294422 0)
(0.188836 0.00286229 0)
(0.187905 0.00278266 0)
(0.186952 0.00270509 0)
(0.185987 0.00262971 0)
(0.185002 0.00255626 0)
(0.18401 0.00248492 0)
(0.183 0.00241539 0)
(0.181987 0.00234792 0)
(0.180959 0.0022821 0)
(0.17993 0.0022183 0)
(0.178888 0.002156 0)
(0.17785 0.00209568 0)
(0.176798 0.00203675 0)
(0.175756 0.00197978 0)
(0.1747 0.00192405 0)
(0.173657 0.00187028 0)
(0.172602 0.00181756 0)
(0.171563 0.00176681 0)
(0.170511 0.00171691 0)
(0.16948 0.00166901 0)
(0.168435 0.00162175 0)
(0.167415 0.00157653 0)
(0.166379 0.00153176 0)
(0.165373 0.00148906 0)
(0.164349 0.00144658 0)
(0.16336 0.00140626 0)
(0.16235 0.00136587 0)
(0.161381 0.00132777 0)
(0.160386 0.0012893 0)
(0.159438 0.00125329 0)
(0.158459 0.00121655 0)
(0.157535 0.00118249 0)
(0.156574 0.00114734 0)
(0.155677 0.00111509 0)
(0.154733 0.00108139 0)
(0.153864 0.00105083 0)
(0.152938 0.00101842 0)
(0.152101 0.000989484 0)
(0.151192 0.000958174 0)
(0.150388 0.000930825 0)
(0.149496 0.000900481 0)
(0.148729 0.00087466 0)
(0.147852 0.000845165 0)
(0.147126 0.000820851 0)
(0.146262 0.000792104 0)
(0.145579 0.000769266 0)
(0.144726 0.000741142 0)
(0.144092 0.000719955 0)
(0.143245 0.000692279 0)
(0.142665 0.000672845 0)
(0.14182 0.000645604 0)
(0.141299 0.000628024 0)
(0.140451 0.000601196 0)
(0.139997 0.000585647 0)
(0.139138 0.000559331 0)
(0.138758 0.000546208 0)
(0.137878 0.00052051 0)
(0.137581 0.000509945 0)
(0.136671 0.000485444 0)
(0.136465 0.00047771 0)
(0.135512 0.000455586 0)
(0.135406 0.000451255 0)
(0.134397 0.000433653 0)
(0.195213 0.00631827 0)
(0.195535 0.00728901 0)
(0.196128 0.00819337 0)
(0.196999 0.00887554 0)
(0.198057 0.00922851 0)
(0.199148 0.0092646 0)
(0.200138 0.00906987 0)
(0.200956 0.00872932 0)
(0.201589 0.00830167 0)
(0.202049 0.00782952 0)
(0.202354 0.00735262 0)
(0.20253 0.00690646 0)
(0.202608 0.00651348 0)
(0.202619 0.00617916 0)
(0.202592 0.00589705 0)
(0.202543 0.00565624 0)
(0.202483 0.00544657 0)
(0.202412 0.0052602 0)
(0.20233 0.00509168 0)
(0.202233 0.00493707 0)
(0.202121 0.00479368 0)
(0.201991 0.00465945 0)
(0.201844 0.00453303 0)
(0.201676 0.00441333 0)
(0.201491 0.00429966 0)
(0.201283 0.00419133 0)
(0.201057 0.00408795 0)
(0.200808 0.00398893 0)
(0.20054 0.00389399 0)
(0.200248 0.00380258 0)
(0.199937 0.00371452 0)
(0.199601 0.00362931 0)
(0.199247 0.00354688 0)
(0.198868 0.00346676 0)
(0.198471 0.00338902 0)
(0.198048 0.00331318 0)
(0.197609 0.00323939 0)
(0.197144 0.00316719 0)
(0.196664 0.0030968 0)
(0.196157 0.00302775 0)
(0.195637 0.00296038 0)
(0.195091 0.00289418 0)
(0.194535 0.0028296 0)
(0.193951 0.00276603 0)
(0.193361 0.0027041 0)
(0.192743 0.00264299 0)
(0.19212 0.00258351 0)
(0.19147 0.00252468 0)
(0.190819 0.00246749 0)
(0.19014 0.00241081 0)
(0.189464 0.00235585 0)
(0.188759 0.00230126 0)
(0.188061 0.00224849 0)
(0.187333 0.00219589 0)
(0.186617 0.00214524 0)
(0.185868 0.0020945 0)
(0.185137 0.00204585 0)
(0.184371 0.00199687 0)
(0.183628 0.00195015 0)
(0.182848 0.00190286 0)
(0.182096 0.00185805 0)
(0.181304 0.00181236 0)
(0.180548 0.00176939 0)
(0.179747 0.00172516 0)
(0.178989 0.00168396 0)
(0.17818 0.00164105 0)
(0.177424 0.00160157 0)
(0.17661 0.00155988 0)
(0.17586 0.00152209 0)
(0.175042 0.0014815 0)
(0.1743 0.00144531 0)
(0.173479 0.00140574 0)
(0.17275 0.00137111 0)
(0.171928 0.0013324 0)
(0.171214 0.00129934 0)
(0.170391 0.00126131 0)
(0.169698 0.00122987 0)
(0.168873 0.0011924 0)
(0.168204 0.00116257 0)
(0.167378 0.00112556 0)
(0.166738 0.00109738 0)
(0.165908 0.00106073 0)
(0.165302 0.00103422 0)
(0.164468 0.000997808 0)
(0.163902 0.000973224 0)
(0.16306 0.000936877 0)
(0.162539 0.000914346 0)
(0.161686 0.000878125 0)
(0.161217 0.000857754 0)
(0.160348 0.00082171 0)
(0.159939 0.000803671 0)
(0.159049 0.000768018 0)
(0.158706 0.000752749 0)
(0.157788 0.000717702 0)
(0.15752 0.000705314 0)
(0.156566 0.000671631 0)
(0.15638 0.000662499 0)
(0.15538 0.000631516 0)
(0.155286 0.000626481 0)
(0.15423 0.000599996 0)
(0.195753 0.00612132 0)
(0.196058 0.00693845 0)
(0.196571 0.00769659 0)
(0.197295 0.0082945 0)
(0.198176 0.00864694 0)
(0.19911 0.00873751 0)
(0.199988 0.00861576 0)
(0.200739 0.00835136 0)
(0.201338 0.00800182 0)
(0.201788 0.00760804 0)
(0.202106 0.00720244 0)
(0.202313 0.00681269 0)
(0.202434 0.00645901 0)
(0.202495 0.0061501 0)
(0.202519 0.00588451 0)
(0.202522 0.00565503 0)
(0.202517 0.00545369 0)
(0.202504 0.00527373 0)
(0.202488 0.00511052 0)
(0.202463 0.00496068 0)
(0.202433 0.00482204 0)
(0.202394 0.00469272 0)
(0.202349 0.00457158 0)
(0.202293 0.00445742 0)
(0.202232 0.00434963 0)
(0.202159 0.00424737 0)
(0.20208 0.00415034 0)
(0.201989 0.00405779 0)
(0.201892 0.00396959 0)
(0.201782 0.00388499 0)
(0.201665 0.00380399 0)
(0.201533 0.00372586 0)
(0.201396 0.00365074 0)
(0.201242 0.0035779 0)
(0.201082 0.00350764 0)
(0.200904 0.00343919 0)
(0.20072 0.00337298 0)
(0.200516 0.00330817 0)
(0.200309 0.00324533 0)
(0.200078 0.00318356 0)
(0.199845 0.00312358 0)
(0.199587 0.0030644 0)
(0.199328 0.00300695 0)
(0.199042 0.00295006 0)
(0.198758 0.00289492 0)
(0.198444 0.00284009 0)
(0.198133 0.00278702 0)
(0.197791 0.00273398 0)
(0.197454 0.00268273 0)
(0.197084 0.00263124 0)
(0.196723 0.00258165 0)
(0.196326 0.00253162 0)
(0.195941 0.00248366 0)
(0.195517 0.00243499 0)
(0.19511 0.00238862 0)
(0.19466 0.00234115 0)
(0.194232 0.0022962 0)
(0.193757 0.00224977 0)
(0.19331 0.00220616 0)
(0.192811 0.00216069 0)
(0.192347 0.00211843 0)
(0.191825 0.00207389 0)
(0.191347 0.00203295 0)
(0.190803 0.00198919 0)
(0.190312 0.00194953 0)
(0.189748 0.00190638 0)
(0.189248 0.00186798 0)
(0.188664 0.00182534 0)
(0.188157 0.00178824 0)
(0.187555 0.00174604 0)
(0.187044 0.00171018 0)
(0.186425 0.00166835 0)
(0.185913 0.00163375 0)
(0.185277 0.00159212 0)
(0.184768 0.00155883 0)
(0.184116 0.00151723 0)
(0.183614 0.00148537 0)
(0.182945 0.00144371 0)
(0.182455 0.00141332 0)
(0.181769 0.00137152 0)
(0.181295 0.00134267 0)
(0.180592 0.00130064 0)
(0.180139 0.00127335 0)
(0.179416 0.00123108 0)
(0.178989 0.00120567 0)
(0.178247 0.00116299 0)
(0.177852 0.0011396 0)
(0.177086 0.00109665 0)
(0.176729 0.00107534 0)
(0.175937 0.0010323 0)
(0.175625 0.00101327 0)
(0.174804 0.000970515 0)
(0.174542 0.000954238 0)
(0.173687 0.000911966 0)
(0.173482 0.000898575 0)
(0.172589 0.000857723 0)
(0.172448 0.000847795 0)
(0.17151 0.000809826 0)
(0.171438 0.000804338 0)
(0.17045 0.000770739 0)
(0.196227 0.0059314 0)
(0.196512 0.0066242 0)
(0.19696 0.00726386 0)
(0.19757 0.00778266 0)
(0.198309 0.00811779 0)
(0.199104 0.00824408 0)
(0.199875 0.00818436 0)
(0.200556 0.00798872 0)
(0.201117 0.00770802 0)
(0.20155 0.00738154 0)
(0.201869 0.00703832 0)
(0.20209 0.00670082 0)
(0.202236 0.0063862 0)
(0.202323 0.00610391 0)
(0.202374 0.00585585 0)
(0.202401 0.00563805 0)
(0.202418 0.00544494 0)
(0.202425 0.00527093 0)
(0.20243 0.00511227 0)
(0.202426 0.00496595 0)
(0.202421 0.00483036 0)
(0.202407 0.00470376 0)
(0.202392 0.00458532 0)
(0.202369 0.00447374 0)
(0.202346 0.00436863 0)
(0.202314 0.00426895 0)
(0.202283 0.00417461 0)
(0.202243 0.00408465 0)
(0.202205 0.00399922 0)
(0.202157 0.00391731 0)
(0.202112 0.00383925 0)
(0.202056 0.00376399 0)
(0.202002 0.00369204 0)
(0.201937 0.0036223 0)
(0.201875 0.00355547 0)
(0.201799 0.00349037 0)
(0.201728 0.00342787 0)
(0.201641 0.00336668 0)
(0.20156 0.00330784 0)
(0.20146 0.00324991 0)
(0.201367 0.00319416 0)
(0.201253 0.00313898 0)
(0.201149 0.00308594 0)
(0.20102 0.00303315 0)
(0.200902 0.00298257 0)
(0.200758 0.00293192 0)
(0.200626 0.00288353 0)
(0.200464 0.00283471 0)
(0.200319 0.0027882 0)
(0.200139 0.00274088 0)
(0.199978 0.00269599 0)
(0.199779 0.00264996 0)
(0.199604 0.00260664 0)
(0.199385 0.00256179 0)
(0.199194 0.00252001 0)
(0.198956 0.00247617 0)
(0.19875 0.00243571 0)
(0.19849 0.00239262 0)
(0.19827 0.0023533 0)
(0.197989 0.0023108 0)
(0.197754 0.0022726 0)
(0.197452 0.00223066 0)
(0.197204 0.00219361 0)
(0.196879 0.00215206 0)
(0.196619 0.00211608 0)
(0.196273 0.00207467 0)
(0.196002 0.00203972 0)
(0.195634 0.00199829 0)
(0.195353 0.00196442 0)
(0.194962 0.00192291 0)
(0.194674 0.00189004 0)
(0.194261 0.00184839 0)
(0.193968 0.00181655 0)
(0.193532 0.00177459 0)
(0.193235 0.0017438 0)
(0.192777 0.0017013 0)
(0.19248 0.00167171 0)
(0.191999 0.00162858 0)
(0.191705 0.00160028 0)
(0.191199 0.00155651 0)
(0.190912 0.00152951 0)
(0.190381 0.00148503 0)
(0.190104 0.00145925 0)
(0.189548 0.00141413 0)
(0.189285 0.00138997 0)
(0.188702 0.00134407 0)
(0.188457 0.00132171 0)
(0.187846 0.00127524 0)
(0.187623 0.00125456 0)
(0.186982 0.00120772 0)
(0.186787 0.00118896 0)
(0.186115 0.00114247 0)
(0.18595 0.00112631 0)
(0.185244 0.00108009 0)
(0.185115 0.00106647 0)
(0.184373 0.00102159 0)
(0.184285 0.00101142 0)
(0.183504 0.00096978 0)
(0.183458 0.000964043 0)
(0.182634 0.000926479 0)
(0.196646 0.00574819 0)
(0.196909 0.00633936 0)
(0.197303 0.00688401 0)
(0.197823 0.00733426 0)
(0.198447 0.00764488 0)
(0.199124 0.00779114 0)
(0.199796 0.00778022 0)
(0.200408 0.00764452 0)
(0.200927 0.00742499 0)
(0.20134 0.00715735 0)
(0.201655 0.0068687 0)
(0.201884 0.00657852 0)
(0.202045 0.00630143 0)
(0.202151 0.00604633 0)
(0.202221 0.00581699 0)
(0.202265 0.00561197 0)
(0.202297 0.00542797 0)
(0.202316 0.00526064 0)
(0.202331 0.00510714 0)
(0.202337 0.00496475 0)
(0.202341 0.00483236 0)
(0.202337 0.00470831 0)
(0.202332 0.00459214 0)
(0.202319 0.00448245 0)
(0.202308 0.00437914 0)
(0.202288 0.00428095 0)
(0.202271 0.00418808 0)
(0.202247 0.00409931 0)
(0.202226 0.00401513 0)
(0.202197 0.00393423 0)
(0.202174 0.00385733 0)
(0.20214 0.003783 0)
(0.202115 0.00371222 0)
(0.202077 0.00364344 0)
(0.202049 0.00357785 0)
(0.202008 0.0035138 0)
(0.201977 0.00345268 0)
(0.201931 0.00339267 0)
(0.201898 0.0033354 0)
(0.201847 0.00327881 0)
(0.201811 0.00322484 0)
(0.201754 0.00317115 0)
(0.201714 0.00312009 0)
(0.201651 0.00306893 0)
(0.201607 0.00302052 0)
(0.201537 0.00297167 0)
(0.201488 0.00292568 0)
(0.20141 0.00287881 0)
(0.201356 0.00283492 0)
(0.201268 0.00278966 0)
(0.201209 0.00274757 0)
(0.201111 0.00270365 0)
(0.201045 0.00266328 0)
(0.200937 0.00262057 0)
(0.200864 0.00258191 0)
(0.200744 0.00254027 0)
(0.200664 0.00250309 0)
(0.20053 0.0024622 0)
(0.200444 0.00242624 0)
(0.200296 0.00238587 0)
(0.200202 0.00235105 0)
(0.20004 0.00231114 0)
(0.199939 0.00227755 0)
(0.199761 0.00223792 0)
(0.199653 0.00220548 0)
(0.199457 0.0021658 0)
(0.199343 0.00213441 0)
(0.19913 0.00209446 0)
(0.199009 0.00206413 0)
(0.198778 0.00202388 0)
(0.198652 0.00199447 0)
(0.198401 0.00195387 0)
(0.198271 0.00192542 0)
(0.198 0.00188427 0)
(0.197866 0.00185674 0)
(0.197575 0.00181475 0)
(0.197439 0.0017883 0)
(0.197125 0.00174534 0)
(0.196989 0.00172001 0)
(0.196654 0.00167625 0)
(0.196519 0.00165198 0)
(0.196159 0.00160731 0)
(0.196028 0.00158384 0)
(0.195645 0.00153837 0)
(0.195519 0.00151624 0)
(0.195111 0.00146975 0)
(0.194994 0.00144921 0)
(0.194559 0.00140217 0)
(0.194452 0.00138284 0)
(0.193989 0.00133524 0)
(0.193895 0.00131711 0)
(0.193406 0.00127003 0)
(0.193327 0.00125467 0)
(0.192808 0.00120778 0)
(0.192746 0.00119438 0)
(0.192197 0.00114857 0)
(0.192155 0.0011382 0)
(0.191577 0.00109637 0)
(0.191555 0.00109065 0)
(0.190943 0.00105235 0)
(0.197017 0.0055724 0)
(0.19726 0.00608049 0)
(0.197607 0.00654839 0)
(0.198054 0.00694084 0)
(0.198585 0.00722504 0)
(0.199163 0.00737979 0)
(0.199747 0.00740464 0)
(0.200291 0.00731878 0)
(0.200767 0.00715282 0)
(0.201157 0.00693703 0)
(0.201464 0.00669637 0)
(0.201695 0.00644855 0)
(0.201866 0.00620655 0)
(0.201986 0.00597834 0)
(0.202072 0.00576858 0)
(0.202129 0.00557745 0)
(0.202173 0.00540363 0)
(0.202202 0.00524396 0)
(0.202225 0.00509652 0)
(0.202238 0.00495886 0)
(0.202249 0.00483032 0)
(0.202251 0.00470927 0)
(0.202252 0.00459566 0)
(0.202244 0.004488 0)
(0.202238 0.0043865 0)
(0.202223 0.0042897 0)
(0.202212 0.00419813 0)
(0.202192 0.00411029 0)
(0.202178 0.00402703 0)
(0.202155 0.00394672 0)
(0.202138 0.0038705 0)
(0.202112 0.00379654 0)
(0.202095 0.00372629 0)
(0.202066 0.00365775 0)
(0.202048 0.00359261 0)
(0.202017 0.00352873 0)
(0.201999 0.00346805 0)
(0.201966 0.0034082 0)
(0.201948 0.0033514 0)
(0.201913 0.00329501 0)
(0.201895 0.0032416 0)
(0.201858 0.00318814 0)
(0.20184 0.00313774 0)
(0.2018 0.00308687 0)
(0.201782 0.00303923 0)
(0.20174 0.00299073 0)
(0.201722 0.00294565 0)
(0.201676 0.00289924 0)
(0.201657 0.00285643 0)
(0.201608 0.00281173 0)
(0.201589 0.00277089 0)
(0.201535 0.00272759 0)
(0.201515 0.00268863 0)
(0.201455 0.00264658 0)
(0.201434 0.0026095 0)
(0.201369 0.00256862 0)
(0.201347 0.00253322 0)
(0.201275 0.00249319 0)
(0.201251 0.00245916 0)
(0.201171 0.0024197 0)
(0.201146 0.00238689 0)
(0.201058 0.00234793 0)
(0.201031 0.00231652 0)
(0.200933 0.00227785 0)
(0.200904 0.00224778 0)
(0.200796 0.00220905 0)
(0.200765 0.00218015 0)
(0.200646 0.00214111 0)
(0.200613 0.00211334 0)
(0.200482 0.00207404 0)
(0.200447 0.00204715 0)
(0.200303 0.00200752 0)
(0.200267 0.00198162 0)
(0.200109 0.00194145 0)
(0.200071 0.00191645 0)
(0.199898 0.00187539 0)
(0.199859 0.00185146 0)
(0.19967 0.00180934 0)
(0.199631 0.00178634 0)
(0.199426 0.00174356 0)
(0.199387 0.00172147 0)
(0.199164 0.00167791 0)
(0.199126 0.00165624 0)
(0.198885 0.00161186 0)
(0.198848 0.00159142 0)
(0.198588 0.00154589 0)
(0.198555 0.00152683 0)
(0.198275 0.00148109 0)
(0.198244 0.00146293 0)
(0.197944 0.00141674 0)
(0.197916 0.00139889 0)
(0.197597 0.00135309 0)
(0.197575 0.00133858 0)
(0.197233 0.00129332 0)
(0.197215 0.00128029 0)
(0.19685 0.0012358 0)
(0.196839 0.00122484 0)
(0.196456 0.00118501 0)
(0.19645 0.00117968 0)
(0.196042 0.00114292 0)
(0.197348 0.00540479 0)
(0.19757 0.0058447 0)
(0.197878 0.00624987 0)
(0.198265 0.0065938 0)
(0.198719 0.00685224 0)
(0.199215 0.007008 0)
(0.199721 0.00705752 0)
(0.200202 0.00701137 0)
(0.200634 0.00689114 0)
(0.200998 0.00672092 0)
(0.201295 0.00652278 0)
(0.201524 0.00631285 0)
(0.201701 0.00610317 0)
(0.20183 0.00590092 0)
(0.201927 0.00571108 0)
(0.201996 0.00553473 0)
(0.202049 0.00537209 0)
(0.202087 0.005221 0)
(0.202118 0.00508046 0)
(0.202137 0.0049483 0)
(0.202154 0.0048243 0)
(0.202161 0.00470684 0)
(0.202166 0.00459625 0)
(0.202163 0.00449096 0)
(0.20216 0.00439155 0)
(0.202149 0.00429635 0)
(0.202142 0.00420624 0)
(0.202125 0.00411944 0)
(0.202114 0.00403717 0)
(0.202094 0.00395747 0)
(0.202081 0.00388191 0)
(0.202058 0.00380828 0)
(0.202043 0.00373846 0)
(0.202018 0.00367005 0)
(0.202003 0.00360518 0)
(0.201976 0.00354128 0)
(0.201961 0.00348076 0)
(0.201933 0.0034208 0)
(0.201919 0.00336411 0)
(0.20189 0.00330755 0)
(0.201877 0.00325424 0)
(0.201847 0.0032006 0)
(0.201835 0.00315033 0)
(0.201804 0.00309925 0)
(0.201793 0.00305176 0)
(0.20176 0.00300305 0)
(0.201751 0.00295817 0)
(0.201717 0.00291156 0)
(0.201709 0.00286905 0)
(0.201674 0.0028242 0)
(0.201667 0.00278375 0)
(0.20163 0.00274032 0)
(0.201625 0.00270187 0)
(0.201586 0.00265969 0)
(0.201582 0.00262321 0)
(0.20154 0.00258227 0)
(0.201538 0.00254759 0)
(0.201493 0.00250762 0)
(0.201492 0.00247438 0)
(0.201443 0.00243509 0)
(0.201443 0.00240314 0)
(0.201391 0.00236437 0)
(0.201391 0.00233397 0)
(0.201334 0.0022955 0)
(0.201336 0.00226663 0)
(0.201273 0.00222817 0)
(0.201276 0.00220056 0)
(0.201207 0.00216187 0)
(0.20121 0.0021354 0)
(0.201135 0.00209664 0)
(0.201139 0.00207102 0)
(0.201056 0.00203205 0)
(0.20106 0.00200744 0)
(0.20097 0.00196807 0)
(0.200974 0.0019444 0)
(0.200875 0.00190416 0)
(0.20088 0.00188162 0)
(0.200771 0.00184044 0)
(0.200777 0.00181861 0)
(0.200658 0.00177708 0)
(0.200663 0.00175604 0)
(0.200534 0.00171403 0)
(0.200539 0.00169317 0)
(0.200398 0.00165033 0)
(0.200404 0.0016308 0)
(0.20025 0.00158679 0)
(0.200257 0.00156836 0)
(0.200091 0.00152467 0)
(0.200097 0.00150703 0)
(0.199919 0.00146327 0)
(0.199922 0.00144526 0)
(0.199732 0.00140125 0)
(0.199738 0.00138724 0)
(0.199532 0.00134458 0)
(0.199536 0.00133187 0)
(0.199315 0.00128986 0)
(0.199317 0.00127795 0)
(0.199086 0.00124067 0)
(0.199088 0.00123602 0)
(0.198839 0.00120179 0)
(0.197644 0.00524581 0)
(0.197847 0.00562932 0)
(0.19812 0.00598266 0)
(0.198456 0.0062857 0)
(0.198848 0.00652022 0)
(0.199274 0.00667253 0)
(0.199713 0.00673823 0)
(0.200136 0.00672264 0)
(0.200526 0.00664045 0)
(0.200863 0.00650984 0)
(0.201145 0.00634939 0)
(0.201369 0.00617348 0)
(0.201548 0.0059934 0)
(0.201683 0.00581577 0)
(0.201788 0.00564567 0)
(0.201866 0.00548464 0)
(0.201927 0.00533393 0)
(0.201972 0.00519218 0)
(0.20201 0.00505925 0)
(0.202035 0.00493326 0)
(0.202057 0.00481438 0)
(0.202068 0.00470108 0)
(0.202078 0.00459395 0)
(0.202079 0.00449144 0)
(0.20208 0.00439441 0)
(0.202073 0.00430109 0)
(0.202068 0.00421265 0)
(0.202054 0.00412709 0)
(0.202046 0.00404598 0)
(0.202028 0.00396705 0)
(0.202017 0.00389225 0)
(0.201996 0.00381905 0)
(0.201984 0.0037497 0)
(0.201961 0.00368148 0)
(0.201947 0.00361687 0)
(0.201923 0.00355301 0)
(0.20191 0.00349258 0)
(0.201884 0.00343252 0)
(0.201871 0.00337583 0)
(0.201845 0.00331908 0)
(0.201833 0.00326573 0)
(0.201806 0.00321182 0)
(0.201795 0.0031615 0)
(0.201768 0.00311011 0)
(0.201758 0.00306255 0)
(0.201731 0.00301349 0)
(0.201722 0.00296853 0)
(0.201694 0.00292155 0)
(0.201688 0.00287899 0)
(0.201659 0.00283377 0)
(0.201654 0.00279334 0)
(0.201625 0.00274953 0)
(0.201622 0.00271115 0)
(0.201592 0.0026686 0)
(0.201591 0.00263221 0)
(0.20156 0.00259094 0)
(0.201561 0.00255636 0)
(0.201529 0.00251616 0)
(0.201532 0.00248305 0)
(0.201498 0.00244364 0)
(0.201503 0.00241184 0)
(0.201468 0.00237296 0)
(0.201474 0.00234282 0)
(0.201437 0.00230423 0)
(0.201446 0.00227573 0)
(0.201406 0.00223724 0)
(0.201416 0.00221003 0)
(0.201373 0.00217144 0)
(0.201386 0.0021453 0)
(0.20134 0.00210689 0)
(0.201353 0.00208153 0)
(0.201304 0.00204302 0)
(0.201319 0.00201871 0)
(0.201266 0.00197994 0)
(0.201281 0.00195661 0)
(0.201224 0.00191702 0)
(0.201241 0.00189487 0)
(0.201178 0.00185457 0)
(0.201196 0.00183289 0)
(0.201128 0.00179254 0)
(0.201146 0.00177159 0)
(0.201073 0.00173108 0)
(0.20109 0.00171024 0)
(0.201011 0.0016688 0)
(0.201029 0.0016495 0)
(0.200942 0.001607 0)
(0.20096 0.00158847 0)
(0.200867 0.00154676 0)
(0.200883 0.00152903 0)
(0.200783 0.00148778 0)
(0.200796 0.00146946 0)
(0.200688 0.00142699 0)
(0.200702 0.00141308 0)
(0.200585 0.00137292 0)
(0.200595 0.00136043 0)
(0.200468 0.00132113 0)
(0.200474 0.00130831 0)
(0.200341 0.00127306 0)
(0.200346 0.00126912 0)
(0.200202 0.0012374 0)
(0.197909 0.00509558 0)
(0.198094 0.00543203 0)
(0.198337 0.00574219 0)
(0.19863 0.00601061 0)
(0.198969 0.00622348 0)
(0.199337 0.00636994 0)
(0.199718 0.00644569 0)
(0.20009 0.00645304 0)
(0.200438 0.00640176 0)
(0.200747 0.006305 0)
(0.201012 0.00617779 0)
(0.20123 0.00603241 0)
(0.201406 0.00587936 0)
(0.201545 0.0057248 0)
(0.201655 0.00557385 0)
(0.201739 0.00542825 0)
(0.201808 0.0052899 0)
(0.201859 0.00515808 0)
(0.201902 0.00503328 0)
(0.201932 0.00491399 0)
(0.201958 0.00480073 0)
(0.201974 0.00469204 0)
(0.201988 0.00458879 0)
(0.201993 0.00448944 0)
(0.201997 0.0043951 0)
(0.201993 0.00430394 0)
(0.20199 0.00421739 0)
(0.20198 0.00413329 0)
(0.201974 0.00405349 0)
(0.201959 0.00397551 0)
(0.201949 0.00390158 0)
(0.201932 0.00382897 0)
(0.20192 0.00376015 0)
(0.2019 0.00369226 0)
(0.201887 0.00362794 0)
(0.201866 0.0035642 0)
(0.201852 0.00350388 0)
(0.20183 0.0034438 0)
(0.201817 0.00338708 0)
(0.201794 0.0033302 0)
(0.201781 0.00327676 0)
(0.201758 0.00322264 0)
(0.201746 0.00317219 0)
(0.201722 0.00312053 0)
(0.201711 0.00307281 0)
(0.201687 0.00302343 0)
(0.201678 0.00297828 0)
(0.201654 0.00293094 0)
(0.201646 0.00288818 0)
(0.201622 0.00284259 0)
(0.201616 0.00280199 0)
(0.201591 0.0027578 0)
(0.201587 0.00271929 0)
(0.201562 0.00267636 0)
(0.20156 0.00263979 0)
(0.201535 0.00259821 0)
(0.201535 0.0025634 0)
(0.201509 0.00252298 0)
(0.201511 0.00248962 0)
(0.201485 0.00245007 0)
(0.201488 0.00241807 0)
(0.201462 0.00237901 0)
(0.201467 0.00234876 0)
(0.20144 0.00230998 0)
(0.201447 0.00228139 0)
(0.201419 0.00224281 0)
(0.201428 0.00221549 0)
(0.201399 0.00217697 0)
(0.201409 0.00215058 0)
(0.201379 0.00211248 0)
(0.201391 0.00208684 0)
(0.201359 0.00204869 0)
(0.201372 0.00202413 0)
(0.201339 0.00198581 0)
(0.201353 0.00196229 0)
(0.201318 0.0019232 0)
(0.201334 0.00190084 0)
(0.201296 0.00186132 0)
(0.201312 0.00183923 0)
(0.201272 0.00179987 0)
(0.201289 0.0017785 0)
(0.201246 0.00173919 0)
(0.201263 0.00171801 0)
(0.201217 0.00167763 0)
(0.201234 0.00165818 0)
(0.201184 0.00161696 0)
(0.201201 0.00159798 0)
(0.201147 0.00155785 0)
(0.201163 0.00153971 0)
(0.201106 0.00150048 0)
(0.201118 0.00148201 0)
(0.201055 0.00144068 0)
(0.201068 0.00142661 0)
(0.201001 0.00138838 0)
(0.201011 0.00137603 0)
(0.200937 0.00133908 0)
(0.200942 0.00132579 0)
(0.200864 0.00129179 0)
(0.200868 0.00128839 0)
(0.200783 0.00125865 0)
(0.198148 0.00495399 0)
(0.198316 0.00525088 0)
(0.198532 0.00552483 0)
(0.198789 0.00576387 0)
(0.199083 0.00595743 0)
(0.199401 0.00609691 0)
(0.199732 0.00617847 0)
(0.200059 0.00620272 0)
(0.200369 0.00617606 0)
(0.20065 0.00610772 0)
(0.200897 0.00600945 0)
(0.201104 0.00589135 0)
(0.201277 0.00576288 0)
(0.201415 0.00562975 0)
(0.201528 0.00549705 0)
(0.201617 0.00536663 0)
(0.20169 0.00524079 0)
(0.201746 0.00511922 0)
(0.201794 0.00500293 0)
(0.201829 0.00489074 0)
(0.201859 0.00478347 0)
(0.201879 0.00467981 0)
(0.201895 0.00458078 0)
(0.201904 0.00448494 0)
(0.201911 0.00439357 0)
(0.20191 0.00430485 0)
(0.20191 0.0042204 0)
(0.201903 0.00413799 0)
(0.201898 0.00405966 0)
(0.201887 0.00398281 0)
(0.201878 0.00390987 0)
(0.201863 0.00383799 0)
(0.201853 0.00376979 0)
(0.201835 0.00370235 0)
(0.201823 0.00363836 0)
(0.201804 0.00357487 0)
(0.201792 0.00351467 0)
(0.201772 0.00345467 0)
(0.201759 0.00339794 0)
(0.201738 0.003341 0)
(0.201725 0.00328746 0)
(0.201704 0.00323318 0)
(0.201692 0.00318259 0)
(0.201671 0.00313071 0)
(0.20166 0.00308281 0)
(0.201638 0.00303315 0)
(0.201628 0.00298777 0)
(0.201607 0.00294012 0)
(0.201598 0.0028971 0)
(0.201577 0.00285118 0)
(0.20157 0.00281034 0)
(0.201548 0.0027658 0)
(0.201543 0.00272706 0)
(0.201522 0.00268382 0)
(0.201518 0.00264696 0)
(0.201496 0.00260512 0)
(0.201494 0.00256994 0)
(0.201473 0.00252934 0)
(0.201472 0.00249559 0)
(0.201451 0.00245591 0)
(0.201451 0.00242357 0)
(0.201431 0.00238435 0)
(0.201433 0.00235382 0)
(0.201412 0.00231487 0)
(0.201416 0.00228599 0)
(0.201394 0.00224735 0)
(0.2014 0.00221966 0)
(0.201378 0.00218127 0)
(0.201385 0.00215438 0)
(0.201363 0.00211655 0)
(0.201371 0.00209043 0)
(0.201349 0.00205257 0)
(0.201358 0.00202758 0)
(0.201335 0.00198958 0)
(0.201345 0.00196567 0)
(0.201321 0.00192698 0)
(0.201332 0.00190416 0)
(0.201307 0.00186528 0)
(0.201319 0.00184265 0)
(0.201293 0.00180404 0)
(0.201306 0.00178215 0)
(0.201278 0.00174366 0)
(0.201291 0.00172214 0)
(0.201261 0.00168248 0)
(0.201274 0.00166276 0)
(0.201242 0.00162253 0)
(0.201255 0.00160311 0)
(0.201221 0.0015641 0)
(0.201233 0.00154554 0)
(0.201197 0.0015077 0)
(0.201207 0.00148933 0)
(0.201166 0.00144889 0)
(0.201176 0.00143461 0)
(0.201132 0.00139765 0)
(0.20114 0.00138539 0)
(0.201093 0.00135025 0)
(0.201097 0.00133703 0)
(0.201045 0.0013038 0)
(0.201048 0.00130063 0)
(0.200992 0.00127223 0)
(0.198363 0.00482077 0)
(0.198516 0.00508424 0)
(0.198707 0.00532766 0)
(0.198933 0.0055417 0)
(0.199189 0.00571823 0)
(0.199465 0.00585038 0)
(0.199753 0.00593487 0)
(0.200039 0.00597137 0)
(0.200315 0.00596405 0)
(0.200568 0.00591919 0)
(0.200796 0.00584579 0)
(0.200991 0.00575183 0)
(0.201158 0.00564558 0)
(0.201294 0.0055322 0)
(0.201408 0.00541667 0)
(0.201499 0.0053009 0)
(0.201575 0.00518741 0)
(0.201635 0.00507621 0)
(0.201686 0.00496863 0)
(0.201725 0.00486382 0)
(0.201758 0.00476281 0)
(0.201781 0.00466447 0)
(0.201801 0.00456996 0)
(0.201813 0.00447792 0)
(0.201822 0.00438979 0)
(0.201825 0.00430375 0)
(0.201827 0.00422161 0)
(0.201823 0.00414109 0)
(0.20182 0.00406439 0)
(0.201811 0.00398884 0)
(0.201804 0.00391702 0)
(0.201792 0.00384601 0)
(0.201782 0.00377853 0)
(0.201767 0.00371166 0)
(0.201756 0.00364807 0)
(0.201739 0.00358492 0)
(0.201727 0.0035249 0)
(0.20171 0.00346506 0)
(0.201697 0.00340834 0)
(0.201679 0.00335141 0)
(0.201666 0.00329781 0)
(0.201647 0.00324342 0)
(0.201635 0.0031927 0)
(0.201616 0.00314064 0)
(0.201605 0.00309256 0)
(0.201586 0.00304267 0)
(0.201575 0.00299706 0)
(0.201556 0.00294914 0)
(0.201547 0.00290584 0)
(0.201528 0.00285963 0)
(0.20152 0.00281851 0)
(0.201501 0.00277368 0)
(0.201494 0.00273466 0)
(0.201476 0.00269116 0)
(0.20147 0.00265395 0)
(0.201452 0.0026119 0)
(0.201448 0.0025763 0)
(0.20143 0.00253555 0)
(0.201427 0.00250136 0)
(0.201409 0.00246158 0)
(0.201408 0.00242885 0)
(0.20139 0.00238949 0)
(0.20139 0.00235863 0)
(0.201373 0.00231953 0)
(0.201374 0.00229029 0)
(0.201357 0.0022516 0)
(0.20136 0.00222346 0)
(0.201342 0.00218522 0)
(0.201346 0.00215777 0)
(0.201329 0.00212015 0)
(0.201334 0.00209355 0)
(0.201316 0.00205589 0)
(0.201322 0.00203049 0)
(0.201305 0.00199267 0)
(0.201312 0.00196838 0)
(0.201293 0.00192999 0)
(0.201301 0.00190668 0)
(0.201283 0.00186828 0)
(0.201291 0.0018452 0)
(0.201272 0.00180709 0)
(0.20128 0.00178479 0)
(0.20126 0.00174682 0)
(0.20127 0.00172507 0)
(0.201248 0.00168592 0)
(0.201257 0.00166592 0)
(0.201234 0.00162645 0)
(0.201243 0.00160674 0)
(0.201218 0.0015685 0)
(0.201227 0.00154967 0)
(0.2012 0.00151266 0)
(0.201208 0.00149459 0)
(0.201178 0.00145494 0)
(0.201184 0.00144052 0)
(0.201152 0.00140437 0)
(0.201157 0.00139219 0)
(0.201122 0.0013583 0)
(0.201125 0.00134561 0)
(0.201085 0.00131297 0)
(0.201087 0.00130976 0)
(0.201045 0.0012822 0)
(0.198556 0.00469566 0)
(0.198695 0.00493073 0)
(0.198865 0.00514829 0)
(0.199064 0.00534102 0)
(0.199287 0.00550257 0)
(0.199527 0.00562748 0)
(0.199778 0.00571298 0)
(0.200028 0.00575824 0)
(0.200272 0.00576596 0)
(0.2005 0.00574028 0)
(0.200708 0.00568798 0)
(0.20089 0.00561516 0)
(0.201049 0.00552887 0)
(0.201181 0.00543358 0)
(0.201294 0.00533407 0)
(0.201386 0.00523224 0)
(0.201463 0.00513075 0)
(0.201526 0.00502982 0)
(0.201579 0.004931 0)
(0.20162 0.00483371 0)
(0.201656 0.00473912 0)
(0.201682 0.00464631 0)
(0.201704 0.00455652 0)
(0.201719 0.00446851 0)
(0.201731 0.00438381 0)
(0.201736 0.00430067 0)
(0.20174 0.00422101 0)
(0.201739 0.00414254 0)
(0.201738 0.00406763 0)
(0.201731 0.00399353 0)
(0.201726 0.00392295 0)
(0.201716 0.00385294 0)
(0.201708 0.00378626 0)
(0.201695 0.00372008 0)
(0.201685 0.00365696 0)
(0.20167 0.00359426 0)
(0.201659 0.00353447 0)
(0.201643 0.00347487 0)
(0.201631 0.00341822 0)
(0.201615 0.00336136 0)
(0.201603 0.00330772 0)
(0.201586 0.00325327 0)
(0.201574 0.00320246 0)
(0.201557 0.00315025 0)
(0.201546 0.00310202 0)
(0.201529 0.00305193 0)
(0.201518 0.0030061 0)
(0.201501 0.00295794 0)
(0.201492 0.00291438 0)
(0.201474 0.0028679 0)
(0.201466 0.0028265 0)
(0.201449 0.00278142 0)
(0.201442 0.00274209 0)
(0.201425 0.00269837 0)
(0.201419 0.0026608 0)
(0.201403 0.00261857 0)
(0.201398 0.00258255 0)
(0.201382 0.00254166 0)
(0.201378 0.00250703 0)
(0.201363 0.00246712 0)
(0.20136 0.00243404 0)
(0.201345 0.00239452 0)
(0.201344 0.00236333 0)
(0.201328 0.00232409 0)
(0.201329 0.00229447 0)
(0.201313 0.00225575 0)
(0.201315 0.00222715 0)
(0.2013 0.00218903 0)
(0.201302 0.00216108 0)
(0.201287 0.00212357 0)
(0.20129 0.00209657 0)
(0.201276 0.00205899 0)
(0.20128 0.00203328 0)
(0.201265 0.00199554 0)
(0.20127 0.00197091 0)
(0.201255 0.00193276 0)
(0.201261 0.00190902 0)
(0.201245 0.00187096 0)
(0.201251 0.00184756 0)
(0.201235 0.00180976 0)
(0.201242 0.00178722 0)
(0.201225 0.00174951 0)
(0.201233 0.00172768 0)
(0.201214 0.0016889 0)
(0.201222 0.00166867 0)
(0.201202 0.00162978 0)
(0.201209 0.00160996 0)
(0.201189 0.00157225 0)
(0.201195 0.00155332 0)
(0.201173 0.00151678 0)
(0.201179 0.00149909 0)
(0.201154 0.00146022 0)
(0.201158 0.00144578 0)
(0.201131 0.00141015 0)
(0.201135 0.00139805 0)
(0.201106 0.001365 0)
(0.201108 0.00135308 0)
(0.201074 0.00132106 0)
(0.201074 0.00131765 0)
(0.201039 0.00129058 0)
(0.198731 0.00457857 0)
(0.198856 0.00478935 0)
(0.199008 0.00498484 0)
(0.199182 0.00515925 0)
(0.199377 0.00530761 0)
(0.199586 0.00542554 0)
(0.199805 0.00551074 0)
(0.200024 0.00556214 0)
(0.20024 0.00558146 0)
(0.200443 0.00557131 0)
(0.200632 0.00553675 0)
(0.2008 0.0054823 0)
(0.200949 0.00541381 0)
(0.201076 0.00533502 0)
(0.201185 0.0052504 0)
(0.201276 0.00516175 0)
(0.201354 0.00507182 0)
(0.201418 0.00498094 0)
(0.201472 0.00489082 0)
(0.201516 0.00480108 0)
(0.201553 0.00471299 0)
(0.201582 0.00462583 0)
(0.201606 0.0045409 0)
(0.201623 0.00445707 0)
(0.201637 0.00437595 0)
(0.201645 0.00429585 0)
(0.201651 0.0042188 0)
(0.201652 0.00414253 0)
(0.201652 0.0040695 0)
(0.201648 0.00399697 0)
(0.201644 0.00392771 0)
(0.201636 0.00385881 0)
(0.201629 0.00379302 0)
(0.201618 0.00372759 0)
(0.20161 0.00366503 0)
(0.201597 0.00360282 0)
(0.201587 0.00354333 0)
(0.201573 0.00348401 0)
(0.201562 0.00342749 0)
(0.201547 0.00337074 0)
(0.201536 0.00331712 0)
(0.20152 0.00326264 0)
(0.201509 0.00321177 0)
(0.201494 0.00315945 0)
(0.201483 0.00311109 0)
(0.201467 0.00306083 0)
(0.201457 0.00301481 0)
(0.201441 0.00296644 0)
(0.201432 0.00292262 0)
(0.201417 0.00287592 0)
(0.201409 0.00283424 0)
(0.201393 0.00278893 0)
(0.201386 0.00274929 0)
(0.201371 0.00270538 0)
(0.201365 0.00266747 0)
(0.20135 0.00262506 0)
(0.201345 0.00258864 0)
(0.20133 0.00254761 0)
(0.201326 0.00251259 0)
(0.201312 0.00247251 0)
(0.201309 0.00243911 0)
(0.201295 0.00239942 0)
(0.201294 0.00236792 0)
(0.20128 0.00232854 0)
(0.201279 0.00229857 0)
(0.201266 0.0022598 0)
(0.201266 0.00223077 0)
(0.201253 0.00219271 0)
(0.201254 0.00216434 0)
(0.201241 0.00212686 0)
(0.201243 0.00209956 0)
(0.20123 0.00206196 0)
(0.201234 0.00203603 0)
(0.20122 0.0019983 0)
(0.201224 0.0019734 0)
(0.201211 0.00193541 0)
(0.201215 0.00191133 0)
(0.201202 0.00187349 0)
(0.201207 0.00184989 0)
(0.201193 0.00181227 0)
(0.201198 0.00178961 0)
(0.201183 0.00175204 0)
(0.201189 0.0017302 0)
(0.201173 0.00169173 0)
(0.201179 0.00167133 0)
(0.201162 0.00163288 0)
(0.201168 0.00161309 0)
(0.201149 0.00157576 0)
(0.201155 0.00155688 0)
(0.201134 0.00152062 0)
(0.20114 0.0015033 0)
(0.201117 0.0014652 0)
(0.201121 0.00145084 0)
(0.201096 0.00141558 0)
(0.201099 0.0014036 0)
(0.201073 0.00137113 0)
(0.201075 0.00136004 0)
(0.201044 0.0013287 0)
(0.201044 0.00132502 0)
(0.201012 0.00129823 0)
(0.198889 0.00446988 0)
(0.199002 0.00465976 0)
(0.199136 0.00483623 0)
(0.19929 0.00499471 0)
(0.19946 0.00513127 0)
(0.199642 0.00524244 0)
(0.199832 0.0053263 0)
(0.200025 0.00538172 0)
(0.200214 0.00540977 0)
(0.200395 0.005412 0)
(0.200565 0.00539217 0)
(0.200719 0.00535349 0)
(0.200857 0.00530075 0)
(0.200977 0.00523693 0)
(0.201082 0.00516611 0)
(0.201171 0.00508992 0)
(0.201248 0.00501108 0)
(0.201311 0.00493002 0)
(0.201366 0.00484851 0)
(0.201411 0.00476633 0)
(0.201449 0.00468483 0)
(0.20148 0.00460343 0)
(0.201505 0.00452349 0)
(0.201524 0.00444399 0)
(0.20154 0.00436658 0)
(0.20155 0.00428967 0)
(0.201557 0.00421535 0)
(0.20156 0.00414139 0)
(0.201562 0.00407034 0)
(0.20156 0.00399947 0)
(0.201558 0.00393161 0)
(0.201552 0.00386389 0)
(0.201546 0.00379905 0)
(0.201537 0.00373443 0)
(0.20153 0.00367247 0)
(0.201519 0.0036108 0)
(0.20151 0.00355165 0)
(0.201497 0.00349265 0)
(0.201488 0.0034363 0)
(0.201474 0.00337967 0)
(0.201464 0.00332611 0)
(0.20145 0.00327161 0)
(0.20144 0.00322072 0)
(0.201426 0.00316827 0)
(0.201416 0.00311983 0)
(0.201401 0.0030694 0)
(0.201392 0.0030232 0)
(0.201377 0.00297465 0)
(0.201369 0.00293058 0)
(0.201355 0.00288367 0)
(0.201347 0.00284172 0)
(0.201333 0.0027962 0)
(0.201326 0.00275627 0)
(0.201312 0.00271215 0)
(0.201306 0.00267393 0)
(0.201292 0.00263133 0)
(0.201287 0.00259456 0)
(0.201274 0.00255335 0)
(0.20127 0.00251799 0)
(0.201257 0.00247773 0)
(0.201254 0.00244403 0)
(0.201241 0.00240416 0)
(0.20124 0.00237238 0)
(0.201227 0.00233284 0)
(0.201226 0.00230255 0)
(0.201214 0.0022637 0)
(0.201214 0.0022343 0)
(0.201202 0.00219626 0)
(0.201203 0.00216753 0)
(0.201191 0.00213001 0)
(0.201193 0.0021025 0)
(0.201181 0.00206482 0)
(0.201183 0.00203872 0)
(0.201171 0.00200094 0)
(0.201175 0.00197585 0)
(0.201162 0.00193797 0)
(0.201166 0.00191359 0)
(0.201154 0.00187589 0)
(0.201158 0.00185219 0)
(0.201145 0.00181467 0)
(0.20115 0.00179196 0)
(0.201136 0.00175446 0)
(0.201142 0.00173267 0)
(0.201127 0.00169447 0)
(0.201132 0.00167395 0)
(0.201117 0.00163585 0)
(0.201122 0.00161616 0)
(0.201105 0.00157913 0)
(0.201109 0.0015604 0)
(0.201091 0.00152434 0)
(0.201096 0.00150735 0)
(0.201075 0.00146998 0)
(0.201078 0.00145578 0)
(0.201055 0.00142083 0)
(0.201058 0.00140902 0)
(0.201033 0.00137698 0)
(0.201035 0.00136665 0)
(0.201006 0.00133599 0)
(0.201006 0.0013321 0)
(0.200977 0.00130549 0)
(0.199032 0.00437094 0)
(0.199133 0.00454286 0)
(0.199252 0.00470285 0)
(0.199387 0.00484732 0)
(0.199535 0.00497319 0)
(0.199694 0.00507767 0)
(0.19986 0.0051592 0)
(0.200028 0.00521668 0)
(0.200194 0.00525079 0)
(0.200355 0.00526239 0)
(0.200506 0.0052543 0)
(0.200646 0.00522871 0)
(0.200773 0.00518952 0)
(0.200885 0.005139 0)
(0.200985 0.00508076 0)
(0.20107 0.00501617 0)
(0.201144 0.00494789 0)
(0.201207 0.00487632 0)
(0.201261 0.0048033 0)
(0.201306 0.00472868 0)
(0.201345 0.00465387 0)
(0.201376 0.00457838 0)
(0.201403 0.00450361 0)
(0.201423 0.00442864 0)
(0.20144 0.00435516 0)
(0.201451 0.00428165 0)
(0.201461 0.00421026 0)
(0.201465 0.0041388 0)
(0.201469 0.0040699 0)
(0.201468 0.00400084 0)
(0.201468 0.00393453 0)
(0.201463 0.00386809 0)
(0.201459 0.00380432 0)
(0.201452 0.0037406 0)
(0.201446 0.00367933 0)
(0.201436 0.00361826 0)
(0.201428 0.00355952 0)
(0.201417 0.00350087 0)
(0.201409 0.00344475 0)
(0.201397 0.00338827 0)
(0.201388 0.0033348 0)
(0.201375 0.0032803 0)
(0.201366 0.00322942 0)
(0.201353 0.00317687 0)
(0.201344 0.00312835 0)
(0.201331 0.00307777 0)
(0.201322 0.0030314 0)
(0.201309 0.00298267 0)
(0.201301 0.00293837 0)
(0.201288 0.00289127 0)
(0.201281 0.00284905 0)
(0.201267 0.00280333 0)
(0.201261 0.00276311 0)
(0.201248 0.00271878 0)
(0.201243 0.00268027 0)
(0.20123 0.00263745 0)
(0.201226 0.00260037 0)
(0.201213 0.00255896 0)
(0.20121 0.00252329 0)
(0.201198 0.00248282 0)
(0.201195 0.00244886 0)
(0.201183 0.00240878 0)
(0.201181 0.00237674 0)
(0.20117 0.00233703 0)
(0.201169 0.00230645 0)
(0.201158 0.0022675 0)
(0.201158 0.00223777 0)
(0.201147 0.00219969 0)
(0.201147 0.00217068 0)
(0.201136 0.00213306 0)
(0.201138 0.00210536 0)
(0.201127 0.00206759 0)
(0.201129 0.00204135 0)
(0.201118 0.00200349 0)
(0.201121 0.00197823 0)
(0.20111 0.00194044 0)
(0.201113 0.00191582 0)
(0.201102 0.0018782 0)
(0.201106 0.00185444 0)
(0.201094 0.00181698 0)
(0.201098 0.00179427 0)
(0.201085 0.00175681 0)
(0.201091 0.00173507 0)
(0.201077 0.00169711 0)
(0.201081 0.00167651 0)
(0.201067 0.00163871 0)
(0.201072 0.00161915 0)
(0.201056 0.00158238 0)
(0.20106 0.00156384 0)
(0.201043 0.00152798 0)
(0.201047 0.00151127 0)
(0.201028 0.00147455 0)
(0.20103 0.00146054 0)
(0.201009 0.0014259 0)
(0.201012 0.00141428 0)
(0.200989 0.00138261 0)
(0.200991 0.00137294 0)
(0.200965 0.00134293 0)
(0.200965 0.00133887 0)
(0.200938 0.00131241 0)
(0.199184 0.0042671 0)
(0.199272 0.00442134 0)
(0.199374 0.00456498 0)
(0.19949 0.00469533 0)
(0.199616 0.00481007 0)
(0.19975 0.00490703 0)
(0.19989 0.004985 0)
(0.200032 0.00504296 0)
(0.200174 0.00508138 0)
(0.200312 0.0051006 0)
(0.200444 0.00510275 0)
(0.200567 0.00508914 0)
(0.200681 0.0050629 0)
(0.200783 0.00502552 0)
(0.200874 0.00498011 0)
(0.200954 0.00492768 0)
(0.201025 0.00487071 0)
(0.201085 0.00480953 0)
(0.201138 0.00474597 0)
(0.201182 0.00467993 0)
(0.201221 0.00461283 0)
(0.201252 0.00454428 0)
(0.201279 0.00447567 0)
(0.2013 0.00440618 0)
(0.201318 0.00433752 0)
(0.201331 0.00426824 0)
(0.201342 0.00420055 0)
(0.201348 0.00413229 0)
(0.201353 0.00406616 0)
(0.201354 0.00399949 0)
(0.201355 0.00393521 0)
(0.201352 0.00387052 0)
(0.20135 0.00380821 0)
(0.201344 0.00374574 0)
(0.20134 0.00368548 0)
(0.201332 0.00362527 0)
(0.201326 0.00356719 0)
(0.201316 0.00350908 0)
(0.201309 0.00345337 0)
(0.201299 0.00339717 0)
(0.201291 0.00334394 0)
(0.20128 0.00328953 0)
(0.201272 0.00323874 0)
(0.20126 0.00318616 0)
(0.201253 0.00313761 0)
(0.201241 0.00308692 0)
(0.201233 0.00304041 0)
(0.201221 0.00299155 0)
(0.201214 0.00294701 0)
(0.201202 0.00289974 0)
(0.201196 0.00285723 0)
(0.201184 0.00281131 0)
(0.201178 0.0027708 0)
(0.201167 0.00272623 0)
(0.201162 0.00268743 0)
(0.201151 0.00264437 0)
(0.201147 0.00260698 0)
(0.201135 0.00256532 0)
(0.201132 0.00252934 0)
(0.201121 0.00248863 0)
(0.201119 0.00245437 0)
(0.201108 0.00241406 0)
(0.201107 0.00238173 0)
(0.201096 0.00234182 0)
(0.201096 0.00231094 0)
(0.201085 0.00227185 0)
(0.201085 0.00224178 0)
(0.201075 0.00220362 0)
(0.201076 0.00217432 0)
(0.201066 0.00213657 0)
(0.201067 0.00210868 0)
(0.201058 0.00207076 0)
(0.20106 0.00204441 0)
(0.20105 0.00200644 0)
(0.201052 0.00198099 0)
(0.201042 0.00194327 0)
(0.201045 0.00191842 0)
(0.201035 0.00188087 0)
(0.201039 0.00185703 0)
(0.201028 0.00181962 0)
(0.201032 0.00179693 0)
(0.20102 0.00175952 0)
(0.201025 0.00173782 0)
(0.201012 0.00170013 0)
(0.201016 0.00167947 0)
(0.201003 0.00164197 0)
(0.201007 0.00162255 0)
(0.200993 0.00158608 0)
(0.200997 0.00156776 0)
(0.200981 0.00153217 0)
(0.200985 0.00151572 0)
(0.200967 0.00147968 0)
(0.20097 0.0014659 0)
(0.200951 0.00143164 0)
(0.200953 0.00142025 0)
(0.200932 0.00138899 0)
(0.200933 0.00137992 0)
(0.20091 0.00135063 0)
(0.20091 0.00134644 0)
(0.200886 0.00132017 0)
(0.199342 0.00415342 0)
(0.199415 0.00429029 0)
(0.1995 0.00441803 0)
(0.199594 0.00453467 0)
(0.199697 0.00463852 0)
(0.199806 0.00472799 0)
(0.199921 0.00480217 0)
(0.200037 0.00486015 0)
(0.200153 0.00490224 0)
(0.200267 0.00492836 0)
(0.200378 0.00494008 0)
(0.200482 0.00493796 0)
(0.20058 0.00492441 0)
(0.20067 0.00490017 0)
(0.200751 0.00486787 0)
(0.200823 0.00482804 0)
(0.200888 0.00478297 0)
(0.200944 0.00473287 0)
(0.200993 0.00467952 0)
(0.201035 0.00462283 0)
(0.201072 0.00456422 0)
(0.201102 0.00450339 0)
(0.201129 0.00444169 0)
(0.20115 0.00437843 0)
(0.201169 0.00431528 0)
(0.201182 0.0042509 0)
(0.201194 0.00418749 0)
(0.201202 0.00412298 0)
(0.201208 0.00406013 0)
(0.201211 0.00399628 0)
(0.201213 0.00393445 0)
(0.201212 0.00387185 0)
(0.201211 0.00381132 0)
(0.201207 0.00375037 0)
(0.201204 0.00369137 0)
(0.201199 0.00363221 0)
(0.201194 0.00357498 0)
(0.201186 0.00351756 0)
(0.201181 0.00346239 0)
(0.201172 0.00340657 0)
(0.201166 0.00335366 0)
(0.201157 0.00329942 0)
(0.20115 0.00324878 0)
(0.20114 0.0031962 0)
(0.201134 0.00314765 0)
(0.201124 0.00309688 0)
(0.201118 0.00305022 0)
(0.201107 0.00300124 0)
(0.201101 0.00295644 0)
(0.201091 0.00290901 0)
(0.201086 0.00286619 0)
(0.201076 0.00282006 0)
(0.201071 0.00277923 0)
(0.201061 0.0027344 0)
(0.201057 0.0026953 0)
(0.201047 0.00265193 0)
(0.201043 0.00261423 0)
(0.201034 0.00257228 0)
(0.201031 0.00253597 0)
(0.201021 0.00249499 0)
(0.201019 0.0024604 0)
(0.20101 0.00241986 0)
(0.201009 0.00238717 0)
(0.201 0.00234707 0)
(0.200999 0.00231584 0)
(0.20099 0.0022766 0)
(0.20099 0.00224617 0)
(0.200982 0.0022079 0)
(0.200982 0.00217828 0)
(0.200974 0.00214041 0)
(0.200975 0.00211229 0)
(0.200966 0.00207422 0)
(0.200968 0.00204772 0)
(0.20096 0.00200966 0)
(0.200962 0.00198401 0)
(0.200953 0.00194633 0)
(0.200956 0.00192126 0)
(0.200947 0.00188379 0)
(0.20095 0.00185986 0)
(0.200941 0.0018225 0)
(0.200944 0.00179984 0)
(0.200934 0.00176254 0)
(0.200938 0.00174085 0)
(0.200927 0.00170343 0)
(0.200931 0.00168275 0)
(0.200919 0.00164559 0)
(0.200923 0.00162632 0)
(0.20091 0.00159017 0)
(0.200914 0.00157211 0)
(0.2009 0.00153689 0)
(0.200903 0.0015207 0)
(0.200888 0.00148532 0)
(0.20089 0.00147182 0)
(0.200873 0.00143801 0)
(0.200875 0.00142694 0)
(0.200857 0.00139615 0)
(0.200858 0.0013876 0)
(0.200838 0.001359 0)
(0.200838 0.00135477 0)
(0.200817 0.00132872 0)
(0.199485 0.00404493 0)
(0.199544 0.00416701 0)
(0.199612 0.00428137 0)
(0.199688 0.00438654 0)
(0.19977 0.00448125 0)
(0.199856 0.00456433 0)
(0.199947 0.00463509 0)
(0.200039 0.00469275 0)
(0.200132 0.0047375 0)
(0.200224 0.004769 0)
(0.200314 0.0047884 0)
(0.2004 0.0047957 0)
(0.200482 0.00479277 0)
(0.200557 0.00477977 0)
(0.200626 0.0047589 0)
(0.200689 0.00473028 0)
(0.200746 0.00469599 0)
(0.200795 0.00465606 0)
(0.20084 0.0046122 0)
(0.200878 0.00456432 0)
(0.200912 0.00451379 0)
(0.20094 0.00446039 0)
(0.200965 0.00440541 0)
(0.200986 0.00434828 0)
(0.201004 0.00429058 0)
(0.201017 0.00423111 0)
(0.201029 0.00417204 0)
(0.201038 0.00411137 0)
(0.201045 0.00405189 0)
(0.201049 0.00399098 0)
(0.201052 0.00393171 0)
(0.201052 0.00387132 0)
(0.201053 0.0038127 0)
(0.201051 0.00375338 0)
(0.201049 0.00369575 0)
(0.201045 0.00363774 0)
(0.201042 0.00358147 0)
(0.201037 0.00352483 0)
(0.201033 0.0034703 0)
(0.201026 0.00341495 0)
(0.201021 0.00336244 0)
(0.201014 0.00330842 0)
(0.201009 0.00325799 0)
(0.201001 0.00320548 0)
(0.200996 0.00315698 0)
(0.200987 0.00310618 0)
(0.200983 0.00305941 0)
(0.200974 0.00301036 0)
(0.20097 0.00296533 0)
(0.200961 0.00291777 0)
(0.200957 0.00287467 0)
(0.200948 0.00282835 0)
(0.200944 0.00278724 0)
(0.200936 0.00274214 0)
(0.200933 0.00270279 0)
(0.200925 0.0026591 0)
(0.200922 0.00262114 0)
(0.200914 0.00257889 0)
(0.200912 0.00254228 0)
(0.200904 0.00250104 0)
(0.200902 0.00246611 0)
(0.200895 0.00242536 0)
(0.200894 0.00239234 0)
(0.200886 0.00235204 0)
(0.200886 0.00232047 0)
(0.200878 0.00228109 0)
(0.200879 0.00225032 0)
(0.200871 0.00221193 0)
(0.200872 0.00218202 0)
(0.200865 0.00214401 0)
(0.200866 0.00211569 0)
(0.200859 0.00207747 0)
(0.200861 0.00205082 0)
(0.200853 0.00201267 0)
(0.200855 0.00198688 0)
(0.200848 0.00194921 0)
(0.20085 0.00192392 0)
(0.200843 0.00188656 0)
(0.200846 0.00186254 0)
(0.200838 0.00182522 0)
(0.200841 0.00180259 0)
(0.200832 0.00176543 0)
(0.200836 0.00174377 0)
(0.200826 0.00170658 0)
(0.200829 0.00168593 0)
(0.20082 0.00164908 0)
(0.200823 0.00162997 0)
(0.200812 0.00159415 0)
(0.200815 0.00157634 0)
(0.200804 0.00154154 0)
(0.200806 0.00152557 0)
(0.200793 0.00149078 0)
(0.200795 0.00147756 0)
(0.200781 0.00144421 0)
(0.200782 0.00143347 0)
(0.200767 0.00140317 0)
(0.200768 0.00139501 0)
(0.200751 0.001367 0)
(0.200751 0.00136278 0)
(0.200734 0.00133695 0)
(0.199615 0.00394689 0)
(0.199661 0.00405695 0)
(0.199713 0.00416049 0)
(0.199771 0.00425639 0)
(0.199833 0.00434368 0)
(0.199899 0.00442144 0)
(0.199968 0.00448917 0)
(0.200038 0.00454617 0)
(0.20011 0.00459259 0)
(0.200181 0.0046279 0)
(0.200251 0.00465299 0)
(0.200318 0.00466745 0)
(0.200382 0.00467284 0)
(0.200443 0.00466883 0)
(0.200499 0.00465734 0)
(0.20055 0.00463811 0)
(0.200598 0.00461304 0)
(0.200639 0.00458196 0)
(0.200677 0.00454649 0)
(0.20071 0.0045065 0)
(0.200739 0.00446331 0)
(0.200764 0.00441672 0)
(0.200786 0.00436797 0)
(0.200805 0.00431658 0)
(0.200821 0.00426405 0)
(0.200834 0.00420929 0)
(0.200845 0.00415441 0)
(0.200853 0.0040975 0)
(0.200861 0.00404134 0)
(0.200865 0.00398336 0)
(0.200869 0.00392669 0)
(0.200871 0.00386853 0)
(0.200873 0.00381188 0)
(0.200872 0.00375423 0)
(0.200872 0.00369806 0)
(0.200869 0.00364128 0)
(0.200868 0.00358605 0)
(0.200864 0.00353026 0)
(0.200861 0.00347645 0)
(0.200857 0.00342166 0)
(0.200853 0.00336962 0)
(0.200848 0.00331592 0)
(0.200845 0.00326577 0)
(0.200839 0.00321341 0)
(0.200835 0.00316501 0)
(0.200829 0.00311426 0)
(0.200825 0.00306744 0)
(0.200819 0.00301836 0)
(0.200815 0.00297316 0)
(0.200809 0.00292553 0)
(0.200806 0.0028822 0)
(0.200799 0.00283572 0)
(0.200797 0.0027944 0)
(0.20079 0.00274904 0)
(0.200788 0.0027095 0)
(0.200781 0.00266551 0)
(0.200779 0.00262733 0)
(0.200773 0.00258481 0)
(0.200772 0.00254792 0)
(0.200766 0.00250646 0)
(0.200765 0.00247121 0)
(0.200759 0.00243028 0)
(0.200758 0.00239692 0)
(0.200752 0.00235647 0)
(0.200752 0.00232458 0)
(0.200746 0.00228506 0)
(0.200747 0.002254 0)
(0.200741 0.00221549 0)
(0.200742 0.00218532 0)
(0.200736 0.00214717 0)
(0.200737 0.00211867 0)
(0.200732 0.00208032 0)
(0.200733 0.00205353 0)
(0.200728 0.00201529 0)
(0.20073 0.00198937 0)
(0.200724 0.00195173 0)
(0.200726 0.00192622 0)
(0.20072 0.00188898 0)
(0.200722 0.00186486 0)
(0.200716 0.00182763 0)
(0.200719 0.001805 0)
(0.200712 0.00176799 0)
(0.200715 0.00174637 0)
(0.200708 0.00170939 0)
(0.20071 0.00168879 0)
(0.200703 0.00165223 0)
(0.200705 0.00163328 0)
(0.200697 0.00159778 0)
(0.200699 0.00158022 0)
(0.20069 0.00154584 0)
(0.200692 0.00153006 0)
(0.200682 0.00149579 0)
(0.200683 0.00148285 0)
(0.200672 0.00144993 0)
(0.200673 0.00143953 0)
(0.200661 0.00140969 0)
(0.200662 0.00140184 0)
(0.200648 0.00137433 0)
(0.200648 0.00137014 0)
(0.200634 0.00134452 0)
(0.199732 0.00386459 0)
(0.199764 0.00396535 0)
(0.199801 0.00406049 0)
(0.199842 0.00414917 0)
(0.199887 0.00423058 0)
(0.199933 0.00430401 0)
(0.199982 0.00436907 0)
(0.200032 0.00442511 0)
(0.200083 0.00447226 0)
(0.200134 0.0045099 0)
(0.200184 0.00453877 0)
(0.200233 0.00455822 0)
(0.20028 0.00456959 0)
(0.200324 0.00457224 0)
(0.200367 0.00456787 0)
(0.200405 0.00455595 0)
(0.200441 0.00453823 0)
(0.200473 0.00451433 0)
(0.200502 0.0044858 0)
(0.200528 0.00445241 0)
(0.200552 0.00441544 0)
(0.200572 0.00437471 0)
(0.20059 0.00433137 0)
(0.200605 0.00428502 0)
(0.200618 0.00423708 0)
(0.200629 0.00418655 0)
(0.200639 0.00413546 0)
(0.200647 0.004082 0)
(0.200653 0.00402892 0)
(0.200658 0.00397368 0)
(0.200662 0.00391945 0)
(0.200665 0.00386343 0)
(0.200667 0.00380869 0)
(0.200667 0.00375267 0)
(0.200668 0.00369795 0)
(0.200667 0.0036424 0)
(0.200667 0.00358823 0)
(0.200665 0.00353334 0)
(0.200664 0.00348029 0)
(0.200661 0.00342612 0)
(0.20066 0.0033746 0)
(0.200656 0.0033213 0)
(0.200654 0.00327148 0)
(0.20065 0.00321934 0)
(0.200648 0.00317112 0)
(0.200644 0.00312048 0)
(0.200642 0.0030737 0)
(0.200638 0.00302467 0)
(0.200636 0.00297939 0)
(0.200632 0.00293175 0)
(0.20063 0.00288827 0)
(0.200625 0.00284169 0)
(0.200624 0.00280022 0)
(0.200619 0.00275466 0)
(0.200618 0.002715 0)
(0.200614 0.00267076 0)
(0.200613 0.00263243 0)
(0.200608 0.00258969 0)
(0.200608 0.00255257 0)
(0.200604 0.00251095 0)
(0.200603 0.00247541 0)
(0.200599 0.00243435 0)
(0.200599 0.0024007 0)
(0.200595 0.00236012 0)
(0.200595 0.00232798 0)
(0.200591 0.00228831 0)
(0.200592 0.00225703 0)
(0.200588 0.00221838 0)
(0.200589 0.00218801 0)
(0.200585 0.00214973 0)
(0.200587 0.00212107 0)
(0.200583 0.0020826 0)
(0.200584 0.00205573 0)
(0.20058 0.00201739 0)
(0.200582 0.00199136 0)
(0.200578 0.00195373 0)
(0.20058 0.00192808 0)
(0.200575 0.00189091 0)
(0.200578 0.0018667 0)
(0.200573 0.00182954 0)
(0.200575 0.00180698 0)
(0.200571 0.00177003 0)
(0.200573 0.00174848 0)
(0.200568 0.00171166 0)
(0.20057 0.00169117 0)
(0.200565 0.0016548 0)
(0.200567 0.00163603 0)
(0.20056 0.00160081 0)
(0.200562 0.0015835 0)
(0.200556 0.00154946 0)
(0.200557 0.0015339 0)
(0.20055 0.00150003 0)
(0.200551 0.00148739 0)
(0.200543 0.00145479 0)
(0.200544 0.00144476 0)
(0.200535 0.00141527 0)
(0.200536 0.00140775 0)
(0.200526 0.00138059 0)
(0.200527 0.00137652 0)
(0.200517 0.00135102 0)
(0.199837 0.00380361 0)
(0.199857 0.00389777 0)
(0.199879 0.00398691 0)
(0.199904 0.00407035 0)
(0.199931 0.00414742 0)
(0.199959 0.00421753 0)
(0.199988 0.00428035 0)
(0.200018 0.00433529 0)
(0.200049 0.00438247 0)
(0.20008 0.00442122 0)
(0.200111 0.00445221 0)
(0.200141 0.00447466 0)
(0.200171 0.00448979 0)
(0.200199 0.00449676 0)
(0.200225 0.00449716 0)
(0.20025 0.00449025 0)
(0.200273 0.00447767 0)
(0.200294 0.0044589 0)
(0.200313 0.00443541 0)
(0.200331 0.0044069 0)
(0.200346 0.00437457 0)
(0.20036 0.00433826 0)
(0.200373 0.00429905 0)
(0.200383 0.0042566 0)
(0.200393 0.00421223 0)
(0.200401 0.00416503 0)
(0.200409 0.00411697 0)
(0.200415 0.0040663 0)
(0.20042 0.00401573 0)
(0.200424 0.00396274 0)
(0.200428 0.00391056 0)
(0.200431 0.00385634 0)
(0.200434 0.00380323 0)
(0.200435 0.00374861 0)
(0.200437 0.00369516 0)
(0.200437 0.00364071 0)
(0.200438 0.0035875 0)
(0.200438 0.00353345 0)
(0.200438 0.00348111 0)
(0.200437 0.00342755 0)
(0.200437 0.00337657 0)
(0.200436 0.00332369 0)
(0.200435 0.00327425 0)
(0.200434 0.00322239 0)
(0.200433 0.00317442 0)
(0.200432 0.00312396 0)
(0.200431 0.00307731 0)
(0.200429 0.0030284 0)
(0.200429 0.00298314 0)
(0.200427 0.00293557 0)
(0.200426 0.00289206 0)
(0.200424 0.00284547 0)
(0.200424 0.00280396 0)
(0.200422 0.00275832 0)
(0.200422 0.00271863 0)
(0.20042 0.00267425 0)
(0.20042 0.00263588 0)
(0.200417 0.002593 0)
(0.200418 0.00255575 0)
(0.200416 0.00251407 0)
(0.200416 0.00247834 0)
(0.200414 0.00243723 0)
(0.200415 0.00240339 0)
(0.200413 0.00236274 0)
(0.200413 0.00233046 0)
(0.200411 0.0022907 0)
(0.200412 0.00225927 0)
(0.20041 0.00222054 0)
(0.200411 0.00219005 0)
(0.200409 0.0021517 0)
(0.200411 0.00212293 0)
(0.200409 0.00208438 0)
(0.20041 0.00205746 0)
(0.200408 0.00201909 0)
(0.20041 0.00199296 0)
(0.200407 0.00195536 0)
(0.200409 0.00192962 0)
(0.200407 0.00189255 0)
(0.200409 0.00186823 0)
(0.200406 0.00183115 0)
(0.200408 0.0018087 0)
(0.200406 0.00177179 0)
(0.200407 0.00175027 0)
(0.200404 0.00171362 0)
(0.200406 0.00169321 0)
(0.200403 0.00165701 0)
(0.200405 0.00163835 0)
(0.200401 0.0016034 0)
(0.200403 0.00158628 0)
(0.200399 0.00155255 0)
(0.2004 0.00153712 0)
(0.200396 0.00150361 0)
(0.200397 0.00149119 0)
(0.200393 0.00145888 0)
(0.200393 0.00144911 0)
(0.200388 0.00141997 0)
(0.200388 0.00141263 0)
(0.200383 0.00138581 0)
(0.200383 0.0013818 0)
(0.200377 0.0013565 0)
(0.199938 0.00377028 0)
(0.199944 0.00386077 0)
(0.199951 0.00394654 0)
(0.19996 0.00402698 0)
(0.199968 0.00410149 0)
(0.199978 0.00416956 0)
(0.199988 0.00423087 0)
(0.199998 0.00428489 0)
(0.200008 0.00433172 0)
(0.200019 0.00437068 0)
(0.20003 0.00440241 0)
(0.20004 0.00442607 0)
(0.200051 0.00444284 0)
(0.200061 0.00445178 0)
(0.20007 0.00445443 0)
(0.200079 0.00444994 0)
(0.200088 0.00443991 0)
(0.200096 0.00442373 0)
(0.200103 0.00440281 0)
(0.20011 0.00437682 0)
(0.200117 0.00434692 0)
(0.200122 0.00431296 0)
(0.200128 0.00427594 0)
(0.200132 0.00423558 0)
(0.200137 0.00419313 0)
(0.20014 0.00414776 0)
(0.200144 0.00410136 0)
(0.200147 0.00405222 0)
(0.20015 0.00400305 0)
(0.200153 0.00395133 0)
(0.200155 0.0039003 0)
(0.200157 0.0038471 0)
(0.200159 0.00379492 0)
(0.200161 0.00374112 0)
(0.200162 0.0036884 0)
(0.200164 0.0036346 0)
(0.200165 0.00358196 0)
(0.200166 0.00352842 0)
(0.200167 0.0034765 0)
(0.200168 0.00342334 0)
(0.200169 0.00337268 0)
(0.20017 0.00332008 0)
(0.200171 0.00327089 0)
(0.200171 0.00321922 0)
(0.200172 0.00317143 0)
(0.200173 0.00312112 0)
(0.200174 0.00307456 0)
(0.200174 0.00302577 0)
(0.200175 0.00298055 0)
(0.200175 0.00293307 0)
(0.200176 0.00288956 0)
(0.200176 0.00284303 0)
(0.200177 0.00280151 0)
(0.200177 0.00275588 0)
(0.200178 0.00271619 0)
(0.200179 0.00267177 0)
(0.20018 0.0026334 0)
(0.20018 0.00259051 0)
(0.200181 0.00255319 0)
(0.200181 0.00251154 0)
(0.200182 0.00247569 0)
(0.200183 0.00243465 0)
(0.200184 0.00240069 0)
(0.200184 0.00236005 0)
(0.200185 0.00232771 0)
(0.200186 0.00228794 0)
(0.200187 0.00225645 0)
(0.200187 0.00221772 0)
(0.200189 0.00218716 0)
(0.200189 0.00214883 0)
(0.20019 0.00211998 0)
(0.200191 0.00208146 0)
(0.200192 0.0020545 0)
(0.200192 0.00201619 0)
(0.200194 0.00198999 0)
(0.200194 0.00195246 0)
(0.200196 0.00192665 0)
(0.200196 0.00188974 0)
(0.200197 0.0018653 0)
(0.200198 0.00182834 0)
(0.200199 0.00180596 0)
(0.200199 0.00176914 0)
(0.200201 0.0017476 0)
(0.200201 0.00171112 0)
(0.200202 0.00169073 0)
(0.200202 0.00165473 0)
(0.200204 0.00163606 0)
(0.200204 0.00160138 0)
(0.200205 0.00158433 0)
(0.200205 0.00155089 0)
(0.200206 0.00153547 0)
(0.200206 0.00150228 0)
(0.200206 0.00148994 0)
(0.200206 0.00145789 0)
(0.200207 0.00144824 0)
(0.200207 0.00141942 0)
(0.200207 0.00141213 0)
(0.200207 0.00138564 0)
(0.200207 0.00138158 0)
(0.200207 0.00135656 0)
(0.204138 9.2347e-05 0)
(0.19562 -7.13202e-05 0)
(0.204337 9.23615e-05 0)
(0.195327 -6.33418e-05 0)
(0.204424 9.6029e-05 0)
(0.194917 -4.60245e-05 0)
(0.204505 0.000108402 0)
(0.194409 -2.18901e-05 0)
(0.204581 0.000132331 0)
(0.193782 1.00856e-05 0)
(0.204657 0.000160036 0)
(0.193011 4.80298e-05 0)
(0.204735 0.000189545 0)
(0.192054 9.52858e-05 0)
(0.204815 0.000225694 0)
(0.190855 0.000158488 0)
(0.204889 0.000273553 0)
(0.189323 0.000247059 0)
(0.204925 0.000341944 0)
(0.187293 0.000378443 0)
(0.204813 0.000452887 0)
(0.184426 0.000606971 0)
(0.204245 0.000717237 0)
(0.179998 0.00126487 0)
(0.20284 0.00196125 0)
(0.203386 0.000109862 0)
(0.1965 -7.02383e-05 0)
(0.203452 0.000109999 0)
(0.196343 -6.0542e-05 0)
(0.203381 0.000122205 0)
(0.196108 -3.22349e-05 0)
(0.203263 0.000146449 0)
(0.195827 6.20832e-06 0)
(0.203083 0.000181406 0)
(0.195492 5.53876e-05 0)
(0.202824 0.000221416 0)
(0.195107 0.000113535 0)
(0.20246 0.000263578 0)
(0.194666 0.000188623 0)
(0.201945 0.000315468 0)
(0.194167 0.000293428 0)
(0.201211 0.000384729 0)
(0.193596 0.000447268 0)
(0.200134 0.000486716 0)
(0.192906 0.000690116 0)
(0.198479 0.000670223 0)
(0.191961 0.00115685 0)
(0.195806 0.00120276 0)
(0.190638 0.00257379 0)
(0.191832 0.0036471 0)
(0.202236 0.000111763 0)
(0.197796 -5.89846e-05 0)
(0.202164 0.000114479 0)
(0.197777 -4.00389e-05 0)
(0.201943 0.000133925 0)
(0.197699 3.01685e-06 0)
(0.201656 0.000164763 0)
(0.197593 5.67444e-05 0)
(0.201289 0.000200697 0)
(0.197449 0.000126385 0)
(0.200831 0.000245191 0)
(0.197264 0.000209959 0)
(0.200262 0.000296898 0)
(0.197022 0.000314569 0)
(0.199558 0.000366399 0)
(0.196698 0.000453077 0)
(0.19868 0.000469531 0)
(0.196241 0.000645481 0)
(0.197565 0.000639055 0)
(0.195546 0.000940847 0)
(0.196089 0.000972669 0)
(0.194425 0.0015252 0)
(0.194115 0.00188362 0)
(0.192835 0.00320061 0)
(0.192142 0.00483094 0)
(0.201188 9.38898e-05 0)
(0.19891 -2.8288e-05 0)
(0.201067 9.9959e-05 0)
(0.198931 2.40889e-06 0)
(0.200813 0.000124349 0)
(0.198882 5.98649e-05 0)
(0.200502 0.000161215 0)
(0.198789 0.000126952 0)
(0.20013 0.000205181 0)
(0.198637 0.000209043 0)
(0.199692 0.000261617 0)
(0.198416 0.000306103 0)
(0.199178 0.000333514 0)
(0.198106 0.000424587 0)
(0.198571 0.000434478 0)
(0.197674 0.000578494 0)
(0.197842 0.000586546 0)
(0.197071 0.000792921 0)
(0.196937 0.00083475 0)
(0.196209 0.00113443 0)
(0.195763 0.0013095 0)
(0.194988 0.00183522 0)
(0.194295 0.00245707 0)
(0.193573 0.0036066 0)
(0.193093 0.00523574 0)
(0.20051 7.1675e-05 0)
(0.199578 5.69394e-06 0)
(0.200413 8.50695e-05 0)
(0.199569 4.51141e-05 0)
(0.200201 0.00011768 0)
(0.199477 0.000111863 0)
(0.199941 0.000165547 0)
(0.19933 0.000187321 0)
(0.199633 0.000223541 0)
(0.199115 0.000276363 0)
(0.199268 0.000298379 0)
(0.198823 0.000381638 0)
(0.198838 0.000395594 0)
(0.198437 0.000510692 0)
(0.198323 0.000529857 0)
(0.197933 0.00068083 0)
(0.197692 0.000726557 0)
(0.197272 0.00092526 0)
(0.196896 0.00103908 0)
(0.196395 0.00132924 0)
(0.195873 0.00161642 0)
(0.195277 0.00214478 0)
(0.194688 0.00285861 0)
(0.19417 0.0039122 0)
(0.19386 0.00530813 0)
(0.200178 5.40656e-05 0)
(0.199873 3.26661e-05 0)
(0.200119 7.90997e-05 0)
(0.199825 7.86344e-05 0)
(0.199954 0.000122597 0)
(0.199694 0.000151632 0)
(0.19974 0.000184383 0)
(0.199506 0.000233651 0)
(0.199478 0.000258464 0)
(0.199254 0.000328981 0)
(0.199158 0.000352547 0)
(0.198929 0.000443186 0)
(0.19877 0.000473723 0)
(0.198519 0.000585774 0)
(0.198295 0.000637272 0)
(0.198003 0.000777472 0)
(0.197706 0.000871558 0)
(0.197351 0.00105873 0)
(0.196966 0.00123759 0)
(0.196525 0.00152739 0)
(0.196052 0.00189075 0)
(0.195554 0.00242273 0)
(0.195084 0.00315293 0)
(0.194708 0.00411078 0)
(0.194516 0.00530638 0)
(0.200051 4.24501e-05 0)
(0.19997 5.13891e-05 0)
(0.200012 8.17887e-05 0)
(0.199901 0.000103981 0)
(0.199875 0.00013702 0)
(0.199752 0.000182692 0)
(0.199684 0.000212917 0)
(0.199549 0.000271944 0)
(0.199442 0.000302516 0)
(0.199287 0.00037547 0)
(0.19914 0.000413978 0)
(0.198957 0.00050133 0)
(0.198769 0.000555875 0)
(0.198548 0.000661079 0)
(0.198313 0.000744452 0)
(0.198044 0.000878139 0)
(0.197751 0.0010112 0)
(0.197421 0.0011984 0)
(0.197059 0.00142298 0)
(0.196664 0.00172437 0)
(0.196249 0.00212875 0)
(0.195836 0.00266067 0)
(0.195466 0.00336997 0)
(0.195195 0.00423934 0)
(0.195093 0.00527912 0)
(0.200012 3.55359e-05 0)
(0.199992 6.38566e-05 0)
(0.199979 9.02924e-05 0)
(0.199916 0.000124507 0)
(0.199854 0.000157174 0)
(0.199763 0.000209596 0)
(0.199672 0.000246119 0)
(0.199558 0.000307547 0)
(0.199438 0.000349893 0)
(0.199297 0.000421482 0)
(0.199144 0.000476742 0)
(0.198972 0.000561287 0)
(0.198783 0.000636855 0)
(0.198573 0.000740292 0)
(0.198343 0.000847832 0)
(0.198087 0.000983897 0)
(0.197807 0.00114396 0)
(0.197499 0.00134129 0)
(0.197167 0.00159469 0)
(0.196816 0.00191179 0)
(0.196458 0.00233289 0)
(0.196118 0.00285866 0)
(0.195831 0.0035303 0)
(0.195643 0.00432065 0)
(0.195606 0.00523264 0)
(0.200002 3.18888e-05 0)
(0.199993 7.23494e-05 0)
(0.199967 0.000102197 0)
(0.199916 0.000142845 0)
(0.199849 0.000180388 0)
(0.199766 0.000235317 0)
(0.199671 0.000281051 0)
(0.199563 0.000343271 0)
(0.199442 0.000397834 0)
(0.199306 0.000469236 0)
(0.199155 0.000538822 0)
(0.198988 0.000624194 0)
(0.198804 0.000715799 0)
(0.198602 0.000822973 0)
(0.19838 0.00094784 0)
(0.198137 0.00109231 0)
(0.197873 0.00127111 0)
(0.197589 0.00148237 0)
(0.197287 0.00175377 0)
(0.196978 0.00208356 0)
(0.196673 0.00250757 0)
(0.196397 0.00301993 0)
(0.196178 0.00364843 0)
(0.196055 0.00436595 0)
(0.196066 0.00516841 0)
(0.2 3.0472e-05 0)
(0.19999 7.87093e-05 0)
(0.199962 0.000115687 0)
(0.199914 0.00016056 0)
(0.199848 0.000204941 0)
(0.199768 0.000261443 0)
(0.199674 0.00031627 0)
(0.199569 0.000380237 0)
(0.19945 0.000445342 0)
(0.199317 0.000519113 0)
(0.19917 0.000599916 0)
(0.199009 0.000689554 0)
(0.19883 0.000793132 0)
(0.198636 0.000907621 0)
(0.198424 0.00104534 0)
(0.198195 0.00120076 0)
(0.197948 0.00139327 0)
(0.197688 0.00161791 0)
(0.197418 0.00190038 0)
(0.197148 0.00223737 0)
(0.196892 0.00265615 0)
(0.196671 0.00314916 0)
(0.196508 0.00373327 0)
(0.196434 0.00438303 0)
(0.196478 0.00508975 0)
(0.2 3.05604e-05 0)
(0.199988 8.42501e-05 0)
(0.199959 0.000129531 0)
(0.199913 0.000178406 0)
(0.199849 0.000229824 0)
(0.199771 0.000288596 0)
(0.199679 0.00035126 0)
(0.199576 0.000418597 0)
(0.19946 0.000492273 0)
(0.199331 0.000570674 0)
(0.199189 0.000660281 0)
(0.199032 0.0007564 0)
(0.198861 0.000869363 0)
(0.198675 0.000992741 0)
(0.198474 0.00114071 0)
(0.19826 0.00130724 0)
(0.198032 0.00151023 0)
(0.197796 0.00174567 0)
(0.197556 0.00203425 0)
(0.197324 0.002373 0)
(0.197111 0.0027812 0)
(0.196936 0.00325085 0)
(0.196819 0.00379089 0)
(0.196783 0.00437791 0)
(0.19685 0.00500105 0)
(0.2 3.16235e-05 0)
(0.199986 8.9811e-05 0)
(0.199957 0.00014314 0)
(0.199912 0.000196639 0)
(0.199851 0.000254611 0)
(0.199775 0.000316818 0)
(0.199686 0.000386015 0)
(0.199585 0.000458054 0)
(0.199472 0.000538822 0)
(0.199348 0.000623246 0)
(0.19921 0.000720218 0)
(0.19906 0.000823785 0)
(0.198896 0.00094473 0)
(0.19872 0.00107716 0)
(0.19853 0.00123384 0)
(0.198331 0.00141031 0)
(0.198122 0.00162136 0)
(0.19791 0.00186441 0)
(0.1977 0.00215523 0)
(0.197502 0.00249109 0)
(0.197326 0.00288507 0)
(0.197191 0.00332888 0)
(0.197111 0.00382611 0)
(0.197104 0.00435567 0)
(0.197185 0.00490633 0)
(0.2 3.32779e-05 0)
(0.199986 9.58246e-05 0)
(0.199956 0.000156374 0)
(0.199913 0.000215216 0)
(0.199853 0.000279205 0)
(0.19978 0.00034586 0)
(0.199694 0.00042069 0)
(0.199596 0.000498198 0)
(0.199487 0.000585187 0)
(0.199367 0.000676215 0)
(0.199234 0.000779836 0)
(0.19909 0.000890979 0)
(0.198935 0.00101915 0)
(0.198768 0.00116005 0)
(0.198592 0.00132427 0)
(0.198408 0.00150899 0)
(0.198218 0.00172597 0)
(0.19803 0.0019735 0)
(0.197846 0.00226334 0)
(0.197679 0.00259266 0)
(0.197537 0.00296992 0)
(0.197435 0.00338668 0)
(0.197384 0.00384313 0)
(0.197398 0.00432066 0)
(0.197487 0.00480867 0)
(0.2 3.52713e-05 0)
(0.199985 0.000102411 0)
(0.199956 0.00016931 0)
(0.199914 0.000233963 0)
(0.199856 0.000303615 0)
(0.199786 0.000375385 0)
(0.199702 0.000455395 0)
(0.199609 0.000538661 0)
(0.199503 0.00063143 0)
(0.199388 0.000729117 0)
(0.199261 0.00083903 0)
(0.199124 0.000957448 0)
(0.198977 0.0010923 0)
(0.198821 0.00124075 0)
(0.198657 0.00141143 0)
(0.198489 0.0016026 0)
(0.198319 0.00182346 0)
(0.198152 0.00207271 0)
(0.197994 0.00235889 0)
(0.197855 0.00267891 0)
(0.197741 0.00303785 0)
(0.197666 0.00342736 0)
(0.197638 0.00384558 0)
(0.197667 0.0042764 0)
(0.19776 0.00471029 0)
(0.2 3.74602e-05 0)
(0.199985 0.00010949 0)
(0.199957 0.000182088 0)
(0.199915 0.000252716 0)
(0.19986 0.000327855 0)
(0.199792 0.000405087 0)
(0.199712 0.000490129 0)
(0.199622 0.000579159 0)
(0.199521 0.00067748 0)
(0.19941 0.000781613 0)
(0.19929 0.000897556 0)
(0.199161 0.00102276 0)
(0.199023 0.00116375 0)
(0.198878 0.00131876 0)
(0.198727 0.00149473 0)
(0.198575 0.00169061 0)
(0.198422 0.00191345 0)
(0.198277 0.00216206 0)
(0.198142 0.00244237 0)
(0.198027 0.00275114 0)
(0.197938 0.0030909 0)
(0.197885 0.0034537 0)
(0.197874 0.00383655 0)
(0.197914 0.00422568 0)
(0.198008 0.00461274 0)
(0.2 3.97685e-05 0)
(0.199986 0.000116901 0)
(0.199957 0.00019482 0)
(0.199917 0.000271364 0)
(0.199864 0.000351912 0)
(0.1998 0.000434723 0)
(0.199723 0.000524795 0)
(0.199637 0.000619463 0)
(0.19954 0.000723177 0)
(0.199435 0.000833421 0)
(0.199321 0.000955107 0)
(0.1992 0.00108653 0)
(0.199071 0.00123304 0)
(0.198938 0.00139359 0)
(0.1988 0.00157369 0)
(0.198663 0.00177266 0)
(0.198528 0.00199574 0)
(0.198401 0.00224174 0)
(0.198287 0.00251451 0)
(0.198194 0.00281071 0)
(0.198125 0.00313106 0)
(0.19809 0.0034682 0)
(0.198093 0.00381862 0)
(0.19814 0.00417065 0)
(0.198233 0.00451711 0)
(0.2 4.21524e-05 0)
(0.199986 0.000124493 0)
(0.199959 0.000207548 0)
(0.19992 0.000289837 0)
(0.199869 0.000375736 0)
(0.199808 0.000464104 0)
(0.199735 0.000559232 0)
(0.199653 0.000659361 0)
(0.199561 0.000768307 0)
(0.199462 0.000884275 0)
(0.199355 0.00101136 0)
(0.199242 0.00114838 0)
(0.199122 0.00129975 0)
(0.199 0.00146482 0)
(0.198875 0.00164792 0)
(0.198753 0.00184851 0)
(0.198634 0.00207035 0)
(0.198526 0.00231215 0)
(0.19843 0.00257617 0)
(0.198355 0.00285903 0)
(0.198303 0.00316022 0)
(0.198283 0.00347311 0)
(0.198295 0.00379398 0)
(0.198346 0.00411306 0)
(0.198436 0.00442423 0)
(0.2 4.45789e-05 0)
(0.199987 0.000132142 0)
(0.19996 0.000220248 0)
(0.199923 0.000308078 0)
(0.199875 0.000399246 0)
(0.199816 0.000493065 0)
(0.199747 0.000593237 0)
(0.19967 0.000698634 0)
(0.199584 0.00081262 0)
(0.199491 0.000933905 0)
(0.199391 0.00106596 0)
(0.199286 0.00120795 0)
(0.199176 0.00136348 0)
(0.199065 0.00153209 0)
(0.198953 0.00171713 0)
(0.198844 0.00191806 0)
(0.198741 0.00213744 0)
(0.198648 0.00237385 0)
(0.198569 0.00262834 0)
(0.198509 0.00289758 0)
(0.198472 0.00318026 0)
(0.198462 0.00347049 0)
(0.198482 0.00376462 0)
(0.198535 0.00405446 0)
(0.198621 0.0043349 0)
(0.2 4.7017e-05 0)
(0.199987 0.000139749 0)
(0.199962 0.000232832 0)
(0.199927 0.000325992 0)
(0.199881 0.000422307 0)
(0.199826 0.000521418 0)
(0.199761 0.000626558 0)
(0.199688 0.000737011 0)
(0.199607 0.0008558 0)
(0.199521 0.000981982 0)
(0.199428 0.00111855 0)
(0.199331 0.00126484 0)
(0.199232 0.0014238 0)
(0.199131 0.00159504 0)
(0.199031 0.00178105 0)
(0.198935 0.00198125 0)
(0.198846 0.00219721 0)
(0.198768 0.00242744 0)
(0.198703 0.00267204 0)
(0.198657 0.00292782 0)
(0.198631 0.00319299 0)
(0.198629 0.00346235 0)
(0.198654 0.00373246 0)
(0.198707 0.0039965 0)
(0.198788 0.0042502 0)
(0.2 4.94332e-05 0)
(0.199988 0.000147199 0)
(0.199964 0.000245138 0)
(0.199931 0.000343391 0)
(0.199887 0.000444676 0)
(0.199836 0.000548857 0)
(0.199775 0.000658814 0)
(0.199707 0.000774066 0)
(0.199632 0.000897369 0)
(0.199552 0.00102799 0)
(0.199467 0.00116855 0)
(0.199379 0.00131846 0)
(0.199289 0.00148012 0)
(0.199198 0.0016531 0)
(0.19911 0.00183923 0)
(0.199027 0.00203782 0)
(0.19895 0.00224969 0)
(0.198885 0.00247329 0)
(0.198832 0.00270807 0)
(0.198797 0.00295099 0)
(0.19878 0.00320001 0)
(0.198785 0.00345056 0)
(0.198812 0.00369947 0)
(0.198864 0.00394103 0)
(0.19894 0.00417176 0)
(0.2 5.22112e-05 0)
(0.199989 0.00015568 0)
(0.199967 0.000259133 0)
(0.199936 0.000363094 0)
(0.199896 0.000469973 0)
(0.199848 0.000579833 0)
(0.199793 0.000695217 0)
(0.199731 0.000815794 0)
(0.199663 0.000944035 0)
(0.199591 0.00107934 0)
(0.199515 0.00122396 0)
(0.199437 0.00137732 0)
(0.199358 0.00154129 0)
(0.19928 0.00171535 0)
(0.199204 0.00190068 0)
(0.199134 0.00209651 0)
(0.199072 0.00230297 0)
(0.19902 0.00251854 0)
(0.19898 0.00274211 0)
(0.198955 0.00297091 0)
(0.198946 0.00320276 0)
(0.198956 0.00343376 0)
(0.198986 0.00366108 0)
(0.199035 0.00388014 0)
(0.199103 0.00408812 0)
(0.2 5.54077e-05 0)
(0.19999 0.000165391 0)
(0.19997 0.000275142 0)
(0.199942 0.00038555 0)
(0.199907 0.000498729 0)
(0.199865 0.000614938 0)
(0.199816 0.000736376 0)
(0.199761 0.000862823 0)
(0.199702 0.000996411 0)
(0.19964 0.00113662 0)
(0.199574 0.00128529 0)
(0.199508 0.00144184 0)
(0.199441 0.00160756 0)
(0.199376 0.00178187 0)
(0.199315 0.00196526 0)
(0.199259 0.00215692 0)
(0.199211 0.00235636 0)
(0.199172 0.00256213 0)
(0.199144 0.00277262 0)
(0.199129 0.00298554 0)
(0.199127 0.00319861 0)
(0.199141 0.00340879 0)
(0.199169 0.00361359 0)
(0.199214 0.0038096 0)
(0.199273 0.00399461 0)
(0.2 5.86301e-05 0)
(0.199991 0.000175138 0)
(0.199974 0.000291224 0)
(0.19995 0.00040801 0)
(0.199919 0.000527415 0)
(0.199883 0.000649799 0)
(0.199841 0.000777124 0)
(0.199796 0.000909163 0)
(0.199746 0.00104778 0)
(0.199693 0.0011924 0)
(0.199639 0.00134453 0)
(0.199585 0.00150348 0)
(0.199531 0.00167009 0)
(0.199479 0.00184366 0)
(0.199431 0.00202418 0)
(0.199389 0.00221078 0)
(0.199353 0.00240245 0)
(0.199325 0.00259784 0)
(0.199306 0.00279516 0)
(0.199298 0.00299252 0)
(0.199301 0.00318779 0)
(0.199316 0.00337867 0)
(0.199342 0.00356309 0)
(0.19938 0.00373857 0)
(0.19943 0.00390349 0)
(0.2 6.17449e-05 0)
(0.199993 0.000184531 0)
(0.199978 0.000306714 0)
(0.199959 0.000429558 0)
(0.199934 0.000554842 0)
(0.199904 0.000682972 0)
(0.19987 0.000815731 0)
(0.199834 0.000952831 0)
(0.199794 0.00109591 0)
(0.199752 0.00124427 0)
(0.199709 0.00139914 0)
(0.199667 0.00155965 0)
(0.199625 0.00172634 0)
(0.199587 0.00189836 0)
(0.199551 0.00207532 0)
(0.19952 0.00225626 0)
(0.199495 0.00243987 0)
(0.199476 0.00262496 0)
(0.199465 0.00280973 0)
(0.199461 0.00299275 0)
(0.199466 0.0031721 0)
(0.19948 0.0033461 0)
(0.199502 0.00351311 0)
(0.199533 0.00367134 0)
(0.199572 0.00381964 0)
(0.2 6.45582e-05 0)
(0.199994 0.000192994 0)
(0.199984 0.000320664 0)
(0.199969 0.0004489 0)
(0.19995 0.000579388 0)
(0.199928 0.000712525 0)
(0.199903 0.000849978 0)
(0.199876 0.000991355 0)
(0.199846 0.00113814 0)
(0.199816 0.00128945 0)
(0.199785 0.00144632 0)
(0.199754 0.00160771 0)
(0.199725 0.0017739 0)
(0.199698 0.00194388 0)
(0.199674 0.00211701 0)
(0.199653 0.00229227 0)
(0.199636 0.00246828 0)
(0.199624 0.00264406 0)
(0.199618 0.0028179 0)
(0.199617 0.00298875 0)
(0.199622 0.00315492 0)
(0.199633 0.00331523 0)
(0.199649 0.00346833 0)
(0.199672 0.00361298 0)
(0.199701 0.00374835 0)
(0.2 6.67909e-05 0)
(0.199996 0.000199712 0)
(0.19999 0.000331735 0)
(0.19998 0.000464224 0)
(0.199969 0.000598792 0)
(0.199955 0.000735812 0)
(0.199939 0.000876869 0)
(0.199922 0.00102148 0)
(0.199904 0.00117101 0)
(0.199885 0.00132444 0)
(0.199866 0.00148265 0)
(0.199847 0.00164442 0)
(0.199829 0.00180988 0)
(0.199813 0.00197785 0)
(0.199799 0.00214756 0)
(0.199787 0.00231806 0)
(0.199777 0.00248798 0)
(0.19977 0.00265653 0)
(0.199767 0.00282208 0)
(0.199767 0.00298388 0)
(0.19977 0.00314041 0)
(0.199777 0.00329083 0)
(0.199787 0.00343398 0)
(0.199801 0.00356897 0)
(0.199818 0.00369516 0)
(0.2 6.80801e-05 0)
(0.199999 0.000203617 0)
(0.199996 0.000338178 0)
(0.199993 0.000473148 0)
(0.199989 0.000610089 0)
(0.199984 0.000749357 0)
(0.199979 0.00089249 0)
(0.199973 0.00103895 0)
(0.199966 0.00119004 0)
(0.199959 0.00134464 0)
(0.199953 0.00150355 0)
(0.199946 0.00166547 0)
(0.19994 0.00183038 0)
(0.199934 0.00199706 0)
(0.199929 0.00216473 0)
(0.199924 0.00233246 0)
(0.199921 0.00249891 0)
(0.199918 0.0026634 0)
(0.199916 0.00282436 0)
(0.199916 0.0029812 0)
(0.199917 0.00313246 0)
(0.199919 0.00327748 0)
(0.199922 0.00341522 0)
(0.199926 0.00354494 0)
(0.199932 0.00366612 0)
)
;

boundaryField
{
    top
    {
        type            zeroGradient;
    }
    inlet
    {
        type            fixedValue;
        value           uniform (0.2 0 0);
    }
    outlet
    {
        type            zeroGradient;
    }
    plate
    {
        type            fixedValue;
        value           uniform (0 0 0);
    }
    symmBound
    {
        type            zeroGradient;
    }
    frontAndBack
    {
        type            empty;
    }
}


// ************************************************************************* //
