/*--------------------------------*- C++ -*----------------------------------*\
| =========                 |                                                 |
| \\      /  F ield         | OpenFOAM: The Open Source CFD Toolbox           |
|  \\    /   O peration     | Version:  2.3.0                                 |
|   \\  /    A nd           | Web:      www.OpenFOAM.org                      |
|    \\/     M anipulation  |                                                 |
\*---------------------------------------------------------------------------*/
FoamFile
{
    version     2.0;
    format      ascii;
    class       surfaceScalarField;
    location    "0.1";
    object      phi_0;
}
// * * * * * * * * * * * * * * * * * * * * * * * * * * * * * * * * * * * * * //

dimensions      [0 3 -1 0 0 0 0];

internalField   nonuniform List<scalar> 
6068
(
2.83516e-08
2.82445e-09
-3.11761e-08
2.54988e-08
2.85278e-09
2.28104e-08
2.68843e-09
2.03314e-08
2.47904e-09
1.80789e-08
2.25247e-09
1.60639e-08
2.01496e-09
1.42894e-08
1.77452e-09
1.27504e-08
1.53903e-09
1.14352e-08
1.31523e-09
1.03266e-08
1.10859e-09
9.40348e-09
9.2311e-10
8.64234e-09
7.61141e-10
8.01901e-09
6.23325e-10
7.5102e-09
5.08813e-10
7.09459e-09
4.1561e-10
6.75359e-09
3.41e-10
6.47164e-09
2.81954e-10
6.23617e-09
2.35465e-10
6.03738e-09
1.98787e-10
5.86783e-09
1.69556e-10
5.72201e-09
1.45821e-10
5.59602e-09
1.25985e-10
5.48732e-09
1.08707e-10
5.39451e-09
9.28069e-11
5.31724e-09
7.72711e-11
5.25593e-09
6.13081e-11
5.21162e-09
4.43047e-11
5.18562e-09
2.60034e-11
5.17836e-09
7.2561e-12
5.18548e-09
-7.11201e-12
5.20211e-09
-1.66307e-11
5.22491e-09
-2.28064e-11
5.25089e-09
-2.59741e-11
5.27745e-09
-2.6558e-11
5.30281e-09
-2.53626e-11
5.32597e-09
-2.31565e-11
5.34647e-09
-2.05057e-11
5.36425e-09
-1.77752e-11
5.37942e-09
-1.51772e-11
5.39224e-09
-1.28205e-11
5.40299e-09
-1.07483e-11
5.41196e-09
-8.96521e-12
5.41941e-09
-7.45506e-12
5.4256e-09
-6.1916e-12
5.43075e-09
-5.14505e-12
5.43504e-09
-4.28594e-12
5.43862e-09
-3.5861e-12
5.44164e-09
-3.01998e-12
5.44421e-09
-2.56478e-12
5.44641e-09
-2.20048e-12
5.44832e-09
-1.90967e-12
5.44999e-09
-1.67748e-12
5.45148e-09
-1.49137e-12
5.45283e-09
-1.34095e-12
5.45404e-09
-1.21779e-12
5.45516e-09
-1.1152e-12
5.45619e-09
-1.02793e-12
5.45714e-09
-9.52022e-13
5.45802e-09
-8.84531e-13
5.45885e-09
-8.23319e-13
5.45961e-09
-7.66912e-13
5.46033e-09
-7.14344e-13
5.46099e-09
-6.64998e-13
5.46161e-09
-6.18484e-13
5.46219e-09
-5.7456e-13
5.46272e-09
-5.33087e-13
5.46321e-09
-4.9398e-13
5.46367e-09
-4.5717e-13
5.46409e-09
-4.22595e-13
5.46448e-09
-3.90184e-13
5.46484e-09
-3.59862e-13
5.46517e-09
-3.31539e-13
5.46548e-09
-3.05126e-13
5.46576e-09
-2.80524e-13
5.46602e-09
-2.57627e-13
5.46625e-09
-2.36348e-13
5.46647e-09
-2.16567e-13
5.46667e-09
-1.9822e-13
5.46685e-09
-1.8118e-13
5.46702e-09
-1.6538e-13
5.46717e-09
-1.50724e-13
5.4673e-09
-1.37127e-13
5.46743e-09
-1.24517e-13
5.46754e-09
-1.12812e-13
5.46764e-09
-1.01944e-13
5.46773e-09
-9.18436e-14
5.46782e-09
-8.24393e-14
5.46789e-09
-7.36706e-14
5.46796e-09
-6.54714e-14
5.46801e-09
-5.77843e-14
5.46806e-09
-5.05462e-14
5.46811e-09
-4.37004e-14
5.46815e-09
-3.71803e-14
5.46818e-09
-3.0915e-14
5.4682e-09
-2.48161e-14
5.46822e-09
-1.87544e-14
5.46823e-09
-1.26148e-14
5.46824e-09
-6.37014e-15
5.46824e-09
-6.26875e-16
2.3423e-14
3.40647e-08
3.10432e-09
-3.43446e-08
3.34851e-08
3.43241e-09
3.26678e-08
3.50573e-09
3.1692e-08
3.45477e-09
3.06151e-08
3.32946e-09
2.94827e-08
3.14729e-09
2.83326e-08
2.92468e-09
2.71936e-08
2.67798e-09
2.60875e-08
2.42136e-09
2.50295e-08
2.16654e-09
2.40299e-08
1.9227e-09
2.30946e-08
1.69644e-09
2.22263e-08
1.4917e-09
2.1425e-08
1.31004e-09
2.06895e-08
1.15115e-09
2.00172e-08
1.01335e-09
1.94049e-08
8.94215e-10
1.88494e-08
7.90955e-10
1.83474e-08
7.00781e-10
1.78959e-08
6.21084e-10
1.74922e-08
5.49501e-10
1.71343e-08
4.83897e-10
1.68207e-08
4.2231e-10
1.65505e-08
3.62956e-10
1.63234e-08
3.04373e-10
1.6139e-08
2.45747e-10
1.59961e-08
1.87237e-10
1.58921e-08
1.2997e-10
1.58249e-08
7.44077e-11
1.57966e-08
2.12222e-11
1.58022e-08
-2.22125e-11
1.58296e-08
-5.01681e-11
1.58696e-08
-6.60435e-11
1.59159e-08
-7.28705e-11
1.59639e-08
-7.33022e-11
1.60104e-08
-6.96368e-11
1.60535e-08
-6.36537e-11
1.60923e-08
-5.66095e-11
1.61265e-08
-4.93302e-11
1.6156e-08
-4.2322e-11
1.61811e-08
-3.58676e-11
1.62022e-08
-3.01024e-11
1.62199e-08
-2.50682e-11
1.62344e-08
-2.07509e-11
1.62464e-08
-1.71043e-11
1.62562e-08
-1.40655e-11
1.62641e-08
-1.15644e-11
1.62706e-08
-9.52921e-12
1.6276e-08
-7.89072e-12
1.62804e-08
-6.58405e-12
1.6284e-08
-5.55018e-12
1.62871e-08
-4.73671e-12
1.62897e-08
-4.09821e-12
1.62919e-08
-3.59619e-12
1.62939e-08
-3.19886e-12
1.62957e-08
-2.8805e-12
1.62973e-08
-2.62081e-12
1.62987e-08
-2.40418e-12
1.63e-08
-2.21887e-12
1.63013e-08
-2.05628e-12
1.63024e-08
-1.91033e-12
1.63035e-08
-1.77691e-12
1.63045e-08
-1.65331e-12
1.63054e-08
-1.53779e-12
1.63062e-08
-1.42925e-12
1.6307e-08
-1.32704e-12
1.63078e-08
-1.23075e-12
1.63085e-08
-1.14014e-12
1.63091e-08
-1.05498e-12
1.63097e-08
-9.75087e-13
1.63102e-08
-9.00256e-13
1.63107e-08
-8.30279e-13
1.63112e-08
-7.64933e-13
1.63116e-08
-7.03979e-13
1.6312e-08
-6.47176e-13
1.63123e-08
-5.94281e-13
1.63127e-08
-5.4506e-13
1.6313e-08
-4.99294e-13
1.63132e-08
-4.56745e-13
1.63135e-08
-4.17198e-13
1.63137e-08
-3.80454e-13
1.63139e-08
-3.46298e-13
1.63141e-08
-3.14552e-13
1.63143e-08
-2.85023e-13
1.63145e-08
-2.57538e-13
1.63146e-08
-2.31927e-13
1.63147e-08
-2.08022e-13
1.63148e-08
-1.85667e-13
1.63149e-08
-1.64707e-13
1.6315e-08
-1.44992e-13
1.63151e-08
-1.26374e-13
1.63152e-08
-1.08702e-13
1.63152e-08
-9.18214e-14
1.63153e-08
-7.55593e-14
1.63153e-08
-5.97144e-14
1.63153e-08
-4.40191e-14
1.63153e-08
-2.82769e-14
1.63153e-08
-1.26137e-14
1.63153e-08
6.27223e-15
5.15308e-14
3.61572e-08
2.957e-09
-3.60099e-08
3.62323e-08
3.35733e-09
3.61837e-08
3.55433e-09
3.60129e-08
3.62551e-09
3.57312e-08
3.61119e-09
3.53527e-08
3.52578e-09
3.48947e-08
3.38262e-09
3.43754e-08
3.19729e-09
3.38119e-08
2.98485e-09
3.32198e-08
2.75867e-09
3.26125e-08
2.52998e-09
3.20014e-08
2.30758e-09
3.13955e-08
2.09759e-09
3.0802e-08
1.90356e-09
3.02263e-08
1.72687e-09
2.96724e-08
1.5672e-09
2.91435e-08
1.42313e-09
2.86419e-08
1.29257e-09
2.81695e-08
1.17315e-09
2.77281e-08
1.06248e-09
2.73194e-08
9.58224e-10
2.69451e-08
8.5816e-10
2.66072e-08
7.60244e-10
2.63074e-08
6.62731e-10
2.60473e-08
5.64475e-10
2.58277e-08
4.65315e-10
2.56487e-08
3.66328e-10
2.55088e-08
2.69802e-10
2.54043e-08
1.78888e-10
2.53291e-08
9.64207e-11
2.52833e-08
2.3643e-11
2.52673e-08
-3.41992e-11
2.52747e-08
-7.34562e-11
2.52989e-08
-9.7054e-11
2.53342e-08
-1.08614e-10
2.5376e-08
-1.11438e-10
2.54207e-08
-1.08314e-10
2.54655e-08
-1.01431e-10
2.55086e-08
-9.24092e-11
2.55487e-08
-8.24016e-11
2.5585e-08
-7.2197e-11
2.56172e-08
-6.23163e-11
2.56452e-08
-5.30867e-11
2.56692e-08
-4.46983e-11
2.56893e-08
-3.72447e-11
2.5706e-08
-3.07511e-11
2.57196e-08
-2.51948e-11
2.57306e-08
-2.05205e-11
2.57394e-08
-1.66511e-11
2.57463e-08
-1.34972e-11
2.57517e-08
-1.09635e-11
2.57559e-08
-8.95519e-12
2.57592e-08
-7.3819e-12
2.57618e-08
-6.16094e-12
2.57638e-08
-5.2193e-12
2.57654e-08
-4.49451e-12
2.57667e-08
-3.93463e-12
2.57678e-08
-3.49781e-12
2.57688e-08
-3.15116e-12
2.57696e-08
-2.86946e-12
2.57703e-08
-2.63407e-12
2.57709e-08
-2.43163e-12
2.57715e-08
-2.25281e-12
2.57721e-08
-2.09128e-12
2.57726e-08
-1.94291e-12
2.57731e-08
-1.80507e-12
2.57735e-08
-1.67616e-12
2.5774e-08
-1.55522e-12
2.57743e-08
-1.44162e-12
2.57747e-08
-1.33493e-12
2.5775e-08
-1.23481e-12
2.57753e-08
-1.14097e-12
2.57756e-08
-1.05312e-12
2.57759e-08
-9.70949e-13
2.57761e-08
-8.94161e-13
2.57764e-08
-8.22436e-13
2.57766e-08
-7.55503e-13
2.57768e-08
-6.93059e-13
2.5777e-08
-6.34825e-13
2.57771e-08
-5.80512e-13
2.57773e-08
-5.29872e-13
2.57774e-08
-4.82628e-13
2.57775e-08
-4.38545e-13
2.57776e-08
-3.97374e-13
2.57777e-08
-3.58883e-13
2.57778e-08
-3.2285e-13
2.57779e-08
-2.8905e-13
2.5778e-08
-2.57272e-13
2.5778e-08
-2.27309e-13
2.57781e-08
-1.98954e-13
2.57781e-08
-1.72002e-13
2.57782e-08
-1.46243e-13
2.57782e-08
-1.2147e-13
2.57782e-08
-9.7448e-14
2.57783e-08
-7.39166e-14
2.57783e-08
-5.05439e-14
2.57783e-08
-2.71949e-14
2.57782e-08
-3.45097e-15
2.57782e-08
2.85184e-14
8.88757e-14
3.77252e-08
2.76736e-09
-3.75355e-08
3.79294e-08
3.15314e-09
3.80982e-08
3.38551e-09
3.82145e-08
3.50922e-09
3.82713e-08
3.55436e-09
3.82647e-08
3.53243e-09
3.81947e-08
3.45263e-09
3.80651e-08
3.3268e-09
3.78824e-08
3.16757e-09
3.76543e-08
2.98684e-09
3.73891e-08
2.79517e-09
3.70953e-08
2.60132e-09
3.6781e-08
2.41189e-09
3.64533e-08
2.23126e-09
3.61185e-08
2.06174e-09
3.57817e-08
1.90395e-09
3.54476e-08
1.75728e-09
3.51198e-08
1.62031e-09
3.48018e-08
1.49115e-09
3.44966e-08
1.3677e-09
3.4207e-08
1.24781e-09
3.39358e-08
1.12937e-09
3.36856e-08
1.01049e-09
3.34586e-08
8.89708e-10
3.32567e-08
7.66355e-10
3.30811e-08
6.40927e-10
3.29321e-08
5.1529e-10
3.28093e-08
3.92606e-10
3.27112e-08
2.77019e-10
3.26345e-08
1.73075e-10
3.25746e-08
8.35402e-11
3.25312e-08
9.23594e-12
3.25057e-08
-4.79506e-11
3.24962e-08
-8.74994e-11
3.24999e-08
-1.12406e-10
3.25143e-08
-1.25801e-10
3.25365e-08
-1.30528e-10
3.25641e-08
-1.29e-10
3.25948e-08
-1.23156e-10
3.26269e-08
-1.14505e-10
3.26589e-08
-1.04189e-10
3.26897e-08
-9.30636e-11
3.27184e-08
-8.17599e-11
3.27444e-08
-7.07382e-11
3.27675e-08
-6.03251e-11
3.27875e-08
-5.07415e-11
3.28044e-08
-4.21233e-11
3.28184e-08
-3.45371e-11
3.28297e-08
-2.79935e-11
3.28387e-08
-2.24589e-11
3.28456e-08
-1.78662e-11
3.28508e-08
-1.41257e-11
3.28545e-08
-1.11339e-11
3.28572e-08
-8.78214e-12
3.28589e-08
-6.96335e-12
3.286e-08
-5.57723e-12
3.28606e-08
-4.53367e-12
3.28608e-08
-3.755e-12
3.28609e-08
-3.17633e-12
3.28607e-08
-2.74505e-12
3.28605e-08
-2.42009e-12
3.28603e-08
-2.17032e-12
3.286e-08
-1.97277e-12
3.28597e-08
-1.81096e-12
3.28594e-08
-1.67346e-12
3.28592e-08
-1.55267e-12
3.2859e-08
-1.44371e-12
3.28587e-08
-1.34353e-12
3.28585e-08
-1.25032e-12
3.28584e-08
-1.16297e-12
3.28582e-08
-1.08082e-12
3.28581e-08
-1.00346e-12
3.2858e-08
-9.30587e-13
3.28579e-08
-8.61944e-13
3.28578e-08
-7.97319e-13
3.28577e-08
-7.36453e-13
3.28576e-08
-6.79198e-13
3.28575e-08
-6.25313e-13
3.28575e-08
-5.7462e-13
3.28574e-08
-5.26901e-13
3.28574e-08
-4.81987e-13
3.28573e-08
-4.39668e-13
3.28573e-08
-3.99767e-13
3.28572e-08
-3.62095e-13
3.28572e-08
-3.26466e-13
3.28572e-08
-2.927e-13
3.28572e-08
-2.60614e-13
3.28571e-08
-2.30027e-13
3.28571e-08
-2.00761e-13
3.28571e-08
-1.72629e-13
3.28571e-08
-1.45443e-13
3.2857e-08
-1.19002e-13
3.2857e-08
-9.31156e-14
3.2857e-08
-6.75808e-14
3.28569e-08
-4.22412e-14
3.28569e-08
-1.7051e-14
3.28569e-08
9.10765e-15
3.28568e-08
3.93812e-14
3.28568e-08
8.0729e-14
1.45428e-13
3.92529e-08
2.5992e-09
-3.90847e-08
3.94579e-08
2.94814e-09
3.96622e-08
3.18114e-09
3.98496e-08
3.32188e-09
4.00115e-08
3.3924e-09
4.0141e-08
3.40298e-09
4.02327e-08
3.36093e-09
4.02842e-08
3.27529e-09
4.02956e-08
3.1562e-09
4.02688e-08
3.01357e-09
4.02076e-08
2.85643e-09
4.01163e-08
2.69254e-09
4.00002e-08
2.52804e-09
3.98642e-08
2.36728e-09
3.97131e-08
2.21282e-09
3.95513e-08
2.06575e-09
3.93826e-08
1.92597e-09
3.92104e-08
1.79252e-09
3.90376e-08
1.66391e-09
3.8867e-08
1.53834e-09
3.87009e-08
1.4139e-09
3.85416e-08
1.28873e-09
3.83908e-08
1.16119e-09
3.82504e-08
1.03017e-09
3.81213e-08
8.95403e-10
3.80044e-08
7.5783e-10
3.79e-08
6.19744e-10
3.78079e-08
4.84672e-10
3.77279e-08
3.57032e-10
3.76594e-08
2.41545e-10
3.7601e-08
1.4199e-10
3.75507e-08
5.9471e-11
3.75093e-08
-6.51464e-12
3.74779e-08
-5.61237e-11
3.74564e-08
-9.08264e-11
3.74438e-08
-1.1322e-10
3.74391e-08
-1.25825e-10
3.74409e-08
-1.30871e-10
3.7448e-08
-1.30243e-10
3.7459e-08
-1.25481e-10
3.74726e-08
-1.17822e-10
3.74878e-08
-1.08251e-10
3.75036e-08
-9.75521e-11
3.75192e-08
-8.63482e-11
3.7534e-08
-7.51315e-11
3.75476e-08
-6.42848e-11
3.75596e-08
-5.40958e-11
3.75698e-08
-4.47683e-11
3.75782e-08
-3.64312e-11
3.75849e-08
-2.91475e-11
3.759e-08
-2.29243e-11
3.75936e-08
-1.7723e-11
3.75959e-08
-1.34704e-11
3.75972e-08
-1.00694e-11
3.75976e-08
-7.40965e-12
3.75974e-08
-5.37612e-12
3.75968e-08
-3.85648e-12
3.75957e-08
-2.74718e-12
3.75945e-08
-1.95658e-12
3.75932e-08
-1.40645e-12
3.75918e-08
-1.03301e-12
3.75904e-08
-7.85841e-13
3.75891e-08
-6.26137e-13
3.75878e-08
-5.25024e-13
3.75866e-08
-4.61709e-13
3.75854e-08
-4.21738e-13
3.75844e-08
-3.95475e-13
3.75834e-08
-3.76786e-13
3.75825e-08
-3.61959e-13
3.75817e-08
-3.48865e-13
3.7581e-08
-3.36278e-13
3.75803e-08
-3.23629e-13
3.75797e-08
-3.10621e-13
3.75791e-08
-2.97179e-13
3.75786e-08
-2.83343e-13
3.75781e-08
-2.69066e-13
3.75777e-08
-2.54485e-13
3.75773e-08
-2.39591e-13
3.7577e-08
-2.24474e-13
3.75767e-08
-2.09159e-13
3.75764e-08
-1.93709e-13
3.75761e-08
-1.78128e-13
3.75759e-08
-1.62441e-13
3.75757e-08
-1.46643e-13
3.75755e-08
-1.30723e-13
3.75753e-08
-1.1466e-13
3.75751e-08
-9.84247e-14
3.7575e-08
-8.19747e-14
3.75748e-08
-6.52612e-14
3.75747e-08
-4.82169e-14
3.75746e-08
-3.07636e-14
3.75745e-08
-1.2779e-14
3.75744e-08
5.96397e-15
3.75743e-08
2.57071e-14
3.75742e-08
4.6683e-14
3.75741e-08
6.94095e-14
3.7574e-08
9.4864e-14
3.7574e-08
1.2542e-13
3.75739e-08
1.66551e-13
2.24639e-13
4.08183e-08
2.45584e-09
-4.06749e-08
4.10018e-08
2.7647e-09
4.11967e-08
2.9862e-09
4.13884e-08
3.13014e-09
4.15694e-08
3.2114e-09
4.17335e-08
3.23892e-09
4.18754e-08
3.21907e-09
4.19915e-08
3.15917e-09
4.20801e-08
3.06758e-09
4.21411e-08
2.95259e-09
4.21756e-08
2.8219e-09
4.21859e-08
2.68224e-09
4.21749e-08
2.53906e-09
4.21458e-08
2.39638e-09
4.21018e-08
2.25677e-09
4.20461e-08
2.12148e-09
4.19814e-08
1.99071e-09
4.191e-08
1.86384e-09
4.18342e-08
1.73971e-09
4.17558e-08
1.61682e-09
4.16761e-08
1.49355e-09
4.15965e-08
1.36831e-09
4.1518e-08
1.23975e-09
4.14411e-08
1.10708e-09
4.13661e-08
9.70325e-10
4.12933e-08
8.30628e-10
4.12227e-08
6.90362e-10
4.11544e-08
5.52997e-10
4.10887e-08
4.22739e-10
4.10263e-08
3.03959e-10
4.0968e-08
2.00291e-10
4.09139e-08
1.13571e-10
4.0864e-08
4.33459e-11
4.08195e-08
-1.16344e-11
4.07813e-08
-5.25867e-11
4.07495e-08
-8.13936e-11
4.07238e-08
-1.00197e-10
4.07039e-08
-1.10969e-10
4.06891e-08
-1.15432e-10
4.06787e-08
-1.15038e-10
4.06718e-08
-1.10995e-10
4.06679e-08
-1.04303e-10
4.06661e-08
-9.57866e-11
4.06659e-08
-8.6132e-11
4.06667e-08
-7.59079e-11
4.0668e-08
-6.55823e-11
4.06694e-08
-5.55324e-11
4.06707e-08
-4.60513e-11
4.06716e-08
-3.7353e-11
4.06721e-08
-2.95785e-11
4.06719e-08
-2.28026e-11
4.06713e-08
-1.70422e-11
4.06701e-08
-1.22672e-11
4.06684e-08
-8.41038e-12
4.06664e-08
-5.37944e-12
4.06641e-08
-3.06677e-12
4.06616e-08
-1.358e-12
4.0659e-08
-1.39902e-13
4.06563e-08
6.89863e-13
4.06537e-08
1.21896e-12
4.06511e-08
1.52307e-12
4.06487e-08
1.66587e-12
4.06464e-08
1.69829e-12
4.06442e-08
1.65922e-12
4.06421e-08
1.577e-12
4.06402e-08
1.47139e-12
4.06385e-08
1.35554e-12
4.06369e-08
1.23781e-12
4.06354e-08
1.12325e-12
4.0634e-08
1.01468e-12
4.06328e-08
9.13553e-13
4.06316e-08
8.20399e-13
4.06306e-08
7.35304e-13
4.06296e-08
6.58048e-13
4.06288e-08
5.88255e-13
4.0628e-08
5.2554e-13
4.06272e-08
4.69375e-13
4.06266e-08
4.19341e-13
4.0626e-08
3.74963e-13
4.06254e-08
3.35843e-13
4.06249e-08
3.01565e-13
4.06245e-08
2.71781e-13
4.06241e-08
2.46153e-13
4.06237e-08
2.24384e-13
4.06234e-08
2.06209e-13
4.06231e-08
1.91392e-13
4.06228e-08
1.79726e-13
4.06225e-08
1.71042e-13
4.06223e-08
1.65197e-13
4.06221e-08
1.6209e-13
4.06219e-08
1.61652e-13
4.06217e-08
1.63865e-13
4.06216e-08
1.68737e-13
4.06214e-08
1.76365e-13
4.06213e-08
1.86972e-13
4.06211e-08
2.01021e-13
4.0621e-08
2.1939e-13
4.06209e-08
2.43994e-13
4.06208e-08
2.78441e-13
3.24216e-13
4.24344e-08
2.33194e-09
-4.23105e-08
4.25959e-08
2.60313e-09
4.27735e-08
2.80865e-09
4.29536e-08
2.95e-09
4.3129e-08
3.036e-09
4.32942e-08
3.07373e-09
4.34446e-08
3.06867e-09
4.35769e-08
3.0269e-09
4.36891e-08
2.95534e-09
4.37807e-08
2.86105e-09
4.38519e-08
2.75066e-09
4.39041e-08
2.63003e-09
4.39392e-08
2.50401e-09
4.39593e-08
2.37628e-09
4.39667e-08
2.24931e-09
4.39637e-08
2.12447e-09
4.39523e-08
2.00217e-09
4.39341e-08
1.88206e-09
4.39105e-08
1.76331e-09
4.38826e-08
1.64472e-09
4.38512e-08
1.52496e-09
4.38167e-08
1.40275e-09
4.37794e-08
1.27704e-09
4.37392e-08
1.14729e-09
4.36958e-08
1.01371e-09
4.3649e-08
8.7749e-10
4.35985e-08
7.40861e-10
4.35445e-08
6.06988e-10
4.34876e-08
4.79626e-10
4.34289e-08
3.62606e-10
4.33701e-08
2.59141e-10
4.33126e-08
1.71082e-10
4.32573e-08
9.86053e-11
4.3205e-08
4.06546e-11
4.31567e-08
-4.23043e-12
4.31129e-08
-3.76014e-11
4.30738e-08
-6.11661e-11
4.30395e-08
-7.66428e-11
4.30097e-08
-8.55782e-11
4.29839e-08
-8.93123e-11
4.29619e-08
-8.89905e-11
4.29432e-08
-8.55835e-11
4.29273e-08
-7.99138e-11
4.29139e-08
-7.26804e-11
4.29025e-08
-6.44773e-11
4.28927e-08
-5.58062e-11
4.28842e-08
-4.70834e-11
4.28768e-08
-3.86445e-11
4.28702e-08
-3.07481e-11
4.28642e-08
-2.35794e-11
4.28587e-08
-1.72555e-11
4.28535e-08
-1.18325e-11
4.28485e-08
-7.3149e-12
4.28438e-08
-3.66436e-12
4.28392e-08
-8.09558e-13
4.28348e-08
1.34106e-12
4.28305e-08
2.88658e-12
4.28265e-08
3.92787e-12
4.28226e-08
4.5642e-12
4.28189e-08
4.888e-12
4.28155e-08
4.98037e-12
4.28122e-08
4.90914e-12
4.28092e-08
4.72867e-12
4.28064e-08
4.48064e-12
4.28038e-08
4.19562e-12
4.28013e-08
3.89507e-12
4.27991e-08
3.59341e-12
4.2797e-08
3.29979e-12
4.27951e-08
3.0197e-12
4.27934e-08
2.75612e-12
4.27918e-08
2.51042e-12
4.27903e-08
2.28289e-12
4.2789e-08
2.07323e-12
4.27878e-08
1.88078e-12
4.27867e-08
1.70468e-12
4.27856e-08
1.54402e-12
4.27847e-08
1.39776e-12
4.27839e-08
1.26498e-12
4.27831e-08
1.1447e-12
4.27824e-08
1.03605e-12
4.27818e-08
9.3817e-13
4.27812e-08
8.50279e-13
4.27807e-08
7.71641e-13
4.27802e-08
7.01584e-13
4.27798e-08
6.39491e-13
4.27794e-08
5.84799e-13
4.2779e-08
5.37001e-13
4.27787e-08
4.95649e-13
4.27784e-08
4.60343e-13
4.27781e-08
4.30746e-13
4.27779e-08
4.06576e-13
4.27776e-08
3.87618e-13
4.27774e-08
3.73708e-13
4.27773e-08
3.64788e-13
4.27771e-08
3.60939e-13
4.27769e-08
3.62466e-13
4.27768e-08
3.70039e-13
4.27766e-08
3.84985e-13
4.27765e-08
4.09218e-13
4.40702e-13
4.41041e-08
2.22276e-09
-4.39949e-08
4.42468e-08
2.46036e-09
4.44071e-08
2.64841e-09
4.4573e-08
2.7841e-09
4.47373e-08
2.8717e-09
4.48948e-08
2.91621e-09
4.50413e-08
2.92215e-09
4.51737e-08
2.89448e-09
4.52901e-08
2.83894e-09
4.53897e-08
2.76147e-09
4.54726e-08
2.66779e-09
4.55396e-08
2.56301e-09
4.55922e-08
2.45146e-09
4.56319e-08
2.33649e-09
4.56608e-08
2.2205e-09
4.56803e-08
2.1049e-09
4.56922e-08
1.99028e-09
4.56977e-08
1.87658e-09
4.56978e-08
1.76324e-09
4.56931e-08
1.64938e-09
4.56841e-08
1.53397e-09
4.56708e-08
1.41604e-09
4.56531e-08
1.29481e-09
4.56304e-08
1.16995e-09
4.56023e-08
1.0418e-09
4.55683e-08
9.11495e-10
4.55281e-08
7.81046e-10
4.54819e-08
6.53219e-10
4.54303e-08
5.31249e-10
4.53745e-08
4.18406e-10
4.53162e-08
3.17446e-10
4.52572e-08
2.30082e-10
4.5199e-08
1.56743e-10
4.51428e-08
9.68344e-11
4.50894e-08
4.91997e-11
4.50394e-08
1.24197e-11
4.49932e-08
-1.49847e-11
4.4951e-08
-3.44554e-11
4.49128e-08
-4.73649e-11
4.48784e-08
-5.4933e-11
4.48477e-08
-5.82328e-11
4.48203e-08
-5.8191e-11
4.4796e-08
-5.56078e-11
4.47745e-08
-5.11739e-11
4.47555e-08
-4.54841e-11
4.47387e-08
-3.9047e-11
4.47239e-08
-3.22909e-11
4.47108e-08
-2.5567e-11
4.46992e-08
-1.91522e-11
4.46889e-08
-1.32531e-11
4.46797e-08
-8.00988e-12
4.46713e-08
-3.50235e-12
4.46638e-08
2.42192e-13
4.46569e-08
3.23819e-12
4.46505e-08
5.53122e-12
4.46447e-08
7.19011e-12
4.46393e-08
8.29893e-12
4.46343e-08
8.94827e-12
4.46296e-08
9.22853e-12
4.46253e-08
9.22483e-12
4.46212e-08
9.01275e-12
4.46175e-08
8.65615e-12
4.4614e-08
8.20669e-12
4.46108e-08
7.70436e-12
4.46078e-08
7.1788e-12
4.4605e-08
6.65099e-12
4.46025e-08
6.13512e-12
4.46002e-08
5.64019e-12
4.4598e-08
5.17151e-12
4.4596e-08
4.73183e-12
4.45942e-08
4.32214e-12
4.45926e-08
3.94231e-12
4.4591e-08
3.59154e-12
4.45897e-08
3.26862e-12
4.45884e-08
2.9721e-12
4.45872e-08
2.70046e-12
4.45862e-08
2.4521e-12
4.45852e-08
2.22551e-12
4.45843e-08
2.01915e-12
4.45835e-08
1.83162e-12
4.45828e-08
1.66155e-12
4.45822e-08
1.50767e-12
4.45816e-08
1.36879e-12
4.4581e-08
1.24383e-12
4.45805e-08
1.13176e-12
4.45801e-08
1.03165e-12
4.45797e-08
9.42657e-13
4.45793e-08
8.64012e-13
4.4579e-08
7.95023e-13
4.45787e-08
7.35087e-13
4.45784e-08
6.83674e-13
4.45781e-08
6.40344e-13
4.45779e-08
6.04736e-13
4.45777e-08
5.76604e-13
4.45775e-08
5.55851e-13
4.45773e-08
5.42583e-13
4.45772e-08
5.37193e-13
4.4577e-08
5.40417e-13
4.45769e-08
5.52827e-13
5.70315e-13
4.58293e-08
2.12493e-09
-4.57315e-08
4.59564e-08
2.33328e-09
4.61009e-08
2.50389e-09
4.62529e-08
2.63211e-09
4.64054e-08
2.71917e-09
4.65535e-08
2.76818e-09
4.6693e-08
2.7826e-09
4.6821e-08
2.76644e-09
4.69356e-08
2.72435e-09
4.70358e-08
2.66129e-09
4.71215e-08
2.58212e-09
4.71932e-08
2.4913e-09
4.7252e-08
2.39263e-09
4.72993e-08
2.28921e-09
4.73365e-08
2.18327e-09
4.73651e-08
2.07629e-09
4.73864e-08
1.969e-09
4.74014e-08
1.86156e-09
4.7411e-08
1.75367e-09
4.74156e-08
1.64475e-09
4.74155e-08
1.53407e-09
4.74107e-08
1.42093e-09
4.74007e-08
1.3048e-09
4.73851e-08
1.18555e-09
4.73633e-08
1.06357e-09
4.73348e-08
9.39933e-10
4.72995e-08
8.16406e-10
4.72573e-08
6.95364e-10
4.7209e-08
5.79545e-10
4.71557e-08
4.71706e-10
4.7099e-08
3.74193e-10
4.70405e-08
2.88551e-10
4.69819e-08
2.15335e-10
4.69245e-08
1.54252e-10
4.68692e-08
1.04472e-10
4.68168e-08
6.48786e-11
4.67676e-08
3.42161e-11
4.67219e-08
1.12233e-11
4.66799e-08
-5.31679e-12
4.66414e-08
-1.64908e-11
4.66065e-08
-2.32925e-11
4.65749e-08
-2.65943e-11
4.65464e-08
-2.71627e-11
4.65209e-08
-2.5668e-11
4.64981e-08
-2.26931e-11
4.64778e-08
-1.87408e-11
4.64598e-08
-1.42378e-11
4.64438e-08
-9.53799e-12
4.64295e-08
-4.92459e-12
4.64169e-08
-6.13425e-13
4.64056e-08
3.2424e-12
4.63956e-08
6.54616e-12
4.63866e-08
9.25044e-12
4.63785e-08
1.13494e-11
4.63711e-08
1.28698e-11
4.63645e-08
1.38625e-11
4.63584e-08
1.4394e-11
4.63528e-08
1.45393e-11
4.63476e-08
1.43747e-11
4.63429e-08
1.39734e-11
4.63385e-08
1.34015e-11
4.63344e-08
1.27154e-11
4.63307e-08
1.19613e-11
4.63272e-08
1.11754e-11
4.6324e-08
1.03849e-11
4.6321e-08
9.60894e-12
4.63183e-08
8.86072e-12
4.63158e-08
8.14844e-12
4.63135e-08
7.4768e-12
4.63114e-08
6.84798e-12
4.63094e-08
6.26241e-12
4.63077e-08
5.71939e-12
4.6306e-08
5.2175e-12
4.63046e-08
4.75488e-12
4.63032e-08
4.32944e-12
4.6302e-08
3.93902e-12
4.63008e-08
3.58137e-12
4.62998e-08
3.25435e-12
4.62989e-08
2.95584e-12
4.6298e-08
2.68385e-12
4.62972e-08
2.43647e-12
4.62965e-08
2.21191e-12
4.62959e-08
2.00851e-12
4.62953e-08
1.82471e-12
4.62948e-08
1.65907e-12
4.62943e-08
1.51027e-12
4.62939e-08
1.3771e-12
4.62935e-08
1.25843e-12
4.62931e-08
1.15328e-12
4.62928e-08
1.06075e-12
4.62925e-08
9.80042e-13
4.62922e-08
9.1048e-13
4.6292e-08
8.51482e-13
4.62917e-08
8.02598e-13
4.62915e-08
7.63532e-13
4.62914e-08
7.34168e-13
4.62912e-08
7.14602e-13
4.6291e-08
7.05038e-13
4.62909e-08
7.05098e-13
7.09879e-13
4.76122e-08
2.03609e-09
-4.75233e-08
4.77262e-08
2.21927e-09
4.78568e-08
2.37328e-09
4.79958e-08
2.49308e-09
4.81369e-08
2.57805e-09
4.82754e-08
2.62976e-09
4.84072e-08
2.65071e-09
4.85297e-08
2.64399e-09
4.86407e-08
2.61334e-09
4.87392e-08
2.56282e-09
4.88248e-08
2.49653e-09
4.88978e-08
2.41828e-09
4.8959e-08
2.33144e-09
4.90094e-08
2.23878e-09
4.90503e-08
2.1424e-09
4.90828e-08
2.04377e-09
4.91081e-08
1.94372e-09
4.9127e-08
1.8426e-09
4.91404e-08
1.74034e-09
4.91485e-08
1.63661e-09
4.91516e-08
1.53095e-09
4.91497e-08
1.42289e-09
4.91423e-08
1.31214e-09
4.91292e-08
1.1987e-09
4.91097e-08
1.08303e-09
4.90836e-08
9.66099e-10
4.90505e-08
8.49467e-10
4.90107e-08
7.35154e-10
4.89648e-08
6.25468e-10
4.89138e-08
5.22722e-10
4.8859e-08
4.28913e-10
4.88022e-08
3.45421e-10
4.87446e-08
2.72863e-10
4.86877e-08
2.11164e-10
4.86324e-08
1.59759e-10
4.85795e-08
1.17791e-10
4.85295e-08
8.42424e-11
4.84827e-08
5.80467e-11
4.84392e-08
3.81469e-11
4.83992e-08
2.35625e-11
4.83625e-08
1.33889e-11
4.83291e-08
6.8137e-12
4.82988e-08
3.11281e-12
4.82715e-08
1.64507e-12
4.82469e-08
1.84734e-12
4.8225e-08
3.23026e-12
4.82054e-08
5.37516e-12
4.81879e-08
7.93181e-12
4.81724e-08
1.0616e-11
4.81585e-08
1.32066e-11
4.81462e-08
1.55413e-11
4.81353e-08
1.75111e-11
4.81255e-08
1.90538e-11
4.81167e-08
2.01467e-11
4.81087e-08
2.07982e-11
4.81016e-08
2.1041e-11
4.8095e-08
2.09234e-11
4.80891e-08
2.05036e-11
4.80836e-08
1.98428e-11
4.80786e-08
1.90011e-11
4.80739e-08
1.80337e-11
4.80697e-08
1.69884e-11
4.80657e-08
1.59051e-11
4.80621e-08
1.48151e-11
4.80587e-08
1.37422e-11
4.80556e-08
1.27033e-11
4.80528e-08
1.17099e-11
4.80502e-08
1.0769e-11
4.80478e-08
9.88445e-12
4.80455e-08
9.05753e-12
4.80435e-08
8.28797e-12
4.80417e-08
7.57438e-12
4.804e-08
6.91462e-12
4.80384e-08
6.30613e-12
4.8037e-08
5.74611e-12
4.80357e-08
5.2317e-12
4.80345e-08
4.75999e-12
4.80335e-08
4.32817e-12
4.80325e-08
3.93348e-12
4.80316e-08
3.57335e-12
4.80308e-08
3.24528e-12
4.803e-08
2.94696e-12
4.80294e-08
2.67621e-12
4.80288e-08
2.43099e-12
4.80282e-08
2.20944e-12
4.80277e-08
2.0098e-12
4.80273e-08
1.83048e-12
4.80269e-08
1.67003e-12
4.80265e-08
1.5271e-12
4.80261e-08
1.40051e-12
4.80258e-08
1.28919e-12
4.80255e-08
1.19219e-12
4.80253e-08
1.10872e-12
4.80251e-08
1.0381e-12
4.80248e-08
9.79832e-13
4.80246e-08
9.33559e-13
4.80245e-08
8.99085e-13
4.80243e-08
8.76171e-13
4.80241e-08
8.63838e-13
8.57263e-13
4.94551e-08
1.95462e-09
-4.93736e-08
4.95581e-08
2.11621e-09
4.96765e-08
2.25491e-09
4.98036e-08
2.36597e-09
4.99339e-08
2.44775e-09
5.00629e-08
2.50074e-09
5.01871e-08
2.52655e-09
5.03036e-08
2.52751e-09
5.04104e-08
2.50655e-09
5.05062e-08
2.46695e-09
5.05907e-08
2.4121e-09
5.06637e-08
2.34525e-09
5.07258e-08
2.26932e-09
5.07778e-08
2.18678e-09
5.08206e-08
2.09958e-09
5.08553e-08
2.00912e-09
5.08827e-08
1.91633e-09
5.09036e-08
1.82166e-09
5.09187e-08
1.72524e-09
5.09284e-08
1.62696e-09
5.09328e-08
1.52657e-09
5.09318e-08
1.42382e-09
5.09254e-08
1.3186e-09
5.09131e-08
1.21103e-09
5.08945e-08
1.10158e-09
5.08694e-08
9.91179e-10
5.08377e-08
8.81166e-10
5.07996e-08
7.73267e-10
5.07556e-08
6.69428e-10
5.07068e-08
5.71597e-10
5.06542e-08
4.81473e-10
5.05993e-08
4.0029e-10
5.05435e-08
3.28687e-10
5.04879e-08
2.66745e-10
5.04336e-08
2.14113e-10
5.03812e-08
1.70154e-10
5.03314e-08
1.34065e-10
5.02845e-08
1.0496e-10
5.02407e-08
8.19381e-11
5.02001e-08
6.41317e-11
5.01628e-08
5.07279e-11
5.01286e-08
4.09797e-11
5.00975e-08
3.42111e-11
5.00693e-08
2.98159e-11
5.00439e-08
2.72562e-11
5.00211e-08
2.60608e-11
5.00007e-08
2.58231e-11
4.99824e-08
2.62e-11
4.99661e-08
2.69094e-11
4.99516e-08
2.77277e-11
4.99386e-08
2.84862e-11
4.99271e-08
2.90655e-11
4.99167e-08
2.93903e-11
4.99075e-08
2.94221e-11
4.98991e-08
2.91526e-11
4.98916e-08
2.85966e-11
4.98847e-08
2.77851e-11
4.98784e-08
2.67597e-11
4.98727e-08
2.55667e-11
4.98675e-08
2.4253e-11
4.98626e-08
2.28626e-11
4.98582e-08
2.14348e-11
4.98541e-08
2.00023e-11
4.98503e-08
1.85912e-11
4.98468e-08
1.72215e-11
4.98436e-08
1.59073e-11
4.98407e-08
1.4658e-11
4.9838e-08
1.34792e-11
4.98355e-08
1.23734e-11
4.98332e-08
1.1341e-11
4.98311e-08
1.03809e-11
4.98292e-08
9.49081e-12
4.98274e-08
8.66777e-12
4.98258e-08
7.90848e-12
4.98244e-08
7.20938e-12
4.9823e-08
6.56687e-12
4.98218e-08
5.97732e-12
4.98207e-08
5.43723e-12
4.98197e-08
4.94321e-12
4.98188e-08
4.49203e-12
4.98179e-08
4.08063e-12
4.98172e-08
3.70612e-12
4.98165e-08
3.3658e-12
4.98159e-08
3.05715e-12
4.98153e-08
2.77784e-12
4.98148e-08
2.52569e-12
4.98143e-08
2.29871e-12
4.98139e-08
2.09508e-12
4.98135e-08
1.91312e-12
4.98132e-08
1.75134e-12
4.98128e-08
1.60838e-12
4.98125e-08
1.48303e-12
4.98123e-08
1.37425e-12
4.9812e-08
1.28115e-12
4.98118e-08
1.20299e-12
4.98116e-08
1.1392e-12
4.98114e-08
1.0893e-12
4.98112e-08
1.0527e-12
4.98111e-08
1.02808e-12
1.01116e-12
5.13604e-08
1.87935e-09
-5.12852e-08
5.14542e-08
2.02245e-09
5.15618e-08
2.1473e-09
5.16781e-08
2.2497e-09
5.17982e-08
2.32761e-09
5.19182e-08
2.38075e-09
5.20347e-08
2.41004e-09
5.21451e-08
2.41715e-09
5.22473e-08
2.40432e-09
5.23401e-08
2.37416e-09
5.24228e-08
2.32944e-09
5.24951e-08
2.27289e-09
5.25575e-08
2.207e-09
5.26103e-08
2.13396e-09
5.26543e-08
2.05554e-09
5.26903e-08
1.97308e-09
5.27192e-08
1.88752e-09
5.27414e-08
1.79941e-09
5.27576e-08
1.70902e-09
5.27682e-08
1.6164e-09
5.27732e-08
1.5215e-09
5.27728e-08
1.42425e-09
5.27668e-08
1.32465e-09
5.27549e-08
1.22293e-09
5.27369e-08
1.11959e-09
5.27126e-08
1.01547e-09
5.2682e-08
9.1175e-10
5.26454e-08
8.09903e-10
5.26032e-08
7.11575e-10
5.25564e-08
6.1841e-10
5.2506e-08
5.31866e-10
5.24533e-08
4.53043e-10
5.23994e-08
3.82582e-10
5.23454e-08
3.20672e-10
5.22924e-08
2.67133e-10
5.2241e-08
2.21516e-10
5.21919e-08
1.83201e-10
5.21454e-08
1.5147e-10
5.21018e-08
1.25567e-10
5.20612e-08
1.04738e-10
5.20236e-08
8.82634e-11
5.19891e-08
7.54651e-11
5.19576e-08
6.57204e-11
5.1929e-08
5.84632e-11
5.19031e-08
5.31855e-11
5.18797e-08
4.94378e-11
5.18587e-08
4.68289e-11
5.18399e-08
4.50251e-11
5.1823e-08
4.37487e-11
5.1808e-08
4.27756e-11
5.17945e-08
4.19323e-11
5.17825e-08
4.10909e-11
5.17717e-08
4.01639e-11
5.1762e-08
3.90989e-11
5.17533e-08
3.78716e-11
5.17454e-08
3.64805e-11
5.17383e-08
3.49401e-11
5.17318e-08
3.32761e-11
5.17258e-08
3.15206e-11
5.17204e-08
2.97075e-11
5.17154e-08
2.78702e-11
5.17107e-08
2.60387e-11
5.17065e-08
2.42387e-11
5.17026e-08
2.24908e-11
5.1699e-08
2.08109e-11
5.16957e-08
1.92099e-11
5.16927e-08
1.76948e-11
5.16899e-08
1.62694e-11
5.16873e-08
1.49348e-11
5.1685e-08
1.36903e-11
5.16828e-08
1.25337e-11
5.16809e-08
1.14617e-11
5.16791e-08
1.04705e-11
5.16774e-08
9.55601e-12
5.16759e-08
8.71381e-12
5.16745e-08
7.93951e-12
5.16733e-08
7.22877e-12
5.16721e-08
6.57736e-12
5.16711e-08
5.98119e-12
5.16702e-08
5.43641e-12
5.16693e-08
4.93933e-12
5.16685e-08
4.4865e-12
5.16678e-08
4.07466e-12
5.16672e-08
3.7008e-12
5.16666e-08
3.36211e-12
5.16661e-08
3.05597e-12
5.16656e-08
2.78e-12
5.16651e-08
2.53197e-12
5.16647e-08
2.30989e-12
5.16644e-08
2.11192e-12
5.1664e-08
1.93641e-12
5.16638e-08
1.7819e-12
5.16635e-08
1.64708e-12
5.16632e-08
1.53084e-12
5.1663e-08
1.43221e-12
5.16628e-08
1.35039e-12
5.16626e-08
1.28464e-12
5.16624e-08
1.23411e-12
5.16622e-08
1.19734e-12
1.17068e-12
5.33309e-08
1.80946e-09
-5.3261e-08
5.34166e-08
1.93669e-09
5.35148e-08
2.04916e-09
5.36212e-08
2.14327e-09
5.37319e-08
2.21692e-09
5.38433e-08
2.26937e-09
5.39523e-08
2.30101e-09
5.40565e-08
2.31296e-09
5.41539e-08
2.30688e-09
5.42432e-08
2.28483e-09
5.43237e-08
2.24902e-09
5.43948e-08
2.20171e-09
5.44568e-08
2.14503e-09
5.45099e-08
2.08086e-09
5.45547e-08
2.0108e-09
5.45916e-08
1.9361e-09
5.46215e-08
1.85769e-09
5.46447e-08
1.77618e-09
5.46618e-08
1.69193e-09
5.46731e-08
1.60514e-09
5.46787e-08
1.51589e-09
5.46787e-08
1.42424e-09
5.4673e-08
1.33032e-09
5.46615e-08
1.23442e-09
5.46441e-08
1.13704e-09
5.46206e-08
1.03896e-09
5.45911e-08
9.41223e-10
5.45559e-08
8.45084e-10
5.45155e-08
7.51942e-10
5.44708e-08
6.63198e-10
5.44225e-08
5.80107e-10
5.43719e-08
5.03653e-10
5.432e-08
4.34465e-10
5.42679e-08
3.72809e-10
5.42164e-08
3.18636e-10
5.41662e-08
2.71654e-10
5.4118e-08
2.31404e-10
5.40722e-08
1.97319e-10
5.4029e-08
1.68774e-10
5.39886e-08
1.4513e-10
5.39511e-08
1.25755e-10
5.39165e-08
1.10046e-10
5.38848e-08
9.74356e-11
5.38559e-08
8.74016e-11
5.38296e-08
7.94695e-11
5.38058e-08
7.32149e-11
5.37844e-08
6.82645e-11
5.37651e-08
6.42965e-11
5.37478e-08
6.10393e-11
5.37323e-08
5.82705e-11
5.37184e-08
5.58128e-11
5.3706e-08
5.35315e-11
5.36948e-08
5.13288e-11
5.36848e-08
4.91394e-11
5.36757e-08
4.69247e-11
5.36675e-08
4.46677e-11
5.36601e-08
4.23679e-11
5.36534e-08
4.00362e-11
5.36472e-08
3.76906e-11
5.36415e-08
3.5353e-11
5.36364e-08
3.3046e-11
5.36316e-08
3.07909e-11
5.36272e-08
2.8606e-11
5.36232e-08
2.65065e-11
5.36195e-08
2.45034e-11
5.36161e-08
2.26044e-11
5.3613e-08
2.0814e-11
5.36102e-08
1.91337e-11
5.36075e-08
1.75632e-11
5.36051e-08
1.61002e-11
5.36029e-08
1.47414e-11
5.36009e-08
1.34825e-11
5.3599e-08
1.23186e-11
5.35974e-08
1.12448e-11
5.35958e-08
1.02558e-11
5.35944e-08
9.34636e-12
5.35931e-08
8.51134e-12
5.3592e-08
7.74579e-12
5.35909e-08
7.04492e-12
5.35899e-08
6.40419e-12
5.3589e-08
5.81929e-12
5.35882e-08
5.28618e-12
5.35875e-08
4.80105e-12
5.35869e-08
4.36036e-12
5.35863e-08
3.96081e-12
5.35857e-08
3.59934e-12
5.35852e-08
3.27315e-12
5.35848e-08
2.97963e-12
5.35844e-08
2.71641e-12
5.3584e-08
2.48135e-12
5.35837e-08
2.27248e-12
5.35834e-08
2.08807e-12
5.35831e-08
1.92655e-12
5.35828e-08
1.78658e-12
5.35826e-08
1.66695e-12
5.35824e-08
1.56664e-12
5.35822e-08
1.4847e-12
5.3582e-08
1.42005e-12
5.35818e-08
1.3712e-12
1.33515e-12
5.5369e-08
1.74433e-09
-5.53039e-08
5.54478e-08
1.85792e-09
5.55376e-08
1.9594e-09
5.56351e-08
2.04577e-09
5.5737e-08
2.11502e-09
5.58402e-08
2.16618e-09
5.59419e-08
2.19925e-09
5.604e-08
2.21492e-09
5.61324e-08
2.21441e-09
5.6218e-08
2.19925e-09
5.62958e-08
2.17123e-09
5.63653e-08
2.13218e-09
5.64265e-08
2.08387e-09
5.64794e-08
2.02794e-09
5.65244e-08
1.96578e-09
5.6562e-08
1.89856e-09
5.65925e-08
1.82715e-09
5.66165e-08
1.75221e-09
5.66343e-08
1.67415e-09
5.66461e-08
1.59328e-09
5.66522e-08
1.50977e-09
5.66527e-08
1.42379e-09
5.66475e-08
1.33555e-09
5.66365e-08
1.2454e-09
5.66197e-08
1.15384e-09
5.65971e-08
1.06157e-09
5.65688e-08
9.69522e-10
5.65351e-08
8.78774e-10
5.64965e-08
7.90526e-10
5.64537e-08
7.05974e-10
5.64076e-08
6.26209e-10
5.63592e-08
5.52114e-10
5.63093e-08
4.84296e-10
5.62591e-08
4.23075e-10
5.62092e-08
3.68504e-10
5.61604e-08
3.20422e-10
5.61133e-08
2.78507e-10
5.60683e-08
2.42326e-10
5.60257e-08
2.11377e-10
5.59857e-08
1.85125e-10
5.59484e-08
1.6303e-10
5.59139e-08
1.4456e-10
5.58822e-08
1.29208e-10
5.58531e-08
1.16496e-10
5.58265e-08
1.05987e-10
5.58025e-08
9.72851e-11
5.57807e-08
9.00361e-11
5.57611e-08
8.39324e-11
5.57434e-08
7.87108e-11
5.57275e-08
7.41514e-11
5.57133e-08
7.00758e-11
5.57004e-08
6.63434e-11
5.56889e-08
6.28477e-11
5.56785e-08
5.95121e-11
5.56692e-08
5.62851e-11
5.56607e-08
5.3136e-11
5.5653e-08
5.00498e-11
5.56461e-08
4.70237e-11
5.56397e-08
4.40628e-11
5.56339e-08
4.11774e-11
5.56285e-08
3.83796e-11
5.56236e-08
3.5682e-11
5.56191e-08
3.30958e-11
5.5615e-08
3.06301e-11
5.56112e-08
2.82916e-11
5.56077e-08
2.60841e-11
5.56046e-08
2.40091e-11
5.56016e-08
2.20662e-11
5.55989e-08
2.02529e-11
5.55965e-08
1.85654e-11
5.55942e-08
1.69991e-11
5.55921e-08
1.55485e-11
5.55903e-08
1.42079e-11
5.55885e-08
1.2971e-11
5.5587e-08
1.18317e-11
5.55855e-08
1.0784e-11
5.55842e-08
9.82193e-12
5.5583e-08
8.93969e-12
5.55819e-08
8.13179e-12
5.55809e-08
7.393e-12
5.558e-08
6.71836e-12
5.55792e-08
6.10321e-12
5.55785e-08
5.54318e-12
5.55778e-08
5.03419e-12
5.55772e-08
4.57245e-12
5.55766e-08
4.15445e-12
5.55761e-08
3.77694e-12
5.55757e-08
3.43693e-12
5.55753e-08
3.13168e-12
5.55749e-08
2.85871e-12
5.55745e-08
2.61575e-12
5.55742e-08
2.40078e-12
5.55739e-08
2.21197e-12
5.55737e-08
2.04773e-12
5.55734e-08
1.90664e-12
5.55732e-08
1.78745e-12
5.5573e-08
1.68901e-12
5.55728e-08
1.61009e-12
5.55726e-08
1.5492e-12
1.5039e-12
5.74776e-08
1.6835e-09
-5.74168e-08
5.75502e-08
1.78535e-09
5.76325e-08
1.87712e-09
5.77219e-08
1.95637e-09
5.78156e-08
2.02125e-09
5.79111e-08
2.07071e-09
5.80059e-08
2.10449e-09
5.80978e-08
2.12298e-09
5.81852e-08
2.12699e-09
5.82668e-08
2.11767e-09
5.83416e-08
2.09641e-09
5.84091e-08
2.06469e-09
5.8469e-08
2.02397e-09
5.85213e-08
1.97563e-09
5.85662e-08
1.92089e-09
5.8604e-08
1.86081e-09
5.86349e-08
1.79621e-09
5.86594e-08
1.72773e-09
5.86777e-08
1.65584e-09
5.86901e-08
1.5809e-09
5.86967e-08
1.50315e-09
5.86976e-08
1.42286e-09
5.86929e-08
1.34028e-09
5.86825e-08
1.25579e-09
5.86665e-08
1.16988e-09
5.86448e-08
1.0832e-09
5.86178e-08
9.96569e-10
5.85856e-08
9.10928e-10
5.85489e-08
8.27307e-10
5.85081e-08
7.46739e-10
5.84641e-08
6.70176e-10
5.84178e-08
5.98414e-10
5.83701e-08
5.32039e-10
5.83218e-08
4.71403e-10
5.82736e-08
4.16641e-10
5.82264e-08
3.67696e-10
5.81805e-08
3.24365e-10
5.81365e-08
2.86333e-10
5.80947e-08
2.5321e-10
5.80552e-08
2.24561e-10
5.80183e-08
1.9993e-10
5.7984e-08
1.78858e-10
5.79523e-08
1.60896e-10
5.79232e-08
1.45618e-10
5.78966e-08
1.32623e-10
5.78723e-08
1.21544e-10
5.78503e-08
1.1205e-10
5.78304e-08
1.0385e-10
5.78124e-08
9.66902e-11
5.77962e-08
9.03548e-11
5.77816e-08
8.46656e-11
5.77685e-08
7.94781e-11
5.77567e-08
7.46786e-11
5.7746e-08
7.01809e-11
5.77363e-08
6.59219e-11
5.77276e-08
6.18584e-11
5.77197e-08
5.79626e-11
5.77125e-08
5.42187e-11
5.7706e-08
5.062e-11
5.77e-08
4.71654e-11
5.76945e-08
4.38574e-11
5.76895e-08
4.06999e-11
5.76849e-08
3.76969e-11
5.76807e-08
3.48518e-11
5.76768e-08
3.21662e-11
5.76732e-08
2.96402e-11
5.767e-08
2.72723e-11
5.7667e-08
2.50593e-11
5.76642e-08
2.29968e-11
5.76617e-08
2.10793e-11
5.76594e-08
1.93008e-11
5.76573e-08
1.76543e-11
5.76554e-08
1.6133e-11
5.76536e-08
1.47297e-11
5.7652e-08
1.34372e-11
5.76505e-08
1.22485e-11
5.76492e-08
1.11569e-11
5.7648e-08
1.01557e-11
5.76469e-08
9.23873e-12
5.76459e-08
8.40002e-12
5.7645e-08
7.63395e-12
5.76441e-08
6.93523e-12
5.76434e-08
6.29891e-12
5.76427e-08
5.72036e-12
5.76421e-08
5.19528e-12
5.76415e-08
4.7197e-12
5.7641e-08
4.28992e-12
5.76405e-08
3.90256e-12
5.76401e-08
3.5545e-12
5.76397e-08
3.24292e-12
5.76394e-08
2.96523e-12
5.7639e-08
2.71912e-12
5.76388e-08
2.50251e-12
5.76385e-08
2.31354e-12
5.76382e-08
2.15059e-12
5.7638e-08
2.0122e-12
5.76378e-08
1.89701e-12
5.76376e-08
1.80369e-12
5.76374e-08
1.73078e-12
1.67628e-12
5.96594e-08
1.62664e-09
-5.96026e-08
5.97264e-08
1.71834e-09
5.9802e-08
1.80158e-09
5.9884e-08
1.87434e-09
5.99702e-08
1.935e-09
6.00584e-08
1.98252e-09
6.01464e-08
2.01648e-09
6.02324e-08
2.03703e-09
6.03147e-08
2.04467e-09
6.03921e-08
2.04026e-09
6.04637e-08
2.02485e-09
6.05288e-08
1.9996e-09
6.0587e-08
1.9657e-09
6.06383e-08
1.92432e-09
6.06827e-08
1.87652e-09
6.07203e-08
1.8232e-09
6.07514e-08
1.76514e-09
6.07761e-08
1.70297e-09
6.07948e-08
1.63716e-09
6.08076e-08
1.5681e-09
6.08147e-08
1.49609e-09
6.08161e-08
1.42144e-09
6.08119e-08
1.34445e-09
6.08022e-08
1.2655e-09
6.0787e-08
1.18507e-09
6.07665e-08
1.10376e-09
6.07408e-08
1.02229e-09
6.07102e-08
9.41496e-10
6.06752e-08
8.62259e-10
6.06365e-08
7.8548e-10
6.05947e-08
7.11999e-10
6.05506e-08
6.42537e-10
6.05049e-08
5.77655e-10
6.04586e-08
5.17728e-10
6.04123e-08
4.62952e-10
6.03666e-08
4.13357e-10
6.03222e-08
3.6884e-10
6.02793e-08
3.29189e-10
6.02384e-08
2.94115e-10
6.01997e-08
2.63275e-10
6.01633e-08
2.36295e-10
6.01294e-08
2.12785e-10
6.00979e-08
1.92358e-10
6.00689e-08
1.74634e-10
6.00423e-08
1.59253e-10
6.0018e-08
1.45879e-10
5.99958e-08
1.34206e-10
5.99757e-08
1.23959e-10
5.99575e-08
1.14896e-10
5.9941e-08
1.06808e-10
5.99262e-08
9.95181e-11
5.99128e-08
9.28791e-11
5.99007e-08
8.67719e-11
5.98898e-08
8.11022e-11
5.98799e-08
7.57971e-11
5.98709e-08
7.08019e-11
5.98628e-08
6.60774e-11
5.98555e-08
6.15961e-11
5.98487e-08
5.734e-11
5.98426e-08
5.32976e-11
5.9837e-08
4.94621e-11
5.98319e-08
4.5829e-11
5.98272e-08
4.23954e-11
5.98229e-08
3.91586e-11
5.98189e-08
3.61155e-11
5.98153e-08
3.3262e-11
5.9812e-08
3.05933e-11
5.98089e-08
2.81037e-11
5.98061e-08
2.57864e-11
5.98036e-08
2.36341e-11
5.98012e-08
2.1639e-11
5.97991e-08
1.9793e-11
5.97971e-08
1.80878e-11
5.97954e-08
1.65151e-11
5.97937e-08
1.50668e-11
5.97922e-08
1.37349e-11
5.97909e-08
1.25117e-11
5.97897e-08
1.13897e-11
5.97885e-08
1.0362e-11
5.97875e-08
9.42185e-12
5.97866e-08
8.56297e-12
5.97857e-08
7.77942e-12
5.9785e-08
7.06567e-12
5.97843e-08
6.41652e-12
5.97836e-08
5.82717e-12
5.97831e-08
5.29314e-12
5.97825e-08
4.81033e-12
5.97821e-08
4.37491e-12
5.97816e-08
3.9834e-12
5.97813e-08
3.63263e-12
5.97809e-08
3.3197e-12
5.97806e-08
3.04199e-12
5.97803e-08
2.79716e-12
5.978e-08
2.58311e-12
5.97798e-08
2.39798e-12
5.97795e-08
2.24012e-12
5.97793e-08
2.108e-12
5.97791e-08
2.0002e-12
5.97789e-08
1.91525e-12
1.85155e-12
6.19173e-08
1.57349e-09
-6.18641e-08
6.19792e-08
1.6564e-09
6.20486e-08
1.73214e-09
6.21239e-08
1.79905e-09
6.22032e-08
1.85574e-09
6.22845e-08
1.90119e-09
6.23661e-08
1.93493e-09
6.24462e-08
1.95693e-09
6.25234e-08
1.96748e-09
6.25965e-08
1.96716e-09
6.26645e-08
1.95677e-09
6.27269e-08
1.9372e-09
6.27832e-08
1.90943e-09
6.28331e-08
1.8744e-09
6.28767e-08
1.833e-09
6.29138e-08
1.78606e-09
6.29447e-08
1.73425e-09
6.29695e-08
1.67817e-09
6.29884e-08
1.61828e-09
6.30015e-08
1.55499e-09
6.30089e-08
1.48864e-09
6.30108e-08
1.41953e-09
6.30073e-08
1.34802e-09
6.29983e-08
1.27446e-09
6.2984e-08
1.19933e-09
6.29646e-08
1.12318e-09
6.29403e-08
1.04663e-09
6.29113e-08
9.70433e-10
6.28783e-08
8.95354e-10
6.28416e-08
8.22183e-10
6.28019e-08
7.51665e-10
6.276e-08
6.8446e-10
6.27165e-08
6.21104e-10
6.26723e-08
5.61986e-10
6.26279e-08
5.07348e-10
6.25839e-08
4.57292e-10
6.2541e-08
4.11798e-10
6.24994e-08
3.70745e-10
6.24596e-08
3.33934e-10
6.24218e-08
3.01106e-10
6.23861e-08
2.71964e-10
6.23527e-08
2.46186e-10
6.23216e-08
2.23442e-10
6.22928e-08
2.03402e-10
6.22663e-08
1.85745e-10
6.22421e-08
1.70169e-10
6.22199e-08
1.56392e-10
6.21997e-08
1.44157e-10
6.21813e-08
1.33237e-10
6.21647e-08
1.23429e-10
6.21497e-08
1.14559e-10
6.21361e-08
1.0648e-10
6.21238e-08
9.90687e-11
6.21127e-08
9.2224e-11
6.21026e-08
8.58644e-11
6.20935e-08
7.99258e-11
6.20852e-08
7.43584e-11
6.20777e-08
6.91242e-11
6.20708e-08
6.41949e-11
6.20645e-08
5.95494e-11
6.20588e-08
5.51717e-11
6.20536e-08
5.10497e-11
6.20488e-08
4.71736e-11
6.20445e-08
4.35347e-11
6.20405e-08
4.01248e-11
6.20368e-08
3.69361e-11
6.20334e-08
3.396e-11
6.20303e-08
3.11881e-11
6.20275e-08
2.86112e-11
6.20249e-08
2.622e-11
6.20226e-08
2.40049e-11
6.20204e-08
2.19564e-11
6.20184e-08
2.00647e-11
6.20166e-08
1.83204e-11
6.2015e-08
1.67143e-11
6.20135e-08
1.52374e-11
6.20121e-08
1.3881e-11
6.20108e-08
1.26368e-11
6.20097e-08
1.14971e-11
6.20087e-08
1.04544e-11
6.20077e-08
9.50169e-12
6.20069e-08
8.6324e-12
6.20061e-08
7.84037e-12
6.20054e-08
7.11987e-12
6.20048e-08
6.46555e-12
6.20042e-08
5.87247e-12
6.20037e-08
5.33605e-12
6.20032e-08
4.85207e-12
6.20027e-08
4.41666e-12
6.20024e-08
4.02629e-12
6.2002e-08
3.67774e-12
6.20017e-08
3.36809e-12
6.20014e-08
3.09474e-12
6.20011e-08
2.85534e-12
6.20009e-08
2.64781e-12
6.20006e-08
2.4703e-12
6.20004e-08
2.32114e-12
6.20002e-08
2.1988e-12
6.2e-08
2.10184e-12
2.02888e-12
6.42541e-08
1.52384e-09
-6.42044e-08
6.43113e-08
1.59914e-09
6.43752e-08
1.66831e-09
6.44443e-08
1.72998e-09
6.4517e-08
1.78296e-09
6.45919e-08
1.82633e-09
6.46673e-08
1.85957e-09
6.47417e-08
1.88254e-09
6.48138e-08
1.89537e-09
6.48825e-08
1.89846e-09
6.49469e-08
1.89236e-09
6.50063e-08
1.87777e-09
6.50603e-08
1.85545e-09
6.51085e-08
1.82617e-09
6.51508e-08
1.79069e-09
6.51872e-08
1.74969e-09
6.52177e-08
1.7038e-09
6.52423e-08
1.65354e-09
6.52612e-08
1.59938e-09
6.52745e-08
1.5417e-09
6.52822e-08
1.48086e-09
6.52846e-08
1.41717e-09
6.52817e-08
1.35097e-09
6.52735e-08
1.28265e-09
6.52602e-08
1.21262e-09
6.5242e-08
1.14139e-09
6.52191e-08
1.06953e-09
6.51918e-08
9.97696e-10
6.51606e-08
9.26561e-10
6.5126e-08
8.56824e-10
6.50885e-08
7.89153e-10
6.50488e-08
7.24154e-10
6.50076e-08
6.62339e-10
6.49654e-08
6.04107e-10
6.4923e-08
5.49736e-10
6.4881e-08
4.99385e-10
6.48396e-08
4.53104e-10
6.47995e-08
4.10852e-10
6.4761e-08
3.72508e-10
6.47242e-08
3.3789e-10
6.46894e-08
3.06772e-10
6.46567e-08
2.78898e-10
6.46261e-08
2.53991e-10
6.45977e-08
2.31771e-10
6.45715e-08
2.11958e-10
6.45474e-08
1.94281e-10
6.45253e-08
1.78484e-10
6.45051e-08
1.64332e-10
6.44868e-08
1.51609e-10
6.44701e-08
1.40122e-10
6.44549e-08
1.29703e-10
6.44412e-08
1.20204e-10
6.44288e-08
1.115e-10
6.44175e-08
1.03485e-10
6.44073e-08
9.60692e-11
6.43981e-08
8.91815e-11
6.43897e-08
8.27625e-11
6.4382e-08
7.67648e-11
6.43751e-08
7.11508e-11
6.43687e-08
6.58903e-11
6.43629e-08
6.09592e-11
6.43576e-08
5.63378e-11
6.43528e-08
5.20095e-11
6.43484e-08
4.796e-11
6.43443e-08
4.41763e-11
6.43406e-08
4.0646e-11
6.43372e-08
3.73574e-11
6.43341e-08
3.42987e-11
6.43313e-08
3.14586e-11
6.43287e-08
2.88254e-11
6.43263e-08
2.63878e-11
6.43241e-08
2.41346e-11
6.43221e-08
2.20547e-11
6.43203e-08
2.01373e-11
6.43186e-08
1.83721e-11
6.43171e-08
1.6749e-11
6.43157e-08
1.52584e-11
6.43145e-08
1.38913e-11
6.43134e-08
1.26388e-11
6.43123e-08
1.14929e-11
6.43114e-08
1.04457e-11
6.43105e-08
9.49014e-12
6.43097e-08
8.61936e-12
6.4309e-08
7.82708e-12
6.43084e-08
7.10742e-12
6.43078e-08
6.45494e-12
6.43073e-08
5.8646e-12
6.43068e-08
5.33178e-12
6.43064e-08
4.85221e-12
6.4306e-08
4.42201e-12
6.43056e-08
4.03763e-12
6.43053e-08
3.69587e-12
6.4305e-08
3.39384e-12
6.43047e-08
3.12895e-12
6.43044e-08
2.8989e-12
6.43042e-08
2.70166e-12
6.4304e-08
2.53541e-12
6.43038e-08
2.39854e-12
6.43036e-08
2.2896e-12
2.20734e-12
6.66729e-08
1.47754e-09
-6.66266e-08
6.67258e-08
1.54625e-09
6.67844e-08
1.60966e-09
6.68478e-08
1.66666e-09
6.69145e-08
1.71624e-09
6.69832e-08
1.75756e-09
6.70527e-08
1.79012e-09
6.71215e-08
1.8137e-09
6.71886e-08
1.82832e-09
6.72528e-08
1.83421e-09
6.73134e-08
1.83177e-09
6.73697e-08
1.82151e-09
6.74211e-08
1.80403e-09
6.74673e-08
1.77994e-09
6.75081e-08
1.74986e-09
6.75435e-08
1.71438e-09
6.75732e-08
1.67404e-09
6.75974e-08
1.62932e-09
6.76162e-08
1.58063e-09
6.76295e-08
1.52836e-09
6.76375e-08
1.47283e-09
6.76403e-08
1.41438e-09
6.7638e-08
1.35332e-09
6.76306e-08
1.29003e-09
6.76183e-08
1.22488e-09
6.76014e-08
1.15835e-09
6.75799e-08
1.09095e-09
6.75544e-08
1.02325e-09
6.75251e-08
9.55853e-10
6.74925e-08
8.8938e-10
6.74573e-08
8.24437e-10
6.74198e-08
7.61583e-10
6.73808e-08
7.01312e-10
6.73409e-08
6.44024e-10
6.73006e-08
5.90027e-10
6.72605e-08
5.39524e-10
6.7221e-08
4.92628e-10
6.71825e-08
4.49363e-10
6.71453e-08
4.09677e-10
6.71097e-08
3.7346e-10
6.70759e-08
3.4055e-10
6.70441e-08
3.1075e-10
6.70142e-08
2.83839e-10
6.69864e-08
2.59582e-10
6.69607e-08
2.37738e-10
6.69369e-08
2.18069e-10
6.6915e-08
2.00347e-10
6.6895e-08
1.84356e-10
6.68767e-08
1.69894e-10
6.686e-08
1.56781e-10
6.68449e-08
1.44852e-10
6.68311e-08
1.33962e-10
6.68186e-08
1.23985e-10
6.68073e-08
1.14811e-10
6.6797e-08
1.06346e-10
6.67877e-08
9.851e-11
6.67792e-08
9.12371e-11
6.67715e-08
8.44711e-11
6.67645e-08
7.81659e-11
6.67581e-08
7.22833e-11
6.67523e-08
6.67914e-11
6.6747e-08
6.16634e-11
6.67421e-08
5.68765e-11
6.67377e-08
5.24106e-11
6.67336e-08
4.82479e-11
6.67299e-08
4.43719e-11
6.67264e-08
4.07671e-11
6.67233e-08
3.7419e-11
6.67205e-08
3.43134e-11
6.67179e-08
3.14365e-11
6.67155e-08
2.8775e-11
6.67133e-08
2.6316e-11
6.67113e-08
2.4047e-11
6.67095e-08
2.1956e-11
6.67078e-08
2.00312e-11
6.67063e-08
1.82616e-11
6.67049e-08
1.66366e-11
6.67037e-08
1.51462e-11
6.67025e-08
1.37808e-11
6.67015e-08
1.25315e-11
6.67005e-08
1.13899e-11
6.66997e-08
1.0348e-11
6.66989e-08
9.3984e-12
6.66982e-08
8.5343e-12
6.66976e-08
7.74926e-12
6.6697e-08
7.03735e-12
6.66965e-08
6.39308e-12
6.6696e-08
5.8114e-12
6.66955e-08
5.28767e-12
6.66951e-08
4.81763e-12
6.66948e-08
4.39741e-12
6.66945e-08
4.02353e-12
6.66942e-08
3.69281e-12
6.66939e-08
3.40243e-12
6.66936e-08
3.14988e-12
6.66934e-08
2.93294e-12
6.66932e-08
2.74964e-12
6.6693e-08
2.59831e-12
6.66928e-08
2.47748e-12
2.3858e-12
6.91768e-08
1.43449e-09
-6.91338e-08
6.92256e-08
1.49748e-09
6.92794e-08
1.55586e-09
6.93373e-08
1.60872e-09
6.93984e-08
1.65522e-09
6.94613e-08
1.69459e-09
6.95251e-08
1.72636e-09
6.95885e-08
1.75027e-09
6.96506e-08
1.76626e-09
6.97103e-08
1.77446e-09
6.9767e-08
1.77512e-09
6.98199e-08
1.76862e-09
6.98685e-08
1.75541e-09
6.99125e-08
1.73597e-09
6.99515e-08
1.71081e-09
6.99855e-08
1.68042e-09
7.00143e-08
1.64525e-09
7.00379e-08
1.60573e-09
7.00563e-08
1.56223e-09
7.00695e-08
1.51511e-09
7.00777e-08
1.46467e-09
7.00808e-08
1.41123e-09
7.0079e-08
1.3551e-09
7.00725e-08
1.29661e-09
7.00612e-08
1.23612e-09
7.00455e-08
1.17405e-09
7.00256e-08
1.11087e-09
7.00018e-08
1.04707e-09
6.99744e-08
9.83208e-10
6.9944e-08
9.19829e-10
6.99109e-08
8.5749e-10
6.98758e-08
7.96712e-10
6.98392e-08
7.37968e-10
6.98015e-08
6.81664e-10
6.97634e-08
6.28124e-10
6.97253e-08
5.77593e-10
6.96877e-08
5.30232e-10
6.9651e-08
4.86122e-10
6.96154e-08
4.45275e-10
6.95812e-08
4.0764e-10
6.95486e-08
3.73116e-10
6.95178e-08
3.41562e-10
6.94889e-08
3.12805e-10
6.94618e-08
2.86657e-10
6.94366e-08
2.62914e-10
6.94133e-08
2.41371e-10
6.93918e-08
2.21826e-10
6.93721e-08
2.04083e-10
6.9354e-08
1.87957e-10
6.93375e-08
1.73278e-10
6.93225e-08
1.59888e-10
6.93088e-08
1.47646e-10
6.92964e-08
1.36425e-10
6.92851e-08
1.26114e-10
6.92748e-08
1.16614e-10
6.92655e-08
1.07839e-10
6.9257e-08
9.97175e-11
6.92493e-08
9.2185e-11
6.92423e-08
8.51884e-11
6.92359e-08
7.86819e-11
6.923e-08
7.26267e-11
6.92247e-08
6.69894e-11
6.92198e-08
6.17411e-11
6.92154e-08
5.68563e-11
6.92113e-08
5.23125e-11
6.92076e-08
4.80891e-11
6.92042e-08
4.41671e-11
6.92011e-08
4.05287e-11
6.91983e-08
3.71572e-11
6.91957e-08
3.40364e-11
6.91933e-08
3.11511e-11
6.91911e-08
2.84867e-11
6.91891e-08
2.60291e-11
6.91873e-08
2.37648e-11
6.91857e-08
2.1681e-11
6.91842e-08
1.97655e-11
6.91828e-08
1.80067e-11
6.91815e-08
1.63936e-11
6.91804e-08
1.49159e-11
6.91794e-08
1.35638e-11
6.91784e-08
1.23282e-11
6.91776e-08
1.12004e-11
6.91768e-08
1.01725e-11
6.91761e-08
9.23699e-12
6.91755e-08
8.38697e-12
6.91749e-08
7.61599e-12
6.91744e-08
6.91812e-12
6.91739e-08
6.28788e-12
6.91735e-08
5.72024e-12
6.91731e-08
5.21061e-12
6.91727e-08
4.75478e-12
6.91724e-08
4.34897e-12
6.91721e-08
3.98975e-12
6.91718e-08
3.67405e-12
6.91716e-08
3.39915e-12
6.91713e-08
3.16265e-12
6.91711e-08
2.96247e-12
6.91709e-08
2.79681e-12
6.91707e-08
2.66424e-12
2.56321e-12
9.8415e-08
1.38104e-09
-9.83616e-08
9.8475e-08
1.43749e-09
9.85408e-08
1.49009e-09
9.86114e-08
1.53812e-09
9.86857e-08
1.58093e-09
9.87624e-08
1.61788e-09
9.88402e-08
1.64852e-09
9.89179e-08
1.67258e-09
9.89943e-08
1.68994e-09
9.90681e-08
1.70062e-09
9.91385e-08
1.70474e-09
9.92045e-08
1.70254e-09
9.92656e-08
1.69431e-09
9.93212e-08
1.68039e-09
9.93709e-08
1.66115e-09
9.94143e-08
1.63696e-09
9.94514e-08
1.60818e-09
9.9482e-08
1.57515e-09
9.9506e-08
1.53819e-09
9.95235e-08
1.49759e-09
9.95346e-08
1.45363e-09
9.95392e-08
1.40659e-09
9.95376e-08
1.35673e-09
9.95299e-08
1.30435e-09
9.95162e-08
1.24977e-09
9.94969e-08
1.19335e-09
9.94723e-08
1.13549e-09
9.94428e-08
1.07661e-09
9.94088e-08
1.0172e-09
9.93708e-08
9.57742e-10
9.93296e-08
8.98723e-10
9.92857e-08
8.40628e-10
9.92398e-08
7.83906e-10
9.91925e-08
7.28963e-10
9.91444e-08
6.76147e-10
9.90963e-08
6.25741e-10
9.90486e-08
5.7796e-10
9.90017e-08
5.32951e-10
9.89562e-08
4.90794e-10
9.89123e-08
4.51512e-10
9.88704e-08
4.15076e-10
9.88305e-08
3.81411e-10
9.87929e-08
3.50409e-10
9.87576e-08
3.21936e-10
9.87247e-08
2.95838e-10
9.86941e-08
2.71952e-10
9.86659e-08
2.50111e-10
9.86398e-08
2.30147e-10
9.86159e-08
2.11898e-10
9.85939e-08
1.95208e-10
9.85739e-08
1.79932e-10
9.85556e-08
1.65933e-10
9.85389e-08
1.53087e-10
9.85238e-08
1.41282e-10
9.851e-08
1.30414e-10
9.84974e-08
1.20394e-10
9.8486e-08
1.1114e-10
9.84756e-08
1.02581e-10
9.84661e-08
9.46556e-11
9.84575e-08
8.73085e-11
9.84496e-08
8.04926e-11
9.84425e-08
7.41663e-11
9.84359e-08
6.82933e-11
9.84299e-08
6.28412e-11
9.84244e-08
5.77814e-11
9.84194e-08
5.30878e-11
9.84149e-08
4.87366e-11
9.84107e-08
4.47059e-11
9.84069e-08
4.09753e-11
9.84034e-08
3.75256e-11
9.84002e-08
3.43389e-11
9.83973e-08
3.13979e-11
9.83946e-08
2.86865e-11
9.83922e-08
2.61894e-11
9.839e-08
2.3892e-11
9.8388e-08
2.17806e-11
9.83861e-08
1.98422e-11
9.83845e-08
1.80646e-11
9.8383e-08
1.64363e-11
9.83816e-08
1.49464e-11
9.83803e-08
1.35847e-11
9.83792e-08
1.23419e-11
9.83781e-08
1.1209e-11
9.83772e-08
1.01779e-11
9.83763e-08
9.24079e-12
9.83756e-08
8.39069e-12
9.83749e-08
7.62102e-12
9.83742e-08
6.92574e-12
9.83737e-08
6.2993e-12
9.83731e-08
5.73664e-12
9.83726e-08
5.23312e-12
9.83722e-08
4.78455e-12
9.83718e-08
4.38716e-12
9.83715e-08
4.03756e-12
9.83711e-08
3.73276e-12
9.83708e-08
3.47011e-12
9.83705e-08
3.24735e-12
9.83703e-08
3.06258e-12
9.837e-08
2.91421e-12
2.80137e-12
1.10498e-07
1.33043e-09
-1.10447e-07
1.10554e-07
1.38119e-09
1.10616e-07
1.42872e-09
1.10681e-07
1.47248e-09
1.1075e-07
1.51194e-09
1.10822e-07
1.54658e-09
1.10894e-07
1.57602e-09
1.10967e-07
1.59998e-09
1.11038e-07
1.61832e-09
1.11108e-07
1.63098e-09
1.11175e-07
1.638e-09
1.11238e-07
1.63949e-09
1.11296e-07
1.63564e-09
1.1135e-07
1.62667e-09
1.11398e-07
1.61283e-09
1.11441e-07
1.59438e-09
1.11478e-07
1.57159e-09
1.11508e-07
1.54471e-09
1.11532e-07
1.514e-09
1.1155e-07
1.47969e-09
1.11562e-07
1.44201e-09
1.11567e-07
1.40117e-09
1.11567e-07
1.35742e-09
1.1156e-07
1.31099e-09
1.11547e-07
1.26216e-09
1.1153e-07
1.21123e-09
1.11507e-07
1.15852e-09
1.11479e-07
1.10443e-09
1.11447e-07
1.04935e-09
1.11411e-07
9.93707e-10
1.11371e-07
9.37955e-10
1.11329e-07
8.82536e-10
1.11286e-07
8.2788e-10
1.1124e-07
7.74391e-10
1.11194e-07
7.22434e-10
1.11147e-07
6.72322e-10
1.11101e-07
6.24316e-10
1.11055e-07
5.78618e-10
1.11011e-07
5.3537e-10
1.10967e-07
4.94657e-10
1.10926e-07
4.56516e-10
1.10887e-07
4.20934e-10
1.10849e-07
3.87862e-10
1.10814e-07
3.5722e-10
1.10781e-07
3.28901e-10
1.1075e-07
3.02786e-10
1.10721e-07
2.7874e-10
1.10695e-07
2.56628e-10
1.1067e-07
2.36308e-10
1.10648e-07
2.17643e-10
1.10627e-07
2.00499e-10
1.10609e-07
1.8475e-10
1.10591e-07
1.70275e-10
1.10576e-07
1.56962e-10
1.10561e-07
1.44706e-10
1.10548e-07
1.33414e-10
1.10537e-07
1.22998e-10
1.10526e-07
1.13381e-10
1.10516e-07
1.04493e-10
1.10507e-07
9.62724e-11
1.10499e-07
8.86639e-11
1.10491e-07
8.16184e-11
1.10484e-07
7.50924e-11
1.10478e-07
6.90471e-11
1.10473e-07
6.34476e-11
1.10467e-07
5.82625e-11
1.10463e-07
5.3463e-11
1.10458e-07
4.90231e-11
1.10454e-07
4.49184e-11
1.10451e-07
4.11265e-11
1.10448e-07
3.76264e-11
1.10445e-07
3.43984e-11
1.10442e-07
3.1424e-11
1.10439e-07
2.86859e-11
1.10437e-07
2.61676e-11
1.10435e-07
2.38539e-11
1.10433e-07
2.17301e-11
1.10431e-07
1.97828e-11
1.1043e-07
1.79991e-11
1.10428e-07
1.63672e-11
1.10427e-07
1.48758e-11
1.10426e-07
1.35146e-11
1.10425e-07
1.22737e-11
1.10424e-07
1.11441e-11
1.10423e-07
1.01175e-11
1.10422e-07
9.18606e-12
1.10422e-07
8.34258e-12
1.10421e-07
7.58045e-12
1.1042e-07
6.8936e-12
1.1042e-07
6.27645e-12
1.10419e-07
5.72394e-12
1.10419e-07
5.23146e-12
1.10418e-07
4.79487e-12
1.10418e-07
4.41048e-12
1.10418e-07
4.07498e-12
1.10417e-07
3.78553e-12
1.10417e-07
3.53965e-12
1.10417e-07
3.3353e-12
1.10417e-07
3.17083e-12
3.04572e-12
1.2405e-07
1.28392e-09
-1.24003e-07
1.24101e-07
1.32988e-09
1.24156e-07
1.37311e-09
1.24216e-07
1.41319e-09
1.24278e-07
1.44973e-09
1.24342e-07
1.48229e-09
1.24408e-07
1.51055e-09
1.24473e-07
1.53425e-09
1.24538e-07
1.55325e-09
1.24602e-07
1.56744e-09
1.24663e-07
1.5768e-09
1.24721e-07
1.58138e-09
1.24776e-07
1.58126e-09
1.24826e-07
1.57657e-09
1.24871e-07
1.56748e-09
1.24911e-07
1.55415e-09
1.24946e-07
1.53676e-09
1.24975e-07
1.5155e-09
1.24999e-07
1.49055e-09
1.25017e-07
1.46207e-09
1.25028e-07
1.43023e-09
1.25034e-07
1.39521e-09
1.25034e-07
1.35719e-09
1.25029e-07
1.31635e-09
1.25018e-07
1.27292e-09
1.25002e-07
1.22714e-09
1.24982e-07
1.17929e-09
1.24956e-07
1.12969e-09
1.24927e-07
1.07869e-09
1.24894e-07
1.02667e-09
1.24858e-07
9.74042e-10
1.24819e-07
9.21211e-10
1.24779e-07
8.68597e-10
1.24736e-07
8.16599e-10
1.24693e-07
7.65593e-10
1.2465e-07
7.1592e-10
1.24606e-07
6.67873e-10
1.24563e-07
6.21701e-10
1.24521e-07
5.77596e-10
1.2448e-07
5.35699e-10
1.2444e-07
4.96102e-10
1.24402e-07
4.58849e-10
1.24366e-07
4.23942e-10
1.24332e-07
3.9135e-10
1.243e-07
3.61014e-10
1.2427e-07
3.32852e-10
1.24242e-07
3.06764e-10
1.24216e-07
2.82644e-10
1.24192e-07
2.60373e-10
1.2417e-07
2.39834e-10
1.24149e-07
2.20906e-10
1.2413e-07
2.03472e-10
1.24113e-07
1.87418e-10
1.24098e-07
1.72634e-10
1.24083e-07
1.59016e-10
1.2407e-07
1.46469e-10
1.24058e-07
1.349e-10
1.24048e-07
1.24229e-10
1.24038e-07
1.14379e-10
1.24029e-07
1.05282e-10
1.2402e-07
9.68757e-11
1.24013e-07
8.91049e-11
1.24006e-07
8.19196e-11
1.24e-07
7.52747e-11
1.23994e-07
6.91296e-11
1.23989e-07
6.34476e-11
1.23984e-07
5.81954e-11
1.2398e-07
5.33424e-11
1.23976e-07
4.88606e-11
1.23972e-07
4.47241e-11
1.23969e-07
4.09089e-11
1.23966e-07
3.73925e-11
1.23963e-07
3.41543e-11
1.23961e-07
3.11745e-11
1.23959e-07
2.84351e-11
1.23957e-07
2.59189e-11
1.23955e-07
2.36098e-11
1.23953e-07
2.1493e-11
1.23951e-07
1.95543e-11
1.2395e-07
1.77807e-11
1.23949e-07
1.616e-11
1.23948e-07
1.46806e-11
1.23947e-07
1.33321e-11
1.23946e-07
1.21046e-11
1.23945e-07
1.09888e-11
1.23944e-07
9.97641e-12
1.23943e-07
9.05948e-12
1.23943e-07
8.23085e-12
1.23942e-07
7.4839e-12
1.23941e-07
6.81256e-12
1.23941e-07
6.21133e-12
1.2394e-07
5.6752e-12
1.2394e-07
5.19966e-12
1.2394e-07
4.78068e-12
1.23939e-07
4.41471e-12
1.23939e-07
4.09864e-12
1.23939e-07
3.82981e-12
1.23938e-07
3.60604e-12
1.23938e-07
3.42556e-12
3.28778e-12
1.39245e-07
1.24304e-09
-1.39204e-07
1.39289e-07
1.2851e-09
1.39338e-07
1.32481e-09
1.39389e-07
1.36187e-09
1.39443e-07
1.39597e-09
1.39498e-07
1.42675e-09
1.39555e-07
1.45393e-09
1.39612e-07
1.4773e-09
1.39668e-07
1.49671e-09
1.39724e-07
1.51203e-09
1.39777e-07
1.52322e-09
1.39829e-07
1.53027e-09
1.39877e-07
1.53319e-09
1.39921e-07
1.53206e-09
1.39962e-07
1.52696e-09
1.39998e-07
1.51798e-09
1.40029e-07
1.50525e-09
1.40056e-07
1.48886e-09
1.40078e-07
1.46894e-09
1.40094e-07
1.4456e-09
1.40105e-07
1.41895e-09
1.40111e-07
1.3891e-09
1.40112e-07
1.35619e-09
1.40108e-07
1.32035e-09
1.401e-07
1.28176e-09
1.40086e-07
1.24059e-09
1.40068e-07
1.1971e-09
1.40046e-07
1.15154e-09
1.40021e-07
1.10421e-09
1.39992e-07
1.05548e-09
1.3996e-07
1.00569e-09
1.39926e-07
9.55252e-10
1.3989e-07
9.04556e-10
1.39853e-07
8.54003e-10
1.39815e-07
8.03975e-10
1.39776e-07
7.5483e-10
1.39737e-07
7.06893e-10
1.39698e-07
6.60443e-10
1.3966e-07
6.15716e-10
1.39623e-07
5.72898e-10
1.39587e-07
5.32126e-10
1.39552e-07
4.9349e-10
1.39519e-07
4.57039e-10
1.39488e-07
4.22785e-10
1.39458e-07
3.90707e-10
1.3943e-07
3.60759e-10
1.39404e-07
3.32874e-10
1.39379e-07
3.0697e-10
1.39357e-07
2.82954e-10
1.39336e-07
2.60724e-10
1.39317e-07
2.40175e-10
1.39299e-07
2.212e-10
1.39283e-07
2.03692e-10
1.39268e-07
1.87545e-10
1.39254e-07
1.72658e-10
1.39242e-07
1.58933e-10
1.3923e-07
1.46279e-10
1.3922e-07
1.34609e-10
1.3921e-07
1.23844e-10
1.39202e-07
1.1391e-10
1.39194e-07
1.0474e-10
1.39187e-07
9.62727e-11
1.3918e-07
8.84533e-11
1.39174e-07
8.12309e-11
1.39169e-07
7.45601e-11
1.39164e-07
6.83993e-11
1.39159e-07
6.27108e-11
1.39155e-07
5.746e-11
1.39152e-07
5.26154e-11
1.39148e-07
4.81476e-11
1.39145e-07
4.40298e-11
1.39142e-07
4.02371e-11
1.3914e-07
3.67461e-11
1.39137e-07
3.35354e-11
1.39135e-07
3.05847e-11
1.39133e-07
2.78753e-11
1.39131e-07
2.53897e-11
1.3913e-07
2.31115e-11
1.39128e-07
2.10255e-11
1.39127e-07
1.91173e-11
1.39126e-07
1.73737e-11
1.39125e-07
1.57825e-11
1.39124e-07
1.4332e-11
1.39123e-07
1.30116e-11
1.39122e-07
1.18114e-11
1.39121e-07
1.07224e-11
1.3912e-07
9.73597e-12
1.3912e-07
8.84445e-12
1.39119e-07
8.04069e-12
1.39119e-07
7.31816e-12
1.39118e-07
6.6709e-12
1.39118e-07
6.09354e-12
1.39118e-07
5.58122e-12
1.39117e-07
5.12962e-12
1.39117e-07
4.7349e-12
1.39117e-07
4.39373e-12
1.39116e-07
4.10329e-12
1.39116e-07
3.86125e-12
1.39116e-07
3.6658e-12
3.51667e-12
1.5628e-07
1.20976e-09
-1.56246e-07
1.56316e-07
1.24884e-09
1.56355e-07
1.28586e-09
1.56396e-07
1.32059e-09
1.56439e-07
1.35279e-09
1.56484e-07
1.38215e-09
1.56529e-07
1.40844e-09
1.56575e-07
1.43147e-09
1.56621e-07
1.4511e-09
1.56666e-07
1.46721e-09
1.56709e-07
1.47972e-09
1.56751e-07
1.4886e-09
1.5679e-07
1.49383e-09
1.56827e-07
1.49543e-09
1.5686e-07
1.49344e-09
1.5689e-07
1.48789e-09
1.56917e-07
1.47885e-09
1.56939e-07
1.46638e-09
1.56958e-07
1.45053e-09
1.56972e-07
1.43136e-09
1.56982e-07
1.40895e-09
1.56988e-07
1.38335e-09
1.56989e-07
1.35465e-09
1.56987e-07
1.32294e-09
1.5698e-07
1.28835e-09
1.5697e-07
1.25102e-09
1.56956e-07
1.21114e-09
1.56938e-07
1.16895e-09
1.56918e-07
1.1247e-09
1.56894e-07
1.07873e-09
1.56869e-07
1.03135e-09
1.56841e-07
9.82962e-10
1.56812e-07
9.33936e-10
1.56781e-07
8.84672e-10
1.56749e-07
8.35556e-10
1.56717e-07
7.86961e-10
1.56685e-07
7.3923e-10
1.56653e-07
6.92668e-10
1.56621e-07
6.47542e-10
1.5659e-07
6.04071e-10
1.56559e-07
5.62427e-10
1.5653e-07
5.22738e-10
1.56502e-07
4.85088e-10
1.56475e-07
4.49523e-10
1.5645e-07
4.16056e-10
1.56426e-07
3.84668e-10
1.56404e-07
3.5532e-10
1.56383e-07
3.27953e-10
1.56363e-07
3.02493e-10
1.56345e-07
2.78854e-10
1.56328e-07
2.56945e-10
1.56313e-07
2.36669e-10
1.56299e-07
2.17924e-10
1.56286e-07
2.00613e-10
1.56274e-07
1.84634e-10
1.56263e-07
1.69892e-10
1.56253e-07
1.56295e-10
1.56243e-07
1.43755e-10
1.56235e-07
1.32188e-10
1.56228e-07
1.21519e-10
1.56221e-07
1.11676e-10
1.56214e-07
1.02595e-10
1.56208e-07
9.42142e-11
1.56203e-07
8.64804e-11
1.56198e-07
7.93434e-11
1.56194e-07
7.27579e-11
1.5619e-07
6.66824e-11
1.56187e-07
6.10789e-11
1.56183e-07
5.59126e-11
1.5618e-07
5.11515e-11
1.56177e-07
4.6766e-11
1.56175e-07
4.27289e-11
1.56173e-07
3.90149e-11
1.56171e-07
3.56004e-11
1.56169e-07
3.24636e-11
1.56167e-07
2.95843e-11
1.56166e-07
2.69435e-11
1.56164e-07
2.45236e-11
1.56163e-07
2.23082e-11
1.56162e-07
2.02821e-11
1.56161e-07
1.8431e-11
1.5616e-07
1.67417e-11
1.56159e-07
1.5202e-11
1.56158e-07
1.38005e-11
1.56157e-07
1.25267e-11
1.56157e-07
1.13708e-11
1.56156e-07
1.03238e-11
1.56155e-07
9.37742e-12
1.56155e-07
8.52415e-12
1.56155e-07
7.75702e-12
1.56154e-07
7.0697e-12
1.56154e-07
6.45646e-12
1.56153e-07
5.91214e-12
1.56153e-07
5.43216e-12
1.56153e-07
5.01243e-12
1.56153e-07
4.64945e-12
1.56152e-07
4.34019e-12
1.56152e-07
4.08221e-12
1.56152e-07
3.87349e-12
3.7134e-12
1.75375e-07
1.18674e-09
-1.75352e-07
1.754e-07
1.22385e-09
1.75427e-07
1.25909e-09
1.75455e-07
1.29225e-09
1.75485e-07
1.32315e-09
1.75515e-07
1.35152e-09
1.75547e-07
1.37715e-09
1.75578e-07
1.39989e-09
1.7561e-07
1.41958e-09
1.75641e-07
1.43613e-09
1.75671e-07
1.44944e-09
1.757e-07
1.45947e-09
1.75728e-07
1.46617e-09
1.75754e-07
1.46954e-09
1.75778e-07
1.46959e-09
1.75799e-07
1.46633e-09
1.75818e-07
1.45977e-09
1.75835e-07
1.44995e-09
1.75848e-07
1.43688e-09
1.75859e-07
1.4206e-09
1.75867e-07
1.40112e-09
1.75872e-07
1.37849e-09
1.75874e-07
1.35274e-09
1.75873e-07
1.32395e-09
1.75869e-07
1.29219e-09
1.75862e-07
1.25759e-09
1.75853e-07
1.2203e-09
1.75842e-07
1.18052e-09
1.75828e-07
1.13851e-09
1.75812e-07
1.09454e-09
1.75794e-07
1.04894e-09
1.75775e-07
1.00207e-09
1.75755e-07
9.54308e-10
1.75734e-07
9.06044e-10
1.75711e-07
8.57669e-10
1.75689e-07
8.09561e-10
1.75666e-07
7.62074e-10
1.75643e-07
7.15532e-10
1.7562e-07
6.70219e-10
1.75598e-07
6.26376e-10
1.75576e-07
5.842e-10
1.75555e-07
5.43843e-10
1.75535e-07
5.05412e-10
1.75516e-07
4.68978e-10
1.75497e-07
4.34574e-10
1.75479e-07
4.02205e-10
1.75463e-07
3.71849e-10
1.75447e-07
3.43462e-10
1.75433e-07
3.16987e-10
1.75419e-07
2.9235e-10
1.75407e-07
2.69469e-10
1.75395e-07
2.48255e-10
1.75385e-07
2.28614e-10
1.75375e-07
2.10451e-10
1.75366e-07
1.93669e-10
1.75357e-07
1.78175e-10
1.7535e-07
1.63875e-10
1.75343e-07
1.50682e-10
1.75337e-07
1.38512e-10
1.75331e-07
1.27287e-10
1.75326e-07
1.16933e-10
1.75321e-07
1.07383e-10
1.75316e-07
9.85736e-11
1.75313e-07
9.04481e-11
1.75309e-07
8.29537e-11
1.75306e-07
7.60424e-11
1.75303e-07
6.96699e-11
1.753e-07
6.3796e-11
1.75297e-07
5.83834e-11
1.75295e-07
5.33981e-11
1.75293e-07
4.88084e-11
1.75291e-07
4.45852e-11
1.7529e-07
4.07017e-11
1.75288e-07
3.71329e-11
1.75287e-07
3.38556e-11
1.75285e-07
3.08482e-11
1.75284e-07
2.80908e-11
1.75283e-07
2.55648e-11
1.75282e-07
2.32527e-11
1.75281e-07
2.11386e-11
1.75281e-07
1.92075e-11
1.7528e-07
1.74455e-11
1.75279e-07
1.58397e-11
1.75279e-07
1.43782e-11
1.75278e-07
1.305e-11
1.75278e-07
1.18447e-11
1.75277e-07
1.07531e-11
1.75277e-07
9.76649e-12
1.75277e-07
8.87687e-12
1.75276e-07
8.07702e-12
1.75276e-07
7.36033e-12
1.75276e-07
6.72081e-12
1.75275e-07
6.15308e-12
1.75275e-07
5.65233e-12
1.75275e-07
5.21432e-12
1.75275e-07
4.83537e-12
1.75275e-07
4.51238e-12
1.75275e-07
4.24283e-12
1.75274e-07
4.02492e-12
3.85897e-12
1.96781e-07
-1.96772e-07
1.96791e-07
1.96802e-07
1.96814e-07
1.96826e-07
1.96839e-07
1.96852e-07
1.96865e-07
1.96879e-07
1.96892e-07
1.96905e-07
1.96918e-07
1.96931e-07
1.96942e-07
1.96953e-07
1.96964e-07
1.96973e-07
1.96981e-07
1.96989e-07
1.96995e-07
1.97e-07
1.97003e-07
1.97005e-07
1.97007e-07
1.97006e-07
1.97005e-07
1.97002e-07
1.96999e-07
1.96994e-07
1.96988e-07
1.96982e-07
1.96974e-07
1.96966e-07
1.96958e-07
1.96949e-07
1.9694e-07
1.9693e-07
1.9692e-07
1.9691e-07
1.96901e-07
1.96891e-07
1.96882e-07
1.96872e-07
1.96863e-07
1.96855e-07
1.96847e-07
1.96839e-07
1.96831e-07
1.96824e-07
1.96818e-07
1.96811e-07
1.96806e-07
1.968e-07
1.96795e-07
1.9679e-07
1.96786e-07
1.96782e-07
1.96778e-07
1.96774e-07
1.96771e-07
1.96768e-07
1.96766e-07
1.96763e-07
1.96761e-07
1.96759e-07
1.96757e-07
1.96755e-07
1.96754e-07
1.96752e-07
1.96751e-07
1.9675e-07
1.96749e-07
1.96748e-07
1.96747e-07
1.96746e-07
1.96745e-07
1.96744e-07
1.96744e-07
1.96743e-07
1.96743e-07
1.96742e-07
1.96742e-07
1.96741e-07
1.96741e-07
1.96741e-07
1.96741e-07
1.9674e-07
1.9674e-07
1.9674e-07
1.9674e-07
1.9674e-07
1.96739e-07
1.96739e-07
1.96739e-07
1.96739e-07
1.96739e-07
1.96739e-07
1.96739e-07
1.96739e-07
3.45741e-08
2.00434e-11
3.45543e-08
4.23837e-11
3.45264e-08
6.69045e-11
3.44904e-08
9.37695e-11
3.4446e-08
1.23338e-10
3.43924e-08
1.56283e-10
3.43282e-08
1.93739e-10
3.42509e-08
2.37534e-10
3.41568e-08
2.90696e-10
3.40394e-08
3.58545e-10
3.38872e-08
4.51336e-10
3.3677e-08
5.91639e-10
3.33537e-08
8.39999e-10
3.27384e-08
1.42699e-09
3.26447e-09
3.58589e-08
3.11811e-11
3.58387e-08
6.26019e-11
3.581e-08
9.56181e-11
3.57729e-08
1.30801e-10
3.57273e-08
1.6896e-10
3.56723e-08
2.1128e-10
3.56065e-08
2.59524e-10
3.55277e-08
3.164e-10
3.54321e-08
3.86295e-10
3.53138e-08
4.76807e-10
3.51628e-08
6.02294e-10
3.49614e-08
7.93045e-10
3.46799e-08
1.12149e-09
3.43258e-08
1.78117e-09
3.24566e-09
3.71915e-08
4.24555e-11
3.71708e-08
8.32985e-11
3.71414e-08
1.2501e-10
3.71035e-08
1.68698e-10
3.70569e-08
2.15598e-10
3.70008e-08
2.67382e-10
3.69339e-08
3.26403e-10
3.68542e-08
3.96158e-10
3.67583e-08
4.82173e-10
3.66413e-08
5.93757e-10
3.64959e-08
7.47756e-10
3.63119e-08
9.76962e-10
3.60849e-08
1.34853e-09
3.58719e-08
1.99422e-09
3.10766e-09
3.85736e-08
5.38766e-11
3.85525e-08
1.04417e-10
3.85225e-08
1.55006e-10
3.84839e-08
2.07338e-10
3.84364e-08
2.63064e-10
3.83795e-08
3.24305e-10
3.8312e-08
3.93942e-10
3.8232e-08
4.76123e-10
3.81369e-08
5.77217e-10
3.80232e-08
7.07554e-10
3.78862e-08
8.84755e-10
3.77232e-08
1.13993e-09
3.75447e-08
1.52705e-09
3.74139e-08
2.125e-09
2.98601e-09
4.00071e-08
6.54338e-11
3.99857e-08
1.25896e-10
3.99551e-08
1.85516e-10
3.99159e-08
2.46585e-10
3.98678e-08
3.11152e-10
3.98104e-08
3.81742e-10
3.97426e-08
4.61673e-10
3.96632e-08
5.55581e-10
3.95701e-08
6.70331e-10
3.94611e-08
8.16548e-10
3.93347e-08
1.01113e-09
3.91938e-08
1.28081e-09
3.90565e-08
1.66437e-09
3.89797e-08
2.20181e-09
2.88098e-09
4.14939e-08
7.71086e-11
4.14721e-08
1.47669e-10
4.14412e-08
2.1644e-10
4.14015e-08
2.86285e-10
4.1353e-08
3.59635e-10
4.12954e-08
4.39356e-10
4.1228e-08
5.29102e-10
4.11498e-08
6.33806e-10
4.10596e-08
7.60473e-10
4.09568e-08
9.19355e-10
4.08424e-08
1.1255e-09
4.07233e-08
1.39993e-09
4.06203e-08
1.76741e-09
4.05802e-08
2.24186e-09
2.78627e-09
4.3036e-08
8.8876e-11
4.3014e-08
1.69664e-10
4.29827e-08
2.47661e-10
4.29428e-08
3.26265e-10
4.28941e-08
4.08258e-10
4.28367e-08
4.96783e-10
4.27701e-08
5.95714e-10
4.26938e-08
7.10083e-10
4.26076e-08
8.46696e-10
4.25121e-08
1.01489e-09
4.24104e-08
1.22715e-09
4.23118e-08
1.49856e-09
4.22368e-08
1.84237e-09
4.22222e-08
2.25651e-09
2.69797e-09
4.46353e-08
1.00704e-10
4.46132e-08
1.91797e-10
4.45818e-08
2.79045e-10
4.45418e-08
3.6633e-10
4.44933e-08
4.56747e-10
4.44364e-08
5.53641e-10
4.43711e-08
6.60988e-10
4.42975e-08
7.83729e-10
4.4216e-08
9.28179e-10
4.41285e-08
1.10237e-09
4.40397e-08
1.31593e-09
4.39599e-08
1.57844e-09
4.39077e-08
1.89451e-09
4.39109e-08
2.2533e-09
2.614e-09
4.62942e-08
1.12553e-10
4.6272e-08
2.13979e-10
4.62406e-08
3.10449e-10
4.62007e-08
4.06273e-10
4.61526e-08
5.04811e-10
4.60967e-08
6.09537e-10
4.60333e-08
7.24412e-10
4.59629e-08
8.54115e-10
4.58868e-08
1.00425e-09
4.58079e-08
1.18132e-09
4.57317e-08
1.39209e-09
4.56686e-08
1.64152e-09
4.56349e-08
1.92823e-09
4.56509e-08
2.23734e-09
2.53339e-09
4.80147e-08
1.24378e-10
4.79926e-08
2.36109e-10
4.79613e-08
3.41714e-10
4.79217e-08
4.4587e-10
4.78744e-08
5.52149e-10
4.78198e-08
6.64079e-10
4.77588e-08
7.855e-10
4.76922e-08
9.20692e-10
4.7622e-08
1.07439e-09
4.75518e-08
1.25152e-09
4.74877e-08
1.45622e-09
4.74394e-08
1.6898e-09
4.74205e-08
1.94713e-09
4.74457e-08
2.21222e-09
2.4557e-09
4.97992e-08
1.36129e-10
4.97772e-08
2.58082e-10
4.97463e-08
3.72674e-10
4.97073e-08
4.84889e-10
4.9661e-08
5.98454e-10
4.96082e-08
7.16883e-10
4.95499e-08
8.43803e-10
4.94875e-08
9.82994e-10
4.94237e-08
1.13826e-09
4.93622e-08
1.31298e-09
4.93094e-08
1.50907e-09
4.9274e-08
1.72519e-09
4.9267e-08
1.95413e-09
4.92987e-08
2.18053e-09
2.38077e-09
5.16501e-08
1.4775e-10
5.16284e-08
2.79784e-10
5.15979e-08
4.03155e-10
5.15597e-08
5.23093e-10
5.15147e-08
6.43424e-10
5.1464e-08
7.67586e-10
5.14089e-08
8.98924e-10
5.13512e-08
1.04066e-09
5.12938e-08
1.19565e-09
5.12409e-08
1.3659e-09
5.11984e-08
1.55156e-09
5.11741e-08
1.74949e-09
5.11766e-08
1.95165e-09
5.12129e-08
2.14419e-09
2.30854e-09
5.35698e-08
1.59182e-10
5.35484e-08
3.01096e-10
5.35186e-08
4.32978e-10
5.34815e-08
5.60244e-10
5.34381e-08
6.86766e-10
5.33899e-08
8.15855e-10
5.33383e-08
9.50526e-10
5.32855e-08
1.09342e-09
5.32346e-08
1.24652e-09
5.31899e-08
1.41066e-09
5.31568e-08
1.58466e-09
5.31419e-08
1.76434e-09
5.31519e-08
1.94165e-09
5.31915e-08
2.10467e-09
2.23902e-09
5.55608e-08
1.70364e-10
5.554e-08
3.21898e-10
5.5511e-08
4.61966e-10
5.54752e-08
5.9611e-10
5.54337e-08
7.28205e-10
5.53882e-08
8.61395e-10
5.53404e-08
9.98342e-10
5.52927e-08
1.14112e-09
5.52482e-08
1.29095e-09
5.52112e-08
1.44771e-09
5.51865e-08
1.60934e-09
5.51796e-08
1.7712e-09
5.51955e-08
1.92576e-09
5.52371e-08
2.06307e-09
2.17225e-09
5.76259e-08
1.81232e-10
5.76057e-08
3.42068e-10
5.75778e-08
4.89942e-10
5.75434e-08
6.30472e-10
5.75041e-08
7.67493e-10
5.74616e-08
9.03957e-10
5.74177e-08
1.04218e-09
5.73751e-08
1.18371e-09
5.7337e-08
1.32913e-09
5.73071e-08
1.47761e-09
5.72898e-08
1.6266e-09
5.72896e-08
1.7714e-09
5.731e-08
1.90532e-09
5.73528e-08
2.02031e-09
2.10825e-09
5.97678e-08
1.91724e-10
5.97484e-08
3.61489e-10
5.97216e-08
5.1674e-10
5.96889e-08
6.63126e-10
5.9652e-08
8.0441e-10
5.96126e-08
9.43345e-10
5.95729e-08
1.08191e-09
5.95354e-08
1.22122e-09
5.95032e-08
1.36133e-09
5.94798e-08
1.50098e-09
5.9469e-08
1.63738e-09
5.94743e-08
1.76612e-09
5.94982e-08
1.88147e-09
5.95414e-08
1.97708e-09
2.04707e-09
6.19893e-08
2.0178e-10
6.19707e-08
3.80044e-10
6.19453e-08
5.42202e-10
6.19145e-08
6.93889e-10
6.18801e-08
8.38776e-10
6.18441e-08
9.79417e-10
6.18085e-08
1.11749e-09
6.17759e-08
1.25376e-09
6.17494e-08
1.38791e-09
6.17319e-08
1.51845e-09
6.17267e-08
1.6426e-09
6.17364e-08
1.75641e-09
6.17627e-08
1.85514e-09
6.18058e-08
1.93398e-09
1.98877e-09
6.42934e-08
2.11343e-10
6.42758e-08
3.97629e-10
6.42518e-08
5.66188e-10
6.42231e-08
7.22608e-10
6.41914e-08
8.70452e-10
6.41587e-08
1.01209e-09
6.41273e-08
1.14896e-09
6.40995e-08
1.28154e-09
6.40781e-08
1.40931e-09
6.40659e-08
1.53069e-09
6.40654e-08
1.6431e-09
6.40786e-08
1.74318e-09
6.41066e-08
1.82715e-09
6.41491e-08
1.89149e-09
1.9334e-09
6.66831e-08
2.20364e-10
6.66666e-08
4.14147e-10
6.66442e-08
5.88578e-10
6.66176e-08
7.49158e-10
6.65887e-08
8.99343e-10
6.65595e-08
1.04134e-09
6.65321e-08
1.17639e-09
6.65088e-08
1.30481e-09
6.64921e-08
1.42596e-09
6.64845e-08
1.53835e-09
6.64879e-08
1.6397e-09
6.65038e-08
1.72727e-09
6.65327e-08
1.79819e-09
6.65742e-08
1.85001e-09
1.88102e-09
6.91616e-08
2.28798e-10
6.91463e-08
4.29518e-10
6.91256e-08
6.09273e-10
6.91013e-08
7.73449e-10
6.90752e-08
9.25398e-10
6.90494e-08
1.0672e-09
6.90258e-08
1.19996e-09
6.90067e-08
1.32388e-09
6.89943e-08
1.43837e-09
6.89906e-08
1.54208e-09
6.89971e-08
1.63314e-09
6.9015e-08
1.70941e-09
6.90443e-08
1.76886e-09
6.90844e-08
1.8099e-09
1.83167e-09
9.83586e-08
2.39244e-10
9.83397e-08
4.48476e-10
9.83144e-08
6.34561e-10
9.82851e-08
8.02736e-10
9.82543e-08
9.56225e-10
9.82245e-08
1.09698e-09
9.81984e-08
1.22602e-09
9.81788e-08
1.34356e-09
9.8168e-08
1.44912e-09
9.81683e-08
1.54174e-09
9.81814e-08
1.62013e-09
9.82078e-08
1.68296e-09
9.82475e-08
1.72913e-09
9.82994e-08
1.758e-09
1.76951e-09
1.10406e-07
2.48986e-10
1.10388e-07
4.66059e-10
1.10365e-07
6.57777e-10
1.10339e-07
8.29195e-10
1.10311e-07
9.83441e-10
1.10286e-07
1.12241e-09
1.10265e-07
1.24711e-09
1.10251e-07
1.35788e-09
1.10245e-07
1.45452e-09
1.1025e-07
1.53651e-09
1.10267e-07
1.60319e-09
1.10296e-07
1.65397e-09
1.10337e-07
1.68855e-09
1.10388e-07
1.70704e-09
1.70996e-09
1.23929e-07
2.57698e-10
1.23913e-07
4.81691e-10
1.23893e-07
6.78178e-10
1.2387e-07
8.52032e-10
1.23847e-07
1.00631e-09
1.23826e-07
1.14292e-09
1.2381e-07
1.26295e-09
1.23801e-07
1.36697e-09
1.23801e-07
1.45511e-09
1.2381e-07
1.52734e-09
1.2383e-07
1.5836e-09
1.2386e-07
1.62397e-09
1.23899e-07
1.64877e-09
1.23948e-07
1.65868e-09
1.65463e-09
1.39108e-07
2.65063e-10
1.39094e-07
4.94822e-10
1.39077e-07
6.95102e-10
1.39059e-07
8.70605e-10
1.39041e-07
1.02436e-09
1.39025e-07
1.15833e-09
1.39015e-07
1.27377e-09
1.3901e-07
1.37148e-09
1.39013e-07
1.45201e-09
1.39025e-07
1.51577e-09
1.39045e-07
1.56323e-09
1.39074e-07
1.595e-09
1.39111e-07
1.61191e-09
1.39155e-07
1.61501e-09
1.60554e-09
1.56145e-07
2.70782e-10
1.56135e-07
5.04948e-10
1.56122e-07
7.07987e-10
1.56109e-07
8.84459e-10
1.56096e-07
1.03739e-09
1.56085e-07
1.16883e-09
1.56079e-07
1.28022e-09
1.56077e-07
1.37262e-09
1.56083e-07
1.44691e-09
1.56094e-07
1.50391e-09
1.56113e-07
1.54449e-09
1.56139e-07
1.56968e-09
1.5617e-07
1.58064e-09
1.56206e-07
1.5787e-09
1.56525e-09
1.7527e-07
2.74553e-10
1.75263e-07
5.11574e-10
1.75255e-07
7.16319e-10
1.75246e-07
8.93249e-10
1.75238e-07
1.0454e-09
1.75232e-07
1.17491e-09
1.75229e-07
1.28337e-09
1.7523e-07
1.37203e-09
1.75235e-07
1.44202e-09
1.75244e-07
1.49444e-09
1.75258e-07
1.53045e-09
1.75276e-07
1.55131e-09
1.75299e-07
1.55842e-09
1.75324e-07
1.55324e-09
1.53728e-09
1.96737e-07
1.96734e-07
1.96731e-07
1.96728e-07
1.96725e-07
1.96723e-07
1.96722e-07
1.96722e-07
1.96724e-07
1.96728e-07
1.96734e-07
1.96741e-07
1.9675e-07
1.9676e-07
)
;

boundaryField
{
    top
    {
        type            calculated;
        value           nonuniform List<scalar> 
115
(
1.17743e-09
1.21369e-09
1.24815e-09
1.28061e-09
1.3109e-09
1.33878e-09
1.36404e-09
1.38653e-09
1.40613e-09
1.42272e-09
1.43621e-09
1.44657e-09
1.45374e-09
1.45771e-09
1.45848e-09
1.45605e-09
1.45043e-09
1.44163e-09
1.42967e-09
1.41454e-09
1.39627e-09
1.37488e-09
1.35039e-09
1.32286e-09
1.29235e-09
1.25896e-09
1.22285e-09
1.1842e-09
1.14323e-09
1.10023e-09
1.0555e-09
1.00941e-09
9.62317e-10
9.14613e-10
8.66689e-10
8.18922e-10
7.71672e-10
7.25266e-10
6.79997e-10
6.36114e-10
5.93822e-10
5.53282e-10
5.14612e-10
4.7789e-10
4.43162e-10
4.10437e-10
3.79704e-10
3.50927e-10
3.24051e-10
2.99011e-10
2.75729e-10
2.5412e-10
2.34093e-10
2.15555e-10
1.98413e-10
1.82574e-10
1.67946e-10
1.54443e-10
1.41981e-10
1.3048e-10
1.19869e-10
1.10079e-10
1.01047e-10
9.27141e-11
8.5028e-11
7.79394e-11
7.14034e-11
6.53788e-11
5.98276e-11
5.47148e-11
5.00082e-11
4.56778e-11
4.1696e-11
3.80373e-11
3.46777e-11
3.15951e-11
2.87691e-11
2.61804e-11
2.38112e-11
2.16451e-11
1.96666e-11
1.78615e-11
1.62165e-11
1.47194e-11
1.33589e-11
1.21243e-11
1.10062e-11
9.9956e-12
9.08431e-12
8.26492e-12
7.53063e-12
6.87531e-12
6.29342e-12
5.78003e-12
5.33077e-12
4.94182e-12
4.60991e-12
4.33223e-12
4.10626e-12
3.9305e-12
2.75983e-10
5.14073e-10
7.1946e-10
8.96555e-10
1.0484e-09
1.17714e-09
1.28444e-09
1.37164e-09
1.43994e-09
1.49056e-09
1.52475e-09
1.54389e-09
1.54945e-09
1.54295e-09
1.52593e-09
)
;
    }
    inlet
    {
        type            calculated;
        value           nonuniform List<scalar> 
27
(
-9.83691e-08
-1.10416e-07
-1.23937e-07
-1.39115e-07
-1.56151e-07
-1.75274e-07
-1.96738e-07
-3.4585e-08
-3.587e-08
-3.72028e-08
-3.85851e-08
-4.00187e-08
-4.15056e-08
-4.30477e-08
-4.46472e-08
-4.6306e-08
-4.80265e-08
-4.9811e-08
-5.16617e-08
-5.35812e-08
-5.5572e-08
-5.76368e-08
-5.97783e-08
-6.19993e-08
-6.43029e-08
-6.66921e-08
-6.91701e-08
)
;
    }
    outlet
    {
        type            calculated;
        value           nonuniform List<scalar> 
27
(
9.83698e-08
1.10416e-07
1.23938e-07
1.39116e-07
1.56152e-07
1.75274e-07
1.96739e-07
5.46822e-09
1.63153e-08
2.57782e-08
3.28567e-08
3.75738e-08
4.06207e-08
4.27764e-08
4.45767e-08
4.62907e-08
4.8024e-08
4.98109e-08
5.16621e-08
5.35816e-08
5.55725e-08
5.76373e-08
5.97788e-08
6.19998e-08
6.43034e-08
6.66926e-08
6.91706e-08
)
;
    }
    plate
    {
        type            calculated;
        value           uniform 0;
    }
    symmBound
    {
        type            calculated;
        value           nonuniform List<scalar> 
15
(
-9.11234e-12
-2.2622e-11
-3.89628e-11
-5.77604e-11
-7.89411e-11
-1.02693e-10
-1.29508e-10
-1.6029e-10
-1.96595e-10
-2.41152e-10
-2.99104e-10
-3.81418e-10
-5.16737e-10
-8.11719e-10
-1.7021e-09
)
;
    }
    frontAndBack
    {
        type            empty;
        value           nonuniform 0();
    }
}


// ************************************************************************* //
