/*--------------------------------*- C++ -*----------------------------------*\
| =========                 |                                                 |
| \\      /  F ield         | OpenFOAM: The Open Source CFD Toolbox           |
|  \\    /   O peration     | Version:  2.3.0                                 |
|   \\  /    A nd           | Web:      www.OpenFOAM.org                      |
|    \\/     M anipulation  |                                                 |
\*---------------------------------------------------------------------------*/
FoamFile
{
    version     2.0;
    format      ascii;
    class       volVectorField;
    location    "0.05";
    object      U_0;
}
// * * * * * * * * * * * * * * * * * * * * * * * * * * * * * * * * * * * * * //

dimensions      [0 1 -1 0 0 0 0];

internalField   nonuniform List<vector> 
3375
(
(0.17146 0.00586227 0)
(0.155131 0.00596306 0)
(0.139451 0.00555409 0)
(0.124602 0.00495735 0)
(0.111012 0.00429439 0)
(0.0988637 0.0036197 0)
(0.088171 0.00297105 0)
(0.0789017 0.00237485 0)
(0.0710017 0.00184717 0)
(0.0643882 0.00139588 0)
(0.0589521 0.00102201 0)
(0.0545693 0.000720927 0)
(0.0511153 0.000484291 0)
(0.0484747 0.000302504 0)
(0.0465437 0.000165997 0)
(0.0452279 6.30315e-05 0)
(0.0444506 -2.27363e-05 0)
(0.0441879 -8.66142e-05 0)
(0.0443082 -0.000108847 0)
(0.0445607 -8.919e-05 0)
(0.0448598 -6.17603e-05 0)
(0.0451432 -3.97484e-05 0)
(0.0453827 -2.4976e-05 0)
(0.0455731 -1.59675e-05 0)
(0.0457187 -1.06935e-05 0)
(0.0458273 -7.63024e-06 0)
(0.0459067 -5.82889e-06 0)
(0.0459639 -4.67852e-06 0)
(0.0460048 -3.8542e-06 0)
(0.0460339 -3.211e-06 0)
(0.0460547 -2.69083e-06 0)
(0.0460697 -2.27223e-06 0)
(0.0460806 -1.94255e-06 0)
(0.0460887 -1.68782e-06 0)
(0.0460949 -1.4912e-06 0)
(0.0460996 -1.33563e-06 0)
(0.0461034 -1.21008e-06 0)
(0.0461064 -1.10195e-06 0)
(0.0461088 -1.01108e-06 0)
(0.0461108 -9.28087e-07 0)
(0.0461125 -8.51265e-07 0)
(0.046114 -7.84642e-07 0)
(0.0461153 -7.22252e-07 0)
(0.0461164 -6.61701e-07 0)
(0.0461174 -6.08932e-07 0)
(0.0461183 -5.63121e-07 0)
(0.046119 -5.19336e-07 0)
(0.0461197 -4.7899e-07 0)
(0.0461204 -4.41886e-07 0)
(0.0461209 -4.07609e-07 0)
(0.0461215 -3.75559e-07 0)
(0.0461219 -3.46413e-07 0)
(0.0461224 -3.19841e-07 0)
(0.0461228 -2.95479e-07 0)
(0.0461232 -2.73081e-07 0)
(0.0461235 -2.5246e-07 0)
(0.0461239 -2.33462e-07 0)
(0.0461242 -2.15957e-07 0)
(0.0461245 -1.99787e-07 0)
(0.0461248 -1.84514e-07 0)
(0.046125 -1.70317e-07 0)
(0.0461253 -1.5718e-07 0)
(0.0461255 -1.45015e-07 0)
(0.0461257 -1.33712e-07 0)
(0.0461259 -1.23043e-07 0)
(0.0461261 -1.12992e-07 0)
(0.0461263 -1.03805e-07 0)
(0.0461265 -9.53967e-08 0)
(0.0461267 -8.76565e-08 0)
(0.0461268 -8.05234e-08 0)
(0.046127 -7.39362e-08 0)
(0.0461271 -6.78545e-08 0)
(0.0461272 -6.22336e-08 0)
(0.0461273 -5.7044e-08 0)
(0.0461274 -5.22444e-08 0)
(0.0461276 -4.78142e-08 0)
(0.0461276 -4.37137e-08 0)
(0.0461277 -3.99202e-08 0)
(0.0461278 -3.64063e-08 0)
(0.0461279 -3.31107e-08 0)
(0.046128 -3.00464e-08 0)
(0.046128 -2.72237e-08 0)
(0.0461281 -2.4635e-08 0)
(0.0461281 -2.22447e-08 0)
(0.0461282 -2.00265e-08 0)
(0.0461282 -1.79623e-08 0)
(0.0461283 -1.60472e-08 0)
(0.0461283 -1.42759e-08 0)
(0.0461283 -1.26305e-08 0)
(0.0461283 -1.11166e-08 0)
(0.0461284 -9.68054e-09 0)
(0.0461284 -8.33873e-09 0)
(0.0461284 -7.05515e-09 0)
(0.0461284 -5.78827e-09 0)
(0.0461284 -4.5173e-09 0)
(0.0461284 -3.22897e-09 0)
(0.0461284 -1.85905e-09 0)
(0.0461283 -2.54613e-10 0)
(0.0461283 1.48645e-09 0)
(0.0461282 1.70167e-08 0)
(0.190446 0.00931229 0)
(0.188324 0.00983929 0)
(0.184639 0.00960491 0)
(0.179742 0.00908641 0)
(0.174144 0.00842756 0)
(0.168209 0.00767503 0)
(0.162169 0.00686691 0)
(0.156206 0.00603823 0)
(0.15047 0.00521788 0)
(0.145083 0.00442861 0)
(0.140141 0.00368666 0)
(0.13572 0.00300111 0)
(0.131882 0.0023748 0)
(0.128674 0.00180762 0)
(0.12612 0.00129995 0)
(0.12422 0.000852735 0)
(0.122946 0.000465049 0)
(0.122173 0.000145659 0)
(0.121805 -7.93298e-05 0)
(0.121819 -0.000192705 0)
(0.122059 -0.00022247 0)
(0.122406 -0.000206976 0)
(0.122777 -0.000172607 0)
(0.123121 -0.000134436 0)
(0.123415 -9.98167e-05 0)
(0.123652 -7.15289e-05 0)
(0.123833 -4.99428e-05 0)
(0.123967 -3.42486e-05 0)
(0.124062 -2.32436e-05 0)
(0.124126 -1.57379e-05 0)
(0.124169 -1.072e-05 0)
(0.124195 -7.40395e-06 0)
(0.124209 -5.21752e-06 0)
(0.124216 -3.7617e-06 0)
(0.124218 -2.76861e-06 0)
(0.124216 -2.04114e-06 0)
(0.124212 -1.47396e-06 0)
(0.124206 -1.04332e-06 0)
(0.1242 -7.35933e-07 0)
(0.124192 -5.20076e-07 0)
(0.124185 -3.6637e-07 0)
(0.124178 -2.56178e-07 0)
(0.12417 -1.74322e-07 0)
(0.124164 -1.10971e-07 0)
(0.124157 -6.41838e-08 0)
(0.124151 -3.12895e-08 0)
(0.124145 -6.98529e-09 0)
(0.124139 1.02708e-08 0)
(0.124134 2.1872e-08 0)
(0.124129 2.91182e-08 0)
(0.124125 3.32716e-08 0)
(0.12412 3.46658e-08 0)
(0.124116 3.39517e-08 0)
(0.124113 3.17873e-08 0)
(0.124109 2.86719e-08 0)
(0.124106 2.49704e-08 0)
(0.124103 2.09568e-08 0)
(0.1241 1.68292e-08 0)
(0.124098 1.27645e-08 0)
(0.124095 9.08748e-09 0)
(0.124093 5.72966e-09 0)
(0.124091 2.65117e-09 0)
(0.124089 -1.19832e-10 0)
(0.124087 -2.54093e-09 0)
(0.124086 -4.49549e-09 0)
(0.124084 -6.01269e-09 0)
(0.124083 -7.31244e-09 0)
(0.124082 -8.43263e-09 0)
(0.124081 -9.34781e-09 0)
(0.12408 -1.0058e-08 0)
(0.124079 -1.05684e-08 0)
(0.124078 -1.08906e-08 0)
(0.124077 -1.10416e-08 0)
(0.124076 -1.10393e-08 0)
(0.124076 -1.08917e-08 0)
(0.124075 -1.06265e-08 0)
(0.124075 -1.02403e-08 0)
(0.124074 -9.75855e-09 0)
(0.124074 -9.18151e-09 0)
(0.124073 -8.49529e-09 0)
(0.124073 -7.73107e-09 0)
(0.124072 -6.90403e-09 0)
(0.124072 -6.05547e-09 0)
(0.124072 -5.15816e-09 0)
(0.124072 -4.22371e-09 0)
(0.124071 -3.2389e-09 0)
(0.124071 -2.20995e-09 0)
(0.124071 -1.14888e-09 0)
(0.124071 -4.22583e-11 0)
(0.124071 1.09544e-09 0)
(0.12407 2.30409e-09 0)
(0.12407 3.58273e-09 0)
(0.12407 4.96104e-09 0)
(0.12407 6.50237e-09 0)
(0.12407 8.25463e-09 0)
(0.12407 1.02972e-08 0)
(0.12407 1.28394e-08 0)
(0.124069 1.63931e-08 0)
(0.124069 2.28818e-08 0)
(0.124069 4.94759e-08 0)
(0.193431 0.00883249 0)
(0.194365 0.00978042 0)
(0.194696 0.0100861 0)
(0.194274 0.0100518 0)
(0.193218 0.00978043 0)
(0.191661 0.00930885 0)
(0.189707 0.00868003 0)
(0.187459 0.00794177 0)
(0.185027 0.00713677 0)
(0.182525 0.00629938 0)
(0.180059 0.00545479 0)
(0.177728 0.00461932 0)
(0.175618 0.00380297 0)
(0.1738 0.00301415 0)
(0.172321 0.00226413 0)
(0.171199 0.00156899 0)
(0.170419 0.00095222 0)
(0.169934 0.000441378 0)
(0.169648 5.92492e-05 0)
(0.169539 -0.000181989 0)
(0.169586 -0.000304971 0)
(0.169743 -0.00034448 0)
(0.169965 -0.00033256 0)
(0.170213 -0.000293337 0)
(0.170456 -0.00024311 0)
(0.170677 -0.000191965 0)
(0.170863 -0.00014549 0)
(0.171012 -0.000106242 0)
(0.171124 -7.48467e-05 0)
(0.171204 -5.08085e-05 0)
(0.171257 -3.30764e-05 0)
(0.171287 -2.04162e-05 0)
(0.171301 -1.16274e-05 0)
(0.171303 -5.63831e-06 0)
(0.171296 -1.56227e-06 0)
(0.171283 1.21048e-06 0)
(0.171266 3.02869e-06 0)
(0.171247 4.12891e-06 0)
(0.171228 4.71274e-06 0)
(0.171209 4.95279e-06 0)
(0.17119 4.97951e-06 0)
(0.171173 4.88039e-06 0)
(0.171156 4.70939e-06 0)
(0.171139 4.49866e-06 0)
(0.171124 4.26742e-06 0)
(0.17111 4.02706e-06 0)
(0.171096 3.78418e-06 0)
(0.171084 3.54358e-06 0)
(0.171072 3.30837e-06 0)
(0.171061 3.08063e-06 0)
(0.171051 2.86176e-06 0)
(0.171041 2.65289e-06 0)
(0.171033 2.45467e-06 0)
(0.171024 2.26742e-06 0)
(0.171017 2.09123e-06 0)
(0.171009 1.926e-06 0)
(0.171003 1.77152e-06 0)
(0.170997 1.62748e-06 0)
(0.170991 1.49348e-06 0)
(0.170986 1.36905e-06 0)
(0.170981 1.25371e-06 0)
(0.170977 1.14701e-06 0)
(0.170972 1.04846e-06 0)
(0.170969 9.57597e-07 0)
(0.170965 8.73898e-07 0)
(0.170962 7.96886e-07 0)
(0.170959 7.26143e-07 0)
(0.170956 6.61246e-07 0)
(0.170954 6.01775e-07 0)
(0.170951 5.47344e-07 0)
(0.170949 4.97566e-07 0)
(0.170947 4.52102e-07 0)
(0.170945 4.1061e-07 0)
(0.170944 3.72787e-07 0)
(0.170942 3.38347e-07 0)
(0.170941 3.07019e-07 0)
(0.17094 2.7856e-07 0)
(0.170938 2.52739e-07 0)
(0.170937 2.29332e-07 0)
(0.170936 2.08159e-07 0)
(0.170935 1.89007e-07 0)
(0.170935 1.71751e-07 0)
(0.170934 1.56199e-07 0)
(0.170933 1.42246e-07 0)
(0.170933 1.29744e-07 0)
(0.170932 1.18583e-07 0)
(0.170932 1.08665e-07 0)
(0.170931 9.98827e-08 0)
(0.170931 9.21664e-08 0)
(0.17093 8.54406e-08 0)
(0.17093 7.9644e-08 0)
(0.17093 7.4746e-08 0)
(0.170929 7.07061e-08 0)
(0.170929 6.75325e-08 0)
(0.170929 6.52635e-08 0)
(0.170928 6.40349e-08 0)
(0.170928 6.42004e-08 0)
(0.170928 6.67026e-08 0)
(0.170928 7.54534e-08 0)
(0.170927 1.00899e-07 0)
(0.194466 0.00811501 0)
(0.195728 0.0091389 0)
(0.196919 0.00965182 0)
(0.197822 0.00983535 0)
(0.198421 0.00977336 0)
(0.19873 0.0094966 0)
(0.198759 0.00903778 0)
(0.198524 0.0084362 0)
(0.198064 0.00772912 0)
(0.197433 0.00694775 0)
(0.196691 0.00611657 0)
(0.1959 0.00525421 0)
(0.195116 0.00437642 0)
(0.194386 0.00350058 0)
(0.19374 0.00264945 0)
(0.193193 0.00185241 0)
(0.192745 0.00114532 0)
(0.192385 0.000565185 0)
(0.192096 0.000132986 0)
(0.191861 -0.000149454 0)
(0.191703 -0.000309861 0)
(0.19162 -0.000379472 0)
(0.191597 -0.00038787 0)
(0.191617 -0.000359107 0)
(0.191662 -0.000310893 0)
(0.191719 -0.000255421 0)
(0.191777 -0.000200512 0)
(0.191826 -0.000150714 0)
(0.191864 -0.000108232 0)
(0.191888 -7.3693e-05 0)
(0.191899 -4.67405e-05 0)
(0.191898 -2.64739e-05 0)
(0.191887 -1.17271e-05 0)
(0.191867 -1.292e-06 0)
(0.191842 5.87381e-06 0)
(0.191814 1.05351e-05 0)
(0.191785 1.32854e-05 0)
(0.191755 1.46651e-05 0)
(0.191725 1.51323e-05 0)
(0.191697 1.50287e-05 0)
(0.191669 1.4589e-05 0)
(0.191643 1.39639e-05 0)
(0.191618 1.3245e-05 0)
(0.191595 1.2487e-05 0)
(0.191573 1.1722e-05 0)
(0.191553 1.09681e-05 0)
(0.191534 1.02359e-05 0)
(0.191516 9.53196e-06 0)
(0.191499 8.85988e-06 0)
(0.191484 8.22155e-06 0)
(0.191469 7.61782e-06 0)
(0.191456 7.04889e-06 0)
(0.191443 6.51434e-06 0)
(0.191432 6.01339e-06 0)
(0.191421 5.54498e-06 0)
(0.191411 5.1079e-06 0)
(0.191401 4.70078e-06 0)
(0.191393 4.32221e-06 0)
(0.191385 3.97069e-06 0)
(0.191377 3.64473e-06 0)
(0.191371 3.34286e-06 0)
(0.191364 3.06365e-06 0)
(0.191358 2.80567e-06 0)
(0.191353 2.56757e-06 0)
(0.191348 2.34803e-06 0)
(0.191344 2.14579e-06 0)
(0.191339 1.9597e-06 0)
(0.191335 1.7886e-06 0)
(0.191332 1.63143e-06 0)
(0.191329 1.48718e-06 0)
(0.191326 1.35489e-06 0)
(0.191323 1.23369e-06 0)
(0.19132 1.12273e-06 0)
(0.191318 1.02123e-06 0)
(0.191316 9.28474e-07 0)
(0.191314 8.43779e-07 0)
(0.191312 7.66517e-07 0)
(0.19131 6.96109e-07 0)
(0.191309 6.31992e-07 0)
(0.191308 5.7369e-07 0)
(0.191306 5.20698e-07 0)
(0.191305 4.72632e-07 0)
(0.191304 4.29054e-07 0)
(0.191303 3.8963e-07 0)
(0.191302 3.54011e-07 0)
(0.191302 3.21891e-07 0)
(0.191301 2.93001e-07 0)
(0.1913 2.67071e-07 0)
(0.1913 2.4388e-07 0)
(0.191299 2.23224e-07 0)
(0.191298 2.04916e-07 0)
(0.191298 1.88822e-07 0)
(0.191298 1.74809e-07 0)
(0.191297 1.62805e-07 0)
(0.191297 1.52801e-07 0)
(0.191297 1.44909e-07 0)
(0.191296 1.39538e-07 0)
(0.191296 1.37841e-07 0)
(0.191296 1.43531e-07 0)
(0.191295 1.61166e-07 0)
(0.195195 0.00754304 0)
(0.196302 0.00848845 0)
(0.1975 0.00902751 0)
(0.198621 0.0092713 0)
(0.199621 0.0092918 0)
(0.20049 0.00911725 0)
(0.201209 0.00877038 0)
(0.201761 0.00827903 0)
(0.202144 0.00767139 0)
(0.202372 0.00697246 0)
(0.202464 0.00620354 0)
(0.202444 0.00538334 0)
(0.202333 0.00453052 0)
(0.202151 0.00366717 0)
(0.20191 0.00282116 0)
(0.20162 0.0020262 0)
(0.20129 0.0013196 0)
(0.200933 0.000736781 0)
(0.200572 0.000298277 0)
(0.200222 -5.69309e-06 0)
(0.199908 -0.000193727 0)
(0.199643 -0.000292227 0)
(0.19943 -0.000326795 0)
(0.199264 -0.000319114 0)
(0.199137 -0.000286232 0)
(0.199039 -0.00024073 0)
(0.198964 -0.000191366 0)
(0.198904 -0.0001438 0)
(0.198852 -0.000101319 0)
(0.198807 -6.54743e-05 0)
(0.198764 -3.66185e-05 0)
(0.198721 -1.43396e-05 0)
(0.198679 2.192e-06 0)
(0.198637 1.39241e-05 0)
(0.198595 2.17426e-05 0)
(0.198554 2.64776e-05 0)
(0.198515 2.89278e-05 0)
(0.198477 2.97852e-05 0)
(0.19844 2.95948e-05 0)
(0.198406 2.87536e-05 0)
(0.198373 2.75351e-05 0)
(0.198342 2.61183e-05 0)
(0.198312 2.46153e-05 0)
(0.198285 2.30943e-05 0)
(0.198259 2.15962e-05 0)
(0.198235 2.01442e-05 0)
(0.198213 1.87514e-05 0)
(0.198192 1.74252e-05 0)
(0.198172 1.61689e-05 0)
(0.198154 1.49834e-05 0)
(0.198137 1.38682e-05 0)
(0.198121 1.2822e-05 0)
(0.198106 1.18426e-05 0)
(0.198092 1.09275e-05 0)
(0.19808 1.00739e-05 0)
(0.198068 9.27901e-06 0)
(0.198057 8.53976e-06 0)
(0.198047 7.85313e-06 0)
(0.198038 7.21615e-06 0)
(0.198029 6.62585e-06 0)
(0.198021 6.0794e-06 0)
(0.198013 5.57405e-06 0)
(0.198007 5.10713e-06 0)
(0.198 4.67613e-06 0)
(0.197994 4.27862e-06 0)
(0.197989 3.91231e-06 0)
(0.197984 3.57504e-06 0)
(0.19798 3.26478e-06 0)
(0.197975 2.97956e-06 0)
(0.197972 2.7176e-06 0)
(0.197968 2.47717e-06 0)
(0.197965 2.25669e-06 0)
(0.197962 2.05464e-06 0)
(0.197959 1.86964e-06 0)
(0.197957 1.70038e-06 0)
(0.197954 1.54566e-06 0)
(0.197952 1.40434e-06 0)
(0.19795 1.27538e-06 0)
(0.197949 1.15779e-06 0)
(0.197947 1.05069e-06 0)
(0.197945 9.53201e-07 0)
(0.197944 8.64595e-07 0)
(0.197943 7.84121e-07 0)
(0.197942 7.11144e-07 0)
(0.197941 6.4505e-07 0)
(0.19794 5.85279e-07 0)
(0.197939 5.3133e-07 0)
(0.197938 4.82723e-07 0)
(0.197938 4.3904e-07 0)
(0.197937 3.99901e-07 0)
(0.197936 3.64957e-07 0)
(0.197936 3.33928e-07 0)
(0.197935 3.0655e-07 0)
(0.197935 2.82639e-07 0)
(0.197934 2.6209e-07 0)
(0.197934 2.44943e-07 0)
(0.197934 2.31548e-07 0)
(0.197933 2.22931e-07 0)
(0.197933 2.21686e-07 0)
(0.197933 2.28598e-07 0)
(0.195812 0.00704488 0)
(0.196735 0.00787539 0)
(0.197785 0.00839197 0)
(0.198839 0.008653 0)
(0.199849 0.00871216 0)
(0.200795 0.00859463 0)
(0.201658 0.00831823 0)
(0.202416 0.00790412 0)
(0.203055 0.00737492 0)
(0.203571 0.00675172 0)
(0.203962 0.00605356 0)
(0.204232 0.00529858 0)
(0.204383 0.00450611 0)
(0.204418 0.00369904 0)
(0.20434 0.0029053 0)
(0.204156 0.00215716 0)
(0.203878 0.00148839 0)
(0.203529 0.000928969 0)
(0.203141 0.0004963 0)
(0.202747 0.000185513 0)
(0.20237 -1.94818e-05 0)
(0.202029 -0.00014015 0)
(0.20173 -0.000198144 0)
(0.201476 -0.000212592 0)
(0.201263 -0.00019916 0)
(0.201086 -0.000169888 0)
(0.20094 -0.000133527 0)
(0.200819 -9.60315e-05 0)
(0.200718 -6.11254e-05 0)
(0.200632 -3.08443e-05 0)
(0.200556 -6.0171e-06 0)
(0.20049 1.33287e-05 0)
(0.200429 2.76203e-05 0)
(0.200374 3.7496e-05 0)
(0.200323 4.37061e-05 0)
(0.200275 4.70433e-05 0)
(0.20023 4.82508e-05 0)
(0.200188 4.79616e-05 0)
(0.200148 4.66812e-05 0)
(0.20011 4.4788e-05 0)
(0.200075 4.25501e-05 0)
(0.200041 4.01477e-05 0)
(0.20001 3.76973e-05 0)
(0.199981 3.52713e-05 0)
(0.199953 3.29134e-05 0)
(0.199927 3.06488e-05 0)
(0.199903 2.8491e-05 0)
(0.199881 2.64466e-05 0)
(0.19986 2.45177e-05 0)
(0.19984 2.27035e-05 0)
(0.199822 2.10017e-05 0)
(0.199805 1.94087e-05 0)
(0.19979 1.79201e-05 0)
(0.199775 1.65315e-05 0)
(0.199762 1.5238e-05 0)
(0.199749 1.40345e-05 0)
(0.199737 1.29162e-05 0)
(0.199727 1.18782e-05 0)
(0.199717 1.09157e-05 0)
(0.199707 1.0024e-05 0)
(0.199699 9.19878e-06 0)
(0.199691 8.43569e-06 0)
(0.199684 7.73066e-06 0)
(0.199677 7.07984e-06 0)
(0.199671 6.47952e-06 0)
(0.199665 5.92624e-06 0)
(0.19966 5.41671e-06 0)
(0.199655 4.94785e-06 0)
(0.199651 4.51671e-06 0)
(0.199647 4.12058e-06 0)
(0.199643 3.75688e-06 0)
(0.199639 3.4232e-06 0)
(0.199636 3.1173e-06 0)
(0.199633 2.83707e-06 0)
(0.199631 2.58057e-06 0)
(0.199628 2.34597e-06 0)
(0.199626 2.13157e-06 0)
(0.199624 1.93581e-06 0)
(0.199622 1.75719e-06 0)
(0.19962 1.59438e-06 0)
(0.199619 1.44609e-06 0)
(0.199617 1.31119e-06 0)
(0.199616 1.18857e-06 0)
(0.199615 1.07726e-06 0)
(0.199614 9.76331e-07 0)
(0.199613 8.84944e-07 0)
(0.199612 8.02332e-07 0)
(0.199611 7.27772e-07 0)
(0.19961 6.60625e-07 0)
(0.19961 6.00306e-07 0)
(0.199609 5.46283e-07 0)
(0.199608 4.98102e-07 0)
(0.199608 4.5535e-07 0)
(0.199608 4.17706e-07 0)
(0.199607 3.84943e-07 0)
(0.199607 3.56983e-07 0)
(0.199606 3.34041e-07 0)
(0.199606 3.16829e-07 0)
(0.199606 3.068e-07 0)
(0.199605 3.02588e-07 0)
(0.196348 0.00661253 0)
(0.197121 0.00733092 0)
(0.198023 0.00780948 0)
(0.19896 0.00807045 0)
(0.199885 0.00814885 0)
(0.200776 0.008066 0)
(0.201611 0.00783731 0)
(0.202371 0.00748022 0)
(0.20304 0.00701386 0)
(0.203608 0.00645684 0)
(0.204067 0.00582672 0)
(0.204413 0.00514091 0)
(0.20464 0.00441827 0)
(0.204747 0.00368074 0)
(0.204731 0.00295409 0)
(0.2046 0.00226703 0)
(0.204366 0.00164845 0)
(0.204051 0.00112305 0)
(0.203687 0.000705237 0)
(0.203306 0.000393842 0)
(0.202933 0.000176764 0)
(0.202585 3.69829e-05 0)
(0.202271 -4.3322e-05 0)
(0.201997 -8.0419e-05 0)
(0.20176 -8.81309e-05 0)
(0.20156 -7.75493e-05 0)
(0.20139 -5.7021e-05 0)
(0.201248 -3.24956e-05 0)
(0.201128 -7.94123e-06 0)
(0.201026 1.42418e-05 0)
(0.200938 3.28122e-05 0)
(0.200861 4.73237e-05 0)
(0.200794 5.78419e-05 0)
(0.200733 6.47511e-05 0)
(0.200677 6.86055e-05 0)
(0.200626 7.00209e-05 0)
(0.200579 6.95975e-05 0)
(0.200535 6.7869e-05 0)
(0.200493 6.52762e-05 0)
(0.200454 6.21588e-05 0)
(0.200418 5.87642e-05 0)
(0.200384 5.52635e-05 0)
(0.200351 5.17699e-05 0)
(0.200321 4.83554e-05 0)
(0.200293 4.50635e-05 0)
(0.200267 4.19192e-05 0)
(0.200243 3.89352e-05 0)
(0.20022 3.61166e-05 0)
(0.200198 3.34637e-05 0)
(0.200179 3.09736e-05 0)
(0.20016 2.86415e-05 0)
(0.200143 2.64614e-05 0)
(0.200127 2.44267e-05 0)
(0.200112 2.25303e-05 0)
(0.200098 2.07651e-05 0)
(0.200086 1.91239e-05 0)
(0.200074 1.75995e-05 0)
(0.200063 1.61852e-05 0)
(0.200053 1.4874e-05 0)
(0.200043 1.36598e-05 0)
(0.200035 1.25361e-05 0)
(0.200027 1.14972e-05 0)
(0.200019 1.05373e-05 0)
(0.200012 9.65127e-06 0)
(0.200006 8.83397e-06 0)
(0.2 8.08065e-06 0)
(0.199995 7.38682e-06 0)
(0.19999 6.74828e-06 0)
(0.199986 6.16103e-06 0)
(0.199981 5.62137e-06 0)
(0.199978 5.12578e-06 0)
(0.199974 4.67101e-06 0)
(0.199971 4.25401e-06 0)
(0.199968 3.87191e-06 0)
(0.199965 3.52207e-06 0)
(0.199963 3.20201e-06 0)
(0.19996 2.90943e-06 0)
(0.199958 2.64218e-06 0)
(0.199956 2.39827e-06 0)
(0.199955 2.17586e-06 0)
(0.199953 1.97321e-06 0)
(0.199952 1.78877e-06 0)
(0.19995 1.62104e-06 0)
(0.199949 1.4687e-06 0)
(0.199948 1.33049e-06 0)
(0.199947 1.20526e-06 0)
(0.199946 1.09196e-06 0)
(0.199945 9.89615e-07 0)
(0.199945 8.97339e-07 0)
(0.199944 8.14332e-07 0)
(0.199943 7.39863e-07 0)
(0.199943 6.73294e-07 0)
(0.199942 6.1405e-07 0)
(0.199942 5.61655e-07 0)
(0.199941 5.15745e-07 0)
(0.199941 4.76104e-07 0)
(0.19994 4.42764e-07 0)
(0.19994 4.16085e-07 0)
(0.19994 3.96623e-07 0)
(0.199939 3.81947e-07 0)
(0.196815 0.00623379 0)
(0.197473 0.00685008 0)
(0.198246 0.00728246 0)
(0.199068 0.00753239 0)
(0.199897 0.00761976 0)
(0.200704 0.00756112 0)
(0.201471 0.00736971 0)
(0.202179 0.00706003 0)
(0.202812 0.00664836 0)
(0.203358 0.00615125 0)
(0.203809 0.00558496 0)
(0.204157 0.00496604 0)
(0.204396 0.00431242 0)
(0.204522 0.00364441 0)
(0.204534 0.00298507 0)
(0.204438 0.00235922 0)
(0.204245 0.00179121 0)
(0.203976 0.00130139 0)
(0.203657 0.000901965 0)
(0.203315 0.000593818 0)
(0.202973 0.000368823 0)
(0.202648 0.000213907 0)
(0.20235 0.000114752 0)
(0.202084 5.76042e-05 0)
(0.201851 3.03715e-05 0)
(0.20165 2.30481e-05 0)
(0.201479 2.78383e-05 0)
(0.201332 3.89728e-05 0)
(0.201207 5.24262e-05 0)
(0.201101 6.55835e-05 0)
(0.201009 7.69104e-05 0)
(0.200928 8.56571e-05 0)
(0.200857 9.16109e-05 0)
(0.200794 9.49017e-05 0)
(0.200737 9.58588e-05 0)
(0.200684 9.49102e-05 0)
(0.200636 9.25073e-05 0)
(0.200591 8.90714e-05 0)
(0.200549 8.49622e-05 0)
(0.200509 8.04656e-05 0)
(0.200473 7.57955e-05 0)
(0.200438 7.11035e-05 0)
(0.200406 6.64923e-05 0)
(0.200376 6.20276e-05 0)
(0.200347 5.77493e-05 0)
(0.200321 5.36797e-05 0)
(0.200297 4.98291e-05 0)
(0.200274 4.62e-05 0)
(0.200252 4.279e-05 0)
(0.200233 3.95937e-05 0)
(0.200214 3.66036e-05 0)
(0.200197 3.38109e-05 0)
(0.200181 3.12064e-05 0)
(0.200166 2.87805e-05 0)
(0.200152 2.65236e-05 0)
(0.20014 2.4426e-05 0)
(0.200128 2.24784e-05 0)
(0.200117 2.06719e-05 0)
(0.200107 1.89976e-05 0)
(0.200097 1.74471e-05 0)
(0.200089 1.60125e-05 0)
(0.200081 1.46862e-05 0)
(0.200073 1.3461e-05 0)
(0.200066 1.23299e-05 0)
(0.20006 1.12865e-05 0)
(0.200054 1.03249e-05 0)
(0.200049 9.43906e-06 0)
(0.200044 8.62378e-06 0)
(0.20004 7.87392e-06 0)
(0.200035 7.18475e-06 0)
(0.200032 6.55179e-06 0)
(0.200028 5.9709e-06 0)
(0.200025 5.43816e-06 0)
(0.200022 4.94995e-06 0)
(0.200019 4.50288e-06 0)
(0.200017 4.0938e-06 0)
(0.200014 3.71977e-06 0)
(0.200012 3.37807e-06 0)
(0.20001 3.06613e-06 0)
(0.200009 2.78163e-06 0)
(0.200007 2.52235e-06 0)
(0.200006 2.28629e-06 0)
(0.200004 2.07158e-06 0)
(0.200003 1.87649e-06 0)
(0.200002 1.69944e-06 0)
(0.200001 1.53894e-06 0)
(0.2 1.39367e-06 0)
(0.199999 1.26236e-06 0)
(0.199999 1.1439e-06 0)
(0.199998 1.03724e-06 0)
(0.199997 9.41458e-07 0)
(0.199997 8.55716e-07 0)
(0.199996 7.79269e-07 0)
(0.199996 7.11479e-07 0)
(0.199995 6.51833e-07 0)
(0.199995 5.99958e-07 0)
(0.199994 5.5569e-07 0)
(0.199994 5.19056e-07 0)
(0.199994 4.89968e-07 0)
(0.199993 4.65656e-07 0)
(0.197223 0.00589586 0)
(0.197789 0.00642186 0)
(0.198455 0.00680546 0)
(0.199175 0.00703794 0)
(0.19991 0.00712824 0)
(0.200635 0.0070878 0)
(0.20133 0.00692739 0)
(0.201975 0.00665896 0)
(0.202557 0.00629626 0)
(0.203064 0.00585391 0)
(0.203487 0.00534687 0)
(0.203817 0.00479062 0)
(0.204049 0.00420188 0)
(0.204179 0.00359918 0)
(0.204208 0.00300288 0)
(0.20414 0.00243432 0)
(0.203985 0.00191399 0)
(0.203761 0.00145884 0)
(0.203488 0.00107938 0)
(0.20319 0.000777689 0)
(0.202887 0.000548565 0)
(0.202594 0.000382316 0)
(0.20232 0.000267598 0)
(0.202072 0.000193039 0)
(0.201852 0.000148241 0)
(0.201658 0.00012436 0)
(0.201491 0.000114259 0)
(0.201346 0.000112469 0)
(0.201222 0.000115012 0)
(0.201114 0.00011915 0)
(0.201021 0.000123137 0)
(0.200939 0.000125971 0)
(0.200867 0.000127182 0)
(0.200802 0.000126662 0)
(0.200744 0.000124531 0)
(0.200691 0.000121042 0)
(0.200642 0.000116502 0)
(0.200596 0.000111222 0)
(0.200554 0.000105481 0)
(0.200514 9.95082e-05 0)
(0.200478 9.34826e-05 0)
(0.200443 8.75329e-05 0)
(0.200411 8.17478e-05 0)
(0.200381 7.61849e-05 0)
(0.200353 7.08784e-05 0)
(0.200327 6.58464e-05 0)
(0.200302 6.10958e-05 0)
(0.200279 5.6626e-05 0)
(0.200258 5.24316e-05 0)
(0.200238 4.8504e-05 0)
(0.20022 4.48327e-05 0)
(0.200203 4.14062e-05 0)
(0.200187 3.82123e-05 0)
(0.200172 3.52388e-05 0)
(0.200159 3.24734e-05 0)
(0.200146 2.9904e-05 0)
(0.200134 2.7519e-05 0)
(0.200123 2.53071e-05 0)
(0.200113 2.32575e-05 0)
(0.200104 2.13596e-05 0)
(0.200095 1.96038e-05 0)
(0.200087 1.79806e-05 0)
(0.20008 1.64811e-05 0)
(0.200073 1.50968e-05 0)
(0.200067 1.382e-05 0)
(0.200061 1.2643e-05 0)
(0.200056 1.15589e-05 0)
(0.200051 1.05611e-05 0)
(0.200046 9.64324e-06 0)
(0.200042 8.79963e-06 0)
(0.200038 8.02477e-06 0)
(0.200035 7.31358e-06 0)
(0.200032 6.6613e-06 0)
(0.200029 6.06348e-06 0)
(0.200026 5.51598e-06 0)
(0.200024 5.01496e-06 0)
(0.200021 4.5568e-06 0)
(0.200019 4.13818e-06 0)
(0.200017 3.75598e-06 0)
(0.200016 3.40734e-06 0)
(0.200014 3.08956e-06 0)
(0.200013 2.8002e-06 0)
(0.200011 2.53695e-06 0)
(0.20001 2.2977e-06 0)
(0.200009 2.08052e-06 0)
(0.200008 1.8836e-06 0)
(0.200007 1.70529e-06 0)
(0.200006 1.54407e-06 0)
(0.200006 1.39855e-06 0)
(0.200005 1.26746e-06 0)
(0.200004 1.14966e-06 0)
(0.200004 1.0441e-06 0)
(0.200003 9.49875e-07 0)
(0.200003 8.66165e-07 0)
(0.200002 7.92302e-07 0)
(0.200002 7.27748e-07 0)
(0.200002 6.72138e-07 0)
(0.200001 6.25202e-07 0)
(0.200001 5.86418e-07 0)
(0.200001 5.53098e-07 0)
(0.19758 0.00559013 0)
(0.198073 0.00603792 0)
(0.198649 0.00637393 0)
(0.199278 0.0065855 0)
(0.199929 0.00667435 0)
(0.200576 0.00664736 0)
(0.201201 0.00651276 0)
(0.201785 0.0062803 0)
(0.202316 0.00596151 0)
(0.202781 0.00556917 0)
(0.203171 0.00511679 0)
(0.20348 0.00461863 0)
(0.203701 0.00409002 0)
(0.203832 0.00354765 0)
(0.203873 0.00300941 0)
(0.203827 0.00249362 0)
(0.203706 0.00201759 0)
(0.203521 0.00159556 0)
(0.203292 0.0012367 0)
(0.203036 0.000943811 0)
(0.202771 0.000713842 0)
(0.20251 0.000539828 0)
(0.202262 0.000412931 0)
(0.202034 0.000323888 0)
(0.201828 0.000263916 0)
(0.201645 0.000225292 0)
(0.201484 0.000201584 0)
(0.201344 0.000187699 0)
(0.201222 0.000179793 0)
(0.201115 0.000175101 0)
(0.201022 0.000171743 0)
(0.20094 0.000168533 0)
(0.200867 0.000164799 0)
(0.200802 0.000160234 0)
(0.200742 0.000154779 0)
(0.200689 0.000148527 0)
(0.200639 0.000141652 0)
(0.200594 0.000134359 0)
(0.200551 0.000126846 0)
(0.200512 0.000119284 0)
(0.200475 0.000111812 0)
(0.200441 0.000104531 0)
(0.200409 9.75116e-05 0)
(0.200379 9.08004e-05 0)
(0.200351 8.44233e-05 0)
(0.200325 7.83923e-05 0)
(0.200301 7.27096e-05 0)
(0.200278 6.73704e-05 0)
(0.200257 6.23656e-05 0)
(0.200237 5.76831e-05 0)
(0.200219 5.33091e-05 0)
(0.200202 4.9229e-05 0)
(0.200186 4.54276e-05 0)
(0.200172 4.18897e-05 0)
(0.200158 3.86003e-05 0)
(0.200146 3.5545e-05 0)
(0.200134 3.27094e-05 0)
(0.200123 3.00799e-05 0)
(0.200113 2.76437e-05 0)
(0.200104 2.53881e-05 0)
(0.200095 2.33014e-05 0)
(0.200087 2.13724e-05 0)
(0.20008 1.95905e-05 0)
(0.200073 1.79456e-05 0)
(0.200067 1.64284e-05 0)
(0.200061 1.50298e-05 0)
(0.200056 1.37415e-05 0)
(0.200051 1.25556e-05 0)
(0.200047 1.14648e-05 0)
(0.200043 1.04622e-05 0)
(0.200039 9.54127e-06 0)
(0.200035 8.69594e-06 0)
(0.200032 7.92058e-06 0)
(0.200029 7.20991e-06 0)
(0.200027 6.55902e-06 0)
(0.200024 5.96333e-06 0)
(0.200022 5.41856e-06 0)
(0.20002 4.92076e-06 0)
(0.200018 4.46622e-06 0)
(0.200016 4.05154e-06 0)
(0.200015 3.67354e-06 0)
(0.200013 3.32929e-06 0)
(0.200012 3.01606e-06 0)
(0.200011 2.73136e-06 0)
(0.20001 2.47287e-06 0)
(0.200009 2.23844e-06 0)
(0.200008 2.02612e-06 0)
(0.200007 1.8341e-06 0)
(0.200006 1.66072e-06 0)
(0.200006 1.50448e-06 0)
(0.200005 1.36399e-06 0)
(0.200005 1.23803e-06 0)
(0.200004 1.12549e-06 0)
(0.200004 1.02537e-06 0)
(0.200003 9.36844e-07 0)
(0.200003 8.59205e-07 0)
(0.200002 7.91885e-07 0)
(0.200002 7.34362e-07 0)
(0.200002 6.8583e-07 0)
(0.200001 6.4387e-07 0)
(0.197893 0.00531083 0)
(0.198325 0.00569159 0)
(0.198826 0.00598319 0)
(0.199376 0.00617234 0)
(0.19995 0.00625652 0)
(0.200526 0.00623905 0)
(0.201085 0.00612583 0)
(0.201612 0.00592465 0)
(0.202093 0.0056451 0)
(0.202517 0.0052982 0)
(0.202876 0.00489595 0)
(0.203163 0.00445126 0)
(0.203373 0.00397798 0)
(0.203502 0.00349098 0)
(0.203552 0.00300592 0)
(0.203527 0.00253854 0)
(0.203434 0.0021035 0)
(0.203285 0.00171292 0)
(0.203093 0.00137488 0)
(0.202875 0.00109255 0)
(0.202645 0.000864456 0)
(0.202415 0.000685753 0)
(0.202192 0.000549705 0)
(0.201984 0.000448887 0)
(0.201794 0.000375999 0)
(0.201622 0.000324401 0)
(0.201469 0.000288396 0)
(0.201334 0.00026333 0)
(0.201215 0.000245566 0)
(0.20111 0.000232383 0)
(0.201018 0.000221837 0)
(0.200936 0.000212615 0)
(0.200863 0.000203887 0)
(0.200797 0.00019518 0)
(0.200738 0.000186277 0)
(0.200684 0.00017713 0)
(0.200635 0.000167791 0)
(0.200589 0.000158367 0)
(0.200547 0.000148977 0)
(0.200507 0.000139737 0)
(0.200471 0.000130742 0)
(0.200437 0.000122066 0)
(0.200405 0.000113759 0)
(0.200375 0.000105854 0)
(0.200347 9.83663e-05 0)
(0.200322 9.13016e-05 0)
(0.200298 8.46559e-05 0)
(0.200275 7.84197e-05 0)
(0.200254 7.25796e-05 0)
(0.200235 6.71195e-05 0)
(0.200217 6.20221e-05 0)
(0.2002 5.72693e-05 0)
(0.200184 5.28429e-05 0)
(0.20017 4.87245e-05 0)
(0.200157 4.48964e-05 0)
(0.200144 4.13413e-05 0)
(0.200133 3.80425e-05 0)
(0.200122 3.49839e-05 0)
(0.200112 3.21503e-05 0)
(0.200103 2.95271e-05 0)
(0.200094 2.71004e-05 0)
(0.200087 2.48572e-05 0)
(0.200079 2.27851e-05 0)
(0.200073 2.08724e-05 0)
(0.200067 1.91081e-05 0)
(0.200061 1.74818e-05 0)
(0.200056 1.59837e-05 0)
(0.200051 1.46047e-05 0)
(0.200046 1.33362e-05 0)
(0.200042 1.21703e-05 0)
(0.200039 1.10992e-05 0)
(0.200035 1.01161e-05 0)
(0.200032 9.21427e-06 0)
(0.200029 8.38767e-06 0)
(0.200027 7.63056e-06 0)
(0.200024 6.93761e-06 0)
(0.200022 6.30386e-06 0)
(0.20002 5.72471e-06 0)
(0.200018 5.19586e-06 0)
(0.200016 4.71335e-06 0)
(0.200015 4.27347e-06 0)
(0.200013 3.87283e-06 0)
(0.200012 3.50827e-06 0)
(0.200011 3.17686e-06 0)
(0.20001 2.87593e-06 0)
(0.200009 2.60297e-06 0)
(0.200008 2.35571e-06 0)
(0.200007 2.13205e-06 0)
(0.200006 1.93004e-06 0)
(0.200006 1.74795e-06 0)
(0.200005 1.58416e-06 0)
(0.200005 1.43723e-06 0)
(0.200004 1.30586e-06 0)
(0.200004 1.18887e-06 0)
(0.200003 1.08526e-06 0)
(0.200003 9.94156e-07 0)
(0.200002 9.14791e-07 0)
(0.200002 8.46429e-07 0)
(0.200002 7.88084e-07 0)
(0.200001 7.37656e-07 0)
(0.198168 0.00505399 0)
(0.198549 0.00537754 0)
(0.198987 0.00562883 0)
(0.199468 0.00579549 0)
(0.199973 0.0058729 0)
(0.200484 0.00586182 0)
(0.200983 0.00576621 0)
(0.201455 0.00559211 0)
(0.201889 0.0053474 0)
(0.202275 0.00504148 0)
(0.202604 0.00468487 0)
(0.202869 0.00428905 0)
(0.203067 0.00386637 0)
(0.203194 0.00342997 0)
(0.203252 0.00299348 0)
(0.203243 0.00257044 0)
(0.203174 0.00217335 0)
(0.203055 0.00181256 0)
(0.202897 0.00149524 0)
(0.202713 0.00122475 0)
(0.202514 0.00100073 0)
(0.202312 0.000819984 0)
(0.202114 0.000677502 0)
(0.201925 0.000567446 0)
(0.20175 0.000483843 0)
(0.20159 0.000421075 0)
(0.201446 0.00037417 0)
(0.201317 0.000338944 0)
(0.201202 0.000312021 0)
(0.2011 0.000290784 0)
(0.20101 0.000273287 0)
(0.200929 0.000258141 0)
(0.200856 0.000244404 0)
(0.200791 0.000231477 0)
(0.200732 0.000219013 0)
(0.200678 0.000206843 0)
(0.200628 0.000194913 0)
(0.200583 0.000183238 0)
(0.200541 0.000171866 0)
(0.200502 0.000160855 0)
(0.200465 0.00015026 0)
(0.200431 0.000140123 0)
(0.2004 0.000130474 0)
(0.200371 0.000121328 0)
(0.200343 0.000112691 0)
(0.200318 0.000104558 0)
(0.200294 9.69189e-05 0)
(0.200272 8.97588e-05 0)
(0.200251 8.30592e-05 0)
(0.200232 7.67997e-05 0)
(0.200214 7.09591e-05 0)
(0.200198 6.55156e-05 0)
(0.200182 6.04475e-05 0)
(0.200168 5.57333e-05 0)
(0.200155 5.13525e-05 0)
(0.200142 4.72847e-05 0)
(0.200131 4.35106e-05 0)
(0.20012 4.00119e-05 0)
(0.200111 3.67707e-05 0)
(0.200102 3.37705e-05 0)
(0.200093 3.09952e-05 0)
(0.200085 2.84298e-05 0)
(0.200078 2.60602e-05 0)
(0.200072 2.38729e-05 0)
(0.200066 2.18552e-05 0)
(0.20006 1.99954e-05 0)
(0.200055 1.82823e-05 0)
(0.20005 1.67053e-05 0)
(0.200046 1.52547e-05 0)
(0.200042 1.39212e-05 0)
(0.200038 1.26963e-05 0)
(0.200035 1.15719e-05 0)
(0.200032 1.05404e-05 0)
(0.200029 9.595e-06 0)
(0.200026 8.72899e-06 0)
(0.200024 7.93635e-06 0)
(0.200022 7.21139e-06 0)
(0.20002 6.54885e-06 0)
(0.200018 5.94381e-06 0)
(0.200016 5.39176e-06 0)
(0.200015 4.88846e-06 0)
(0.200013 4.43002e-06 0)
(0.200012 4.01283e-06 0)
(0.200011 3.63355e-06 0)
(0.20001 3.28911e-06 0)
(0.200009 2.97665e-06 0)
(0.200008 2.69357e-06 0)
(0.200007 2.43746e-06 0)
(0.200006 2.20612e-06 0)
(0.200006 1.99752e-06 0)
(0.200005 1.80984e-06 0)
(0.200005 1.64141e-06 0)
(0.200004 1.49072e-06 0)
(0.200004 1.35643e-06 0)
(0.200003 1.23734e-06 0)
(0.200003 1.13241e-06 0)
(0.200002 1.04069e-06 0)
(0.200002 9.61265e-07 0)
(0.200002 8.93025e-07 0)
(0.200001 8.34169e-07 0)
(0.19841 0.00481677 0)
(0.198746 0.00509158 0)
(0.19913 0.00530694 0)
(0.199551 0.00545206 0)
(0.199996 0.0055215 0)
(0.200447 0.00551441 0)
(0.200891 0.00543318 0)
(0.201313 0.00528239 0)
(0.201704 0.00506843 0)
(0.202053 0.00479921 0)
(0.202352 0.00448385 0)
(0.202597 0.0041324 0)
(0.202783 0.00375574 0)
(0.202907 0.0033654 0)
(0.20297 0.00297319 0)
(0.202975 0.00259073 0)
(0.202927 0.00222872 0)
(0.202833 0.00189607 0)
(0.202704 0.00159916 0)
(0.20255 0.00134139 0)
(0.20238 0.00112321 0)
(0.202204 0.00094265 0)
(0.202028 0.00079612 0)
(0.201859 0.000679122 0)
(0.201699 0.000586855 0)
(0.201551 0.000514642 0)
(0.201416 0.000458215 0)
(0.201294 0.000413872 0)
(0.201184 0.000378538 0)
(0.201085 0.000349751 0)
(0.200997 0.000325611 0)
(0.200918 0.000304704 0)
(0.200846 0.000286018 0)
(0.200782 0.00026886 0)
(0.200723 0.000252779 0)
(0.20067 0.000237507 0)
(0.200621 0.000222895 0)
(0.200575 0.000208878 0)
(0.200534 0.000195439 0)
(0.200495 0.000182582 0)
(0.200459 0.00017032 0)
(0.200425 0.000158665 0)
(0.200394 0.000147624 0)
(0.200365 0.000137195 0)
(0.200338 0.00012737 0)
(0.200313 0.000118137 0)
(0.200289 0.000109477 0)
(0.200268 0.000101368 0)
(0.200247 9.3786e-05 0)
(0.200228 8.67067e-05 0)
(0.200211 8.01042e-05 0)
(0.200195 7.3953e-05 0)
(0.200179 6.82276e-05 0)
(0.200165 6.29035e-05 0)
(0.200152 5.79567e-05 0)
(0.20014 5.33642e-05 0)
(0.200129 4.91038e-05 0)
(0.200118 4.51546e-05 0)
(0.200109 4.14965e-05 0)
(0.2001 3.81105e-05 0)
(0.200092 3.49786e-05 0)
(0.200084 3.20836e-05 0)
(0.200077 2.94096e-05 0)
(0.200071 2.69414e-05 0)
(0.200065 2.46647e-05 0)
(0.200059 2.25661e-05 0)
(0.200054 2.0633e-05 0)
(0.200049 1.88535e-05 0)
(0.200045 1.72166e-05 0)
(0.200041 1.57118e-05 0)
(0.200038 1.43295e-05 0)
(0.200034 1.30606e-05 0)
(0.200031 1.18967e-05 0)
(0.200028 1.08297e-05 0)
(0.200026 9.85231e-06 0)
(0.200023 8.95771e-06 0)
(0.200021 8.13946e-06 0)
(0.200019 7.39164e-06 0)
(0.200017 6.70871e-06 0)
(0.200016 6.08554e-06 0)
(0.200014 5.51737e-06 0)
(0.200013 4.99982e-06 0)
(0.200012 4.52881e-06 0)
(0.200011 4.10058e-06 0)
(0.20001 3.71164e-06 0)
(0.200009 3.35879e-06 0)
(0.200008 3.03908e-06 0)
(0.200007 2.74979e-06 0)
(0.200006 2.48843e-06 0)
(0.200006 2.25273e-06 0)
(0.200005 2.04061e-06 0)
(0.200004 1.85018e-06 0)
(0.200004 1.67973e-06 0)
(0.200004 1.52772e-06 0)
(0.200003 1.39279e-06 0)
(0.200003 1.27371e-06 0)
(0.200002 1.16937e-06 0)
(0.200002 1.07868e-06 0)
(0.200002 1.00045e-06 0)
(0.200001 9.33129e-07 0)
(0.198622 0.00459714 0)
(0.198921 0.00483042 0)
(0.199258 0.00501417 0)
(0.199627 0.00513927 0)
(0.200017 0.00520025 0)
(0.200416 0.00519536 0)
(0.200809 0.00512581 0)
(0.201185 0.00499498 0)
(0.201535 0.004808 0)
(0.201849 0.00457145 0)
(0.202122 0.0042931 0)
(0.202346 0.00398169 0)
(0.20252 0.00364669 0)
(0.20264 0.0032981 0)
(0.202707 0.00294613 0)
(0.202723 0.00260076 0)
(0.202692 0.00227114 0)
(0.20262 0.00196498 0)
(0.202516 0.00168799 0)
(0.202388 0.0014435 0)
(0.202243 0.0012325 0)
(0.202091 0.00105398 0)
(0.201937 0.000905463 0)
(0.201786 0.000783581 0)
(0.201641 0.000684548 0)
(0.201505 0.000604538 0)
(0.20138 0.000539949 0)
(0.201265 0.000487562 0)
(0.20116 0.000444621 0)
(0.201066 0.000408854 0)
(0.20098 0.000378451 0)
(0.200903 0.000352014 0)
(0.200833 0.000328496 0)
(0.20077 0.000307143 0)
(0.200712 0.00028743 0)
(0.200659 0.000269005 0)
(0.200611 0.000251645 0)
(0.200566 0.000235215 0)
(0.200525 0.000219636 0)
(0.200487 0.000204866 0)
(0.200451 0.000190877 0)
(0.200418 0.000177651 0)
(0.200387 0.000165172 0)
(0.200359 0.00015342 0)
(0.200332 0.000142375 0)
(0.200307 0.000132012 0)
(0.200284 0.000122303 0)
(0.200263 0.000113222 0)
(0.200243 0.000104737 0)
(0.200224 9.68192e-05 0)
(0.200207 8.94378e-05 0)
(0.200191 8.25633e-05 0)
(0.200176 7.61666e-05 0)
(0.200162 7.02195e-05 0)
(0.200149 6.46948e-05 0)
(0.200138 5.95666e-05 0)
(0.200127 5.48098e-05 0)
(0.200116 5.04009e-05 0)
(0.200107 4.63173e-05 0)
(0.200098 4.25377e-05 0)
(0.20009 3.90418e-05 0)
(0.200083 3.58106e-05 0)
(0.200076 3.28261e-05 0)
(0.200069 3.00714e-05 0)
(0.200063 2.75304e-05 0)
(0.200058 2.51882e-05 0)
(0.200053 2.30306e-05 0)
(0.200049 2.10446e-05 0)
(0.200044 1.92176e-05 0)
(0.20004 1.75381e-05 0)
(0.200037 1.59953e-05 0)
(0.200034 1.45791e-05 0)
(0.200031 1.32799e-05 0)
(0.200028 1.20889e-05 0)
(0.200025 1.0998e-05 0)
(0.200023 9.99941e-06 0)
(0.200021 9.08603e-06 0)
(0.200019 8.25123e-06 0)
(0.200017 7.48883e-06 0)
(0.200016 6.79313e-06 0)
(0.200014 6.15881e-06 0)
(0.200013 5.58098e-06 0)
(0.200012 5.05507e-06 0)
(0.20001 4.5769e-06 0)
(0.200009 4.14258e-06 0)
(0.200008 3.74853e-06 0)
(0.200008 3.39145e-06 0)
(0.200007 3.06832e-06 0)
(0.200006 2.77635e-06 0)
(0.200005 2.513e-06 0)
(0.200005 2.27595e-06 0)
(0.200004 2.06307e-06 0)
(0.200004 1.87246e-06 0)
(0.200003 1.70238e-06 0)
(0.200003 1.55128e-06 0)
(0.200003 1.41776e-06 0)
(0.200002 1.30055e-06 0)
(0.200002 1.19841e-06 0)
(0.200002 1.11009e-06 0)
(0.200001 1.03424e-06 0)
(0.198809 0.00439357 0)
(0.199074 0.00459146 0)
(0.199371 0.00474763 0)
(0.199694 0.00485453 0)
(0.200037 0.00490708 0)
(0.200387 0.00490311 0)
(0.200735 0.00484302 0)
(0.201069 0.00472922 0)
(0.201381 0.00456577 0)
(0.201663 0.00435811 0)
(0.20191 0.0041128 0)
(0.202116 0.00383731 0)
(0.202277 0.00353981 0)
(0.202392 0.00322892 0)
(0.202461 0.00291342 0)
(0.202486 0.00260185 0)
(0.202469 0.00230208 0)
(0.202416 0.00202079 0)
(0.202333 0.00176306 0)
(0.202227 0.00153211 0)
(0.202106 0.00132931 0)
(0.201975 0.00115432 0)
(0.201841 0.00100557 0)
(0.201707 0.000880619 0)
(0.201577 0.000776545 0)
(0.201453 0.000690282 0)
(0.201337 0.000618842 0)
(0.20123 0.000559473 0)
(0.201131 0.000509751 0)
(0.201041 0.000467618 0)
(0.200959 0.000431384 0)
(0.200885 0.000399701 0)
(0.200817 0.000371524 0)
(0.200755 0.000346066 0)
(0.200698 0.000322748 0)
(0.200647 0.000301161 0)
(0.200599 0.000281019 0)
(0.200555 0.000262128 0)
(0.200514 0.00024436 0)
(0.200477 0.000227625 0)
(0.200442 0.000211861 0)
(0.20041 0.000197022 0)
(0.200379 0.000183066 0)
(0.200351 0.000169958 0)
(0.200325 0.000157662 0)
(0.200301 0.000146143 0)
(0.200278 0.000135363 0)
(0.200257 0.000125289 0)
(0.200238 0.000115883 0)
(0.20022 0.00010711 0)
(0.200203 9.89346e-05 0)
(0.200187 9.13233e-05 0)
(0.200172 8.42428e-05 0)
(0.200159 7.76614e-05 0)
(0.200146 7.15485e-05 0)
(0.200135 6.58751e-05 0)
(0.200124 6.06132e-05 0)
(0.200114 5.57366e-05 0)
(0.200105 5.12201e-05 0)
(0.200096 4.704e-05 0)
(0.200088 4.31739e-05 0)
(0.200081 3.96007e-05 0)
(0.200074 3.63004e-05 0)
(0.200068 3.32542e-05 0)
(0.200062 3.04444e-05 0)
(0.200057 2.78544e-05 0)
(0.200052 2.54687e-05 0)
(0.200047 2.32725e-05 0)
(0.200043 2.12523e-05 0)
(0.20004 1.93952e-05 0)
(0.200036 1.76892e-05 0)
(0.200033 1.61231e-05 0)
(0.20003 1.46864e-05 0)
(0.200027 1.33694e-05 0)
(0.200025 1.2163e-05 0)
(0.200023 1.10586e-05 0)
(0.20002 1.00485e-05 0)
(0.200019 9.12525e-06 0)
(0.200017 8.28206e-06 0)
(0.200015 7.5126e-06 0)
(0.200014 6.81102e-06 0)
(0.200012 6.17188e-06 0)
(0.200011 5.59017e-06 0)
(0.20001 5.06122e-06 0)
(0.200009 4.58075e-06 0)
(0.200008 4.14481e-06 0)
(0.200007 3.74974e-06 0)
(0.200007 3.3922e-06 0)
(0.200006 3.0691e-06 0)
(0.200005 2.77763e-06 0)
(0.200005 2.51522e-06 0)
(0.200004 2.27951e-06 0)
(0.200004 2.06839e-06 0)
(0.200003 1.87992e-06 0)
(0.200003 1.71238e-06 0)
(0.200003 1.56417e-06 0)
(0.200002 1.43388e-06 0)
(0.200002 1.32015e-06 0)
(0.200002 1.22165e-06 0)
(0.200001 1.13717e-06 0)
(0.198973 0.00420488 0)
(0.199209 0.00437261 0)
(0.19947 0.00450487 0)
(0.199753 0.0045955 0)
(0.200054 0.00463999 0)
(0.200361 0.00463606 0)
(0.200668 0.0045836 0)
(0.200963 0.00448428 0)
(0.201241 0.00434128 0)
(0.201494 0.00415902 0)
(0.201716 0.003943 0)
(0.201904 0.00369955 0)
(0.202053 0.00343564 0)
(0.202163 0.00315866 0)
(0.202232 0.0028761 0)
(0.202263 0.00259527 0)
(0.202258 0.00232293 0)
(0.20222 0.00206487 0)
(0.202156 0.00182563 0)
(0.20207 0.00160827 0)
(0.201968 0.00141436 0)
(0.201857 0.0012441 0)
(0.20174 0.00109659 0)
(0.201622 0.000970145 0)
(0.201506 0.000862578 0)
(0.201394 0.000771489 0)
(0.201288 0.000694445 0)
(0.201189 0.000629137 0)
(0.201097 0.000573469 0)
(0.201012 0.000525614 0)
(0.200934 0.000484025 0)
(0.200862 0.000447431 0)
(0.200797 0.000414815 0)
(0.200737 0.000385383 0)
(0.200682 0.000358531 0)
(0.200632 0.000333805 0)
(0.200585 0.000310876 0)
(0.200542 0.000289502 0)
(0.200502 0.00026951 0)
(0.200466 0.000250774 0)
(0.200431 0.0002332 0)
(0.2004 0.000216712 0)
(0.20037 0.000201249 0)
(0.200343 0.000186756 0)
(0.200317 0.000173185 0)
(0.200294 0.000160486 0)
(0.200272 0.000148617 0)
(0.200251 0.000137532 0)
(0.200232 0.000127189 0)
(0.200214 0.000117547 0)
(0.200198 0.000108565 0)
(0.200182 0.000100206 0)
(0.200168 9.24315e-05 0)
(0.200155 8.52064e-05 0)
(0.200143 7.84967e-05 0)
(0.200131 7.22702e-05 0)
(0.200121 6.6496e-05 0)
(0.200111 6.1145e-05 0)
(0.200102 5.61895e-05 0)
(0.200094 5.16035e-05 0)
(0.200086 4.73621e-05 0)
(0.200079 4.34421e-05 0)
(0.200072 3.98216e-05 0)
(0.200066 3.648e-05 0)
(0.200061 3.33977e-05 0)
(0.200055 3.05566e-05 0)
(0.200051 2.79395e-05 0)
(0.200046 2.55305e-05 0)
(0.200042 2.33144e-05 0)
(0.200039 2.12772e-05 0)
(0.200035 1.94058e-05 0)
(0.200032 1.76878e-05 0)
(0.200029 1.61118e-05 0)
(0.200027 1.4667e-05 0)
(0.200024 1.33435e-05 0)
(0.200022 1.2132e-05 0)
(0.20002 1.10239e-05 0)
(0.200018 1.0011e-05 0)
(0.200016 9.08591e-06 0)
(0.200015 8.24172e-06 0)
(0.200013 7.47197e-06 0)
(0.200012 6.77071e-06 0)
(0.200011 6.13243e-06 0)
(0.20001 5.55202e-06 0)
(0.200009 5.02479e-06 0)
(0.200008 4.54639e-06 0)
(0.200007 4.11282e-06 0)
(0.200007 3.7204e-06 0)
(0.200006 3.36575e-06 0)
(0.200005 3.04578e-06 0)
(0.200005 2.75766e-06 0)
(0.200004 2.49882e-06 0)
(0.200004 2.26691e-06 0)
(0.200003 2.0598e-06 0)
(0.200003 1.87558e-06 0)
(0.200003 1.71249e-06 0)
(0.200002 1.56897e-06 0)
(0.200002 1.44352e-06 0)
(0.200002 1.33475e-06 0)
(0.200001 1.24155e-06 0)
(0.199118 0.00403014 0)
(0.199327 0.00417214 0)
(0.199556 0.00428377 0)
(0.199805 0.00436005 0)
(0.200068 0.00439707 0)
(0.200337 0.00439264 0)
(0.200606 0.00434635 0)
(0.200867 0.00425932 0)
(0.201113 0.004134 0)
(0.201339 0.00397398 0)
(0.201539 0.00378379 0)
(0.201709 0.00356877 0)
(0.201846 0.0033348 0)
(0.20195 0.00308817 0)
(0.202019 0.00283525 0)
(0.202054 0.00258229 0)
(0.202058 0.00233506 0)
(0.202033 0.00209861 0)
(0.201984 0.00187697 0)
(0.201915 0.00167302 0)
(0.201832 0.00148844 0)
(0.201737 0.00132379 0)
(0.201637 0.00117871 0)
(0.201534 0.0010521 0)
(0.201431 0.000942399 0)
(0.20133 0.000847775 0)
(0.201234 0.000766291 0)
(0.201143 0.000696047 0)
(0.201057 0.000635266 0)
(0.200978 0.000582353 0)
(0.200904 0.000535919 0)
(0.200836 0.000494792 0)
(0.200773 0.000458006 0)
(0.200716 0.000424783 0)
(0.200663 0.00039451 0)
(0.200614 0.000366711 0)
(0.200569 0.000341023 0)
(0.200527 0.000317172 0)
(0.200488 0.000294949 0)
(0.200453 0.000274197 0)
(0.200419 0.000254791 0)
(0.200389 0.000236633 0)
(0.20036 0.000219641 0)
(0.200333 0.000203745 0)
(0.200308 0.000188879 0)
(0.200285 0.000174986 0)
(0.200264 0.000162012 0)
(0.200244 0.000149903 0)
(0.200225 0.000138612 0)
(0.200208 0.000128091 0)
(0.200192 0.000118293 0)
(0.200177 0.000109177 0)
(0.200163 0.000100701 0)
(0.200151 9.28255e-05 0)
(0.200139 8.55128e-05 0)
(0.200128 7.87274e-05 0)
(0.200117 7.24357e-05 0)
(0.200108 6.66055e-05 0)
(0.200099 6.12066e-05 0)
(0.200091 5.62105e-05 0)
(0.200084 5.15901e-05 0)
(0.200077 4.732e-05 0)
(0.20007 4.33762e-05 0)
(0.200064 3.97362e-05 0)
(0.200059 3.63788e-05 0)
(0.200054 3.32842e-05 0)
(0.200049 3.04336e-05 0)
(0.200045 2.78096e-05 0)
(0.200041 2.53958e-05 0)
(0.200037 2.31769e-05 0)
(0.200034 2.11384e-05 0)
(0.200031 1.92671e-05 0)
(0.200028 1.75505e-05 0)
(0.200026 1.59767e-05 0)
(0.200023 1.45351e-05 0)
(0.200021 1.32155e-05 0)
(0.200019 1.20083e-05 0)
(0.200018 1.0905e-05 0)
(0.200016 9.89726e-06 0)
(0.200014 8.97762e-06 0)
(0.200013 8.13907e-06 0)
(0.200012 7.37511e-06 0)
(0.200011 6.67973e-06 0)
(0.20001 6.04739e-06 0)
(0.200009 5.47296e-06 0)
(0.200008 4.9517e-06 0)
(0.200007 4.47927e-06 0)
(0.200006 4.05164e-06 0)
(0.200006 3.66515e-06 0)
(0.200005 3.31641e-06 0)
(0.200005 3.00235e-06 0)
(0.200004 2.72014e-06 0)
(0.200004 2.46724e-06 0)
(0.200003 2.24131e-06 0)
(0.200003 2.04025e-06 0)
(0.200002 1.86215e-06 0)
(0.200002 1.70528e-06 0)
(0.200002 1.56803e-06 0)
(0.200002 1.44893e-06 0)
(0.200001 1.34694e-06 0)
(0.199245 0.00386861 0)
(0.19943 0.00398865 0)
(0.199632 0.00408254 0)
(0.199849 0.00414624 0)
(0.200079 0.00417646 0)
(0.200315 0.00417121 0)
(0.200551 0.00412989 0)
(0.20078 0.00405325 0)
(0.200997 0.00394317 0)
(0.201197 0.0038025 0)
(0.201376 0.003635 0)
(0.20153 0.00344508 0)
(0.201656 0.0032377 0)
(0.201753 0.00301814 0)
(0.20182 0.00279182 0)
(0.201858 0.00256405 0)
(0.201869 0.00233977 0)
(0.201855 0.00212335 0)
(0.201819 0.00191837 0)
(0.201764 0.00172751 0)
(0.201696 0.00155249 0)
(0.201617 0.00139411 0)
(0.201531 0.0012524 0)
(0.201442 0.00112675 0)
(0.201351 0.00101609 0)
(0.201262 0.000919074 0)
(0.201175 0.000834207 0)
(0.201092 0.000759959 0)
(0.201013 0.000694854 0)
(0.200939 0.000637529 0)
(0.20087 0.000586761 0)
(0.200806 0.000541493 0)
(0.200746 0.000500826 0)
(0.200691 0.000464017 0)
(0.20064 0.000430462 0)
(0.200593 0.000399679 0)
(0.20055 0.000371286 0)
(0.20051 0.000344984 0)
(0.200472 0.00032054 0)
(0.200438 0.00029777 0)
(0.200406 0.000276526 0)
(0.200376 0.000256688 0)
(0.200348 0.000238156 0)
(0.200322 0.000220843 0)
(0.200298 0.000204673 0)
(0.200276 0.000189576 0)
(0.200255 0.000175488 0)
(0.200236 0.000162348 0)
(0.200218 0.000150102 0)
(0.200201 0.000138694 0)
(0.200186 0.000128076 0)
(0.200171 0.000118198 0)
(0.200158 0.000109016 0)
(0.200145 0.000100486 0)
(0.200134 9.25663e-05 0)
(0.200123 8.52189e-05 0)
(0.200113 7.84066e-05 0)
(0.200104 7.20945e-05 0)
(0.200096 6.62498e-05 0)
(0.200088 6.08414e-05 0)
(0.200081 5.58399e-05 0)
(0.200074 5.12178e-05 0)
(0.200068 4.6949e-05 0)
(0.200062 4.30091e-05 0)
(0.200057 3.93752e-05 0)
(0.200052 3.60257e-05 0)
(0.200048 3.29404e-05 0)
(0.200043 3.01003e-05 0)
(0.20004 2.74878e-05 0)
(0.200036 2.50861e-05 0)
(0.200033 2.28798e-05 0)
(0.20003 2.08545e-05 0)
(0.200027 1.89964e-05 0)
(0.200025 1.72931e-05 0)
(0.200023 1.57327e-05 0)
(0.200021 1.43043e-05 0)
(0.200019 1.29978e-05 0)
(0.200017 1.18035e-05 0)
(0.200015 1.07127e-05 0)
(0.200014 9.71723e-06 0)
(0.200013 8.80953e-06 0)
(0.200011 7.98255e-06 0)
(0.20001 7.22979e-06 0)
(0.200009 6.54525e-06 0)
(0.200008 5.92338e-06 0)
(0.200008 5.35905e-06 0)
(0.200007 4.84755e-06 0)
(0.200006 4.38454e-06 0)
(0.200005 3.96604e-06 0)
(0.200005 3.58838e-06 0)
(0.200004 3.24824e-06 0)
(0.200004 2.94255e-06 0)
(0.200003 2.66855e-06 0)
(0.200003 2.4237e-06 0)
(0.200003 2.20571e-06 0)
(0.200002 2.01252e-06 0)
(0.200002 1.84224e-06 0)
(0.200002 1.69316e-06 0)
(0.200002 1.56371e-06 0)
(0.200001 1.45287e-06 0)
(0.199356 0.00371969 0)
(0.19952 0.00382106 0)
(0.199697 0.00389978 0)
(0.199887 0.00395261 0)
(0.200087 0.0039768 0)
(0.200293 0.00397057 0)
(0.200499 0.0039333 0)
(0.2007 0.00386544 0)
(0.200891 0.0037684 0)
(0.201068 0.00364449 0)
(0.201228 0.00349674 0)
(0.201366 0.00332881 0)
(0.201481 0.00314484 0)
(0.201571 0.00294926 0)
(0.201635 0.00274663 0)
(0.201675 0.00254146 0)
(0.201691 0.00233798 0)
(0.201685 0.00213996 0)
(0.201659 0.0019506 0)
(0.201617 0.00177233 0)
(0.201562 0.00160688 0)
(0.201496 0.0014552 0)
(0.201424 0.00131759 0)
(0.201347 0.00119382 0)
(0.201268 0.00108323 0)
(0.201189 0.000984865 0)
(0.201111 0.000897612 0)
(0.201036 0.00082027 0)
(0.200964 0.00075164 0)
(0.200895 0.000690579 0)
(0.200831 0.000636035 0)
(0.200771 0.000587069 0)
(0.200715 0.000542865 0)
(0.200663 0.000502729 0)
(0.200615 0.000466083 0)
(0.20057 0.000432449 0)
(0.200529 0.000401443 0)
(0.20049 0.000372751 0)
(0.200454 0.000346123 0)
(0.200421 0.000321356 0)
(0.20039 0.000298285 0)
(0.200361 0.000276771 0)
(0.200335 0.0002567 0)
(0.20031 0.00023797 0)
(0.200287 0.000220493 0)
(0.200265 0.000204188 0)
(0.200245 0.000188982 0)
(0.200227 0.000174809 0)
(0.20021 0.000161604 0)
(0.200193 0.000149309 0)
(0.200179 0.000137867 0)
(0.200165 0.000127227 0)
(0.200152 0.000117337 0)
(0.20014 0.000108151 0)
(0.200129 9.96238e-05 0)
(0.200119 9.17135e-05 0)
(0.200109 8.438e-05 0)
(0.2001 7.75856e-05 0)
(0.200092 7.12946e-05 0)
(0.200085 6.54735e-05 0)
(0.200078 6.00906e-05 0)
(0.200071 5.51162e-05 0)
(0.200065 5.05223e-05 0)
(0.20006 4.62823e-05 0)
(0.200055 4.23718e-05 0)
(0.20005 3.87673e-05 0)
(0.200046 3.54472e-05 0)
(0.200042 3.2391e-05 0)
(0.200038 2.95797e-05 0)
(0.200035 2.69953e-05 0)
(0.200032 2.46212e-05 0)
(0.200029 2.24417e-05 0)
(0.200026 2.04422e-05 0)
(0.200024 1.86093e-05 0)
(0.200022 1.69302e-05 0)
(0.20002 1.53931e-05 0)
(0.200018 1.3987e-05 0)
(0.200016 1.27018e-05 0)
(0.200015 1.1528e-05 0)
(0.200013 1.04567e-05 0)
(0.200012 9.47987e-06 0)
(0.200011 8.58988e-06 0)
(0.20001 7.77975e-06 0)
(0.200009 7.04302e-06 0)
(0.200008 6.37371e-06 0)
(0.200007 5.76631e-06 0)
(0.200007 5.21576e-06 0)
(0.200006 4.71737e-06 0)
(0.200005 4.26685e-06 0)
(0.200005 3.86028e-06 0)
(0.200004 3.49406e-06 0)
(0.200004 3.16489e-06 0)
(0.200003 2.86977e-06 0)
(0.200003 2.606e-06 0)
(0.200003 2.3711e-06 0)
(0.200002 2.16282e-06 0)
(0.200002 1.97915e-06 0)
(0.200002 1.81826e-06 0)
(0.200002 1.67848e-06 0)
(0.200001 1.55874e-06 0)
(0.199454 0.00358245 0)
(0.199598 0.00366784 0)
(0.199753 0.00373355 0)
(0.199918 0.00377698 0)
(0.200092 0.00379588 0)
(0.200272 0.00378868 0)
(0.200451 0.00375477 0)
(0.200627 0.00369442 0)
(0.200794 0.00360867 0)
(0.20095 0.00349936 0)
(0.201091 0.00336891 0)
(0.201215 0.00322035 0)
(0.201319 0.00305707 0)
(0.201402 0.00288279 0)
(0.201463 0.00270133 0)
(0.201503 0.00251649 0)
(0.201522 0.00233187 0)
(0.201523 0.00215075 0)
(0.201506 0.00197593 0)
(0.201474 0.00180965 0)
(0.20143 0.00165357 0)
(0.201376 0.00150874 0)
(0.201315 0.00137567 0)
(0.201249 0.0012544 0)
(0.201181 0.00114461 0)
(0.201112 0.00104567 0)
(0.201043 0.000956797 0)
(0.200975 0.000877081 0)
(0.20091 0.000805576 0)
(0.200848 0.000741347 0)
(0.200789 0.000683506 0)
(0.200733 0.000631238 0)
(0.200681 0.000583816 0)
(0.200632 0.000540605 0)
(0.200587 0.000501061 0)
(0.200544 0.000464724 0)
(0.200505 0.000431213 0)
(0.200468 0.000400211 0)
(0.200434 0.000371458 0)
(0.200402 0.000344738 0)
(0.200373 0.000319871 0)
(0.200345 0.000296705 0)
(0.20032 0.000275112 0)
(0.200296 0.000254978 0)
(0.200274 0.000236205 0)
(0.200254 0.000218701 0)
(0.200234 0.000202387 0)
(0.200217 0.000187186 0)
(0.2002 0.00017303 0)
(0.200185 0.000159853 0)
(0.200171 0.000147594 0)
(0.200157 0.000136195 0)
(0.200145 0.000125602 0)
(0.200134 0.000115765 0)
(0.200123 0.000106634 0)
(0.200113 9.81646e-05 0)
(0.200104 9.03133e-05 0)
(0.200096 8.30397e-05 0)
(0.200088 7.63055e-05 0)
(0.200081 7.00745e-05 0)
(0.200074 6.43128e-05 0)
(0.200068 5.89885e-05 0)
(0.200062 5.40715e-05 0)
(0.200057 4.95336e-05 0)
(0.200052 4.53482e-05 0)
(0.200048 4.14905e-05 0)
(0.200044 3.79371e-05 0)
(0.20004 3.46663e-05 0)
(0.200036 3.16575e-05 0)
(0.200033 2.88916e-05 0)
(0.20003 2.63508e-05 0)
(0.200028 2.40182e-05 0)
(0.200025 2.18784e-05 0)
(0.200023 1.99167e-05 0)
(0.200021 1.81196e-05 0)
(0.200019 1.64745e-05 0)
(0.200017 1.49697e-05 0)
(0.200016 1.35942e-05 0)
(0.200014 1.23378e-05 0)
(0.200013 1.11913e-05 0)
(0.200012 1.01457e-05 0)
(0.20001 9.19314e-06 0)
(0.200009 8.32602e-06 0)
(0.200009 7.53745e-06 0)
(0.200008 6.82102e-06 0)
(0.200007 6.17085e-06 0)
(0.200006 5.5815e-06 0)
(0.200006 5.04796e-06 0)
(0.200005 4.56565e-06 0)
(0.200005 4.13036e-06 0)
(0.200004 3.73822e-06 0)
(0.200004 3.38572e-06 0)
(0.200003 3.06965e-06 0)
(0.200003 2.78708e-06 0)
(0.200003 2.53537e-06 0)
(0.200002 2.31211e-06 0)
(0.200002 2.11515e-06 0)
(0.200002 1.94254e-06 0)
(0.200001 1.79254e-06 0)
(0.200001 1.66392e-06 0)
(0.199556 0.00343455 0)
(0.199679 0.00350384 0)
(0.19981 0.00355633 0)
(0.19995 0.00359007 0)
(0.200097 0.00360326 0)
(0.200247 0.00359465 0)
(0.200399 0.00356367 0)
(0.200547 0.00351045 0)
(0.200689 0.00343576 0)
(0.200821 0.00334096 0)
(0.200942 0.00322795 0)
(0.201049 0.00309907 0)
(0.201141 0.00295703 0)
(0.201215 0.0028048 0)
(0.201271 0.00264544 0)
(0.20131 0.00248206 0)
(0.201332 0.00231761 0)
(0.201338 0.00215483 0)
(0.201329 0.00199611 0)
(0.201307 0.00184344 0)
(0.201274 0.00169835 0)
(0.201233 0.00156195 0)
(0.201184 0.0014349 0)
(0.20113 0.00131746 0)
(0.201073 0.00120961 0)
(0.201015 0.00111104 0)
(0.200956 0.00102128 0)
(0.200897 0.000939726 0)
(0.20084 0.000865693 0)
(0.200785 0.000798477 0)
(0.200732 0.000737381 0)
(0.200682 0.00068174 0)
(0.200635 0.000630939 0)
(0.20059 0.000584425 0)
(0.200548 0.000541711 0)
(0.200509 0.00050237 0)
(0.200473 0.000466039 0)
(0.200439 0.000432408 0)
(0.200407 0.000401213 0)
(0.200377 0.000372232 0)
(0.20035 0.000345275 0)
(0.200324 0.000320179 0)
(0.2003 0.000296801 0)
(0.200278 0.000275017 0)
(0.200257 0.000254718 0)
(0.200238 0.000235802 0)
(0.20022 0.00021818 0)
(0.200203 0.000201769 0)
(0.200188 0.00018649 0)
(0.200173 0.000172272 0)
(0.20016 0.000159048 0)
(0.200148 0.000146755 0)
(0.200136 0.000135334 0)
(0.200125 0.000124729 0)
(0.200115 0.000114886 0)
(0.200106 0.000105758 0)
(0.200098 9.72968e-05 0)
(0.20009 8.94587e-05 0)
(0.200083 8.22023e-05 0)
(0.200076 7.54886e-05 0)
(0.20007 6.92809e-05 0)
(0.200064 6.35446e-05 0)
(0.200058 5.82473e-05 0)
(0.200054 5.33586e-05 0)
(0.200049 4.88498e-05 0)
(0.200045 4.4694e-05 0)
(0.200041 4.08662e-05 0)
(0.200037 3.73428e-05 0)
(0.200034 3.41016e-05 0)
(0.200031 3.11222e-05 0)
(0.200028 2.83852e-05 0)
(0.200026 2.58725e-05 0)
(0.200024 2.35675e-05 0)
(0.200021 2.14544e-05 0)
(0.20002 1.95186e-05 0)
(0.200018 1.77464e-05 0)
(0.200016 1.61254e-05 0)
(0.200015 1.46436e-05 0)
(0.200013 1.32903e-05 0)
(0.200012 1.20551e-05 0)
(0.200011 1.09288e-05 0)
(0.20001 9.90261e-06 0)
(0.200009 8.96846e-06 0)
(0.200008 8.1189e-06 0)
(0.200007 7.34706e-06 0)
(0.200007 6.64657e-06 0)
(0.200006 6.01158e-06 0)
(0.200005 5.43671e-06 0)
(0.200005 4.917e-06 0)
(0.200004 4.44791e-06 0)
(0.200004 4.02529e-06 0)
(0.200003 3.64534e-06 0)
(0.200003 3.3046e-06 0)
(0.200003 2.99991e-06 0)
(0.200002 2.72842e-06 0)
(0.200002 2.48754e-06 0)
(0.200002 2.27495e-06 0)
(0.200002 2.08855e-06 0)
(0.200001 1.92649e-06 0)
(0.200001 1.7876e-06 0)
(0.199654 0.00327965 0)
(0.199755 0.0033339 0)
(0.199862 0.00337416 0)
(0.199976 0.00339901 0)
(0.200095 0.00340709 0)
(0.200217 0.00339742 0)
(0.20034 0.00336949 0)
(0.20046 0.00332335 0)
(0.200576 0.00325948 0)
(0.200685 0.00317885 0)
(0.200785 0.00308284 0)
(0.200875 0.00297321 0)
(0.200952 0.00285198 0)
(0.201016 0.00272142 0)
(0.201067 0.00258392 0)
(0.201103 0.0024419 0)
(0.201126 0.0022977 0)
(0.201136 0.00215356 0)
(0.201134 0.00201144 0)
(0.201121 0.00187309 0)
(0.201098 0.00173988 0)
(0.201068 0.00161292 0)
(0.201031 0.00149294 0)
(0.200989 0.00138042 0)
(0.200944 0.00127555 0)
(0.200897 0.00117831 0)
(0.200848 0.00108852 0)
(0.2008 0.00100583 0)
(0.200752 0.000929842 0)
(0.200705 0.000860067 0)
(0.200659 0.000796008 0)
(0.200616 0.000737162 0)
(0.200574 0.000683046 0)
(0.200535 0.000633206 0)
(0.200498 0.000587225 0)
(0.200463 0.000544731 0)
(0.20043 0.000505391 0)
(0.200399 0.000468915 0)
(0.20037 0.000435048 0)
(0.200344 0.000403567 0)
(0.200319 0.00037428 0)
(0.200295 0.000347016 0)
(0.200274 0.000321624 0)
(0.200253 0.000297971 0)
(0.200234 0.000275937 0)
(0.200217 0.000255412 0)
(0.200201 0.000236297 0)
(0.200185 0.0002185 0)
(0.200171 0.000201936 0)
(0.200158 0.000186526 0)
(0.200146 0.000172197 0)
(0.200135 0.000158879 0)
(0.200124 0.000146507 0)
(0.200114 0.00013502 0)
(0.200105 0.000124362 0)
(0.200097 0.000114477 0)
(0.200089 0.000105316 0)
(0.200082 9.68297e-05 0)
(0.200075 8.89739e-05 0)
(0.200069 8.1706e-05 0)
(0.200063 7.49862e-05 0)
(0.200058 6.87769e-05 0)
(0.200053 6.3043e-05 0)
(0.200049 5.77515e-05 0)
(0.200045 5.28713e-05 0)
(0.200041 4.83734e-05 0)
(0.200037 4.42304e-05 0)
(0.200034 4.04169e-05 0)
(0.200031 3.6909e-05 0)
(0.200028 3.36843e-05 0)
(0.200026 3.0722e-05 0)
(0.200024 2.80025e-05 0)
(0.200021 2.55078e-05 0)
(0.20002 2.32207e-05 0)
(0.200018 2.11255e-05 0)
(0.200016 1.92075e-05 0)
(0.200015 1.7453e-05 0)
(0.200013 1.58493e-05 0)
(0.200012 1.43844e-05 0)
(0.200011 1.30475e-05 0)
(0.20001 1.18284e-05 0)
(0.200009 1.07177e-05 0)
(0.200008 9.70653e-06 0)
(0.200007 8.78693e-06 0)
(0.200007 7.95142e-06 0)
(0.200006 7.19313e-06 0)
(0.200005 6.50572e-06 0)
(0.200005 5.88336e-06 0)
(0.200004 5.32068e-06 0)
(0.200004 4.81278e-06 0)
(0.200003 4.35514e-06 0)
(0.200003 3.94366e-06 0)
(0.200003 3.57457e-06 0)
(0.200002 3.24447e-06 0)
(0.200002 2.95027e-06 0)
(0.200002 2.68915e-06 0)
(0.200002 2.4586e-06 0)
(0.200001 2.25638e-06 0)
(0.200001 2.08047e-06 0)
(0.200001 1.92991e-06 0)
(0.199739 0.00313812 0)
(0.19982 0.00317975 0)
(0.199905 0.00320969 0)
(0.199995 0.00322695 0)
(0.200088 0.00323052 0)
(0.200184 0.00321966 0)
(0.200281 0.00319397 0)
(0.200376 0.00315343 0)
(0.200468 0.00309836 0)
(0.200555 0.00302943 0)
(0.200635 0.00294764 0)
(0.200707 0.00285424 0)
(0.200771 0.00275077 0)
(0.200824 0.00263889 0)
(0.200868 0.00252043 0)
(0.2009 0.00239724 0)
(0.200922 0.00227117 0)
(0.200934 0.00214396 0)
(0.200936 0.00201725 0)
(0.20093 0.00189249 0)
(0.200915 0.00177091 0)
(0.200894 0.00165352 0)
(0.200868 0.00154111 0)
(0.200837 0.00143425 0)
(0.200803 0.00133328 0)
(0.200766 0.00123839 0)
(0.200728 0.0011496 0)
(0.200689 0.00106681 0)
(0.20065 0.000989817 0)
(0.200611 0.00091835 0)
(0.200573 0.000852089 0)
(0.200537 0.000790689 0)
(0.200502 0.000733798 0)
(0.200468 0.000681069 0)
(0.200436 0.000632168 0)
(0.200406 0.000586785 0)
(0.200378 0.000544634 0)
(0.200351 0.000505454 0)
(0.200326 0.000469013 0)
(0.200303 0.000435097 0)
(0.200281 0.000403519 0)
(0.20026 0.000374107 0)
(0.200241 0.000346708 0)
(0.200223 0.000321183 0)
(0.200207 0.000297405 0)
(0.200191 0.000275258 0)
(0.200177 0.000254636 0)
(0.200163 0.000235438 0)
(0.200151 0.000217573 0)
(0.200139 0.000200956 0)
(0.200129 0.000185506 0)
(0.200119 0.000171149 0)
(0.200109 0.000157813 0)
(0.200101 0.000145433 0)
(0.200093 0.000133947 0)
(0.200085 0.000123296 0)
(0.200078 0.000113425 0)
(0.200072 0.000104283 0)
(0.200066 9.58199e-05 0)
(0.200061 8.79908e-05 0)
(0.200056 8.07525e-05 0)
(0.200051 7.40644e-05 0)
(0.200047 6.78887e-05 0)
(0.200043 6.21897e-05 0)
(0.200039 5.69338e-05 0)
(0.200036 5.20897e-05 0)
(0.200033 4.7628e-05 0)
(0.20003 4.35213e-05 0)
(0.200027 3.97436e-05 0)
(0.200025 3.62711e-05 0)
(0.200023 3.30811e-05 0)
(0.200021 3.01527e-05 0)
(0.200019 2.74663e-05 0)
(0.200017 2.50035e-05 0)
(0.200016 2.27474e-05 0)
(0.200014 2.06821e-05 0)
(0.200013 1.87928e-05 0)
(0.200012 1.70658e-05 0)
(0.200011 1.54884e-05 0)
(0.20001 1.40488e-05 0)
(0.200009 1.27361e-05 0)
(0.200008 1.15399e-05 0)
(0.200007 1.04511e-05 0)
(0.200006 9.46079e-06 0)
(0.200006 8.56104e-06 0)
(0.200005 7.74442e-06 0)
(0.200005 7.00411e-06 0)
(0.200004 6.33382e-06 0)
(0.200004 5.72778e-06 0)
(0.200003 5.18071e-06 0)
(0.200003 4.68773e-06 0)
(0.200003 4.24443e-06 0)
(0.200002 3.84675e-06 0)
(0.200002 3.49101e-06 0)
(0.200002 3.17389e-06 0)
(0.200002 2.89236e-06 0)
(0.200001 2.64371e-06 0)
(0.200001 2.42553e-06 0)
(0.200001 2.23566e-06 0)
(0.200001 2.0732e-06 0)
(0.199813 0.00301348 0)
(0.199874 0.00304497 0)
(0.199939 0.00306667 0)
(0.200006 0.0030779 0)
(0.200077 0.00307792 0)
(0.200149 0.00306617 0)
(0.200222 0.00304233 0)
(0.200294 0.00300637 0)
(0.200364 0.00295848 0)
(0.20043 0.00289911 0)
(0.200491 0.00282897 0)
(0.200547 0.00274895 0)
(0.200597 0.00266016 0)
(0.200639 0.00256384 0)
(0.200674 0.00246134 0)
(0.200701 0.00235407 0)
(0.200721 0.00224345 0)
(0.200733 0.00213087 0)
(0.200737 0.00201764 0)
(0.200735 0.00190498 0)
(0.200727 0.00179395 0)
(0.200714 0.00168549 0)
(0.200695 0.00158035 0)
(0.200674 0.00147916 0)
(0.200649 0.00138237 0)
(0.200622 0.00129029 0)
(0.200593 0.0012031 0)
(0.200563 0.00112088 0)
(0.200533 0.00104359 0)
(0.200503 0.000971133 0)
(0.200473 0.00090334 0)
(0.200444 0.000840008 0)
(0.200416 0.000780903 0)
(0.200389 0.000725781 0)
(0.200363 0.000674391 0)
(0.200339 0.000626489 0)
(0.200315 0.00058184 0)
(0.200293 0.000540222 0)
(0.200273 0.000501426 0)
(0.200253 0.000465259 0)
(0.200235 0.000431543 0)
(0.200218 0.000400112 0)
(0.200202 0.000370815 0)
(0.200187 0.000343511 0)
(0.200173 0.000318069 0)
(0.20016 0.00029437 0)
(0.200148 0.000272301 0)
(0.200137 0.000251757 0)
(0.200126 0.000232641 0)
(0.200117 0.000214862 0)
(0.200108 0.000198333 0)
(0.200099 0.000182974 0)
(0.200092 0.000168709 0)
(0.200084 0.000155469 0)
(0.200078 0.000143185 0)
(0.200071 0.000131795 0)
(0.200066 0.00012124 0)
(0.20006 0.000111465 0)
(0.200055 0.000102417 0)
(0.200051 9.40473e-05 0)
(0.200047 8.63093e-05 0)
(0.200043 7.916e-05 0)
(0.200039 7.25586e-05 0)
(0.200036 6.64669e-05 0)
(0.200033 6.0849e-05 0)
(0.20003 5.56715e-05 0)
(0.200028 5.09028e-05 0)
(0.200025 4.65135e-05 0)
(0.200023 4.2476e-05 0)
(0.200021 3.87646e-05 0)
(0.200019 3.53553e-05 0)
(0.200017 3.22256e-05 0)
(0.200016 2.93544e-05 0)
(0.200014 2.67223e-05 0)
(0.200013 2.43111e-05 0)
(0.200012 2.21038e-05 0)
(0.200011 2.00846e-05 0)
(0.20001 1.82389e-05 0)
(0.200009 1.65531e-05 0)
(0.200008 1.50145e-05 0)
(0.200007 1.36114e-05 0)
(0.200007 1.2333e-05 0)
(0.200006 1.11692e-05 0)
(0.200005 1.01108e-05 0)
(0.200005 9.14909e-06 0)
(0.200004 8.27622e-06 0)
(0.200004 7.4849e-06 0)
(0.200004 6.7684e-06 0)
(0.200003 6.12055e-06 0)
(0.200003 5.53569e-06 0)
(0.200003 5.00863e-06 0)
(0.200002 4.53464e-06 0)
(0.200002 4.10937e-06 0)
(0.200002 3.72891e-06 0)
(0.200002 3.38968e-06 0)
(0.200001 3.08846e-06 0)
(0.200001 2.82236e-06 0)
(0.200001 2.58879e-06 0)
(0.200001 2.38547e-06 0)
(0.200001 2.21148e-06 0)
(0.199874 0.00290984 0)
(0.199918 0.00293348 0)
(0.199963 0.00294881 0)
(0.200011 0.00295533 0)
(0.20006 0.00295252 0)
(0.200111 0.00293996 0)
(0.200162 0.0029174 0)
(0.200213 0.0028848 0)
(0.200262 0.00284227 0)
(0.200308 0.00279014 0)
(0.200352 0.00272888 0)
(0.200392 0.00265914 0)
(0.200428 0.00258173 0)
(0.200459 0.00249757 0)
(0.200485 0.00240766 0)
(0.200506 0.00231308 0)
(0.200521 0.00221493 0)
(0.200531 0.00211431 0)
(0.200537 0.00201228 0)
(0.200537 0.00190985 0)
(0.200533 0.00180793 0)
(0.200525 0.00170738 0)
(0.200514 0.0016089 0)
(0.200499 0.00151311 0)
(0.200483 0.00142052 0)
(0.200464 0.00133153 0)
(0.200444 0.0012464 0)
(0.200424 0.00116534 0)
(0.200402 0.00108843 0)
(0.200381 0.0010157 0)
(0.200359 0.000947106 0)
(0.200338 0.000882553 0)
(0.200317 0.000821913 0)
(0.200297 0.000765029 0)
(0.200278 0.000711728 0)
(0.200259 0.000661829 0)
(0.200242 0.000615148 0)
(0.200225 0.000571502 0)
(0.200209 0.000530715 0)
(0.200194 0.000492615 0)
(0.200181 0.00045704 0)
(0.200168 0.000423835 0)
(0.200155 0.000392855 0)
(0.200144 0.000363961 0)
(0.200133 0.000337024 0)
(0.200123 0.000311921 0)
(0.200114 0.000288539 0)
(0.200105 0.000266769 0)
(0.200097 0.00024651 0)
(0.20009 0.000227665 0)
(0.200083 0.000210146 0)
(0.200076 0.000193867 0)
(0.20007 0.000178748 0)
(0.200065 0.000164714 0)
(0.20006 0.000151695 0)
(0.200055 0.000139624 0)
(0.200051 0.000128439 0)
(0.200046 0.00011808 0)
(0.200043 0.000108493 0)
(0.200039 9.96238e-05 0)
(0.200036 9.14249e-05 0)
(0.200033 8.38501e-05 0)
(0.20003 7.6856e-05 0)
(0.200028 7.04022e-05 0)
(0.200025 6.44507e-05 0)
(0.200023 5.89658e-05 0)
(0.200021 5.39141e-05 0)
(0.200019 4.92645e-05 0)
(0.200018 4.49877e-05 0)
(0.200016 4.10564e-05 0)
(0.200015 3.74451e-05 0)
(0.200013 3.413e-05 0)
(0.200012 3.10889e-05 0)
(0.200011 2.83011e-05 0)
(0.20001 2.57472e-05 0)
(0.200009 2.34093e-05 0)
(0.200008 2.12707e-05 0)
(0.200008 1.93158e-05 0)
(0.200007 1.75303e-05 0)
(0.200006 1.59007e-05 0)
(0.200006 1.44147e-05 0)
(0.200005 1.30607e-05 0)
(0.200005 1.18281e-05 0)
(0.200004 1.0707e-05 0)
(0.200004 9.68845e-06 0)
(0.200003 8.76393e-06 0)
(0.200003 7.92577e-06 0)
(0.200003 7.16684e-06 0)
(0.200002 6.4806e-06 0)
(0.200002 5.86106e-06 0)
(0.200002 5.30272e-06 0)
(0.200002 4.80054e-06 0)
(0.200002 4.34996e-06 0)
(0.200001 3.94679e-06 0)
(0.200001 3.58727e-06 0)
(0.200001 3.26797e-06 0)
(0.200001 2.98583e-06 0)
(0.200001 2.73813e-06 0)
(0.200001 2.52242e-06 0)
(0.200001 2.33776e-06 0)
(0.199926 0.0028324 0)
(0.199953 0.00285066 0)
(0.19998 0.00286164 0)
(0.200008 0.00286499 0)
(0.200038 0.00286032 0)
(0.200069 0.0028473 0)
(0.200099 0.00282574 0)
(0.200129 0.00279558 0)
(0.200159 0.0027569 0)
(0.200187 0.00270992 0)
(0.200214 0.00265498 0)
(0.200238 0.00259258 0)
(0.200261 0.0025233 0)
(0.20028 0.00244785 0)
(0.200297 0.002367 0)
(0.20031 0.00228161 0)
(0.20032 0.00219254 0)
(0.200327 0.00210069 0)
(0.200332 0.00200694 0)
(0.200333 0.00191215 0)
(0.200331 0.00181712 0)
(0.200328 0.0017226 0)
(0.200321 0.00162929 0)
(0.200314 0.00153778 0)
(0.200304 0.00144859 0)
(0.200293 0.00136216 0)
(0.200282 0.00127884 0)
(0.200269 0.00119889 0)
(0.200256 0.00112249 0)
(0.200243 0.00104975 0)
(0.20023 0.000980711 0)
(0.200216 0.000915367 0)
(0.200204 0.000853665 0)
(0.200191 0.000795517 0)
(0.200179 0.000740812 0)
(0.200167 0.000689418 0)
(0.200156 0.000641196 0)
(0.200145 0.000595998 0)
(0.200135 0.000553672 0)
(0.200126 0.00051407 0)
(0.200117 0.000477043 0)
(0.200108 0.000442447 0)
(0.2001 0.000410142 0)
(0.200093 0.000379996 0)
(0.200086 0.000351879 0)
(0.20008 0.00032567 0)
(0.200074 0.000301252 0)
(0.200068 0.000278515 0)
(0.200063 0.000257354 0)
(0.200058 0.000237671 0)
(0.200053 0.000219372 0)
(0.200049 0.00020237 0)
(0.200045 0.00018658 0)
(0.200042 0.000171925 0)
(0.200038 0.000158331 0)
(0.200035 0.000145727 0)
(0.200033 0.000134049 0)
(0.20003 0.000123234 0)
(0.200027 0.000113225 0)
(0.200025 0.000103967 0)
(0.200023 9.54089e-05 0)
(0.200021 8.75025e-05 0)
(0.200019 8.02026e-05 0)
(0.200018 7.34668e-05 0)
(0.200016 6.72554e-05 0)
(0.200015 6.15311e-05 0)
(0.200014 5.62592e-05 0)
(0.200012 5.1407e-05 0)
(0.200011 4.69439e-05 0)
(0.20001 4.28415e-05 0)
(0.200009 3.9073e-05 0)
(0.200009 3.56137e-05 0)
(0.200008 3.24403e-05 0)
(0.200007 2.95312e-05 0)
(0.200006 2.68663e-05 0)
(0.200006 2.44267e-05 0)
(0.200005 2.21951e-05 0)
(0.200005 2.01553e-05 0)
(0.200004 1.82921e-05 0)
(0.200004 1.65917e-05 0)
(0.200004 1.5041e-05 0)
(0.200003 1.36282e-05 0)
(0.200003 1.23419e-05 0)
(0.200003 1.11721e-05 0)
(0.200002 1.01092e-05 0)
(0.200002 9.14447e-06 0)
(0.200002 8.26981e-06 0)
(0.200002 7.47782e-06 0)
(0.200002 6.76167e-06 0)
(0.200001 6.1151e-06 0)
(0.200001 5.53238e-06 0)
(0.200001 5.00826e-06 0)
(0.200001 4.53795e-06 0)
(0.200001 4.1171e-06 0)
(0.200001 3.74178e-06 0)
(0.200001 3.40841e-06 0)
(0.200001 3.1138e-06 0)
(0.200001 2.85512e-06 0)
(0.2 2.62985e-06 0)
(0.2 2.43708e-06 0)
(0.19997 0.00278759 0)
(0.199979 0.00280254 0)
(0.199988 0.00281077 0)
(0.199998 0.00281201 0)
(0.200009 0.00280595 0)
(0.20002 0.0027923 0)
(0.200031 0.00277091 0)
(0.200042 0.00274174 0)
(0.200052 0.00270485 0)
(0.200063 0.00266041 0)
(0.200073 0.00260872 0)
(0.200082 0.00255017 0)
(0.20009 0.00248526 0)
(0.200098 0.00241458 0)
(0.200104 0.00233879 0)
(0.20011 0.0022586 0)
(0.200114 0.00217478 0)
(0.200118 0.00208808 0)
(0.20012 0.0019993 0)
(0.200121 0.00190918 0)
(0.200121 0.00181846 0)
(0.200121 0.00172784 0)
(0.200119 0.00163796 0)
(0.200117 0.00154941 0)
(0.200114 0.00146269 0)
(0.20011 0.00137825 0)
(0.200106 0.00129647 0)
(0.200102 0.00121763 0)
(0.200098 0.00114196 0)
(0.200093 0.0010696 0)
(0.200088 0.00100066 0)
(0.200084 0.000935159 0)
(0.200079 0.000873094 0)
(0.200074 0.000814418 0)
(0.20007 0.000759058 0)
(0.200065 0.000706915 0)
(0.200061 0.000657879 0)
(0.200057 0.000611825 0)
(0.200053 0.000568624 0)
(0.200049 0.000528142 0)
(0.200046 0.000490244 0)
(0.200043 0.000454797 0)
(0.20004 0.000421669 0)
(0.200037 0.000390731 0)
(0.200034 0.000361859 0)
(0.200032 0.000334932 0)
(0.200029 0.000309836 0)
(0.200027 0.000286461 0)
(0.200025 0.000264701 0)
(0.200023 0.000244457 0)
(0.200021 0.000225635 0)
(0.20002 0.000208145 0)
(0.200018 0.000191901 0)
(0.200017 0.000176824 0)
(0.200015 0.000162837 0)
(0.200014 0.000149871 0)
(0.200013 0.000137856 0)
(0.200012 0.00012673 0)
(0.200011 0.000116434 0)
(0.20001 0.00010691 0)
(0.200009 9.81067e-05 0)
(0.200008 8.99741e-05 0)
(0.200008 8.24657e-05 0)
(0.200007 7.55378e-05 0)
(0.200006 6.91496e-05 0)
(0.200006 6.32626e-05 0)
(0.200005 5.78411e-05 0)
(0.200005 5.28513e-05 0)
(0.200004 4.82619e-05 0)
(0.200004 4.40435e-05 0)
(0.200004 4.01687e-05 0)
(0.200003 3.66118e-05 0)
(0.200003 3.3349e-05 0)
(0.200003 3.0358e-05 0)
(0.200003 2.76181e-05 0)
(0.200002 2.511e-05 0)
(0.200002 2.28157e-05 0)
(0.200002 2.07187e-05 0)
(0.200002 1.88032e-05 0)
(0.200002 1.70551e-05 0)
(0.200001 1.5461e-05 0)
(0.200001 1.40086e-05 0)
(0.200001 1.26863e-05 0)
(0.200001 1.14837e-05 0)
(0.200001 1.0391e-05 0)
(0.200001 9.39923e-06 0)
(0.200001 8.50005e-06 0)
(0.200001 7.68585e-06 0)
(0.200001 6.9496e-06 0)
(0.200001 6.28486e-06 0)
(0.2 5.68574e-06 0)
(0.2 5.14685e-06 0)
(0.2 4.66325e-06 0)
(0.2 4.23048e-06 0)
(0.2 3.84448e-06 0)
(0.2 3.50158e-06 0)
(0.2 3.19848e-06 0)
(0.2 2.93226e-06 0)
(0.2 2.70026e-06 0)
(0.2 2.50147e-06 0)
(0.199992 4.5308e-06 0)
(0.199965 1.07903e-05 0)
(0.19992 1.87011e-05 0)
(0.199859 2.82366e-05 0)
(0.199782 3.94063e-05 0)
(0.199692 5.22262e-05 0)
(0.199586 6.6701e-05 0)
(0.199466 8.28157e-05 0)
(0.19933 0.000100543 0)
(0.199178 0.000119874 0)
(0.199009 0.000140859 0)
(0.198821 0.000163667 0)
(0.198612 0.00018865 0)
(0.198379 0.000216409 0)
(0.198119 0.000247887 0)
(0.197824 0.000284496 0)
(0.197488 0.000328338 0)
(0.197097 0.000382603 0)
(0.196633 0.000452348 0)
(0.196066 0.000546164 0)
(0.195349 0.000680142 0)
(0.194386 0.000888834 0)
(0.192966 0.00126299 0)
(0.190543 0.00213664 0)
(0.189737 0.00483888 0)
(0.199992 9.71952e-06 0)
(0.199966 2.1014e-05 0)
(0.199921 3.39703e-05 0)
(0.19986 4.86364e-05 0)
(0.199784 6.51054e-05 0)
(0.199694 8.34827e-05 0)
(0.199589 0.000103864 0)
(0.199469 0.000126326 0)
(0.199334 0.000150947 0)
(0.199183 0.00017785 0)
(0.199014 0.000207264 0)
(0.198827 0.000239608 0)
(0.19862 0.000275587 0)
(0.198389 0.000316303 0)
(0.198131 0.000363418 0)
(0.19784 0.000419397 0)
(0.197508 0.000487918 0)
(0.197124 0.000574637 0)
(0.196671 0.000688668 0)
(0.196123 0.000845737 0)
(0.19544 0.00107554 0)
(0.194553 0.00144123 0)
(0.193353 0.00209944 0)
(0.191731 0.00353661 0)
(0.191307 0.00731519 0)
(0.199992 1.416e-05 0)
(0.199967 2.94121e-05 0)
(0.199922 4.62026e-05 0)
(0.199862 6.47152e-05 0)
(0.199787 8.5128e-05 0)
(0.199697 0.000107626 0)
(0.199593 0.000132376 0)
(0.199474 0.000159523 0)
(0.199339 0.000189218 0)
(0.199189 0.00022168 0)
(0.199022 0.000257267 0)
(0.198837 0.000296583 0)
(0.198631 0.000340591 0)
(0.198403 0.000390761 0)
(0.198148 0.000449282 0)
(0.197862 0.000519373 0)
(0.197538 0.000605832 0)
(0.197164 0.000716015 0)
(0.196728 0.000861719 0)
(0.196208 0.00106303 0)
(0.195575 0.00135673 0)
(0.194791 0.00181624 0)
(0.193829 0.00260045 0)
(0.192781 0.00406906 0)
(0.192604 0.00694516 0)
(0.199992 1.85552e-05 0)
(0.199967 3.78889e-05 0)
(0.199923 5.87019e-05 0)
(0.199863 8.13049e-05 0)
(0.199789 0.000105948 0)
(0.1997 0.000132889 0)
(0.199597 0.000162364 0)
(0.199479 0.000194588 0)
(0.199346 0.000229789 0)
(0.199197 0.000268281 0)
(0.199032 0.000310554 0)
(0.198848 0.00035739 0)
(0.198646 0.000410009 0)
(0.198421 0.000470237 0)
(0.198171 0.00054076 0)
(0.197892 0.0006255 0)
(0.197576 0.00073025 0)
(0.197217 0.000863792 0)
(0.196802 0.00103995 0)
(0.196317 0.00128156 0)
(0.195745 0.00162832 0)
(0.195073 0.00215263 0)
(0.194324 0.00298814 0)
(0.193646 0.00435979 0)
(0.193632 0.00650802 0)
(0.199992 2.30402e-05 0)
(0.199968 4.66433e-05 0)
(0.199924 7.1657e-05 0)
(0.199865 9.85165e-05 0)
(0.199792 0.000127548 0)
(0.199704 0.000159082 0)
(0.199602 0.000193427 0)
(0.199485 0.000230864 0)
(0.199353 0.000271698 0)
(0.199206 0.000316334 0)
(0.199043 0.000365381 0)
(0.198862 0.000419792 0)
(0.198663 0.000481018 0)
(0.198443 0.000551211 0)
(0.198199 0.000633499 0)
(0.197928 0.000732402 0)
(0.197624 0.000854514 0)
(0.197282 0.00100965 0)
(0.196893 0.00121288 0)
(0.196448 0.00148807 0)
(0.195942 0.00187423 0)
(0.195382 0.00243559 0)
(0.194815 0.00327311 0)
(0.194391 0.00451503 0)
(0.19449 0.00620813 0)
(0.199993 2.76054e-05 0)
(0.199968 5.55971e-05 0)
(0.199926 8.49171e-05 0)
(0.199867 0.00011613 0)
(0.199794 0.000149648 0)
(0.199708 0.000185874 0)
(0.199607 0.000225186 0)
(0.199492 0.000267935 0)
(0.199362 0.000314496 0)
(0.199217 0.000365355 0)
(0.199056 0.000421232 0)
(0.198879 0.000483229 0)
(0.198684 0.000553003 0)
(0.198469 0.000632984 0)
(0.198232 0.000726666 0)
(0.197971 0.000839035 0)
(0.197681 0.000977243 0)
(0.197358 0.0011517 0)
(0.196998 0.00137787 0)
(0.196597 0.0016791 0)
(0.196159 0.00209092 0)
(0.195703 0.00266588 0)
(0.195287 0.00347379 0)
(0.195041 0.00457832 0)
(0.195212 0.00594901 0)
(0.199993 3.22485e-05 0)
(0.199969 6.47354e-05 0)
(0.199927 9.84703e-05 0)
(0.199869 0.000134144 0)
(0.199798 0.000172258 0)
(0.199712 0.000213287 0)
(0.199613 0.000257677 0)
(0.199499 0.000305842 0)
(0.199372 0.000358219 0)
(0.199229 0.000415369 0)
(0.199072 0.000478106 0)
(0.198898 0.000547657 0)
(0.198708 0.000625851 0)
(0.198499 0.00071534 0)
(0.198271 0.000819893 0)
(0.198021 0.00094481 0)
(0.197746 0.00109754 0)
(0.197445 0.00128865 0)
(0.197116 0.00153321 0)
(0.19676 0.00185283 0)
(0.196388 0.00227786 0)
(0.196026 0.00284837 0)
(0.195732 0.00360836 0)
(0.195611 0.00458113 0)
(0.195826 0.00570957 0)
(0.199993 3.69686e-05 0)
(0.199969 7.40498e-05 0)
(0.199928 0.000112304 0)
(0.199872 0.000152541 0)
(0.199801 0.000195351 0)
(0.199717 0.000241279 0)
(0.199619 0.000290837 0)
(0.199508 0.000344496 0)
(0.199382 0.000402749 0)
(0.199243 0.000466217 0)
(0.199089 0.000535789 0)
(0.19892 0.000612792 0)
(0.198735 0.000699183 0)
(0.198534 0.000797774 0)
(0.198315 0.000912507 0)
(0.198077 0.00104883 0)
(0.197819 0.00121424 0)
(0.197541 0.00141902 0)
(0.197245 0.00167724 0)
(0.196935 0.00200787 0)
(0.196625 0.00243543 0)
(0.196345 0.00298834 0)
(0.196147 0.00369105 0)
(0.196114 0.00454339 0)
(0.196353 0.00548411 0)
(0.199993 4.17626e-05 0)
(0.19997 8.35276e-05 0)
(0.19993 0.000126397 0)
(0.199874 0.000171289 0)
(0.199805 0.000218882 0)
(0.199722 0.000269793 0)
(0.199627 0.000324591 0)
(0.199517 0.0003838 0)
(0.199395 0.00044796 0)
(0.199259 0.000517735 0)
(0.199109 0.000594069 0)
(0.198944 0.000678356 0)
(0.198766 0.000772636 0)
(0.198573 0.000879806 0)
(0.198364 0.00100388 0)
(0.19814 0.00115029 0)
(0.1979 0.00132633 0)
(0.197647 0.00154165 0)
(0.197382 0.00180883 0)
(0.197116 0.00214377 0)
(0.196864 0.00256513 0)
(0.196654 0.00309145 0)
(0.196532 0.0037333 0)
(0.196559 0.00447806 0)
(0.19681 0.00526933 0)
(0.199993 4.66253e-05 0)
(0.199971 9.31534e-05 0)
(0.199931 0.000140722 0)
(0.199877 0.00019035 0)
(0.199809 0.000242803 0)
(0.199728 0.000298764 0)
(0.199635 0.000358856 0)
(0.199528 0.000423647 0)
(0.199408 0.000493712 0)
(0.199276 0.000569744 0)
(0.19913 0.000652715 0)
(0.198972 0.000744049 0)
(0.1988 0.000845819 0)
(0.198616 0.000960937 0)
(0.198418 0.00109337 0)
(0.198209 0.00124841 0)
(0.197988 0.00143289 0)
(0.197759 0.00165558 0)
(0.197527 0.00192728 0)
(0.197302 0.00226067 0)
(0.197101 0.00266906 0)
(0.19695 0.00316312 0)
(0.196886 0.00374417 0)
(0.196956 0.0043939 0)
(0.197208 0.00506367 0)
(0.199993 5.15491e-05 0)
(0.199971 0.000102909 0)
(0.199933 0.00015525 0)
(0.19988 0.000209683 0)
(0.199814 0.000267056 0)
(0.199735 0.000328116 0)
(0.199643 0.000393534 0)
(0.19954 0.000463914 0)
(0.199423 0.000539849 0)
(0.199295 0.000622043 0)
(0.199154 0.000711469 0)
(0.199002 0.000809547 0)
(0.198838 0.000918327 0)
(0.198663 0.00104066 0)
(0.198477 0.00118038 0)
(0.198283 0.00134246 0)
(0.198081 0.00153317 0)
(0.197877 0.00176015 0)
(0.197676 0.00203231 0)
(0.197489 0.00235925 0)
(0.197333 0.00274967 0)
(0.19723 0.00320833 0)
(0.197212 0.00373081 0)
(0.197309 0.00429708 0)
(0.197557 0.00486658 0)
(0.199994 5.65245e-05 0)
(0.199972 0.000112772 0)
(0.199935 0.000169944 0)
(0.199883 0.000229236 0)
(0.199819 0.000291574 0)
(0.199742 0.000357762 0)
(0.199653 0.000428515 0)
(0.199552 0.00050446 0)
(0.19944 0.000586195 0)
(0.199316 0.000674414 0)
(0.199181 0.000770061 0)
(0.199035 0.000874514 0)
(0.198879 0.000989747 0)
(0.198714 0.00111849 0)
(0.198541 0.00126433 0)
(0.198362 0.00143183 0)
(0.19818 0.00162655 0)
(0.197999 0.00185493 0)
(0.197828 0.002124 0)
(0.197676 0.00244055 0)
(0.197558 0.00280956 0)
(0.197495 0.00323156 0)
(0.197509 0.00369893 0)
(0.197624 0.00419211 0)
(0.197864 0.0046779 0)
(0.199994 6.15396e-05 0)
(0.199973 0.000122717 0)
(0.199937 0.000184763 0)
(0.199886 0.000248952 0)
(0.199824 0.00031628 0)
(0.19975 0.000387606 0)
(0.199664 0.000463677 0)
(0.199566 0.000545131 0)
(0.199458 0.000632559 0)
(0.199339 0.00072662 0)
(0.199209 0.000828203 0)
(0.199071 0.000938602 0)
(0.198923 0.00105967 0)
(0.198768 0.00119393 0)
(0.198608 0.00134469 0)
(0.198445 0.001516 0)
(0.198282 0.00171261 0)
(0.198124 0.00193976 0)
(0.19798 0.00220272 0)
(0.197859 0.00250587 0)
(0.197774 0.00285131 0)
(0.197742 0.00323676 0)
(0.197781 0.00365309 0)
(0.197906 0.00408234 0)
(0.198134 0.00449767 0)
(0.199994 6.65804e-05 0)
(0.199974 0.000132715 0)
(0.199939 0.000199661 0)
(0.19989 0.000268766 0)
(0.19983 0.00034109 0)
(0.199758 0.000417538 0)
(0.199675 0.000498882 0)
(0.199581 0.000585761 0)
(0.199477 0.000678737 0)
(0.199363 0.000778415 0)
(0.19924 0.000885599 0)
(0.199109 0.00100146 0)
(0.19897 0.00112769 0)
(0.198826 0.00126656 0)
(0.198679 0.00142101 0)
(0.198531 0.00159453 0)
(0.198387 0.00179107 0)
(0.198251 0.0020147 0)
(0.198131 0.00226909 0)
(0.198037 0.00255668 0)
(0.197979 0.00287744 0)
(0.197972 0.00322738 0)
(0.198028 0.00359697 0)
(0.198158 0.00397035 0)
(0.198373 0.00432598 0)
(0.199994 7.16308e-05 0)
(0.199975 0.000142731 0)
(0.199941 0.000214586 0)
(0.199894 0.000288605 0)
(0.199836 0.000365908 0)
(0.199767 0.000447438 0)
(0.199687 0.000533982 0)
(0.199597 0.000626166 0)
(0.199498 0.000724509 0)
(0.19939 0.000829538 0)
(0.199273 0.000941946 0)
(0.199149 0.00106275 0)
(0.19902 0.00119343 0)
(0.198887 0.00133598 0)
(0.198753 0.00149291 0)
(0.19862 0.00166715 0)
(0.198493 0.00186185 0)
(0.198378 0.00207999 0)
(0.19828 0.00232391 0)
(0.198209 0.00259451 0)
(0.198174 0.00289031 0)
(0.198185 0.0032064 0)
(0.198252 0.00353357 0)
(0.198383 0.00385815 0)
(0.198584 0.00416293 0)
(0.199994 7.66722e-05 0)
(0.199976 0.000152729 0)
(0.199943 0.000229477 0)
(0.199898 0.000308387 0)
(0.199842 0.000390628 0)
(0.199776 0.000477174 0)
(0.1997 0.000568815 0)
(0.199615 0.000666154 0)
(0.19952 0.000769648 0)
(0.199418 0.000879726 0)
(0.199308 0.000996943 0)
(0.199192 0.00112214 0)
(0.199072 0.00125654 0)
(0.19895 0.00140183 0)
(0.198829 0.00156009 0)
(0.198711 0.00173368 0)
(0.198601 0.00192498 0)
(0.198503 0.00213605 0)
(0.198425 0.00236811 0)
(0.198374 0.00262094 0)
(0.198356 0.00289213 0)
(0.198382 0.00317642 0)
(0.198456 0.00346533 0)
(0.198584 0.00374729 0)
(0.19877 0.00400863 0)
(0.199995 8.1684e-05 0)
(0.199977 0.000162665 0)
(0.199946 0.00024427 0)
(0.199903 0.000328023 0)
(0.199849 0.000415136 0)
(0.199786 0.000506603 0)
(0.199714 0.000603211 0)
(0.199633 0.000705521 0)
(0.199544 0.000813917 0)
(0.199447 0.000928708 0)
(0.199345 0.00105029 0)
(0.199237 0.0011793 0)
(0.199127 0.0013167 0)
(0.199016 0.00146383 0)
(0.198906 0.00162234 0)
(0.198802 0.00179405 0)
(0.198708 0.00198065 0)
(0.198627 0.00218341 0)
(0.198566 0.00240269 0)
(0.198531 0.00263749 0)
(0.198527 0.00288487 0)
(0.198563 0.00313966 0)
(0.198641 0.00339424 0)
(0.198764 0.00363902 0)
(0.198935 0.00386315 0)
(0.199995 8.66434e-05 0)
(0.199978 0.000172491 0)
(0.199948 0.000258892 0)
(0.199908 0.000347416 0)
(0.199857 0.000439307 0)
(0.199797 0.000535575 0)
(0.199729 0.000636988 0)
(0.199652 0.000744059 0)
(0.199569 0.000857078 0)
(0.199478 0.000976223 0)
(0.199383 0.00110171 0)
(0.199284 0.00123395 0)
(0.199183 0.00137363 0)
(0.199082 0.00152176 0)
(0.198985 0.00167955 0)
(0.198894 0.00184832 0)
(0.198814 0.00202918 0)
(0.198748 0.00222274 0)
(0.198701 0.00242875 0)
(0.198679 0.00264567 0)
(0.198687 0.0028704 0)
(0.198728 0.00309805 0)
(0.198807 0.00332201 0)
(0.198924 0.00353435 0)
(0.199081 0.00372656 0)
(0.199995 9.15266e-05 0)
(0.199979 0.000182159 0)
(0.199951 0.000273266 0)
(0.199913 0.000366457 0)
(0.199865 0.000463002 0)
(0.199809 0.000563915 0)
(0.199745 0.000669941 0)
(0.199673 0.00078153 0)
(0.199595 0.000898867 0)
(0.199511 0.00102198 0)
(0.199423 0.0011509 0)
(0.199332 0.0012858 0)
(0.19924 0.00142708 0)
(0.19915 0.00157541 0)
(0.199064 0.00173163 0)
(0.198986 0.00189659 0)
(0.198918 0.0020709 0)
(0.198865 0.00225469 0)
(0.19883 0.00244726 0)
(0.198819 0.00264681 0)
(0.198835 0.00285027 0)
(0.19888 0.00305318 0)
(0.198958 0.00324992 0)
(0.199067 0.00343405 0)
(0.19921 0.00359888 0)
(0.199995 9.63066e-05 0)
(0.19998 0.000191623 0)
(0.199954 0.00028733 0)
(0.199918 0.000385068 0)
(0.199873 0.000486125 0)
(0.199821 0.00059151 0)
(0.199761 0.000701937 0)
(0.199694 0.000817781 0)
(0.199622 0.000939114 0)
(0.199545 0.00106581 0)
(0.199464 0.0011977 0)
(0.199381 0.00133471 0)
(0.199299 0.00147697 0)
(0.199219 0.00162482 0)
(0.199144 0.00177875 0)
(0.199076 0.00193922 0)
(0.19902 0.00210645 0)
(0.198978 0.0022802 0)
(0.198953 0.00245948 0)
(0.19895 0.0026424 0)
(0.198972 0.00282606 0)
(0.199019 0.00300654 0)
(0.199093 0.00317912 0)
(0.199195 0.00333862 0)
(0.199323 0.00347984 0)
(0.199996 0.00010176 0)
(0.199982 0.000202443 0)
(0.199958 0.000303419 0)
(0.199925 0.000406353 0)
(0.199884 0.000512544 0)
(0.199836 0.000622988 0)
(0.199781 0.000738344 0)
(0.199721 0.000858892 0)
(0.199655 0.000984558 0)
(0.199586 0.00111502 0)
(0.199514 0.00124987 0)
(0.199442 0.00138874 0)
(0.19937 0.00153146 0)
(0.199301 0.00167801 0)
(0.199238 0.00182851 0)
(0.199182 0.00198305 0)
(0.199138 0.0021415 0)
(0.199107 0.00230331 0)
(0.199093 0.00246738 0)
(0.199097 0.00263184 0)
(0.199123 0.0027941 0)
(0.19917 0.0029509 0)
(0.19924 0.00309847 0)
(0.199331 0.00323287 0)
(0.199444 0.00335027 0)
(0.199996 0.000107933 0)
(0.199984 0.000214676 0)
(0.199962 0.000321573 0)
(0.199933 0.000430309 0)
(0.199897 0.000542187 0)
(0.199854 0.000658173 0)
(0.199806 0.000778853 0)
(0.199754 0.000904381 0)
(0.199697 0.0010345 0)
(0.199637 0.00116866 0)
(0.199575 0.00130616 0)
(0.199514 0.00144634 0)
(0.199453 0.00158865 0)
(0.199397 0.00173273 0)
(0.199346 0.00187835 0)
(0.199303 0.00202527 0)
(0.19927 0.00217309 0)
(0.19925 0.00232111 0)
(0.199243 0.00246822 0)
(0.199253 0.00261278 0)
(0.19928 0.00275266 0)
(0.199325 0.00288535 0)
(0.199387 0.00300807 0)
(0.199465 0.00311805 0)
(0.19956 0.00321266 0)
(0.199997 0.000114005 0)
(0.199986 0.000226689 0)
(0.199968 0.000339373 0)
(0.199942 0.000453753 0)
(0.199911 0.000571124 0)
(0.199875 0.000692409 0)
(0.199835 0.000818107 0)
(0.19979 0.000948236 0)
(0.199742 0.00108235 0)
(0.199692 0.00121965 0)
(0.199641 0.00135915 0)
(0.199591 0.00149989 0)
(0.199542 0.00164101 0)
(0.199498 0.00178184 0)
(0.199458 0.00192186 0)
(0.199426 0.0020606 0)
(0.199403 0.00219755 0)
(0.199391 0.00233199 0)
(0.19939 0.0024629 0)
(0.199403 0.00258899 0)
(0.199429 0.00270864 0)
(0.199469 0.00282001 0)
(0.199522 0.00292118 0)
(0.199587 0.0030103 0)
(0.199664 0.00308567 0)
(0.199997 0.000119732 0)
(0.199989 0.000238012 0)
(0.199974 0.000356132 0)
(0.199953 0.000475784 0)
(0.199928 0.000598244 0)
(0.199899 0.000724382 0)
(0.199866 0.000854602 0)
(0.19983 0.000988778 0)
(0.199792 0.00112627 0)
(0.199752 0.00126605 0)
(0.199712 0.00140688 0)
(0.199673 0.0015475 0)
(0.199636 0.00168679 0)
(0.199602 0.00182385 0)
(0.199573 0.00195795 0)
(0.199551 0.00208851 0)
(0.199536 0.00221497 0)
(0.199529 0.00233669 0)
(0.199532 0.00245289 0)
(0.199544 0.00256259 0)
(0.199567 0.00266469 0)
(0.199601 0.00275794 0)
(0.199643 0.00284111 0)
(0.199695 0.00291304 0)
(0.199755 0.00297275 0)
(0.199998 0.000124793 0)
(0.199991 0.000248014 0)
(0.19998 0.000370918 0)
(0.199965 0.000495187 0)
(0.199946 0.00062207 0)
(0.199924 0.000752379 0)
(0.1999 0.000886426 0)
(0.199873 0.00102395 0)
(0.199845 0.00116415 0)
(0.199816 0.00130577 0)
(0.199788 0.00144735 0)
(0.19976 0.0015874 0)
(0.199733 0.0017246 0)
(0.19971 0.00185786 0)
(0.19969 0.00198635 0)
(0.199675 0.00210942 0)
(0.199666 0.00222656 0)
(0.199663 0.00233724 0)
(0.199667 0.00244094 0)
(0.199678 0.002537 0)
(0.199696 0.00262473 0)
(0.199721 0.00270339 0)
(0.199753 0.00277226 0)
(0.19979 0.00283071 0)
(0.199833 0.00287821 0)
(0.199999 0.000128762 0)
(0.199995 0.000255861 0)
(0.199988 0.000382515 0)
(0.199978 0.000510384 0)
(0.199966 0.000640683 0)
(0.199952 0.000774177 0)
(0.199937 0.000911097 0)
(0.199921 0.00105107 0)
(0.199903 0.00119316 0)
(0.199885 0.00133594 0)
(0.199868 0.00147779 0)
(0.199851 0.00161706 0)
(0.199835 0.00175227 0)
(0.199821 0.00188222 0)
(0.199809 0.00200603 0)
(0.199801 0.00212306 0)
(0.199796 0.00223285 0)
(0.199795 0.00233503 0)
(0.199798 0.00242925 0)
(0.199805 0.00251516 0)
(0.199817 0.00259237 0)
(0.199833 0.00266049 0)
(0.199852 0.00271916 0)
(0.199875 0.00276809 0)
(0.199902 0.00280707 0)
(0.2 0.000131073 0)
(0.199998 0.000260452 0)
(0.199996 0.000389334 0)
(0.199992 0.000519362 0)
(0.199988 0.000651729 0)
(0.199983 0.000787166 0)
(0.199978 0.000925856 0)
(0.199972 0.00106736 0)
(0.199965 0.00121063 0)
(0.199959 0.00135417 0)
(0.199952 0.00149624 0)
(0.199946 0.00163508 0)
(0.19994 0.00176914 0)
(0.199935 0.00189716 0)
(0.199931 0.00201822 0)
(0.199927 0.00213168 0)
(0.199925 0.00223714 0)
(0.199925 0.00233433 0)
(0.199925 0.00242301 0)
(0.199928 0.00250299 0)
(0.199932 0.00257407 0)
(0.199937 0.00263605 0)
(0.199944 0.00268876 0)
(0.199952 0.00273211 0)
(0.199961 0.00276605 0)
)
;

boundaryField
{
    top
    {
        type            zeroGradient;
    }
    inlet
    {
        type            fixedValue;
        value           uniform (0.2 0 0);
    }
    outlet
    {
        type            zeroGradient;
    }
    plate
    {
        type            fixedValue;
        value           uniform (0 0 0);
    }
    symmBound
    {
        type            zeroGradient;
    }
    frontAndBack
    {
        type            empty;
    }
}


// ************************************************************************* //
