/*--------------------------------*- C++ -*----------------------------------*\
| =========                 |                                                 |
| \\      /  F ield         | OpenFOAM: The Open Source CFD Toolbox           |
|  \\    /   O peration     | Version:  2.3.0                                 |
|   \\  /    A nd           | Web:      www.OpenFOAM.org                      |
|    \\/     M anipulation  |                                                 |
\*---------------------------------------------------------------------------*/
FoamFile
{
    version     2.0;
    format      ascii;
    class       volVectorField;
    location    "0.85";
    object      U;
}
// * * * * * * * * * * * * * * * * * * * * * * * * * * * * * * * * * * * * * //

dimensions      [0 1 -1 0 0 0 0];

internalField   nonuniform List<vector> 
2250
(
(0.187409 0.00257287 1.70027e-06)
(0.178605 0.00352332 4.92491e-06)
(0.170596 0.00415139 7.41292e-06)
(0.162705 0.00439059 8.92403e-06)
(0.154546 0.00439041 9.73644e-06)
(0.146056 0.00429857 1.01682e-05)
(0.137338 0.00419234 1.03375e-05)
(0.128546 0.00408432 1.01604e-05)
(0.119805 0.00395802 9.47181e-06)
(0.111203 0.00379495 8.13206e-06)
(0.102807 0.00358532 6.06818e-06)
(0.0946846 0.00332794 3.27176e-06)
(0.0869104 0.00302674 -2.11216e-07)
(0.0795693 0.00268718 -4.28196e-06)
(0.0727612 0.00231625 -8.78217e-06)
(0.0665565 0.00191785 -1.34941e-05)
(0.0610135 0.00150329 -1.81564e-05)
(0.0561662 0.00109334 -2.24945e-05)
(0.0520189 0.000713419 -2.62586e-05)
(0.0485431 0.000386318 -2.92612e-05)
(0.0456831 0.000126103 -3.14029e-05)
(0.0433636 -6.39648e-05 -3.26817e-05)
(0.0415011 -0.000189431 -3.31808e-05)
(0.04001 -0.000260474 -3.30416e-05)
(0.0388102 -0.000288556 -3.24315e-05)
(0.0378292 -0.000284387 -3.15163e-05)
(0.0370063 -0.000258511 -3.04398e-05)
(0.036294 -0.0002212 -2.93176e-05)
(0.0356555 -0.000179496 -2.82387e-05)
(0.035062 -0.000137879 -2.72634e-05)
(0.0344939 -9.93566e-05 -2.64254e-05)
(0.0339376 -6.56877e-05 -2.57375e-05)
(0.0333867 -3.76632e-05 -2.51963e-05)
(0.0328375 -1.52518e-05 -2.47887e-05)
(0.0322902 1.94731e-06 -2.44955e-05)
(0.0317457 1.45873e-05 -2.42953e-05)
(0.0312068 2.32882e-05 -2.41662e-05)
(0.0306754 2.87082e-05 -2.40884e-05)
(0.0301545 3.18083e-05 -2.40448e-05)
(0.0296448 3.33891e-05 -2.402e-05)
(0.0291491 3.38935e-05 -2.40007e-05)
(0.0286674 3.3752e-05 -2.39764e-05)
(0.0282022 3.31559e-05 -2.39393e-05)
(0.0277524 3.23319e-05 -2.38845e-05)
(0.0273199 3.12879e-05 -2.38087e-05)
(0.0269026 3.01599e-05 -2.37113e-05)
(0.0265024 2.88964e-05 -2.3592e-05)
(0.0261164 2.76292e-05 -2.34526e-05)
(0.0257465 2.62807e-05 -2.32948e-05)
(0.0253892 2.49883e-05 -2.31217e-05)
(0.0250469 2.36463e-05 -2.29355e-05)
(0.0247154 2.24011e-05 -2.27401e-05)
(0.0243977 2.11181e-05 -2.25375e-05)
(0.0240889 1.99601e-05 -2.23319e-05)
(0.023793 1.8763e-05 -2.21245e-05)
(0.0235043 1.77116e-05 -2.19194e-05)
(0.0232277 1.661e-05 -2.17169e-05)
(0.0229566 1.56709e-05 -2.15207e-05)
(0.0226972 1.46628e-05 -2.13302e-05)
(0.0224417 1.38331e-05 -2.11487e-05)
(0.0221978 1.29095e-05 -2.09745e-05)
(0.0219563 1.21815e-05 -2.08107e-05)
(0.0217266 1.13302e-05 -2.06541e-05)
(0.0214978 1.0695e-05 -2.05082e-05)
(0.0212813 9.90244e-06 -2.0368e-05)
(0.0210641 9.35153e-06 -2.02374e-05)
(0.02086 8.60456e-06 -2.01096e-05)
(0.0206535 8.13062e-06 -1.99891e-05)
(0.0204614 7.41621e-06 -1.98666e-05)
(0.0202648 7.01334e-06 -1.97475e-05)
(0.0200842 6.31854e-06 -1.96197e-05)
(0.0198969 5.98185e-06 -1.94892e-05)
(0.0197276 5.29336e-06 -1.934e-05)
(0.0195489 5.01926e-06 -1.91791e-05)
(0.0193907 4.32351e-06 -1.89845e-05)
(0.01922 4.11201e-06 -1.87631e-05)
(0.0190729 3.39854e-06 -1.8484e-05)
(0.0189093 3.26094e-06 -1.81514e-05)
(0.0187733 2.53511e-06 -1.77198e-05)
(0.0186158 2.5109e-06 -1.71878e-05)
(0.0184903 1.80918e-06 -1.64918e-05)
(0.0183371 1.95967e-06 -1.56346e-05)
(0.0182214 1.2832e-06 -1.45645e-05)
(0.0180702 1.53007e-06 -1.33654e-05)
(0.0179641 5.92538e-07 -1.21228e-05)
(0.017815 5.00468e-07 -1.11625e-05)
(0.0177233 -1.16666e-06 -1.07935e-05)
(0.0175814 -1.64813e-06 -1.14278e-05)
(0.0175113 -3.39603e-06 -1.30301e-05)
(0.0173775 -2.96737e-06 -1.53541e-05)
(0.0173272 -3.72482e-06 -1.77974e-05)
(0.0171918 -2.05692e-06 -2.01654e-05)
(0.0171542 -2.35621e-06 -2.21047e-05)
(0.0170065 -1.63583e-07 -2.35571e-05)
(0.0169783 -7.56233e-07 -2.40024e-05)
(0.0168116 1.4925e-06 -2.32941e-05)
(0.0167962 5.72314e-08 -2.08656e-05)
(0.0166078 2.01883e-06 -1.69609e-05)
(0.0166159 -1.04339e-06 -1.12155e-05)
(0.0164068 5.82938e-06 -4.18284e-06)
(0.193833 0.00472055 1.1592e-06)
(0.193539 0.00625078 3.42238e-06)
(0.193246 0.00736919 5.70336e-06)
(0.192837 0.00795447 7.60672e-06)
(0.192117 0.00818004 8.83556e-06)
(0.19096 0.00824807 9.40466e-06)
(0.18934 0.0082801 9.47826e-06)
(0.187299 0.00830875 9.17341e-06)
(0.184899 0.00831739 8.48273e-06)
(0.182186 0.00827862 7.31546e-06)
(0.179197 0.00817363 5.5767e-06)
(0.175956 0.00799342 3.22011e-06)
(0.172495 0.0077359 2.66367e-07)
(0.168841 0.00740082 -3.19807e-06)
(0.165037 0.00699006 -7.02871e-06)
(0.161119 0.00650646 -1.10445e-05)
(0.157132 0.00595919 -1.50559e-05)
(0.153119 0.00536558 -1.88696e-05)
(0.149126 0.00474922 -2.22996e-05)
(0.145187 0.00413647 -2.51873e-05)
(0.141335 0.00355202 -2.74245e-05)
(0.137594 0.00301557 -2.89693e-05)
(0.133984 0.00253973 -2.98491e-05)
(0.130517 0.00213031 -3.01489e-05)
(0.127204 0.00178722 -2.99892e-05)
(0.124043 0.00150656 -2.95033e-05)
(0.121032 0.00128194 -2.88197e-05)
(0.118166 0.00110698 -2.80466e-05)
(0.11544 0.000974029 -2.72612e-05)
(0.112843 0.000874918 -2.6516e-05)
(0.110367 0.000801341 -2.58452e-05)
(0.108001 0.000746114 -2.52692e-05)
(0.105739 0.000703245 -2.47969e-05)
(0.103572 0.000668544 -2.44279e-05)
(0.101495 0.00063885 -2.41536e-05)
(0.0995008 0.000612377 -2.39607e-05)
(0.0975878 0.000587674 -2.38324e-05)
(0.0957491 0.000564202 -2.37513e-05)
(0.0939848 0.000541024 -2.36992e-05)
(0.0922866 0.000517747 -2.36632e-05)
(0.0906564 0.000494021 -2.3633e-05)
(0.0890859 0.00047021 -2.36015e-05)
(0.0875783 0.000446443 -2.35616e-05)
(0.0861243 0.000423307 -2.35088e-05)
(0.0847283 0.000400852 -2.34386e-05)
(0.0833802 0.000379543 -2.33498e-05)
(0.0820856 0.00035922 -2.3241e-05)
(0.0808329 0.000340252 -2.3114e-05)
(0.0796297 0.000322328 -2.29691e-05)
(0.0784626 0.000305788 -2.28099e-05)
(0.0773413 0.00029021 -2.26375e-05)
(0.0762506 0.000275946 -2.24563e-05)
(0.0752026 0.000262482 -2.22673e-05)
(0.0741798 0.000250216 -2.20753e-05)
(0.0731973 0.000238551 -2.18806e-05)
(0.072235 0.000227961 -2.16881e-05)
(0.0713113 0.00021777 -2.14971e-05)
(0.070403 0.000208548 -2.13125e-05)
(0.0695325 0.000199534 -2.11323e-05)
(0.0686725 0.000191411 -2.09613e-05)
(0.0678505 0.000183321 -2.07963e-05)
(0.0670342 0.000176079 -2.0642e-05)
(0.0662568 0.00016871 -2.04936e-05)
(0.06548 0.000162182 -2.03563e-05)
(0.064744 0.000155376 -2.02233e-05)
(0.0640033 0.000149437 -2.01006e-05)
(0.0633063 0.000143078 -1.99791e-05)
(0.0625986 0.000137643 -1.98656e-05)
(0.0619384 0.000131643 -1.97484e-05)
(0.0612608 0.000126653 -1.96355e-05)
(0.060636 0.000120945 -1.95117e-05)
(0.059986 0.000116362 -1.93864e-05)
(0.0593952 0.000110893 -1.92398e-05)
(0.0587703 0.000106692 -1.90829e-05)
(0.0582128 0.000101415 -1.88891e-05)
(0.0576104 9.75883e-05 -1.86706e-05)
(0.0570857 9.24708e-05 -1.83905e-05)
(0.0565033 8.90469e-05 -1.80596e-05)
(0.0560112 8.41102e-05 -1.76248e-05)
(0.0554458 8.12057e-05 -1.70908e-05)
(0.0549858 7.65745e-05 -1.63808e-05)
(0.0544335 7.43822e-05 -1.54979e-05)
(0.054005 7.00756e-05 -1.43653e-05)
(0.0534607 6.8314e-05 -1.30624e-05)
(0.0530637 6.33261e-05 -1.16594e-05)
(0.0525243 6.03754e-05 -1.05278e-05)
(0.0521641 5.29085e-05 -1.00518e-05)
(0.051632 4.83151e-05 -1.0783e-05)
(0.0513189 4.03615e-05 -1.27122e-05)
(0.0507932 3.84632e-05 -1.54718e-05)
(0.0505291 3.39758e-05 -1.82494e-05)
(0.0499963 3.6396e-05 -2.08436e-05)
(0.0497762 3.41898e-05 -2.2923e-05)
(0.0492185 3.86947e-05 -2.45154e-05)
(0.0490411 3.61801e-05 -2.50589e-05)
(0.0484431 4.06891e-05 -2.44232e-05)
(0.0483162 3.55126e-05 -2.19174e-05)
(0.0476657 3.90072e-05 -1.78444e-05)
(0.0476068 2.77767e-05 -1.18396e-05)
(0.0468927 3.74906e-05 -4.42795e-06)
(0.194755 0.00471351 8.83501e-07)
(0.194785 0.00569946 2.62696e-06)
(0.194991 0.00658167 4.50514e-06)
(0.195372 0.00722577 6.34307e-06)
(0.195831 0.00763381 7.76574e-06)
(0.196249 0.00789518 8.51777e-06)
(0.19655 0.00809871 8.61636e-06)
(0.196708 0.0082876 8.23435e-06)
(0.19673 0.00846134 7.51618e-06)
(0.196626 0.00859885 6.49355e-06)
(0.196402 0.00867772 5.12086e-06)
(0.196052 0.00868211 3.34847e-06)
(0.195564 0.0086028 1.17072e-06)
(0.194924 0.00843566 -1.36355e-06)
(0.194121 0.00818043 -4.17108e-06)
(0.193148 0.00784264 -7.15498e-06)
(0.192005 0.00743304 -1.02098e-05)
(0.190698 0.00696797 -1.32302e-05)
(0.189241 0.00646802 -1.61112e-05)
(0.187647 0.00595638 -1.87501e-05)
(0.185937 0.00545528 -2.10522e-05)
(0.184131 0.00498363 -2.29411e-05)
(0.182252 0.00455421 -2.43716e-05)
(0.180318 0.00417378 -2.53391e-05)
(0.178349 0.00384308 -2.58808e-05)
(0.176357 0.00355934 -2.60699e-05)
(0.174355 0.00331731 -2.60049e-05)
(0.17235 0.00311215 -2.57789e-05)
(0.170349 0.002938 -2.54514e-05)
(0.16835 0.00278897 -2.50649e-05)
(0.166359 0.00265894 -2.46548e-05)
(0.164371 0.00254295 -2.42531e-05)
(0.162391 0.00243665 -2.38859e-05)
(0.160416 0.00233727 -2.35711e-05)
(0.158452 0.00224252 -2.33168e-05)
(0.156493 0.00215145 -2.31228e-05)
(0.154549 0.00206302 -2.29812e-05)
(0.152612 0.00197716 -2.28789e-05)
(0.150694 0.00189315 -2.27983e-05)
(0.148785 0.00181098 -2.27306e-05)
(0.146899 0.00173026 -2.26709e-05)
(0.145025 0.00165148 -2.26166e-05)
(0.143179 0.00157459 -2.2563e-05)
(0.141348 0.0015003 -2.25061e-05)
(0.139549 0.0014285 -2.24403e-05)
(0.137767 0.00135984 -2.23631e-05)
(0.136021 0.00129401 -2.22711e-05)
(0.134291 0.00123154 -2.2165e-05)
(0.132602 0.00117196 -2.20437e-05)
(0.13093 0.00111577 -2.19103e-05)
(0.129301 0.00106233 -2.17645e-05)
(0.127687 0.00101217 -2.16107e-05)
(0.12612 0.000964508 -2.14486e-05)
(0.124565 0.000919921 -2.12833e-05)
(0.123061 0.00087751 -2.11139e-05)
(0.121565 0.000837922 -2.09462e-05)
(0.120123 0.000800151 -2.07782e-05)
(0.118685 0.000764954 -2.06159e-05)
(0.117304 0.000731213 -2.04561e-05)
(0.115923 0.000699823 -2.03051e-05)
(0.114602 0.000669544 -2.01581e-05)
(0.113274 0.000641431 -2.00219e-05)
(0.112012 0.000614107 -1.98896e-05)
(0.110736 0.000588813 -1.97688e-05)
(0.10953 0.00056401 -1.96503e-05)
(0.108302 0.000541146 -1.9543e-05)
(0.107152 0.000518497 -1.94346e-05)
(0.105968 0.000497744 -1.93355e-05)
(0.104872 0.000476943 -1.92301e-05)
(0.103729 0.000458037 -1.91306e-05)
(0.102686 0.000438825 -1.90171e-05)
(0.101582 0.000421548 -1.89039e-05)
(0.10059 0.000403706 -1.87655e-05)
(0.0995204 0.000387877 -1.86189e-05)
(0.0985799 0.000371215 -1.84311e-05)
(0.0975417 0.000356695 -1.82212e-05)
(0.0966524 0.000341068 -1.79452e-05)
(0.0956414 0.000327796 -1.76227e-05)
(0.0948038 0.000313171 -1.71908e-05)
(0.0938157 0.000301262 -1.6662e-05)
(0.0930303 0.000287835 -1.59387e-05)
(0.0920595 0.000277601 -1.50132e-05)
(0.0913266 0.000265471 -1.37525e-05)
(0.0903659 0.000256398 -1.21951e-05)
(0.0896864 0.000243616 -1.03624e-05)
(0.0887299 0.00023214 -8.70533e-06)
(0.088111 0.000214444 -7.81764e-06)
(0.0871592 0.000198694 -8.64236e-06)
(0.0866145 0.000179626 -1.13556e-05)
(0.0856642 0.000168704 -1.53015e-05)
(0.0851979 0.000157506 -1.91007e-05)
(0.0842309 0.000155661 -2.24082e-05)
(0.0838406 0.000150435 -2.49756e-05)
(0.0828341 0.000152834 -2.698e-05)
(0.0825225 0.000148125 -2.7874e-05)
(0.0814559 0.000150172 -2.74586e-05)
(0.0812339 0.000141423 -2.48749e-05)
(0.0800894 0.000140758 -2.0344e-05)
(0.0799781 0.000123239 -1.35843e-05)
(0.0787417 0.000122164 -5.14443e-06)
(0.195483 0.00456067 6.91005e-07)
(0.195506 0.00525972 2.02897e-06)
(0.195649 0.00594144 3.42594e-06)
(0.195941 0.00653284 4.86282e-06)
(0.196364 0.00699274 6.13806e-06)
(0.196858 0.00733419 6.97584e-06)
(0.197362 0.0075987 7.24276e-06)
(0.197834 0.00782182 6.99954e-06)
(0.19827 0.00801777 6.39695e-06)
(0.198674 0.00818105 5.55972e-06)
(0.199056 0.00829678 4.53085e-06)
(0.199413 0.00835043 3.29632e-06)
(0.199738 0.00833165 1.83366e-06)
(0.200013 0.00823572 1.38317e-07)
(0.20022 0.00806301 -1.77285e-06)
(0.200342 0.00781912 -3.86478e-06)
(0.200366 0.00751364 -6.08718e-06)
(0.200281 0.00715982 -8.38248e-06)
(0.200084 0.00677335 -1.06887e-05)
(0.199772 0.00637163 -1.29386e-05)
(0.199354 0.00597157 -1.50591e-05)
(0.198833 0.00558825 -1.69765e-05)
(0.198226 0.00523293 -1.86263e-05)
(0.197541 0.00491283 -1.99667e-05)
(0.196798 0.00463075 -2.09867e-05)
(0.196002 0.00438638 -2.17056e-05)
(0.19517 0.00417669 -2.21574e-05)
(0.194303 0.00399708 -2.2387e-05)
(0.193414 0.00384225 -2.24494e-05)
(0.192495 0.00370759 -2.23944e-05)
(0.191558 0.00358853 -2.22622e-05)
(0.190592 0.00348145 -2.20868e-05)
(0.189609 0.00338285 -2.18947e-05)
(0.188596 0.00329035 -2.17071e-05)
(0.187567 0.00320167 -2.15369e-05)
(0.186505 0.00311557 -2.13909e-05)
(0.185429 0.00303079 -2.12686e-05)
(0.184318 0.0029469 -2.11683e-05)
(0.183194 0.00286332 -2.10876e-05)
(0.182035 0.00278035 -2.10234e-05)
(0.180865 0.0026977 -2.09701e-05)
(0.179661 0.00261588 -2.0925e-05)
(0.178451 0.00253468 -2.08828e-05)
(0.177206 0.00245472 -2.0841e-05)
(0.17596 0.0023758 -2.07934e-05)
(0.17468 0.00229852 -2.07382e-05)
(0.173405 0.0022226 -2.06708e-05)
(0.172095 0.00214863 -2.05921e-05)
(0.170796 0.0020762 -2.04997e-05)
(0.169461 0.00200589 -2.03969e-05)
(0.168145 0.00193721 -2.0282e-05)
(0.166791 0.00187074 -2.01599e-05)
(0.165463 0.0018059 -2.0029e-05)
(0.164096 0.00174329 -1.98949e-05)
(0.162763 0.00168226 -1.97555e-05)
(0.161387 0.00162341 -1.96173e-05)
(0.160053 0.00156606 -1.94771e-05)
(0.158673 0.00151084 -1.93423e-05)
(0.157344 0.00145699 -1.92079e-05)
(0.155963 0.00140521 -1.90822e-05)
(0.154645 0.00135469 -1.89585e-05)
(0.153267 0.00130616 -1.88456e-05)
(0.151964 0.00125878 -1.87347e-05)
(0.150591 0.00121333 -1.86357e-05)
(0.149308 0.00116891 -1.85372e-05)
(0.147944 0.00112636 -1.84504e-05)
(0.146684 0.00108474 -1.83607e-05)
(0.145331 0.00104492 -1.82811e-05)
(0.144099 0.00100592 -1.81932e-05)
(0.142757 0.000968674 -1.81118e-05)
(0.141558 0.000932153 -1.80138e-05)
(0.140227 0.000897312 -1.79167e-05)
(0.139065 0.000863102 -1.77913e-05)
(0.137746 0.000830505 -1.76578e-05)
(0.136624 0.000798448 -1.74794e-05)
(0.135317 0.000767948 -1.72796e-05)
(0.13424 0.000737918 -1.7011e-05)
(0.132942 0.000709446 -1.66989e-05)
(0.131914 0.000681473 -1.62776e-05)
(0.130623 0.00065521 -1.57628e-05)
(0.129648 0.00062971 -1.50402e-05)
(0.128359 0.000606248 -1.4067e-05)
(0.127441 0.000583727 -1.26137e-05)
(0.126148 0.000562618 -1.05706e-05)
(0.12529 0.000540248 -7.80089e-06)
(0.123986 0.000515085 -4.7804e-06)
(0.123199 0.000483946 -2.54049e-06)
(0.121886 0.00044871 -2.97171e-06)
(0.121189 0.000413072 -7.05489e-06)
(0.119864 0.0003844 -1.37264e-05)
(0.119263 0.000363956 -2.02658e-05)
(0.117905 0.000352154 -2.56005e-05)
(0.117399 0.000344113 -2.95491e-05)
(0.115982 0.000339344 -3.25572e-05)
(0.115576 0.00033296 -3.43194e-05)
(0.11408 0.000327184 -3.4501e-05)
(0.113789 0.000317035 -3.20024e-05)
(0.112193 0.000307701 -2.66167e-05)
(0.112041 0.00028607 -1.79247e-05)
(0.110332 0.000267043 -6.60122e-06)
(0.196092 0.00446536 5.11318e-07)
(0.196122 0.00502702 1.4679e-06)
(0.196233 0.0055908 2.42629e-06)
(0.196449 0.00611913 3.41696e-06)
(0.196775 0.00657608 4.39048e-06)
(0.197183 0.00694519 5.19083e-06)
(0.197633 0.0072341 5.63924e-06)
(0.198087 0.00746337 5.65919e-06)
(0.198531 0.00764951 5.31536e-06)
(0.19896 0.00779748 4.73804e-06)
(0.199383 0.007902 4.0308e-06)
(0.199799 0.007954 3.23058e-06)
(0.200212 0.00794554 2.32223e-06)
(0.200607 0.00787285 1.27071e-06)
(0.200978 0.00773659 4.84764e-08)
(0.201308 0.00754174 -1.35196e-06)
(0.201589 0.00729626 -2.91726e-06)
(0.201806 0.00701071 -4.61988e-06)
(0.201959 0.00669707 -6.42284e-06)
(0.202035 0.00636847 -8.28146e-06)
(0.202045 0.00603767 -1.0142e-05)
(0.201982 0.00571649 -1.1944e-05)
(0.201862 0.00541434 -1.36251e-05)
(0.201682 0.00513799 -1.51299e-05)
(0.201465 0.00489097 -1.64166e-05)
(0.201206 0.00467417 -1.74622e-05)
(0.200927 0.00448595 -1.82612e-05)
(0.20062 0.00432328 -1.88307e-05)
(0.200306 0.00418223 -1.92073e-05)
(0.199969 0.00405924 -1.94351e-05)
(0.199629 0.00395078 -1.95519e-05)
(0.199266 0.00385392 -1.95885e-05)
(0.198903 0.0037658 -1.95671e-05)
(0.198513 0.00368419 -1.95072e-05)
(0.198123 0.00360697 -1.9423e-05)
(0.197701 0.00353271 -1.9328e-05)
(0.197279 0.00346014 -1.92307e-05)
(0.196821 0.00338863 -1.91401e-05)
(0.196362 0.00331764 -1.90603e-05)
(0.195863 0.00324714 -1.8993e-05)
(0.195364 0.00317695 -1.89334e-05)
(0.19482 0.00310715 -1.88796e-05)
(0.194281 0.00303768 -1.88269e-05)
(0.19369 0.00296866 -1.87753e-05)
(0.193108 0.00290015 -1.87205e-05)
(0.192471 0.0028323 -1.86633e-05)
(0.191847 0.00276521 -1.85994e-05)
(0.191163 0.00269898 -1.85309e-05)
(0.190498 0.00263373 -1.84539e-05)
(0.189767 0.00256948 -1.83722e-05)
(0.189062 0.00250637 -1.82826e-05)
(0.188285 0.0024443 -1.81901e-05)
(0.187543 0.00238346 -1.80912e-05)
(0.186721 0.00232363 -1.79922e-05)
(0.185943 0.00226509 -1.78888e-05)
(0.185078 0.00220747 -1.77885e-05)
(0.184268 0.00215116 -1.76858e-05)
(0.18336 0.00209564 -1.75892e-05)
(0.18252 0.00204145 -1.7492e-05)
(0.181571 0.0019879 -1.74036e-05)
(0.180704 0.0019357 -1.73155e-05)
(0.179716 0.00188397 -1.72381e-05)
(0.178825 0.00183364 -1.71608e-05)
(0.177799 0.0017836 -1.70953e-05)
(0.17689 0.00173505 -1.70285e-05)
(0.175827 0.00168659 -1.69733e-05)
(0.174903 0.00163975 -1.69135e-05)
(0.173805 0.00159277 -1.68636e-05)
(0.172871 0.0015476 -1.68038e-05)
(0.171739 0.00150204 -1.67502e-05)
(0.1708 0.00145851 -1.66782e-05)
(0.169635 0.00141432 -1.6606e-05)
(0.168697 0.00137241 -1.65032e-05)
(0.1675 0.00132954 -1.63905e-05)
(0.166569 0.00128927 -1.62304e-05)
(0.16534 0.00124767 -1.60476e-05)
(0.164422 0.0012091 -1.57964e-05)
(0.163162 0.00116885 -1.55061e-05)
(0.162265 0.00113224 -1.5119e-05)
(0.160972 0.00109378 -1.46575e-05)
(0.160103 0.00106005 -1.40101e-05)
(0.158775 0.0010247 -1.30916e-05)
(0.15794 0.000995487 -1.15363e-05)
(0.156571 0.000963946 -8.89726e-06)
(0.155775 0.000936548 -4.5479e-06)
(0.154359 0.000899151 1.39377e-06)
(0.153615 0.000856709 7.3868e-06)
(0.152159 0.000797365 9.5609e-06)
(0.151496 0.000740631 4.36311e-06)
(0.150005 0.000686165 -7.39427e-06)
(0.14943 0.000654392 -2.02443e-05)
(0.147876 0.000629421 -3.06193e-05)
(0.147384 0.000619832 -3.78546e-05)
(0.145746 0.000605157 -4.29438e-05)
(0.145346 0.000597337 -4.64467e-05)
(0.143606 0.000579634 -4.80578e-05)
(0.143316 0.000568502 -4.6544e-05)
(0.141457 0.000547605 -4.06908e-05)
(0.141296 0.000523299 -2.87995e-05)
(0.139311 0.000479609 -9.95115e-06)
(0.196632 0.00440639 3.47901e-07)
(0.196673 0.00487703 9.69786e-07)
(0.196771 0.00535361 1.56745e-06)
(0.196942 0.00581419 2.19369e-06)
(0.197196 0.00623232 2.87653e-06)
(0.19752 0.00658833 3.55397e-06)
(0.197893 0.00687606 4.08879e-06)
(0.198286 0.00710212 4.35728e-06)
(0.198684 0.00727721 4.32948e-06)
(0.199072 0.00740913 4.06529e-06)
(0.199456 0.00749949 3.66211e-06)
(0.19983 0.00754516 3.19106e-06)
(0.200203 0.00754169 2.66852e-06)
(0.200563 0.00748633 2.06761e-06)
(0.200912 0.00737935 1.34721e-06)
(0.201231 0.00722419 4.74522e-07)
(0.201524 0.00702683 -5.64783e-07)
(0.201769 0.00679524 -1.76754e-06)
(0.201975 0.00653861 -3.11648e-06)
(0.202123 0.00626681 -4.58443e-06)
(0.202229 0.00598971 -6.13464e-06)
(0.202276 0.00571652 -7.72249e-06)
(0.202289 0.00545514 -9.29561e-06)
(0.202253 0.00521156 -1.07988e-05)
(0.202197 0.00498967 -1.21781e-05)
(0.202104 0.00479102 -1.33897e-05)
(0.202007 0.00461545 -1.44061e-05)
(0.201884 0.00446118 -1.5222e-05)
(0.201769 0.00432592 -1.58507e-05)
(0.201632 0.00420683 -1.63188e-05)
(0.201511 0.00410144 -1.66533e-05)
(0.201369 0.00400707 -1.68796e-05)
(0.201246 0.00392167 -1.70165e-05)
(0.201098 0.00384293 -1.70822e-05)
(0.200971 0.00376939 -1.70919e-05)
(0.200815 0.00369926 -1.70629e-05)
(0.200681 0.00363184 -1.7009e-05)
(0.200512 0.00356591 -1.69444e-05)
(0.200368 0.00350147 -1.68762e-05)
(0.200181 0.00343769 -1.68104e-05)
(0.200021 0.00337499 -1.67456e-05)
(0.199813 0.00331259 -1.66829e-05)
(0.199636 0.00325118 -1.66192e-05)
(0.199403 0.00318994 -1.6557e-05)
(0.199206 0.00312979 -1.64939e-05)
(0.198944 0.00306982 -1.64327e-05)
(0.198725 0.00301119 -1.63697e-05)
(0.198434 0.00295278 -1.63075e-05)
(0.198192 0.00289597 -1.62415e-05)
(0.197867 0.00283936 -1.61753e-05)
(0.197601 0.00278455 -1.61042e-05)
(0.197242 0.00272983 -1.60334e-05)
(0.196951 0.00267708 -1.5958e-05)
(0.196556 0.00262421 -1.58845e-05)
(0.196239 0.00257345 -1.58075e-05)
(0.195806 0.0025223 -1.57348e-05)
(0.195464 0.0024734 -1.566e-05)
(0.19499 0.00242378 -1.55921e-05)
(0.194623 0.00237657 -1.55236e-05)
(0.194107 0.00232827 -1.54647e-05)
(0.193714 0.00228256 -1.54062e-05)
(0.193154 0.00223537 -1.53596e-05)
(0.192738 0.00219101 -1.53138e-05)
(0.192132 0.00214472 -1.52813e-05)
(0.191691 0.00210158 -1.52489e-05)
(0.191038 0.00205603 -1.52302e-05)
(0.190576 0.002014 -1.52093e-05)
(0.189873 0.00196906 -1.5201e-05)
(0.189391 0.00192809 -1.51858e-05)
(0.188637 0.00188363 -1.51799e-05)
(0.188137 0.00184368 -1.51592e-05)
(0.187331 0.00179962 -1.51412e-05)
(0.186816 0.0017607 -1.50966e-05)
(0.185956 0.00171692 -1.50448e-05)
(0.18543 0.00167905 -1.49509e-05)
(0.184514 0.0016355 -1.48383e-05)
(0.183981 0.00159875 -1.46697e-05)
(0.183007 0.00155548 -1.44787e-05)
(0.182473 0.00152016 -1.42335e-05)
(0.18144 0.00147772 -1.39811e-05)
(0.18091 0.00144514 -1.36699e-05)
(0.179814 0.00140564 -1.32385e-05)
(0.179293 0.00137916 -1.22616e-05)
(0.178128 0.00134606 -9.85382e-06)
(0.177617 0.0013259 -4.40984e-06)
(0.176371 0.00128875 5.29008e-06)
(0.175879 0.00124931 1.80398e-05)
(0.174566 0.00117579 2.73385e-05)
(0.174131 0.00110521 2.40909e-05)
(0.172769 0.00102857 6.50129e-06)
(0.172397 0.000990674 -1.53788e-05)
(0.17095 0.000956438 -3.25277e-05)
(0.170622 0.000949999 -4.33432e-05)
(0.169067 0.000927293 -5.03638e-05)
(0.168791 0.000921809 -5.59878e-05)
(0.167122 0.000892427 -6.01885e-05)
(0.166916 0.000881041 -6.2071e-05)
(0.165123 0.000845162 -5.91471e-05)
(0.164993 0.000819795 -4.67817e-05)
(0.163066 0.000745325 -1.58908e-05)
(0.197123 0.0043568 2.04418e-07)
(0.197172 0.0047553 5.4574e-07)
(0.197263 0.00515855 8.60781e-07)
(0.197402 0.00555181 1.21057e-06)
(0.197603 0.00591741 1.64717e-06)
(0.197857 0.00623933 2.16428e-06)
(0.198159 0.00650843 2.68484e-06)
(0.198485 0.00672328 3.09987e-06)
(0.198827 0.00688853 3.32657e-06)
(0.199165 0.00701021 3.35214e-06)
(0.199503 0.00709242 3.22577e-06)
(0.19983 0.00713588 3.01507e-06)
(0.200156 0.00713942 2.76338e-06)
(0.200467 0.00710143 2.47277e-06)
(0.200773 0.00702199 2.11389e-06)
(0.201053 0.00690292 1.64613e-06)
(0.201318 0.00674853 1.03609e-06)
(0.201542 0.00656434 2.65683e-07)
(0.20174 0.00635749 -6.66112e-07)
(0.201889 0.00613516 -1.74735e-06)
(0.20201 0.00590523 -2.9552e-06)
(0.20208 0.00567456 -4.2584e-06)
(0.202128 0.00544994 -5.616e-06)
(0.202129 0.00523611 -6.98022e-06)
(0.202121 0.00503723 -8.2989e-06)
(0.202075 0.0048549 -9.52434e-06)
(0.202034 0.00469034 -1.06186e-05)
(0.201963 0.00454244 -1.15602e-05)
(0.201908 0.00441059 -1.23424e-05)
(0.201827 0.0042923 -1.29726e-05)
(0.201771 0.00418649 -1.34647e-05)
(0.201689 0.00409037 -1.38367e-05)
(0.201638 0.00400313 -1.41048e-05)
(0.201557 0.00392209 -1.42862e-05)
(0.201512 0.00384697 -1.43958e-05)
(0.201432 0.00377532 -1.44508e-05)
(0.201391 0.00370754 -1.44651e-05)
(0.20131 0.00364143 -1.44534e-05)
(0.201271 0.00357806 -1.44243e-05)
(0.201185 0.00351533 -1.43866e-05)
(0.201147 0.00345489 -1.43425e-05)
(0.201053 0.00339454 -1.42962e-05)
(0.201014 0.00333637 -1.42468e-05)
(0.20091 0.00327798 -1.41982e-05)
(0.200868 0.00322187 -1.41487e-05)
(0.200752 0.00316535 -1.41022e-05)
(0.200705 0.00311137 -1.40556e-05)
(0.200574 0.00305683 -1.40118e-05)
(0.200522 0.00300513 -1.39664e-05)
(0.200375 0.00295265 -1.39228e-05)
(0.200317 0.00290329 -1.38763e-05)
(0.200151 0.00285287 -1.38316e-05)
(0.200086 0.00280583 -1.37841e-05)
(0.199899 0.00275736 -1.37398e-05)
(0.199826 0.00271255 -1.36938e-05)
(0.199617 0.00266585 -1.36535e-05)
(0.199536 0.0026231 -1.3613e-05)
(0.199302 0.00257795 -1.3581e-05)
(0.199212 0.00253708 -1.35508e-05)
(0.198949 0.00249324 -1.35321e-05)
(0.19885 0.00245404 -1.35174e-05)
(0.198557 0.00241126 -1.35173e-05)
(0.198447 0.00237356 -1.3523e-05)
(0.198121 0.0023316 -1.35462e-05)
(0.198001 0.00229523 -1.35767e-05)
(0.197638 0.00225387 -1.36273e-05)
(0.197508 0.0022187 -1.36857e-05)
(0.197106 0.00217776 -1.3766e-05)
(0.196965 0.00214369 -1.38536e-05)
(0.19652 0.00210297 -1.39634e-05)
(0.196369 0.00206993 -1.4078e-05)
(0.195878 0.00202929 -1.42131e-05)
(0.195718 0.00199723 -1.4348e-05)
(0.195178 0.00195649 -1.44997e-05)
(0.195008 0.00192534 -1.46453e-05)
(0.194416 0.00188432 -1.48058e-05)
(0.194239 0.00185402 -1.49641e-05)
(0.193591 0.00181256 -1.51587e-05)
(0.19341 0.00178312 -1.54049e-05)
(0.192703 0.00174137 -1.57992e-05)
(0.192519 0.00171365 -1.64353e-05)
(0.191751 0.00167348 -1.74543e-05)
(0.191566 0.00165152 -1.87467e-05)
(0.190728 0.00161928 -1.9541e-05)
(0.190535 0.00160967 -1.7717e-05)
(0.189609 0.00158318 -1.01172e-05)
(0.189404 0.00156494 4.73642e-06)
(0.188405 0.00150812 2.13123e-05)
(0.188242 0.00145706 2.71639e-05)
(0.187213 0.00138675 1.72359e-05)
(0.187095 0.00135275 3.33947e-06)
(0.185982 0.00130584 -4.69911e-06)
(0.185862 0.00128726 -7.67413e-06)
(0.18464 0.00124255 -9.86847e-06)
(0.184525 0.00122414 -1.43482e-05)
(0.183197 0.00117649 -2.04789e-05)
(0.183103 0.00115631 -2.81261e-05)
(0.181669 0.00110918 -3.58417e-05)
(0.181579 0.00108451 -3.85763e-05)
(0.180014 0.000988512 -1.42057e-05)
(0.197568 0.0043043 8.04007e-08)
(0.197623 0.00464272 1.89535e-07)
(0.197706 0.00498322 2.83946e-07)
(0.197819 0.00531546 4.23837e-07)
(0.19798 0.00562804 6.58994e-07)
(0.198178 0.0059097 1.00645e-06)
(0.198419 0.00615231 1.43533e-06)
(0.198682 0.0063516 1.87159e-06)
(0.198969 0.00650823 2.23197e-06)
(0.199255 0.00662491 2.46647e-06)
(0.199549 0.00670527 2.57593e-06)
(0.19983 0.00675105 2.59782e-06)
(0.200115 0.00676321 2.57538e-06)
(0.200381 0.00674116 2.53002e-06)
(0.200648 0.00668547 2.45169e-06)
(0.200889 0.00659689 2.30608e-06)
(0.201123 0.00647872 2.05204e-06)
(0.20132 0.00633445 1.65605e-06)
(0.201503 0.00616985 1.1004e-06)
(0.201641 0.0059899 3.81796e-07)
(0.201762 0.00580125 -4.89865e-07)
(0.201834 0.00560873 -1.49343e-06)
(0.201895 0.00541839 -2.59606e-06)
(0.20191 0.00523357 -3.75613e-06)
(0.201923 0.00505858 -4.92584e-06)
(0.201896 0.00489441 -6.05842e-06)
(0.20188 0.00474337 -7.11216e-06)
(0.201828 0.00460429 -8.05679e-06)
(0.201798 0.00447804 -8.87361e-06)
(0.201735 0.00436207 -9.55766e-06)
(0.201703 0.00425679 -1.0113e-05)
(0.201638 0.00415909 -1.05516e-05)
(0.20161 0.00406963 -1.08873e-05)
(0.201546 0.00398515 -1.11357e-05)
(0.201524 0.00390682 -1.13109e-05)
(0.201462 0.00383136 -1.14274e-05)
(0.201447 0.00376057 -1.14974e-05)
(0.201386 0.00369112 -1.15334e-05)
(0.201377 0.00362546 -1.15442e-05)
(0.201315 0.00356012 -1.15393e-05)
(0.201312 0.00349819 -1.15232e-05)
(0.201248 0.00343594 -1.15016e-05)
(0.201249 0.00337706 -1.14757e-05)
(0.20118 0.00331743 -1.14492e-05)
(0.201185 0.00326132 -1.14216e-05)
(0.201111 0.00320413 -1.1396e-05)
(0.201119 0.00315073 -1.13707e-05)
(0.201038 0.00309594 -1.13483e-05)
(0.201049 0.00304528 -1.13262e-05)
(0.20096 0.00299288 -1.13069e-05)
(0.200974 0.00294496 -1.12876e-05)
(0.200876 0.0028949 -1.12715e-05)
(0.200892 0.00284968 -1.12562e-05)
(0.200783 0.00280184 -1.12459e-05)
(0.200802 0.00275922 -1.12381e-05)
(0.200681 0.00271343 -1.12381e-05)
(0.200702 0.00267327 -1.12432e-05)
(0.200568 0.00262932 -1.12595e-05)
(0.200591 0.00259145 -1.12845e-05)
(0.200441 0.00254912 -1.13248e-05)
(0.200466 0.00251335 -1.13781e-05)
(0.200298 0.0024724 -1.14521e-05)
(0.200325 0.00243854 -1.15447e-05)
(0.200138 0.00239873 -1.16644e-05)
(0.200165 0.00236663 -1.18096e-05)
(0.199956 0.00232772 -1.19903e-05)
(0.199984 0.00229723 -1.22054e-05)
(0.199751 0.00225902 -1.24663e-05)
(0.199779 0.00222999 -1.27731e-05)
(0.199518 0.00219229 -1.31387e-05)
(0.199547 0.00216461 -1.35647e-05)
(0.199256 0.00212721 -1.40658e-05)
(0.199284 0.00210075 -1.46458e-05)
(0.198961 0.0020634 -1.53209e-05)
(0.198987 0.00203793 -1.60999e-05)
(0.198628 0.00200026 -1.70026e-05)
(0.198653 0.00197533 -1.80511e-05)
(0.198256 0.00193666 -1.92848e-05)
(0.19828 0.00191138 -2.07753e-05)
(0.197842 0.00187042 -2.26549e-05)
(0.197865 0.00184334 -2.51942e-05)
(0.197384 0.00179868 -2.88804e-05)
(0.197407 0.0017698 -3.45147e-05)
(0.196878 0.00172517 -4.30667e-05)
(0.19689 0.00170496 -5.50343e-05)
(0.196289 0.00168174 -6.83293e-05)
(0.196274 0.00170282 -7.6908e-05)
(0.195612 0.00172721 -7.13705e-05)
(0.195627 0.00177827 -4.45949e-05)
(0.194962 0.00178597 1.05339e-06)
(0.195007 0.00177748 5.33937e-05)
(0.194278 0.00170705 0.000100226)
(0.194297 0.001633 0.000136023)
(0.193483 0.00152126 0.000160958)
(0.193482 0.00143178 0.000176644)
(0.192591 0.00131984 0.000186363)
(0.192579 0.00124907 0.000180984)
(0.191614 0.00118611 0.000153753)
(0.191551 0.00119057 0.000100933)
(0.190478 0.00114232 3.22562e-05)
(0.197972 0.00424538 -2.71651e-08)
(0.198027 0.0045336 -1.1303e-07)
(0.198101 0.00482156 -1.99389e-07)
(0.198193 0.00510228 -2.34394e-07)
(0.198321 0.00536862 -1.74609e-07)
(0.198475 0.00561264 4.80949e-09)
(0.198666 0.00582835 2.99299e-07)
(0.198875 0.00601091 6.71384e-07)
(0.19911 0.00615907 1.06338e-06)
(0.199347 0.00627267 1.42217e-06)
(0.199597 0.00635392 1.72081e-06)
(0.199836 0.00640382 1.96331e-06)
(0.200081 0.00642427 2.17213e-06)
(0.200309 0.00641512 2.36712e-06)
(0.200539 0.00637778 2.54898e-06)
(0.200745 0.00631241 2.69441e-06)
(0.20095 0.00622195 2.76443e-06)
(0.201121 0.00610832 2.71818e-06)
(0.201287 0.0059765 2.52337e-06)
(0.201411 0.0058297 2.15771e-06)
(0.201528 0.00567395 1.61329e-06)
(0.201599 0.00551255 8.98753e-07)
(0.201666 0.00535131 3.96723e-08)
(0.20169 0.00519231 -9.25218e-07)
(0.201716 0.00504013 -1.94864e-06)
(0.201701 0.00489496 -2.98141e-06)
(0.2017 0.0047599 -3.97754e-06)
(0.201661 0.0046333 -4.89967e-06)
(0.201645 0.00451718 -5.72136e-06)
(0.201594 0.00440861 -6.42888e-06)
(0.201574 0.00430926 -7.01936e-06)
(0.201519 0.00421551 -7.49893e-06)
(0.2015 0.00412926 -7.87853e-06)
(0.201444 0.00404661 -8.17168e-06)
(0.201431 0.00396996 -8.39162e-06)
(0.201376 0.00389524 -8.55125e-06)
(0.201368 0.00382545 -8.662e-06)
(0.201314 0.00375627 -8.73486e-06)
(0.201313 0.00369139 -8.77935e-06)
(0.201259 0.0036262 -8.80433e-06)
(0.201263 0.00356504 -8.81664e-06)
(0.201208 0.00350293 -8.82197e-06)
(0.201217 0.00344488 -8.82387e-06)
(0.20116 0.00338543 -8.8251e-06)
(0.201175 0.00333022 -8.82712e-06)
(0.201115 0.00327322 -8.83133e-06)
(0.201134 0.00322077 -8.83838e-06)
(0.20107 0.00316616 -8.84912e-06)
(0.201094 0.00311646 -8.86381e-06)
(0.201026 0.00306421 -8.88293e-06)
(0.201055 0.00301724 -8.90681e-06)
(0.200982 0.00296729 -8.93604e-06)
(0.201015 0.00292302 -8.97153e-06)
(0.200937 0.00287528 -9.01432e-06)
(0.200976 0.00283364 -9.06615e-06)
(0.200891 0.00278797 -9.12854e-06)
(0.200935 0.00274885 -9.20414e-06)
(0.200843 0.00270509 -9.29488e-06)
(0.200892 0.00266834 -9.40465e-06)
(0.200792 0.00262631 -9.53591e-06)
(0.200847 0.00259178 -9.69425e-06)
(0.200737 0.0025513 -9.88288e-06)
(0.200798 0.00251883 -1.01097e-05)
(0.200678 0.00247969 -1.0379e-05)
(0.200743 0.00244916 -1.07017e-05)
(0.200612 0.00241116 -1.10842e-05)
(0.200683 0.00238243 -1.15414e-05)
(0.200538 0.00234541 -1.20822e-05)
(0.200613 0.00231831 -1.27275e-05)
(0.200455 0.00228208 -1.34897e-05)
(0.200534 0.00225647 -1.43976e-05)
(0.200359 0.00222081 -1.54675e-05)
(0.200442 0.00219647 -1.67385e-05)
(0.20025 0.00216104 -1.82311e-05)
(0.200336 0.00213755 -1.99961e-05)
(0.200124 0.00210175 -2.2058e-05)
(0.200211 0.00207817 -2.44824e-05)
(0.199978 0.00204063 -2.73022e-05)
(0.200067 0.00201494 -3.06199e-05)
(0.19981 0.00197256 -3.45411e-05)
(0.199899 0.00194022 -3.94041e-05)
(0.199618 0.00188671 -4.59294e-05)
(0.199708 0.00184034 -5.6037e-05)
(0.199404 0.00177155 -7.37092e-05)
(0.199495 0.00172324 -0.000105285)
(0.199165 0.00169252 -0.000155017)
(0.199254 0.00175096 -0.000213812)
(0.19889 0.00187814 -0.000245508)
(0.198966 0.00206454 -0.000199723)
(0.19856 0.00218789 -6.8305e-05)
(0.198619 0.00222684 9.25756e-05)
(0.198172 0.00214481 0.000234257)
(0.19822 0.00200854 0.000345989)
(0.197743 0.00181073 0.000434468)
(0.197783 0.00161583 0.000504445)
(0.197275 0.00141138 0.000547861)
(0.197312 0.00126086 0.000553073)
(0.19678 0.00116007 0.000504127)
(0.196789 0.00120304 0.000383076)
(0.196203 0.00124213 0.000134183)
(0.198336 0.0041806 -1.18059e-07)
(0.198388 0.00442523 -3.64871e-07)
(0.198452 0.0046691 -6.12595e-07)
(0.198526 0.00490771 -8.1548e-07)
(0.198628 0.00513646 -9.30365e-07)
(0.198747 0.00534931 -9.2579e-07)
(0.198897 0.00554185 -7.88964e-07)
(0.199062 0.00570932 -5.28969e-07)
(0.19925 0.00584978 -1.73695e-07)
(0.199442 0.00596124 2.40087e-07)
(0.199648 0.00604448 6.80648e-07)
(0.199847 0.00609924 1.13102e-06)
(0.200054 0.00612733 1.58977e-06)
(0.200245 0.00612852 2.06219e-06)
(0.20044 0.00610469 2.54827e-06)
(0.200615 0.00605565 3.03318e-06)
(0.20079 0.00598416 3.48622e-06)
(0.200938 0.00589101 3.86619e-06)
(0.201084 0.00578052 4.12442e-06)
(0.201196 0.0056547 4.21721e-06)
(0.201304 0.00551912 4.11729e-06)
(0.201374 0.00537605 3.81797e-06)
(0.201443 0.0052311 3.33356e-06)
(0.201474 0.00508564 2.69475e-06)
(0.201508 0.00494444 1.94377e-06)
(0.201506 0.00480733 1.12753e-06)
(0.201515 0.00467799 2.92885e-07)
(0.20149 0.0045547 -5.1894e-07)
(0.201483 0.00444026 -1.27474e-06)
(0.201445 0.00433174 -1.95206e-06)
(0.201432 0.00423159 -2.53825e-06)
(0.201387 0.0041361 -3.03018e-06)
(0.201374 0.00404786 -3.43089e-06)
(0.201327 0.00396272 -3.74823e-06)
(0.201316 0.0038837 -3.99157e-06)
(0.201269 0.00380634 -4.1717e-06)
(0.201262 0.00373422 -4.29874e-06)
(0.201216 0.00366259 -4.38331e-06)
(0.201214 0.00359565 -4.43478e-06)
(0.201168 0.00352831 -4.46255e-06)
(0.20117 0.00346541 -4.47408e-06)
(0.201124 0.00340148 -4.47623e-06)
(0.201131 0.00334197 -4.47353e-06)
(0.201084 0.00328097 -4.46992e-06)
(0.201095 0.00322456 -4.46745e-06)
(0.201046 0.00316624 -4.46821e-06)
(0.201061 0.00311278 -4.473e-06)
(0.201011 0.00305703 -4.48301e-06)
(0.201029 0.00300646 -4.49839e-06)
(0.200977 0.00295322 -4.51975e-06)
(0.201 0.00290549 -4.54695e-06)
(0.200944 0.00285469 -4.58033e-06)
(0.200971 0.00280973 -4.62006e-06)
(0.200913 0.00276125 -4.66664e-06)
(0.200945 0.00271898 -4.72102e-06)
(0.200883 0.00267267 -4.78414e-06)
(0.200919 0.00263294 -4.85798e-06)
(0.200854 0.00258863 -4.94388e-06)
(0.200895 0.00255128 -5.04515e-06)
(0.200826 0.0025088 -5.16361e-06)
(0.200872 0.00247364 -5.30432e-06)
(0.200799 0.0024328 -5.46971e-06)
(0.200849 0.00239968 -5.66718e-06)
(0.200771 0.00236027 -5.90019e-06)
(0.200826 0.00232907 -6.17921e-06)
(0.200743 0.0022909 -6.50939e-06)
(0.200802 0.00226144 -6.90543e-06)
(0.200713 0.00222439 -7.37491e-06)
(0.200777 0.0021965 -7.93871e-06)
(0.200682 0.0021604 -8.60768e-06)
(0.200749 0.00213396 -9.41122e-06)
(0.200647 0.00209859 -1.03645e-05)
(0.200718 0.00207343 -1.1508e-05)
(0.200607 0.00203856 -1.28621e-05)
(0.200681 0.00201433 -1.448e-05)
(0.200562 0.00197958 -1.63868e-05)
(0.200636 0.00195562 -1.86502e-05)
(0.200507 0.00192012 -2.12978e-05)
(0.200582 0.00189512 -2.44215e-05)
(0.200441 0.00185682 -2.80852e-05)
(0.200513 0.00182776 -3.25466e-05)
(0.200359 0.0017824 -3.83702e-05)
(0.20043 0.00174396 -4.72861e-05)
(0.200273 0.00168856 -6.31126e-05)
(0.200369 0.00165019 -9.2341e-05)
(0.20025 0.00162353 -0.000140464)
(0.200395 0.00166371 -0.000200721)
(0.20027 0.00175589 -0.000239122)
(0.200336 0.00189736 -0.000204794)
(0.200075 0.0019968 -8.35153e-05)
(0.20004 0.00203476 7.57308e-05)
(0.199746 0.00197848 0.000223026)
(0.199737 0.00187688 0.000342336)
(0.199478 0.00172487 0.000436716)
(0.19951 0.00157357 0.000509619)
(0.199289 0.00141786 0.000550873)
(0.19935 0.00130364 0.000556932)
(0.199157 0.00122619 0.000512431)
(0.199291 0.00126558 0.000398448)
(0.199121 0.00130808 0.000141396)
(0.198589 0.00412285 -9.49959e-07)
(0.198637 0.00433763 -2.73809e-06)
(0.198696 0.0045516 -4.45077e-06)
(0.19876 0.00476182 -6.00435e-06)
(0.198846 0.0049652 -7.30824e-06)
(0.198945 0.00515665 -8.27129e-06)
(0.199069 0.00533274 -8.81765e-06)
(0.199204 0.00548887 -8.89733e-06)
(0.199361 0.00562304 -8.49151e-06)
(0.19952 0.00573231 -7.61097e-06)
(0.199694 0.00581671 -6.28798e-06)
(0.199861 0.00587494 -4.56443e-06)
(0.200036 0.00590849 -2.48218e-06)
(0.200199 0.00591667 -7.98231e-08)
(0.200366 0.00590153 2.60254e-06)
(0.200515 0.00586249 5.51422e-06)
(0.200666 0.00580219 8.58421e-06)
(0.200793 0.00572068 1.17154e-05)
(0.200921 0.00562193 1.47876e-05)
(0.20102 0.0055072 1.76853e-05)
(0.201118 0.00538171 2.03112e-05)
(0.201184 0.005247 2.2595e-05)
(0.20125 0.00510852 2.44943e-05)
(0.201284 0.00496711 2.59956e-05)
(0.201321 0.00482772 2.71102e-05)
(0.201327 0.00468996 2.78701e-05)
(0.201342 0.00455801 2.83222e-05)
(0.201326 0.00443015 2.85228e-05)
(0.201326 0.00430986 2.85301e-05)
(0.201298 0.00419429 2.84009e-05)
(0.20129 0.00408654 2.81844e-05)
(0.201255 0.00398291 2.79216e-05)
(0.201245 0.00388654 2.76426e-05)
(0.201206 0.00379314 2.73693e-05)
(0.201197 0.0037062 2.71142e-05)
(0.201158 0.00362101 2.68853e-05)
(0.201152 0.00354156 2.66839e-05)
(0.201113 0.00346281 2.65101e-05)
(0.20111 0.00338929 2.63595e-05)
(0.201071 0.00331564 2.62286e-05)
(0.201072 0.00324693 2.61108e-05)
(0.201033 0.00317746 2.6002e-05)
(0.201037 0.00311289 2.58954e-05)
(0.200998 0.00304704 2.57889e-05)
(0.201006 0.00298621 2.56768e-05)
(0.200965 0.00292366 2.55593e-05)
(0.200976 0.00286635 2.54325e-05)
(0.200935 0.00280692 2.52986e-05)
(0.200949 0.00275299 2.51549e-05)
(0.200906 0.00269658 2.50061e-05)
(0.200924 0.0026459 2.48501e-05)
(0.200879 0.00259237 2.46937e-05)
(0.2009 0.00254484 2.45351e-05)
(0.200854 0.00249401 2.43826e-05)
(0.200878 0.00244948 2.42339e-05)
(0.20083 0.00240114 2.40983e-05)
(0.200858 0.00235941 2.39726e-05)
(0.200808 0.00231336 2.38673e-05)
(0.200839 0.00227419 2.37777e-05)
(0.200788 0.00223021 2.37158e-05)
(0.200822 0.00219336 2.36755e-05)
(0.200768 0.00215122 2.36707e-05)
(0.200807 0.0021165 2.36938e-05)
(0.20075 0.00207591 2.37611e-05)
(0.200792 0.00204315 2.38637e-05)
(0.200733 0.00200391 2.40208e-05)
(0.200778 0.00197287 2.42223e-05)
(0.200716 0.00193487 2.44911e-05)
(0.200764 0.00190536 2.4816e-05)
(0.200699 0.00186842 2.52244e-05)
(0.20075 0.00184039 2.57031e-05)
(0.200682 0.00180437 2.62846e-05)
(0.200735 0.00177776 2.69525e-05)
(0.200663 0.0017427 2.77438e-05)
(0.200718 0.00171753 2.86354e-05)
(0.200641 0.00168368 2.9667e-05)
(0.200698 0.00166025 3.08047e-05)
(0.200615 0.00162819 3.20893e-05)
(0.200671 0.00160753 3.34806e-05)
(0.200582 0.00157877 3.50444e-05)
(0.200635 0.00156335 3.68239e-05)
(0.200538 0.0015416 3.91871e-05)
(0.200592 0.00153628 4.30602e-05)
(0.2005 0.00152659 5.09448e-05)
(0.200582 0.0015309 6.72285e-05)
(0.20054 0.00151611 9.64364e-05)
(0.200678 0.0014877 0.000135802)
(0.200636 0.00141177 0.000166984)
(0.200683 0.00132253 0.000160525)
(0.200491 0.00122627 0.000106648)
(0.200422 0.00116901 3.04596e-05)
(0.200199 0.00113142 -4.26781e-05)
(0.200166 0.00113114 -0.000104835)
(0.200002 0.00113807 -0.00015726)
(0.200026 0.00116969 -0.000201734)
(0.199917 0.00119492 -0.000232805)
(0.19998 0.0012342 -0.000246913)
(0.199913 0.00125712 -0.000235527)
(0.200067 0.0012794 -0.000188878)
(0.200034 0.00130996 -7.00912e-05)
(0.198774 0.00408095 -8.1176e-07)
(0.198818 0.00427904 -2.33246e-06)
(0.198872 0.00447509 -3.77907e-06)
(0.198931 0.004667 -5.09425e-06)
(0.199006 0.0048529 -6.2117e-06)
(0.199092 0.00502851 -7.0585e-06)
(0.199198 0.00519115 -7.5704e-06)
(0.199313 0.00533657 -7.70148e-06)
(0.199446 0.00546302 -7.42922e-06)
(0.199582 0.00556743 -6.75438e-06)
(0.19973 0.0056497 -5.69702e-06)
(0.199873 0.00570811 -4.28883e-06)
(0.200024 0.00574393 -2.56614e-06)
(0.200164 0.00575619 -5.65147e-07)
(0.200308 0.00574688 1.67655e-06)
(0.200436 0.00571525 4.11514e-06)
(0.200567 0.00566391 6.6915e-06)
(0.200678 0.00559265 9.32453e-06)
(0.200789 0.00550535 1.1923e-05)
(0.200877 0.0054027 1.43998e-05)
(0.200965 0.0052896 1.66788e-05)
(0.201027 0.00516694 1.87021e-05)
(0.201089 0.00503987 2.04304e-05)
(0.201124 0.00490873 2.18456e-05)
(0.201161 0.00477835 2.29475e-05)
(0.201172 0.00464806 2.37539e-05)
(0.201189 0.00452213 2.42939e-05)
(0.201182 0.0043988 2.46076e-05)
(0.201185 0.00428176 2.47372e-05)
(0.201165 0.00416825 2.47277e-05)
(0.201161 0.00406164 2.46183e-05)
(0.201133 0.00395834 2.44449e-05)
(0.201125 0.00386174 2.4234e-05)
(0.201095 0.00376765 2.40076e-05)
(0.201087 0.00367973 2.3778e-05)
(0.201055 0.00359336 2.3556e-05)
(0.201048 0.00351262 2.33443e-05)
(0.201016 0.00343255 2.31467e-05)
(0.201011 0.00335769 2.29608e-05)
(0.20098 0.00328277 2.27873e-05)
(0.200978 0.0032128 2.26212e-05)
(0.200946 0.00314221 2.24624e-05)
(0.200947 0.00307648 2.23048e-05)
(0.200916 0.00300963 2.2149e-05)
(0.200919 0.00294772 2.19893e-05)
(0.200887 0.00288427 2.1828e-05)
(0.200892 0.00282591 2.166e-05)
(0.200861 0.00276563 2.14898e-05)
(0.200868 0.00271062 2.1313e-05)
(0.200836 0.00265335 2.1136e-05)
(0.200846 0.00260152 2.09547e-05)
(0.200813 0.00254711 2.07777e-05)
(0.200825 0.0024983 2.06006e-05)
(0.200791 0.00244653 2.04338e-05)
(0.200805 0.0024006 2.02723e-05)
(0.200771 0.00235126 2.01282e-05)
(0.200787 0.00230798 1.99955e-05)
(0.200753 0.00226085 1.9888e-05)
(0.200771 0.00221996 1.97986e-05)
(0.200736 0.00217487 1.9743e-05)
(0.200756 0.0021361 1.97133e-05)
(0.20072 0.00209278 1.97277e-05)
(0.200743 0.00205597 1.97778e-05)
(0.200706 0.00201411 1.98847e-05)
(0.200731 0.0019791 2.00401e-05)
(0.200693 0.00193853 2.02692e-05)
(0.20072 0.00190501 2.05642e-05)
(0.200681 0.00186564 2.09556e-05)
(0.20071 0.00183345 2.14371e-05)
(0.20067 0.0017951 2.20461e-05)
(0.2007 0.00176421 2.2778e-05)
(0.200659 0.0017268 2.36786e-05)
(0.20069 0.00169724 2.47454e-05)
(0.200648 0.00166097 2.60327e-05)
(0.20068 0.00163295 2.75395e-05)
(0.200637 0.00159844 2.93272e-05)
(0.200669 0.00157281 3.13972e-05)
(0.200625 0.00154141 3.38204e-05)
(0.200656 0.0015205 3.6621e-05)
(0.20061 0.00149549 3.9941e-05)
(0.200642 0.00148433 4.40288e-05)
(0.200596 0.00147296 4.96839e-05)
(0.20063 0.00147977 5.88554e-05)
(0.200591 0.0014879 7.60242e-05)
(0.20064 0.00150466 0.000108527)
(0.200619 0.00148583 0.000162405)
(0.200675 0.00140797 0.000230705)
(0.200634 0.0012351 0.000278463)
(0.200635 0.00101665 0.000251815)
(0.20053 0.000814717 0.000133873)
(0.200494 0.000705304 -2.63465e-05)
(0.200392 0.000683 -0.000175238)
(0.200382 0.000742108 -0.000294395)
(0.200316 0.00084044 -0.000386641)
(0.200336 0.000969526 -0.000458283)
(0.200302 0.00109619 -0.000507018)
(0.200348 0.00121168 -0.000522685)
(0.200342 0.00127525 -0.00048617)
(0.200429 0.00126612 -0.000377751)
(0.200434 0.00129678 -0.000134061)
(0.198958 0.00404211 -6.81976e-07)
(0.198998 0.00422565 -1.95438e-06)
(0.199047 0.00440622 -3.15454e-06)
(0.199098 0.00458191 -4.24082e-06)
(0.199163 0.00475163 -5.1678e-06)
(0.199235 0.00491192 -5.88182e-06)
(0.199324 0.00506085 -6.33287e-06)
(0.19942 0.0051947 -6.48335e-06)
(0.19953 0.00531216 -6.31279e-06)
(0.199643 0.00541034 -5.81803e-06)
(0.199766 0.0054892 -5.0111e-06)
(0.199886 0.0055469 -3.9143e-06)
(0.200012 0.00558459 -2.55632e-06)
(0.20013 0.00560115 -9.6844e-07)
(0.20025 0.00559847 8.14945e-07)
(0.200359 0.00557577 2.75449e-06)
(0.200469 0.00553564 4.80066e-06)
(0.200563 0.0054778 6.89352e-06)
(0.200658 0.00540585 8.97368e-06)
(0.200736 0.00532 1.0984e-05)
(0.200812 0.0052245 1.2871e-05)
(0.20087 0.00511961 1.45903e-05)
(0.200926 0.00500986 1.61073e-05)
(0.200962 0.00489511 1.74009e-05)
(0.200998 0.00477977 1.84624e-05)
(0.201014 0.00466301 1.92966e-05)
(0.201032 0.00454886 1.99179e-05)
(0.201032 0.00443564 2.035e-05)
(0.201037 0.00432701 2.06201e-05)
(0.201026 0.00422047 2.07592e-05)
(0.201023 0.00411939 2.07956e-05)
(0.201004 0.0040206 2.0757e-05)
(0.200997 0.00392745 2.06647e-05)
(0.200975 0.00383618 2.05381e-05)
(0.200966 0.00375036 2.03891e-05)
(0.200943 0.00366581 2.02293e-05)
(0.200935 0.00358638 2.00634e-05)
(0.200911 0.0035076 1.98974e-05)
(0.200904 0.00343366 1.97316e-05)
(0.20088 0.0033598 1.9569e-05)
(0.200875 0.00329057 1.94073e-05)
(0.200852 0.00322096 1.92481e-05)
(0.200848 0.00315587 1.90875e-05)
(0.200826 0.00308998 1.89272e-05)
(0.200824 0.00302867 1.87626e-05)
(0.200801 0.00296615 1.85963e-05)
(0.200801 0.00290832 1.8424e-05)
(0.200779 0.00284896 1.82494e-05)
(0.20078 0.00279438 1.80686e-05)
(0.200758 0.00273802 1.78867e-05)
(0.20076 0.00268652 1.77e-05)
(0.200738 0.00263299 1.75149e-05)
(0.200742 0.00258443 1.73277e-05)
(0.20072 0.00253352 1.7146e-05)
(0.200725 0.00248777 1.6966e-05)
(0.200703 0.00243928 1.67963e-05)
(0.200709 0.00239613 1.66325e-05)
(0.200688 0.00234991 1.64843e-05)
(0.200695 0.00230911 1.63467e-05)
(0.200674 0.00226499 1.62307e-05)
(0.200682 0.00222631 1.61306e-05)
(0.200661 0.00218406 1.60586e-05)
(0.20067 0.00214739 1.6009e-05)
(0.200649 0.00210669 1.59955e-05)
(0.20066 0.00207187 1.60124e-05)
(0.200639 0.00203261 1.60757e-05)
(0.20065 0.00199932 1.61798e-05)
(0.20063 0.00196145 1.63443e-05)
(0.200642 0.00192954 1.6564e-05)
(0.200621 0.00189284 1.68624e-05)
(0.200634 0.00186234 1.72363e-05)
(0.200613 0.0018267 1.77136e-05)
(0.200626 0.0017976 1.82941e-05)
(0.200606 0.0017632 1.90116e-05)
(0.200619 0.00173563 1.98714e-05)
(0.200599 0.00170294 2.09169e-05)
(0.200613 0.00167755 2.21678e-05)
(0.200593 0.00164748 2.3695e-05)
(0.200607 0.00162592 2.55736e-05)
(0.200589 0.00160046 2.79911e-05)
(0.200605 0.00158536 3.12782e-05)
(0.20059 0.00156776 3.6165e-05)
(0.20061 0.00156076 4.39889e-05)
(0.200598 0.00154815 5.69793e-05)
(0.200612 0.00153504 7.74725e-05)
(0.200579 0.00149024 0.000105029)
(0.200557 0.00140951 0.00013146)
(0.200497 0.00127612 0.000137114)
(0.20048 0.00113192 9.9743e-05)
(0.200457 0.00101045 1.94579e-05)
(0.200476 0.000958982 -7.58259e-05)
(0.200469 0.000965089 -0.000159983)
(0.200487 0.00102791 -0.00022482)
(0.200475 0.00111224 -0.000272287)
(0.200488 0.00121646 -0.000305246)
(0.200473 0.0013104 -0.000321895)
(0.200484 0.00139228 -0.00031547)
(0.200466 0.00142192 -0.000275666)
(0.20045 0.00139084 -0.000195264)
(0.200416 0.00136334 -6.3738e-05)
(0.199142 0.0040068 -5.54766e-07)
(0.199177 0.0041767 -1.585e-06)
(0.199218 0.00434307 -2.5504e-06)
(0.199262 0.00450411 -3.41987e-06)
(0.199315 0.00465911 -4.16289e-06)
(0.199375 0.00480531 -4.7428e-06)
(0.199447 0.00494143 -5.12391e-06)
(0.199524 0.00506438 -5.27781e-06)
(0.199612 0.00517323 -5.18746e-06)
(0.199704 0.0052654 -4.8479e-06)
(0.199802 0.00534093 -4.26524e-06)
(0.1999 0.00539801 -3.45396e-06)
(0.200001 0.00543765 -2.43483e-06)
(0.200097 0.00545866 -1.23255e-06)
(0.200195 0.00546278 1.24495e-07)
(0.200284 0.00544923 1.60432e-06)
(0.200373 0.00542041 3.17031e-06)
(0.200453 0.00537599 4.78613e-06)
(0.200531 0.00531899 6.4166e-06)
(0.200598 0.00524922 8.02593e-06)
(0.200663 0.00517015 9.57707e-06)
(0.200715 0.0050816 1.1035e-05)
(0.200763 0.00498734 1.23683e-05)
(0.200798 0.00488704 1.35537e-05)
(0.200831 0.00478454 1.45759e-05)
(0.200849 0.00467907 1.54296e-05)
(0.200867 0.00457431 1.61177e-05)
(0.200872 0.00446892 1.66513e-05)
(0.200878 0.00436629 1.70456e-05)
(0.200873 0.00426446 1.732e-05)
(0.200871 0.0041666 1.74939e-05)
(0.20086 0.00407013 1.75874e-05)
(0.200854 0.00397818 1.76176e-05)
(0.200839 0.00388765 1.76004e-05)
(0.200831 0.00380178 1.75478e-05)
(0.200814 0.00371705 1.74707e-05)
(0.200806 0.0036369 1.73758e-05)
(0.200789 0.00355751 1.72698e-05)
(0.200781 0.00348251 1.71557e-05)
(0.200765 0.0034079 1.70373e-05)
(0.200757 0.00333752 1.69148e-05)
(0.200741 0.00326716 1.67904e-05)
(0.200735 0.00320094 1.66629e-05)
(0.20072 0.00313436 1.65335e-05)
(0.200714 0.00307196 1.64002e-05)
(0.2007 0.00300883 1.62644e-05)
(0.200695 0.00294996 1.61239e-05)
(0.200681 0.00289007 1.59806e-05)
(0.200678 0.00283446 1.58324e-05)
(0.200664 0.00277767 1.56821e-05)
(0.200661 0.00272514 1.55278e-05)
(0.200648 0.00267123 1.53729e-05)
(0.200646 0.00262168 1.52157e-05)
(0.200633 0.00257045 1.50604e-05)
(0.200632 0.00252374 1.49052e-05)
(0.200619 0.002475 1.47547e-05)
(0.200619 0.00243093 1.46072e-05)
(0.200607 0.00238456 1.44676e-05)
(0.200607 0.00234287 1.43338e-05)
(0.200596 0.00229873 1.42111e-05)
(0.200596 0.00225922 1.4097e-05)
(0.200585 0.00221704 1.3997e-05)
(0.200587 0.00217964 1.39082e-05)
(0.200576 0.00213915 1.38366e-05)
(0.200578 0.00210367 1.37787e-05)
(0.200568 0.00206479 1.37413e-05)
(0.20057 0.00203092 1.37201e-05)
(0.200561 0.00199359 1.37226e-05)
(0.200563 0.0019612 1.37444e-05)
(0.200554 0.00192516 1.37934e-05)
(0.200557 0.0018943 1.38656e-05)
(0.200548 0.00185942 1.39692e-05)
(0.200551 0.00182999 1.41017e-05)
(0.200543 0.00179638 1.42734e-05)
(0.200546 0.00176835 1.44856e-05)
(0.200538 0.00173618 1.47567e-05)
(0.200542 0.00170974 1.51015e-05)
(0.200535 0.00167913 1.55657e-05)
(0.20054 0.00165465 1.62098e-05)
(0.200535 0.00162557 1.71611e-05)
(0.200541 0.00160239 1.85993e-05)
(0.200538 0.00157337 2.0782e-05)
(0.200545 0.00154719 2.38591e-05)
(0.200538 0.00151022 2.74136e-05)
(0.20053 0.00147001 2.95642e-05)
(0.200494 0.00141635 2.68035e-05)
(0.200453 0.00136778 1.53019e-05)
(0.200406 0.00132262 -4.53162e-06)
(0.200394 0.00129934 -2.50606e-05)
(0.200406 0.00128515 -3.8997e-05)
(0.200444 0.00128881 -4.77989e-05)
(0.200473 0.00129599 -5.51003e-05)
(0.2005 0.00131777 -6.1197e-05)
(0.200507 0.00133892 -6.46178e-05)
(0.200512 0.00136777 -6.34324e-05)
(0.2005 0.00138784 -5.58642e-05)
(0.20049 0.00140769 -4.18814e-05)
(0.200462 0.00140593 -2.24117e-05)
(0.200411 0.00139438 -1.51938e-06)
(0.200356 0.00137707 3.4535e-06)
(0.199324 0.00397446 -4.30112e-07)
(0.199354 0.00413197 -1.22521e-06)
(0.199386 0.00428555 -1.96686e-06)
(0.199421 0.00443366 -2.63315e-06)
(0.199463 0.00457585 -3.20381e-06)
(0.19951 0.0047099 -3.65462e-06)
(0.199565 0.00483494 -3.96143e-06)
(0.199625 0.00494845 -4.10416e-06)
(0.199692 0.00504978 -4.06966e-06)
(0.199763 0.00513673 -3.85266e-06)
(0.199838 0.00520931 -3.45563e-06)
(0.199914 0.00526589 -2.88739e-06)
(0.199991 0.00530726 -2.16198e-06)
(0.200066 0.00533231 -1.29714e-06)
(0.200142 0.00534249 -3.13669e-07)
(0.200212 0.00533712 7.65746e-07)
(0.200282 0.00531823 1.91805e-06)
(0.200346 0.0052854 3.12303e-06)
(0.200407 0.00524101 4.35957e-06)
(0.200462 0.00518468 5.60393e-06)
(0.200514 0.00511913 6.82926e-06)
(0.200558 0.00504404 8.00786e-06)
(0.200598 0.00496249 9.11321e-06)
(0.200629 0.00487416 1.01232e-05)
(0.200657 0.00478231 1.10213e-05)
(0.200675 0.00468642 1.17982e-05)
(0.200691 0.00458971 1.24511e-05)
(0.200699 0.00449125 1.29834e-05)
(0.200705 0.00439407 1.3403e-05)
(0.200705 0.00429674 1.37212e-05)
(0.200704 0.00420212 1.39509e-05)
(0.200699 0.00410824 1.41058e-05)
(0.200694 0.00401788 1.41986e-05)
(0.200685 0.00392862 1.42419e-05)
(0.200679 0.00384327 1.42457e-05)
(0.200668 0.003759 1.42195e-05)
(0.200661 0.00367875 1.41702e-05)
(0.20065 0.00359941 1.41039e-05)
(0.200642 0.00352402 1.40248e-05)
(0.200631 0.00344931 1.39366e-05)
(0.200624 0.00337843 1.38411e-05)
(0.200614 0.00330796 1.37407e-05)
(0.200607 0.00324125 1.36356e-05)
(0.200597 0.00317462 1.35272e-05)
(0.200591 0.00311178 1.34149e-05)
(0.200582 0.00304867 1.32997e-05)
(0.200577 0.0029894 1.31808e-05)
(0.200568 0.00292961 1.30593e-05)
(0.200563 0.00287362 1.29342e-05)
(0.200555 0.00281698 1.2807e-05)
(0.20055 0.00276408 1.26768e-05)
(0.200542 0.00271037 1.25454e-05)
(0.200539 0.00266044 1.24121e-05)
(0.200531 0.00260942 1.22791e-05)
(0.200528 0.00256231 1.21456e-05)
(0.200521 0.00251381 1.2014e-05)
(0.200518 0.00246932 1.18837e-05)
(0.200511 0.00242321 1.17569e-05)
(0.200509 0.00238109 1.16328e-05)
(0.200502 0.00233724 1.15138e-05)
(0.200501 0.00229731 1.13986e-05)
(0.200495 0.00225545 1.12895e-05)
(0.200493 0.00221763 1.11848e-05)
(0.200488 0.00217751 1.10865e-05)
(0.200487 0.00214162 1.09925e-05)
(0.200481 0.00210318 1.09045e-05)
(0.200481 0.00206893 1.08196e-05)
(0.200476 0.00203207 1.07392e-05)
(0.200476 0.00199936 1.06595e-05)
(0.200471 0.00196386 1.05813e-05)
(0.200471 0.00193267 1.05002e-05)
(0.200467 0.0018984 1.0416e-05)
(0.200467 0.0018686 1.0324e-05)
(0.200463 0.00183558 1.02244e-05)
(0.200464 0.00180701 1.0113e-05)
(0.20046 0.00177517 9.99325e-06)
(0.200461 0.00174774 9.86511e-06)
(0.200458 0.00171671 9.74016e-06)
(0.20046 0.00169001 9.62593e-06)
(0.200457 0.00165887 9.53413e-06)
(0.20046 0.00163114 9.43232e-06)
(0.200456 0.00159751 9.17169e-06)
(0.200456 0.00156502 8.27584e-06)
(0.200445 0.00152493 5.65274e-06)
(0.200433 0.00148741 -5.3076e-07)
(0.200407 0.00144983 -1.19053e-05)
(0.200385 0.00143206 -2.76472e-05)
(0.200364 0.00143259 -4.18895e-05)
(0.200367 0.00145614 -4.52109e-05)
(0.200381 0.00147886 -3.35174e-05)
(0.200409 0.00149595 -1.34134e-05)
(0.200429 0.00149448 6.21613e-06)
(0.200449 0.0014866 2.17011e-05)
(0.200453 0.00146835 3.36699e-05)
(0.200456 0.00145178 4.39515e-05)
(0.200445 0.00143 5.33856e-05)
(0.200434 0.00141381 6.03465e-05)
(0.200405 0.00139604 6.04762e-05)
(0.200368 0.00139122 4.88148e-05)
(0.200326 0.00137841 1.71463e-05)
(0.199506 0.00394635 -3.0797e-07)
(0.199528 0.00409338 -8.75221e-07)
(0.199552 0.00423623 -1.40288e-06)
(0.199577 0.0043737 -1.87681e-06)
(0.199607 0.0045055 -2.28418e-06)
(0.19964 0.00462979 -2.60946e-06)
(0.199679 0.00474595 -2.83709e-06)
(0.199722 0.0048519 -2.9538e-06)
(0.19977 0.00494712 -2.95046e-06)
(0.19982 0.00502974 -2.82284e-06)
(0.199873 0.00509977 -2.57167e-06)
(0.199927 0.00515575 -2.20205e-06)
(0.199983 0.00519832 -1.72272e-06)
(0.200037 0.00522645 -1.1451e-06)
(0.200091 0.00524136 -4.82515e-07)
(0.200142 0.00524239 2.51308e-07)
(0.200193 0.00523123 1.04368e-06)
(0.20024 0.00520734 1.8826e-06)
(0.200285 0.00517267 2.75434e-06)
(0.200327 0.0051267 3.64259e-06)
(0.200365 0.00507172 4.52853e-06)
(0.200399 0.00500732 5.3923e-06)
(0.200429 0.00493615 6.21461e-06)
(0.200454 0.00485789 6.97869e-06)
(0.200476 0.00477538 7.67141e-06)
(0.200491 0.00468821 8.28424e-06)
(0.200504 0.00459924 8.81306e-06)
(0.200513 0.00450774 9.25808e-06)
(0.200519 0.00441647 9.62269e-06)
(0.200521 0.00432429 9.91299e-06)
(0.200522 0.00423383 1.01365e-05)
(0.20052 0.00414348 1.03016e-05)
(0.200518 0.00405583 1.04168e-05)
(0.200513 0.0039688 1.04903e-05)
(0.200509 0.00388504 1.05294e-05)
(0.200503 0.00380208 1.05409e-05)
(0.200499 0.00372264 1.05302e-05)
(0.200492 0.00364399 1.05022e-05)
(0.200487 0.00356892 1.04604e-05)
(0.20048 0.00349452 1.0408e-05)
(0.200475 0.00342369 1.03472e-05)
(0.200469 0.00335332 1.02799e-05)
(0.200464 0.00328651 1.0207e-05)
(0.200458 0.00321989 1.01299e-05)
(0.200453 0.00315688 1.00488e-05)
(0.200447 0.00309375 9.96456e-06)
(0.200444 0.00303428 9.87705e-06)
(0.200438 0.00297446 9.78691e-06)
(0.200434 0.00291827 9.69401e-06)
(0.200429 0.00286157 9.59899e-06)
(0.200426 0.00280847 9.50173e-06)
(0.200421 0.00275468 9.40298e-06)
(0.200418 0.00270454 9.30272e-06)
(0.200413 0.00265344 9.20177e-06)
(0.200411 0.00260612 9.10017e-06)
(0.200406 0.00255753 8.99882e-06)
(0.200404 0.00251283 8.89773e-06)
(0.2004 0.00246663 8.79776e-06)
(0.200398 0.00242432 8.69884e-06)
(0.200394 0.00238036 8.60169e-06)
(0.200393 0.00234028 8.50602e-06)
(0.200389 0.00229834 8.41239e-06)
(0.200388 0.0022604 8.32015e-06)
(0.200384 0.00222025 8.2296e-06)
(0.200384 0.00218428 8.13969e-06)
(0.20038 0.00214583 8.05033e-06)
(0.20038 0.0021116 7.95997e-06)
(0.200376 0.00207474 7.86793e-06)
(0.200377 0.00204215 7.77209e-06)
(0.200373 0.00200668 7.67102e-06)
(0.200374 0.00197568 7.56171e-06)
(0.20037 0.00194149 7.44201e-06)
(0.200372 0.00191191 7.30767e-06)
(0.200368 0.00187896 7.15579e-06)
(0.20037 0.00185065 6.98034e-06)
(0.200366 0.00181878 6.77629e-06)
(0.200368 0.00179156 6.5336e-06)
(0.200364 0.00176036 6.23839e-06)
(0.200367 0.00173382 5.86291e-06)
(0.200363 0.00170261 5.35416e-06)
(0.200365 0.00167577 4.60455e-06)
(0.20036 0.00164374 3.40701e-06)
(0.200359 0.00161606 1.40323e-06)
(0.200349 0.00158413 -1.90458e-06)
(0.200344 0.00156047 -6.92419e-06)
(0.200329 0.00153878 -1.33846e-05)
(0.200326 0.00153387 -1.9587e-05)
(0.200319 0.00153571 -2.23061e-05)
(0.200329 0.00154965 -1.84966e-05)
(0.200334 0.0015558 -8.19241e-06)
(0.20035 0.00155855 5.17958e-06)
(0.200354 0.0015447 1.80118e-05)
(0.200365 0.0015279 2.85901e-05)
(0.200362 0.0015 3.67612e-05)
(0.200366 0.00147609 4.28219e-05)
(0.200354 0.001446 4.65627e-05)
(0.200348 0.00142482 4.66662e-05)
(0.200323 0.00140417 4.09945e-05)
(0.200309 0.00140258 2.82848e-05)
(0.200289 0.00139343 8.95138e-06)
(0.199689 0.00392537 -1.86863e-07)
(0.199702 0.00406453 -5.30238e-07)
(0.199716 0.00419946 -8.49273e-07)
(0.199731 0.00432914 -1.13606e-06)
(0.199749 0.00445341 -1.38341e-06)
(0.199769 0.00457067 -1.58251e-06)
(0.199792 0.00468043 -1.72448e-06)
(0.199817 0.00478084 -1.80174e-06)
(0.199846 0.00487153 -1.80898e-06)
(0.199876 0.0049508 -1.7436e-06)
(0.199908 0.00501872 -1.60581e-06)
(0.199941 0.00507393 -1.39833e-06)
(0.199975 0.00511702 -1.12592e-06)
(0.200007 0.00514703 -7.94735e-07)
(0.20004 0.00516504 -4.11597e-07)
(0.200072 0.00517033 1.68056e-08)
(0.200104 0.00516436 4.8394e-07)
(0.200133 0.00514648 9.82658e-07)
(0.200162 0.00511843 1.50447e-06)
(0.200188 0.00507962 2.03939e-06)
(0.200213 0.00503214 2.5762e-06)
(0.200235 0.00497551 3.10324e-06)
(0.200255 0.00491217 3.60926e-06)
(0.200271 0.0048417 4.08438e-06)
(0.200286 0.00476676 4.52065e-06)
(0.200297 0.00468681 4.91258e-06)
(0.200307 0.00460461 5.25707e-06)
(0.200314 0.00451933 5.55336e-06)
(0.200319 0.00443369 5.80257e-06)
(0.200322 0.00434651 6.00738e-06)
(0.200325 0.00426042 6.17144e-06)
(0.200325 0.00417383 6.29908e-06)
(0.200325 0.00408937 6.3948e-06)
(0.200324 0.00400501 6.46313e-06)
(0.200323 0.00392344 6.50826e-06)
(0.20032 0.00384226 6.53411e-06)
(0.200318 0.00376425 6.544e-06)
(0.200315 0.00368671 6.54092e-06)
(0.200313 0.00361252 6.52725e-06)
(0.20031 0.00353875 6.50505e-06)
(0.200308 0.0034684 6.47591e-06)
(0.200305 0.00339834 6.44114e-06)
(0.200303 0.00333177 6.4017e-06)
(0.2003 0.00326525 6.35843e-06)
(0.200298 0.0032023 6.31184e-06)
(0.200295 0.00313913 6.26244e-06)
(0.200293 0.00307962 6.2105e-06)
(0.20029 0.00301966 6.15636e-06)
(0.200289 0.00296337 6.10018e-06)
(0.200286 0.00290646 6.04225e-06)
(0.200285 0.00285323 5.9827e-06)
(0.200282 0.00279918 5.92182e-06)
(0.200281 0.00274886 5.85979e-06)
(0.200278 0.00269747 5.7969e-06)
(0.200278 0.00264995 5.73334e-06)
(0.200275 0.00260104 5.66945e-06)
(0.200275 0.00255614 5.60538e-06)
(0.200272 0.00250959 5.54142e-06)
(0.200272 0.0024671 5.4777e-06)
(0.20027 0.00242278 5.41437e-06)
(0.20027 0.00238255 5.35149e-06)
(0.200267 0.00234024 5.28907e-06)
(0.200268 0.00230216 5.22694e-06)
(0.200265 0.00226169 5.16501e-06)
(0.200266 0.0022256 5.10281e-06)
(0.200263 0.00218685 5.04002e-06)
(0.200265 0.00215258 4.97593e-06)
(0.200262 0.00211542 4.90974e-06)
(0.200264 0.00208285 4.84052e-06)
(0.200261 0.00204712 4.76695e-06)
(0.200263 0.00201616 4.68746e-06)
(0.20026 0.00198175 4.6002e-06)
(0.200262 0.00195226 4.50246e-06)
(0.200259 0.00191909 4.39118e-06)
(0.200261 0.00189093 4.26151e-06)
(0.200258 0.00185884 4.10648e-06)
(0.200261 0.00183189 3.91577e-06)
(0.200258 0.00180063 3.67201e-06)
(0.200261 0.00177472 3.34832e-06)
(0.200257 0.00174417 2.90144e-06)
(0.20026 0.00171918 2.26623e-06)
(0.200255 0.00168969 1.35493e-06)
(0.200256 0.00166663 7.81616e-08)
(0.200249 0.00164019 -1.59036e-06)
(0.200249 0.00162265 -3.49222e-06)
(0.200243 0.00160374 -5.16199e-06)
(0.200246 0.00159521 -5.8321e-06)
(0.200243 0.00158399 -4.70672e-06)
(0.200251 0.00157882 -1.53358e-06)
(0.200251 0.00156494 3.00795e-06)
(0.20026 0.00155313 7.78447e-06)
(0.200258 0.00153098 1.20231e-05)
(0.200265 0.00151238 1.54726e-05)
(0.20026 0.00148571 1.80918e-05)
(0.200263 0.00146544 1.9768e-05)
(0.200253 0.00143959 2.01665e-05)
(0.200252 0.00142382 1.87321e-05)
(0.200236 0.00140808 1.50568e-05)
(0.200235 0.00140869 9.45813e-06)
(0.200226 0.00140141 2.89683e-06)
(0.199875 0.00391451 -6.31164e-08)
(0.199879 0.0040493 -1.78954e-07)
(0.199883 0.00417984 -2.86524e-07)
(0.199887 0.00430519 -3.83278e-07)
(0.199892 0.0044253 -4.66881e-07)
(0.199898 0.00453861 -5.34452e-07)
(0.199905 0.00464476 -5.83079e-07)
(0.199913 0.00474198 -6.10282e-07)
(0.199923 0.00482997 -6.14326e-07)
(0.199932 0.00490713 -5.94364e-07)
(0.199943 0.00497356 -5.50467e-07)
(0.199954 0.00502797 -4.83526e-07)
(0.199965 0.00507098 -3.95077e-07)
(0.199976 0.00510162 -2.86979e-07)
(0.199988 0.00512095 -1.61158e-07)
(0.199999 0.00512815 -1.95689e-08)
(0.20001 0.00512463 1.35658e-07)
(0.200021 0.0051096 3.02032e-07)
(0.200031 0.00508481 4.76587e-07)
(0.200041 0.00504956 6.55913e-07)
(0.200051 0.00500596 8.36285e-07)
(0.200059 0.00495341 1.0139e-06)
(0.200067 0.00489434 1.18512e-06)
(0.200074 0.00482818 1.34675e-06)
(0.200081 0.00475759 1.49617e-06)
(0.200086 0.00468186 1.63152e-06)
(0.200091 0.00460376 1.75165e-06)
(0.200094 0.00452231 1.85615e-06)
(0.200098 0.00444028 1.94523e-06)
(0.2001 0.00435637 2.01956e-06)
(0.200103 0.0042733 2.08022e-06)
(0.200104 0.00418936 2.12848e-06)
(0.200106 0.00410732 2.16573e-06)
(0.200107 0.00402505 2.19339e-06)
(0.200108 0.00394537 2.21282e-06)
(0.200108 0.0038658 2.22529e-06)
(0.200109 0.00378925 2.23193e-06)
(0.200109 0.00371293 2.23374e-06)
(0.20011 0.00363988 2.23155e-06)
(0.20011 0.00356704 2.22609e-06)
(0.200111 0.0034976 2.21794e-06)
(0.200111 0.00342827 2.20756e-06)
(0.200112 0.00336243 2.19534e-06)
(0.200112 0.00329648 2.18158e-06)
(0.200113 0.00323415 2.16651e-06)
(0.200112 0.00317145 2.15032e-06)
(0.200113 0.00311246 2.13313e-06)
(0.200113 0.00305287 2.11508e-06)
(0.200114 0.00299705 2.09625e-06)
(0.200114 0.00294044 2.07674e-06)
(0.200115 0.00288762 2.05662e-06)
(0.200115 0.00283382 2.03597e-06)
(0.200116 0.00278387 2.01487e-06)
(0.200116 0.00273268 1.99342e-06)
(0.200117 0.00268549 1.97167e-06)
(0.200116 0.00263673 1.94975e-06)
(0.200118 0.00259213 1.92769e-06)
(0.200117 0.00254569 1.90559e-06)
(0.200119 0.0025035 1.8835e-06)
(0.200118 0.00245924 1.86144e-06)
(0.20012 0.00241929 1.83947e-06)
(0.200119 0.00237703 1.81754e-06)
(0.200121 0.00233921 1.79562e-06)
(0.200121 0.00229877 1.77367e-06)
(0.200122 0.00226294 1.75153e-06)
(0.200122 0.0022242 1.72909e-06)
(0.200124 0.0021902 1.70613e-06)
(0.200123 0.00215302 1.68236e-06)
(0.200125 0.00212074 1.6575e-06)
(0.200124 0.00208499 1.63107e-06)
(0.200126 0.00205431 1.60259e-06)
(0.200126 0.00201988 1.57133e-06)
(0.200128 0.00199066 1.53637e-06)
(0.200127 0.00195745 1.4964e-06)
(0.200129 0.00192961 1.44959e-06)
(0.200129 0.00189746 1.39288e-06)
(0.200131 0.00187093 1.3222e-06)
(0.20013 0.00183974 1.23075e-06)
(0.200132 0.0018145 1.10905e-06)
(0.200131 0.00178444 9.43965e-07)
(0.200133 0.00176072 7.19559e-07)
(0.200132 0.00173244 4.22506e-07)
(0.200134 0.00171136 5.36557e-08)
(0.200132 0.00168627 -3.51754e-07)
(0.200133 0.00166946 -7.05112e-07)
(0.200132 0.00164854 -8.66441e-07)
(0.200135 0.00163534 -6.87311e-07)
(0.200134 0.00161599 -9.08253e-08)
(0.200138 0.00160206 8.5182e-07)
(0.200138 0.00157974 1.93425e-06)
(0.200142 0.00156257 2.94933e-06)
(0.200141 0.00153707 3.79498e-06)
(0.200144 0.00151819 4.45524e-06)
(0.200142 0.00149206 4.92121e-06)
(0.200144 0.00147421 5.13915e-06)
(0.200142 0.00145091 5.01004e-06)
(0.200142 0.00143882 4.4342e-06)
(0.200138 0.00142471 3.41416e-06)
(0.200139 0.00142427 2.11135e-06)
(0.200137 0.00141444 6.81891e-07)
(0.202445 4.71022e-05 0)
(0.197421 -2.17678e-05 0)
(0.202539 5.20891e-05 0)
(0.197257 -1.69394e-05 0)
(0.202538 5.90004e-05 0)
(0.197002 -3.00306e-06 0)
(0.2025 7.58515e-05 0)
(0.196686 1.87005e-05 0)
(0.202435 9.79131e-05 0)
(0.1963 4.48615e-05 0)
(0.202334 0.00012403 0)
(0.195827 7.61174e-05 0)
(0.202186 0.00015592 0)
(0.19525 0.000114637 0)
(0.201979 0.000195913 0)
(0.194544 0.000163236 0)
(0.20169 0.000247579 0)
(0.193665 0.000227417 0)
(0.201271 0.000319851 0)
(0.192533 0.000324091 0)
(0.200629 0.000444536 0)
(0.191006 0.000518067 0)
(0.199627 0.000749605 0)
(0.188922 0.00105473 0)
(0.198273 0.00167106 0)
(0.201428 5.35277e-05 0)
(0.198574 5.68267e-07 0)
(0.201382 6.23829e-05 0)
(0.198544 1.09361e-05 0)
(0.201233 7.67958e-05 0)
(0.198448 4.1396e-05 0)
(0.201024 0.000109647 0)
(0.198314 8.47005e-05 0)
(0.20076 0.000149755 0)
(0.198139 0.000134298 0)
(0.200431 0.000195623 0)
(0.197913 0.000192742 0)
(0.200019 0.0002516 0)
(0.197624 0.000265264 0)
(0.199507 0.000323235 0)
(0.197254 0.000358715 0)
(0.198864 0.00041945 0)
(0.196773 0.000487206 0)
(0.198039 0.000563284 0)
(0.196126 0.000692951 0)
(0.196954 0.0008324 0)
(0.19525 0.00112228 0)
(0.195557 0.00148999 0)
(0.194236 0.00221729 0)
(0.194103 0.00320389 0)
(0.200506 3.97114e-05 0)
(0.199535 2.4734e-05 0)
(0.200432 6.08408e-05 0)
(0.199522 4.69922e-05 0)
(0.200275 8.6814e-05 0)
(0.19944 9.05453e-05 0)
(0.200063 0.000133373 0)
(0.199308 0.000148141 0)
(0.199805 0.000189781 0)
(0.199125 0.00021363 0)
(0.199494 0.000255753 0)
(0.198879 0.000290907 0)
(0.199118 0.000337587 0)
(0.198556 0.000387294 0)
(0.198661 0.000443907 0)
(0.198138 0.000513338 0)
(0.198103 0.000589603 0)
(0.197594 0.000691579 0)
(0.197408 0.000811883 0)
(0.196887 0.000984526 0)
(0.196549 0.00121725 0)
(0.196017 0.00156345 0)
(0.195589 0.00206144 0)
(0.195152 0.00276256 0)
(0.194863 0.00370238 0)
(0.200115 2.68583e-05 0)
(0.1999 4.33872e-05 0)
(0.200067 6.67319e-05 0)
(0.199856 7.98192e-05 0)
(0.19995 0.00010718 0)
(0.199744 0.000133639 0)
(0.199779 0.000167965 0)
(0.19958 0.000203511 0)
(0.199562 0.000241703 0)
(0.199364 0.000284626 0)
(0.199294 0.000328649 0)
(0.199087 0.000381541 0)
(0.198964 0.000436214 0)
(0.198738 0.00050361 0)
(0.198557 0.000575718 0)
(0.1983 0.000665501 0)
(0.198057 0.000767739 0)
(0.197754 0.000898213 0)
(0.197445 0.00106054 0)
(0.197093 0.00127625 0)
(0.196732 0.00156346 0)
(0.196364 0.00194714 0)
(0.196021 0.00245123 0)
(0.195739 0.00308067 0)
(0.195551 0.00382513 0)
(0.200018 2.26883e-05 0)
(0.199978 5.32711e-05 0)
(0.199981 8.05078e-05 0)
(0.199919 0.000106004 0)
(0.199883 0.000136604 0)
(0.199799 0.000171515 0)
(0.199731 0.000211202 0)
(0.199627 0.000254833 0)
(0.199531 0.000302065 0)
(0.199406 0.000353594 0)
(0.19928 0.000410106 0)
(0.199129 0.000472675 0)
(0.198969 0.000543438 0)
(0.198786 0.000623013 0)
(0.198586 0.00071602 0)
(0.198365 0.000823129 0)
(0.198123 0.000953533 0)
(0.197859 0.00110984 0)
(0.197578 0.00130815 0)
(0.197284 0.00155388 0)
(0.196986 0.00186798 0)
(0.196701 0.00225338 0)
(0.196447 0.00272517 0)
(0.196249 0.00326883 0)
(0.196124 0.00387463 0)
(0.200001 2.25606e-05 0)
(0.199988 6.07584e-05 0)
(0.199965 9.64171e-05 0)
(0.199925 0.000130671 0)
(0.199874 0.000168718 0)
(0.199808 0.000210102 0)
(0.19973 0.000257429 0)
(0.199641 0.000308295 0)
(0.199539 0.000365315 0)
(0.199426 0.000426085 0)
(0.199299 0.000494641 0)
(0.199159 0.000568796 0)
(0.199002 0.000654087 0)
(0.198832 0.000748593 0)
(0.198643 0.000859739 0)
(0.19844 0.000986735 0)
(0.198219 0.00113985 0)
(0.197987 0.00132034 0)
(0.197744 0.00154116 0)
(0.1975 0.00180435 0)
(0.19726 0.00212233 0)
(0.197041 0.00249318 0)
(0.196852 0.00292223 0)
(0.196712 0.00339636 0)
(0.196635 0.00391049 0)
(0.199999 2.4109e-05 0)
(0.199988 6.88478e-05 0)
(0.199962 0.00011267 0)
(0.199926 0.000155517 0)
(0.199875 0.000201512 0)
(0.199814 0.000250412 0)
(0.199739 0.000305331 0)
(0.199655 0.000364525 0)
(0.199557 0.000430657 0)
(0.19945 0.00050189 0)
(0.199328 0.000581609 0)
(0.199196 0.000668643 0)
(0.199049 0.000767402 0)
(0.198891 0.000877653 0)
(0.198718 0.00100505 0)
(0.198535 0.00115067 0)
(0.198339 0.00132151 0)
(0.198139 0.00151969 0)
(0.197933 0.00175257 0)
(0.197734 0.00202161 0)
(0.197543 0.00233202 0)
(0.197377 0.0026816 0)
(0.197237 0.00307018 0)
(0.197144 0.00348918 0)
(0.197102 0.00393357 0)
(0.199999 2.65539e-05 0)
(0.199988 7.79108e-05 0)
(0.199962 0.000129214 0)
(0.199928 0.000180455 0)
(0.199879 0.000234546 0)
(0.199823 0.000291693 0)
(0.199752 0.000354555 0)
(0.199673 0.000422573 0)
(0.19958 0.000497852 0)
(0.19948 0.000579677 0)
(0.199366 0.00067049 0)
(0.199245 0.000770208 0)
(0.199108 0.000882087 0)
(0.198966 0.00100693 0)
(0.198809 0.00114885 0)
(0.198649 0.0013094 0)
(0.198479 0.00149319 0)
(0.198311 0.00170182 0)
(0.19814 0.00193936 0)
(0.197981 0.00220612 0)
(0.197831 0.00250394 0)
(0.197706 0.00282999 0)
(0.197605 0.0031823 0)
(0.197548 0.00355451 0)
(0.197532 0.00394111 0)
(0.199999 2.9439e-05 0)
(0.199989 8.77502e-05 0)
(0.199964 0.000146019 0)
(0.199932 0.000205484 0)
(0.199886 0.00026748 0)
(0.199834 0.000333362 0)
(0.199768 0.000404382 0)
(0.199696 0.000481647 0)
(0.199609 0.00056601 0)
(0.199518 0.000658458 0)
(0.199413 0.000759938 0)
(0.199303 0.000871886 0)
(0.19918 0.000995753 0)
(0.199054 0.00113358 0)
(0.198917 0.00128722 0)
(0.198779 0.00145901 0)
(0.198635 0.00165072 0)
(0.198496 0.00186433 0)
(0.198357 0.0021007 0)
(0.198233 0.00236051 0)
(0.198117 0.00264263 0)
(0.198027 0.00294532 0)
(0.197956 0.00326449 0)
(0.197924 0.00359589 0)
(0.197927 0.00393272 0)
(0.199999 3.26264e-05 0)
(0.19999 9.8004e-05 0)
(0.199966 0.000163212 0)
(0.199938 0.000230584 0)
(0.199895 0.000300422 0)
(0.199848 0.000374959 0)
(0.199787 0.000454397 0)
(0.199723 0.000540889 0)
(0.199645 0.000634435 0)
(0.199564 0.000737102 0)
(0.199469 0.000848865 0)
(0.199372 0.000971973 0)
(0.199264 0.00110658 0)
(0.199156 0.00125517 0)
(0.199038 0.00141795 0)
(0.198923 0.00159735 0)
(0.198803 0.00179321 0)
(0.198692 0.00200744 0)
(0.198582 0.00223893 0)
(0.198487 0.00248843 0)
(0.1984 0.00275321 0)
(0.198336 0.00303226 0)
(0.198289 0.00332092 0)
(0.198275 0.00361631 0)
(0.198287 0.00391146 0)
(0.199999 3.52653e-05 0)
(0.199991 0.000106262 0)
(0.199969 0.000177041 0)
(0.199943 0.000250468 0)
(0.199904 0.000326427 0)
(0.199861 0.000407565 0)
(0.199806 0.000493609 0)
(0.199748 0.000587158 0)
(0.199678 0.0006878 0)
(0.199605 0.000798059 0)
(0.19952 0.000917408 0)
(0.199435 0.00104836 0)
(0.199339 0.00119033 0)
(0.199244 0.00134582 0)
(0.199142 0.00151407 0)
(0.199044 0.00169736 0)
(0.198942 0.00189445 0)
(0.19885 0.002107 0)
(0.198759 0.00233288 0)
(0.198683 0.00257273 0)
(0.198614 0.00282309 0)
(0.198568 0.00308341 0)
(0.198533 0.00334901 0)
(0.198529 0.003618 0)
(0.198544 0.00388356 0)
(0.199999 3.72481e-05 0)
(0.199992 0.000112414 0)
(0.199971 0.000187325 0)
(0.199947 0.000265118 0)
(0.199911 0.000345491 0)
(0.199873 0.000431335 0)
(0.199822 0.000522125 0)
(0.19977 0.000620697 0)
(0.199705 0.000726351 0)
(0.199639 0.000841844 0)
(0.199563 0.000966277 0)
(0.199486 0.00110231 0)
(0.1994 0.00124883 0)
(0.199316 0.00140838 0)
(0.199226 0.00157955 0)
(0.199141 0.00176458 0)
(0.199052 0.00196149 0)
(0.198974 0.00217196 0)
(0.198896 0.00239311 0)
(0.198834 0.00262572 0)
(0.198777 0.00286577 0)
(0.19874 0.00311324 0)
(0.198715 0.00336302 0)
(0.198715 0.00361393 0)
(0.198732 0.00385939 0)
(0.199999 3.92721e-05 0)
(0.199992 0.000118469 0)
(0.199974 0.000197542 0)
(0.199953 0.000279509 0)
(0.199921 0.000364296 0)
(0.199886 0.000454616 0)
(0.199841 0.000550147 0)
(0.199794 0.000653468 0)
(0.199737 0.000764068 0)
(0.199679 0.000884369 0)
(0.199611 0.00101364 0)
(0.199544 0.00115408 0)
(0.199469 0.00130471 0)
(0.199396 0.00146744 0)
(0.199318 0.00164095 0)
(0.199246 0.00182678 0)
(0.199171 0.00202303 0)
(0.199105 0.00223066 0)
(0.199041 0.002447 0)
(0.19899 0.00267216 0)
(0.198945 0.00290266 0)
(0.198917 0.00313785 0)
(0.198899 0.00337343 0)
(0.198902 0.00360794 0)
(0.19892 0.00383644 0)
(0.199999 4.12571e-05 0)
(0.199993 0.000124279 0)
(0.199978 0.000207406 0)
(0.199959 0.000293338 0)
(0.199931 0.000382428 0)
(0.199901 0.000477007 0)
(0.199862 0.000577145 0)
(0.199822 0.000684966 0)
(0.199773 0.000800311 0)
(0.199723 0.000925074 0)
(0.199666 0.00105885 0)
(0.199608 0.00120322 0)
(0.199545 0.00135749 0)
(0.199484 0.00152285 0)
(0.199419 0.0016982 0)
(0.199359 0.00188431 0)
(0.199298 0.00207954 0)
(0.199244 0.00228406 0)
(0.199193 0.00249557 0)
(0.199153 0.00271355 0)
(0.199118 0.00293506 0)
(0.199097 0.00315897 0)
(0.199085 0.00338178 0)
(0.19909 0.00360192 0)
(0.199108 0.00381563 0)
(0.199999 4.31032e-05 0)
(0.199994 0.000129664 0)
(0.199982 0.000216545 0)
(0.199966 0.000306163 0)
(0.199943 0.00039925 0)
(0.199918 0.000497802 0)
(0.199887 0.000602207 0)
(0.199853 0.000714202 0)
(0.199814 0.000833891 0)
(0.199773 0.000962725 0)
(0.199727 0.00110053 0)
(0.19968 0.00124838 0)
(0.19963 0.00140575 0)
(0.199581 0.00157329 0)
(0.199529 0.00175002 0)
(0.199481 0.00193612 0)
(0.199434 0.00213007 0)
(0.199392 0.00233151 0)
(0.199353 0.00253837 0)
(0.199322 0.0027497 0)
(0.199297 0.00296298 0)
(0.199282 0.00317682 0)
(0.199275 0.00338834 0)
(0.19928 0.00359591 0)
(0.199296 0.00379638 0)
(0.2 4.47014e-05 0)
(0.199996 0.000134333 0)
(0.199986 0.000224462 0)
(0.199974 0.000317292 0)
(0.199957 0.000413857 0)
(0.199938 0.000515884 0)
(0.199915 0.000624001 0)
(0.199889 0.000739631 0)
(0.19986 0.000863065 0)
(0.199829 0.000995397 0)
(0.199795 0.00113661 0)
(0.19976 0.00128737 0)
(0.199723 0.00144728 0)
(0.199686 0.00161655 0)
(0.199649 0.00179428 0)
(0.199614 0.0019802 0)
(0.199579 0.00217288 0)
(0.199549 0.00237153 0)
(0.199521 0.00257426 0)
(0.199499 0.00277985 0)
(0.199482 0.00298607 0)
(0.199472 0.0031914 0)
(0.199468 0.00339338 0)
(0.199473 0.00359027 0)
(0.199485 0.00377942 0)
(0.2 4.59184e-05 0)
(0.199997 0.000137887 0)
(0.199991 0.000230492 0)
(0.199984 0.000325778 0)
(0.199973 0.000425016 0)
(0.199961 0.000529719 0)
(0.199946 0.000640702 0)
(0.19993 0.000759132 0)
(0.199911 0.000885448 0)
(0.199892 0.00102045 0)
(0.19987 0.00116425 0)
(0.199849 0.0013172 0)
(0.199825 0.001479 0)
(0.199802 0.00164952 0)
(0.199779 0.00182795 0)
(0.199757 0.00201367 0)
(0.199736 0.00220534 0)
(0.199717 0.00240185 0)
(0.199699 0.00260147 0)
(0.199686 0.00280275 0)
(0.199675 0.00300371 0)
(0.199669 0.00320265 0)
(0.199666 0.00339744 0)
(0.199669 0.00358625 0)
(0.199677 0.00376683 0)
(0.2 4.65927e-05 0)
(0.199999 0.000139866 0)
(0.199997 0.000233836 0)
(0.199994 0.000330505 0)
(0.19999 0.000431246 0)
(0.199986 0.000537486 0)
(0.199981 0.000650105 0)
(0.199975 0.000770167 0)
(0.199968 0.000898138 0)
(0.199961 0.00103471 0)
(0.199953 0.00117999 0)
(0.199945 0.00133422 0)
(0.199936 0.00149709 0)
(0.199927 0.00166835 0)
(0.199918 0.00184717 0)
(0.19991 0.00203282 0)
(0.199901 0.00222395 0)
(0.199894 0.00241935 0)
(0.199887 0.00261731 0)
(0.199881 0.00281629 0)
(0.199876 0.00301439 0)
(0.199873 0.00320985 0)
(0.199871 0.00340064 0)
(0.199871 0.00358494 0)
(0.199872 0.00376066 0)
)
;

boundaryField
{
    top
    {
        type            zeroGradient;
    }
    inlet
    {
        type            fixedValue;
        value           uniform (0.2 0 0);
    }
    outlet
    {
        type            zeroGradient;
    }
    plate
    {
        type            fixedValue;
        value           uniform (0 0 0);
    }
    symmBound
    {
        type            zeroGradient;
    }
    frontAndBack
    {
        type            empty;
    }
}


// ************************************************************************* //
