/*--------------------------------*- C++ -*----------------------------------*\
| =========                 |                                                 |
| \\      /  F ield         | OpenFOAM: The Open Source CFD Toolbox           |
|  \\    /   O peration     | Version:  2.3.0                                 |
|   \\  /    A nd           | Web:      www.OpenFOAM.org                      |
|    \\/     M anipulation  |                                                 |
\*---------------------------------------------------------------------------*/
FoamFile
{
    version     2.0;
    format      ascii;
    class       surfaceScalarField;
    location    "0.55";
    object      phi_0;
}
// * * * * * * * * * * * * * * * * * * * * * * * * * * * * * * * * * * * * * //

dimensions      [0 3 -1 0 0 0 0];

internalField   nonuniform List<scalar> 
5273
(
3.15604e-08
3.0246e-09
2.8664e-08
2.89645e-09
2.60225e-08
2.64145e-09
2.35248e-08
2.49778e-09
2.11884e-08
2.33635e-09
1.90462e-08
2.14223e-09
1.71141e-08
1.93207e-09
1.53961e-08
1.71797e-09
1.38891e-08
1.50702e-09
1.25843e-08
1.30481e-09
1.14681e-08
1.1162e-09
1.05232e-08
9.44897e-10
9.72996e-09
7.93252e-10
9.06772e-09
6.62233e-10
8.51615e-09
5.51578e-10
8.05612e-09
4.6003e-10
7.67048e-09
3.85637e-10
7.34442e-09
3.26062e-10
7.06556e-09
2.78859e-10
6.82387e-09
2.41684e-10
6.61144e-09
2.12433e-10
6.42213e-09
1.89307e-10
6.2513e-09
1.70839e-10
6.09543e-09
1.55869e-10
5.95192e-09
1.4351e-10
5.81882e-09
1.331e-10
5.69466e-09
1.24158e-10
5.57832e-09
1.16337e-10
5.46893e-09
1.09393e-10
5.36577e-09
1.03153e-10
5.26828e-09
9.74952e-11
5.17595e-09
9.23306e-11
5.08835e-09
8.75943e-11
5.00512e-09
8.32365e-11
4.9259e-09
7.92173e-11
4.8504e-09
7.55034e-11
4.77833e-09
7.20663e-11
4.70945e-09
6.88809e-11
4.64352e-09
6.59245e-11
4.58035e-09
6.31768e-11
4.51973e-09
6.06193e-11
4.46149e-09
5.82353e-11
4.40548e-09
5.60095e-11
4.35156e-09
5.3928e-11
4.29958e-09
5.19784e-11
4.24943e-09
5.01495e-11
4.201e-09
4.84309e-11
4.15418e-09
4.68136e-11
4.10889e-09
4.52893e-11
4.06504e-09
4.38503e-11
4.02255e-09
4.24901e-11
3.98135e-09
4.12025e-11
3.94137e-09
3.99819e-11
3.90255e-09
3.88234e-11
3.86482e-09
3.77223e-11
3.82815e-09
3.66744e-11
3.79247e-09
3.56761e-11
3.75775e-09
3.47238e-11
3.72393e-09
3.38142e-11
3.69099e-09
3.29446e-11
3.65888e-09
3.21121e-11
3.62756e-09
3.13145e-11
3.59701e-09
3.05492e-11
3.5672e-09
2.98143e-11
3.53809e-09
2.91076e-11
3.50967e-09
2.84275e-11
3.48189e-09
2.77721e-11
3.45475e-09
2.71399e-11
3.42822e-09
2.65294e-11
3.40228e-09
2.59392e-11
3.37692e-09
2.53679e-11
3.3521e-09
2.48143e-11
3.32782e-09
2.42773e-11
3.30407e-09
2.37556e-11
3.28082e-09
2.32485e-11
3.25807e-09
2.27546e-11
3.23579e-09
2.22732e-11
3.21399e-09
2.18034e-11
3.19264e-09
2.13444e-11
3.17175e-09
2.08952e-11
3.15129e-09
2.04554e-11
3.13127e-09
2.00242e-11
3.11167e-09
1.9601e-11
3.09248e-09
1.91853e-11
3.07371e-09
1.87766e-11
3.05533e-09
1.83746e-11
3.03735e-09
1.79791e-11
3.01976e-09
1.75899e-11
3.00256e-09
1.7207e-11
2.98573e-09
1.68306e-11
2.96926e-09
1.64613e-11
2.95316e-09
1.60997e-11
2.93742e-09
1.57473e-11
2.92201e-09
1.54069e-11
2.90693e-09
1.50844e-11
2.89213e-09
1.47945e-11
2.87755e-09
1.45835e-11
2.863e-09
1.45504e-11
2.84812e-09
1.48756e-11
4.07401e-11
3.64392e-08
2.45548e-09
3.61717e-08
3.16392e-09
3.55862e-08
3.22695e-09
3.48047e-08
3.27922e-09
3.38657e-08
3.27542e-09
3.28247e-08
3.18316e-09
3.17294e-08
3.02745e-09
3.06138e-08
2.83349e-09
2.95039e-08
2.61694e-09
2.84192e-08
2.38948e-09
2.73742e-08
2.16129e-09
2.63782e-08
1.94081e-09
2.54372e-08
1.73432e-09
2.45535e-08
1.54586e-09
2.37277e-08
1.37746e-09
2.29581e-08
1.22954e-09
2.22425e-08
1.10127e-09
2.15776e-08
9.90984e-10
2.09598e-08
8.96618e-10
2.03856e-08
8.15948e-10
1.98512e-08
7.46828e-10
1.93532e-08
6.87311e-10
1.88883e-08
6.3571e-10
1.84536e-08
5.90613e-10
1.80462e-08
5.50869e-10
1.76637e-08
5.15553e-10
1.7304e-08
4.83935e-10
1.69649e-08
4.55439e-10
1.66447e-08
4.29608e-10
1.63417e-08
4.06083e-10
1.60546e-08
3.84573e-10
1.57821e-08
3.64842e-10
1.5523e-08
3.46693e-10
1.52763e-08
3.29961e-10
1.5041e-08
3.14503e-10
1.48163e-08
3.00197e-10
1.46015e-08
2.86933e-10
1.43957e-08
2.74616e-10
1.41985e-08
2.63158e-10
1.40092e-08
2.52484e-10
1.38273e-08
2.42525e-10
1.36523e-08
2.33217e-10
1.34838e-08
2.24505e-10
1.33214e-08
2.16339e-10
1.31647e-08
2.08672e-10
1.30134e-08
2.01464e-10
1.28671e-08
1.94677e-10
1.27257e-08
1.88279e-10
1.25887e-08
1.82237e-10
1.24561e-08
1.76526e-10
1.23274e-08
1.71119e-10
1.22026e-08
1.65994e-10
1.20815e-08
1.61131e-10
1.19638e-08
1.56509e-10
1.18494e-08
1.52113e-10
1.17382e-08
1.47926e-10
1.16299e-08
1.43934e-10
1.15245e-08
1.40123e-10
1.14218e-08
1.36481e-10
1.13218e-08
1.32997e-10
1.12242e-08
1.29661e-10
1.11291e-08
1.26462e-10
1.10362e-08
1.23392e-10
1.09456e-08
1.20442e-10
1.08571e-08
1.17605e-10
1.07707e-08
1.14873e-10
1.06862e-08
1.12239e-10
1.06036e-08
1.09697e-10
1.05229e-08
1.07242e-10
1.0444e-08
1.04867e-10
1.03668e-08
1.02566e-10
1.02913e-08
1.00336e-10
1.02174e-08
9.81709e-11
1.01451e-08
9.60662e-11
1.00743e-08
9.40176e-11
1.0005e-08
9.20211e-11
9.93725e-09
9.00724e-11
9.87088e-09
8.81681e-11
9.80592e-09
8.63044e-11
9.74234e-09
8.44777e-11
9.68011e-09
8.26851e-11
9.61921e-09
8.09234e-11
9.55962e-09
7.91896e-11
9.50133e-09
7.74813e-11
9.44431e-09
7.57961e-11
9.38855e-09
7.41319e-11
9.33404e-09
7.24871e-11
9.28077e-09
7.08603e-11
9.22873e-09
6.92509e-11
9.1779e-09
6.76586e-11
9.12828e-09
6.60844e-11
9.07985e-09
6.453e-11
9.03259e-09
6.29996e-11
8.9865e-09
6.15017e-11
8.94153e-09
6.00547e-11
8.89762e-09
5.87068e-11
8.85461e-09
5.7594e-11
8.81203e-09
5.71224e-11
8.76553e-09
6.13817e-11
1.01884e-10
3.78827e-08
1.77558e-09
3.83056e-08
2.74105e-09
3.84799e-08
3.05258e-09
3.85167e-08
3.24247e-09
3.84221e-08
3.37e-09
3.82036e-08
3.40163e-09
3.78814e-08
3.34971e-09
3.74757e-08
3.23911e-09
3.70049e-08
3.0878e-09
3.64852e-08
2.90916e-09
3.59314e-08
2.71513e-09
3.53559e-08
2.51624e-09
3.47693e-08
2.32097e-09
3.41797e-08
2.13548e-09
3.35934e-08
1.96374e-09
3.30151e-08
1.80783e-09
3.24481e-08
1.6683e-09
3.18945e-08
1.54459e-09
3.13556e-08
1.43545e-09
3.08323e-08
1.33927e-09
3.03248e-08
1.25432e-09
2.98332e-08
1.17896e-09
2.93572e-08
1.11168e-09
2.88966e-08
1.05118e-09
2.84511e-08
9.96393e-10
2.80202e-08
9.46434e-10
2.76036e-08
9.00597e-10
2.72007e-08
8.58321e-10
2.68111e-08
8.19157e-10
2.64345e-08
7.82747e-10
2.60703e-08
7.48804e-10
2.5718e-08
7.17088e-10
2.53773e-08
6.874e-10
2.50477e-08
6.5957e-10
2.47287e-08
6.3345e-10
2.442e-08
6.08907e-10
2.41211e-08
5.85825e-10
2.38317e-08
5.64097e-10
2.35512e-08
5.43624e-10
2.32794e-08
5.24317e-10
2.30158e-08
5.06094e-10
2.27601e-08
4.88879e-10
2.2512e-08
4.72602e-10
2.22712e-08
4.57197e-10
2.20372e-08
4.42606e-10
2.18099e-08
4.28772e-10
2.1589e-08
4.15645e-10
2.13741e-08
4.03177e-10
2.1165e-08
3.91325e-10
2.09615e-08
3.80047e-10
2.07633e-08
3.69307e-10
2.05702e-08
3.5907e-10
2.0382e-08
3.49303e-10
2.01986e-08
3.39976e-10
2.00196e-08
3.31062e-10
1.9845e-08
3.22536e-10
1.96746e-08
3.14372e-10
1.95081e-08
3.06549e-10
1.93456e-08
2.99045e-10
1.91867e-08
2.91842e-10
1.90315e-08
2.8492e-10
1.88797e-08
2.78264e-10
1.87312e-08
2.71856e-10
1.8586e-08
2.65681e-10
1.84438e-08
2.59726e-10
1.83047e-08
2.53977e-10
1.81686e-08
2.48422e-10
1.80352e-08
2.43048e-10
1.79046e-08
2.37843e-10
1.77767e-08
2.32798e-10
1.76513e-08
2.27901e-10
1.75285e-08
2.23143e-10
1.74082e-08
2.18514e-10
1.72902e-08
2.14005e-10
1.71747e-08
2.09607e-10
1.70614e-08
2.05312e-10
1.69503e-08
2.01111e-10
1.68415e-08
1.96997e-10
1.67348e-08
1.92962e-10
1.66303e-08
1.88998e-10
1.65279e-08
1.85099e-10
1.64276e-08
1.81257e-10
1.63293e-08
1.77467e-10
1.62331e-08
1.73722e-10
1.61388e-08
1.70017e-10
1.60466e-08
1.66347e-10
1.59564e-08
1.62706e-10
1.58682e-08
1.59093e-10
1.57819e-08
1.55504e-10
1.56976e-08
1.51938e-10
1.56153e-08
1.48395e-10
1.5535e-08
1.44878e-10
1.54566e-08
1.41393e-10
1.53801e-08
1.37956e-10
1.53056e-08
1.34602e-10
1.52329e-08
1.31419e-10
1.51618e-08
1.2867e-10
1.50916e-08
1.27351e-10
1.50187e-08
1.3427e-10
1.74623e-10
3.90452e-08
1.31546e-09
3.95339e-08
2.25232e-09
3.98916e-08
2.69487e-09
4.0177e-08
2.9571e-09
4.03998e-08
3.14718e-09
4.05487e-08
3.25277e-09
4.06223e-08
3.27606e-09
4.06255e-08
3.23598e-09
4.0564e-08
3.14926e-09
4.04447e-08
3.02844e-09
4.02752e-08
2.8846e-09
4.00636e-08
2.7279e-09
3.98175e-08
2.56703e-09
3.95442e-08
2.40876e-09
3.92501e-08
2.25793e-09
3.89403e-08
2.11756e-09
3.86194e-08
1.98918e-09
3.82909e-08
1.87312e-09
3.79574e-08
1.76893e-09
3.7621e-08
1.67564e-09
3.72833e-08
1.59203e-09
3.69455e-08
1.51682e-09
3.66084e-08
1.4488e-09
3.62727e-08
1.38687e-09
3.5939e-08
1.33009e-09
3.56077e-08
1.27768e-09
3.52793e-08
1.22902e-09
3.4954e-08
1.18359e-09
3.46322e-08
1.14099e-09
3.4314e-08
1.1009e-09
3.39998e-08
1.06306e-09
3.36896e-08
1.02726e-09
3.33837e-08
9.93339e-10
3.30821e-08
9.61145e-10
3.2785e-08
9.30557e-10
3.24924e-08
9.01466e-10
3.22045e-08
8.73776e-10
3.19212e-08
8.474e-10
3.16425e-08
8.22258e-10
3.13686e-08
7.98276e-10
3.10993e-08
7.75387e-10
3.08347e-08
7.53526e-10
3.05746e-08
7.32635e-10
3.03192e-08
7.12659e-10
3.00682e-08
6.93546e-10
2.98217e-08
6.75248e-10
2.95797e-08
6.57719e-10
2.93419e-08
6.40917e-10
2.91084e-08
6.24802e-10
2.88792e-08
6.09337e-10
2.8654e-08
5.94486e-10
2.84328e-08
5.80216e-10
2.82156e-08
5.66497e-10
2.80023e-08
5.53299e-10
2.77928e-08
5.40594e-10
2.7587e-08
5.28357e-10
2.73848e-08
5.16562e-10
2.71861e-08
5.05186e-10
2.6991e-08
4.94208e-10
2.67992e-08
4.83605e-10
2.66108e-08
4.73359e-10
2.64256e-08
4.6345e-10
2.62436e-08
4.53859e-10
2.60647e-08
4.44571e-10
2.58888e-08
4.35568e-10
2.5716e-08
4.26834e-10
2.55461e-08
4.18355e-10
2.5379e-08
4.10115e-10
2.52147e-08
4.021e-10
2.50532e-08
3.94297e-10
2.48944e-08
3.86692e-10
2.47383e-08
3.79272e-10
2.45848e-08
3.72025e-10
2.44339e-08
3.64938e-10
2.42855e-08
3.58e-10
2.41396e-08
3.51198e-10
2.39962e-08
3.44521e-10
2.38552e-08
3.37957e-10
2.37167e-08
3.31496e-10
2.35806e-08
3.25126e-10
2.34468e-08
3.18837e-10
2.33155e-08
3.12619e-10
2.31865e-08
3.06461e-10
2.30598e-08
3.00354e-10
2.29356e-08
2.94289e-10
2.28137e-08
2.88257e-10
2.26941e-08
2.82252e-10
2.25769e-08
2.76267e-10
2.24621e-08
2.70296e-10
2.23497e-08
2.64338e-10
2.22397e-08
2.58391e-10
2.21322e-08
2.52459e-10
2.2027e-08
2.4655e-10
2.19243e-08
2.40686e-10
2.1824e-08
2.34918e-10
2.1726e-08
2.29376e-10
2.16302e-08
2.24451e-10
2.1536e-08
2.2162e-10
2.14424e-08
2.27791e-10
2.58001e-10
4.03208e-08
1.01333e-09
4.07301e-08
1.84309e-09
4.10905e-08
2.33443e-09
4.14117e-08
2.63587e-09
4.17071e-08
2.85182e-09
4.19672e-08
2.99264e-09
4.21844e-08
3.05886e-09
4.23566e-08
3.06383e-09
4.24836e-08
3.02224e-09
4.25664e-08
2.94557e-09
4.26075e-08
2.84358e-09
4.26101e-08
2.72527e-09
4.25785e-08
2.5986e-09
4.25172e-08
2.47004e-09
4.24307e-08
2.34449e-09
4.2323e-08
2.22528e-09
4.21977e-08
2.11441e-09
4.20581e-08
2.01279e-09
4.19065e-08
1.92049e-09
4.17451e-08
1.83704e-09
4.15755e-08
1.76166e-09
4.13989e-08
1.69341e-09
4.12163e-08
1.63135e-09
4.10286e-08
1.57457e-09
4.08364e-08
1.5223e-09
4.06403e-08
1.47384e-09
4.04406e-08
1.42865e-09
4.0238e-08
1.38626e-09
4.00327e-08
1.34631e-09
3.98251e-08
1.3085e-09
3.96155e-08
1.27261e-09
3.94043e-08
1.23845e-09
3.91918e-08
1.20586e-09
3.89782e-08
1.17472e-09
3.87639e-08
1.14493e-09
3.85489e-08
1.11639e-09
3.83337e-08
1.08902e-09
3.81183e-08
1.06276e-09
3.79031e-08
1.03753e-09
3.76881e-08
1.01329e-09
3.74735e-08
9.89966e-10
3.72595e-08
9.67522e-10
3.70462e-08
9.45908e-10
3.68338e-08
9.25081e-10
3.66223e-08
9.04999e-10
3.6412e-08
8.85624e-10
3.62028e-08
8.66922e-10
3.59948e-08
8.48859e-10
3.57882e-08
8.31403e-10
3.5583e-08
8.14525e-10
3.53793e-08
7.98197e-10
3.51771e-08
7.82392e-10
3.49766e-08
7.67086e-10
3.47776e-08
7.52256e-10
3.45803e-08
7.37878e-10
3.43847e-08
7.23931e-10
3.41909e-08
7.10396e-10
3.39988e-08
6.97253e-10
3.38086e-08
6.84484e-10
3.36201e-08
6.7207e-10
3.34335e-08
6.59995e-10
3.32487e-08
6.48242e-10
3.30657e-08
6.36795e-10
3.28847e-08
6.2564e-10
3.27055e-08
6.14761e-10
3.25282e-08
6.04144e-10
3.23527e-08
5.93775e-10
3.21792e-08
5.83639e-10
3.20076e-08
5.73723e-10
3.18379e-08
5.64015e-10
3.16701e-08
5.54499e-10
3.15042e-08
5.45164e-10
3.13402e-08
5.35996e-10
3.11782e-08
5.26981e-10
3.10181e-08
5.18108e-10
3.08599e-08
5.09363e-10
3.07037e-08
5.00733e-10
3.05494e-08
4.92206e-10
3.03972e-08
4.83767e-10
3.02469e-08
4.75404e-10
3.00986e-08
4.67105e-10
2.99524e-08
4.58856e-10
2.98082e-08
4.50646e-10
2.96661e-08
4.42461e-10
2.95261e-08
4.34291e-10
2.93882e-08
4.26125e-10
2.92525e-08
4.17953e-10
2.9119e-08
4.09766e-10
2.89878e-08
4.01558e-10
2.88588e-08
3.93324e-10
2.87321e-08
3.85062e-10
2.86078e-08
3.76777e-10
2.84858e-08
3.68479e-10
2.83663e-08
3.60196e-10
2.82493e-08
3.5199e-10
2.81346e-08
3.44023e-10
2.80223e-08
3.36755e-10
2.79122e-08
3.31736e-10
2.78058e-08
3.34147e-10
3.48512e-10
4.1712e-08
8.06939e-10
4.20332e-08
1.52185e-09
4.2355e-08
2.01269e-09
4.2657e-08
2.33381e-09
4.29466e-08
2.56223e-09
4.3219e-08
2.7203e-09
4.34665e-08
2.81129e-09
4.36856e-08
2.84474e-09
4.38747e-08
2.83314e-09
4.40332e-08
2.78711e-09
4.41613e-08
2.7155e-09
4.42603e-08
2.62628e-09
4.43323e-08
2.52659e-09
4.43799e-08
2.4224e-09
4.4406e-08
2.31837e-09
4.44134e-08
2.21785e-09
4.44048e-08
2.12303e-09
4.43825e-08
2.03509e-09
4.43485e-08
1.95449e-09
4.43045e-08
1.88111e-09
4.42516e-08
1.81448e-09
4.41911e-08
1.75397e-09
4.41236e-08
1.69885e-09
4.40498e-08
1.64839e-09
4.39701e-08
1.60194e-09
4.3885e-08
1.55891e-09
4.37949e-08
1.51881e-09
4.36999e-08
1.48121e-09
4.36004e-08
1.4458e-09
4.34966e-08
1.41229e-09
4.33888e-08
1.38046e-09
4.32771e-08
1.35014e-09
4.31618e-08
1.32118e-09
4.3043e-08
1.29346e-09
4.29211e-08
1.26688e-09
4.27961e-08
1.24137e-09
4.26683e-08
1.21684e-09
4.25378e-08
1.19323e-09
4.24049e-08
1.17048e-09
4.22696e-08
1.14854e-09
4.21322e-08
1.12737e-09
4.19928e-08
1.10691e-09
4.18516e-08
1.08713e-09
4.17087e-08
1.068e-09
4.15642e-08
1.04947e-09
4.14183e-08
1.03151e-09
4.12712e-08
1.0141e-09
4.11228e-08
9.97208e-10
4.09734e-08
9.80803e-10
4.08231e-08
9.64863e-10
4.06719e-08
9.49366e-10
4.052e-08
9.34289e-10
4.03675e-08
9.19611e-10
4.02144e-08
9.05313e-10
4.00609e-08
8.91378e-10
3.99071e-08
8.77787e-10
3.97529e-08
8.64524e-10
3.95986e-08
8.51573e-10
3.94442e-08
8.38919e-10
3.92897e-08
8.26548e-10
3.91353e-08
8.14445e-10
3.89809e-08
8.02596e-10
3.88267e-08
7.9099e-10
3.86727e-08
7.79612e-10
3.8519e-08
7.68451e-10
3.83657e-08
7.57493e-10
3.82127e-08
7.46727e-10
3.80602e-08
7.3614e-10
3.79082e-08
7.2572e-10
3.77568e-08
7.15456e-10
3.7606e-08
7.05334e-10
3.74558e-08
6.95343e-10
3.73063e-08
6.8547e-10
3.71576e-08
6.75702e-10
3.70097e-08
6.66026e-10
3.68626e-08
6.56431e-10
3.67164e-08
6.46901e-10
3.65712e-08
6.37424e-10
3.6427e-08
6.27986e-10
3.62838e-08
6.18573e-10
3.61418e-08
6.09171e-10
3.60009e-08
5.99766e-10
3.58612e-08
5.90344e-10
3.57227e-08
5.80892e-10
3.55856e-08
5.71396e-10
3.54499e-08
5.61843e-10
3.53156e-08
5.52223e-10
3.51829e-08
5.42525e-10
3.50517e-08
5.3274e-10
3.49222e-08
5.22864e-10
3.47943e-08
5.12894e-10
3.46683e-08
5.02835e-10
3.4544e-08
4.92699e-10
3.44217e-08
4.82518e-10
3.43014e-08
4.7236e-10
3.4183e-08
4.62391e-10
3.40667e-08
4.53049e-10
3.39529e-08
4.45546e-10
3.38445e-08
4.42536e-10
4.39729e-10
4.31956e-08
6.59088e-10
4.34465e-08
1.27089e-09
4.37241e-08
1.73514e-09
4.39971e-08
2.06083e-09
4.42638e-08
2.29555e-09
4.45209e-08
2.46319e-09
4.47621e-08
2.57005e-09
4.49834e-08
2.62347e-09
4.51828e-08
2.63369e-09
4.53596e-08
2.61034e-09
4.55136e-08
2.56154e-09
4.56453e-08
2.49452e-09
4.57562e-08
2.41572e-09
4.5848e-08
2.33062e-09
4.59227e-08
2.24362e-09
4.59826e-08
2.15799e-09
4.60296e-08
2.07601e-09
4.60656e-08
1.99906e-09
4.60923e-08
1.92783e-09
4.61109e-08
1.8625e-09
4.61225e-08
1.80285e-09
4.6128e-08
1.74849e-09
4.6128e-08
1.69889e-09
4.61229e-08
1.65349e-09
4.61131e-08
1.61174e-09
4.60988e-08
1.57316e-09
4.60803e-08
1.53731e-09
4.60577e-08
1.50382e-09
4.60311e-08
1.47238e-09
4.60007e-08
1.44273e-09
4.59665e-08
1.41466e-09
4.59286e-08
1.38801e-09
4.58872e-08
1.36263e-09
4.58422e-08
1.3384e-09
4.57939e-08
1.31522e-09
4.57422e-08
1.29301e-09
4.56874e-08
1.2717e-09
4.56294e-08
1.25122e-09
4.55683e-08
1.23151e-09
4.55044e-08
1.21252e-09
4.54375e-08
1.1942e-09
4.53679e-08
1.17652e-09
4.52956e-08
1.15942e-09
4.52207e-08
1.14288e-09
4.51434e-08
1.12686e-09
4.50635e-08
1.11133e-09
4.49814e-08
1.09626e-09
4.4897e-08
1.08163e-09
4.48104e-08
1.06739e-09
4.47217e-08
1.05355e-09
4.4631e-08
1.04006e-09
4.45384e-08
1.02691e-09
4.44439e-08
1.01409e-09
4.43476e-08
1.00157e-09
4.42497e-08
9.89329e-10
4.41501e-08
9.7736e-10
4.4049e-08
9.65644e-10
4.39464e-08
9.54166e-10
4.38424e-08
9.42913e-10
4.37371e-08
9.3187e-10
4.36305e-08
9.21025e-10
4.35227e-08
9.10365e-10
4.34138e-08
8.99878e-10
4.33039e-08
8.89551e-10
4.3193e-08
8.79374e-10
4.30811e-08
8.69334e-10
4.29684e-08
8.59419e-10
4.2855e-08
8.49619e-10
4.27408e-08
8.39921e-10
4.26259e-08
8.30314e-10
4.25104e-08
8.20786e-10
4.23945e-08
8.11325e-10
4.2278e-08
8.01918e-10
4.21612e-08
7.92553e-10
4.2044e-08
7.83217e-10
4.19265e-08
7.73896e-10
4.18088e-08
7.64576e-10
4.1691e-08
7.55244e-10
4.15731e-08
7.45885e-10
4.14552e-08
7.36483e-10
4.13374e-08
7.27025e-10
4.12196e-08
7.17494e-10
4.11021e-08
7.07875e-10
4.09848e-08
6.98154e-10
4.08679e-08
6.88315e-10
4.07514e-08
6.78345e-10
4.06354e-08
6.68229e-10
4.052e-08
6.57958e-10
4.04052e-08
6.47521e-10
4.02911e-08
6.36911e-10
4.01779e-08
6.26128e-10
4.00656e-08
6.15174e-10
3.99542e-08
6.04063e-10
3.98439e-08
5.92826e-10
3.97347e-08
5.8153e-10
3.96268e-08
5.70318e-10
3.95203e-08
5.59512e-10
3.94161e-08
5.49748e-10
3.93174e-08
5.41226e-10
5.2385e-10
4.47577e-08
5.48534e-10
4.49559e-08
1.07267e-09
4.51922e-08
1.49884e-09
4.54357e-08
1.81732e-09
4.56781e-08
2.05316e-09
4.59153e-08
2.226e-09
4.61418e-08
2.34356e-09
4.63533e-08
2.412e-09
4.65475e-08
2.43951e-09
4.67233e-08
2.43449e-09
4.68805e-08
2.40434e-09
4.70195e-08
2.35557e-09
4.71412e-08
2.29402e-09
4.7247e-08
2.22475e-09
4.73388e-08
2.15187e-09
4.74182e-08
2.07856e-09
4.74871e-08
2.00713e-09
4.7547e-08
1.93911e-09
4.75995e-08
1.87538e-09
4.76457e-08
1.81634e-09
4.76865e-08
1.76201e-09
4.77228e-08
1.7122e-09
4.77551e-08
1.66656e-09
4.77839e-08
1.6247e-09
4.78095e-08
1.58618e-09
4.7832e-08
1.5506e-09
4.78518e-08
1.51761e-09
4.78687e-08
1.48687e-09
4.7883e-08
1.45812e-09
4.78946e-08
1.43111e-09
4.79036e-08
1.40565e-09
4.791e-08
1.38158e-09
4.79139e-08
1.35875e-09
4.79152e-08
1.33707e-09
4.7914e-08
1.31642e-09
4.79103e-08
1.29672e-09
4.79041e-08
1.2779e-09
4.78954e-08
1.2599e-09
4.78843e-08
1.24264e-09
4.78707e-08
1.22609e-09
4.78547e-08
1.21019e-09
4.78364e-08
1.1949e-09
4.78156e-08
1.18017e-09
4.77925e-08
1.16598e-09
4.77671e-08
1.15228e-09
4.77394e-08
1.13904e-09
4.77094e-08
1.12623e-09
4.76772e-08
1.11383e-09
4.76428e-08
1.1018e-09
4.76062e-08
1.09013e-09
4.75675e-08
1.07878e-09
4.75267e-08
1.06774e-09
4.74838e-08
1.05699e-09
4.74388e-08
1.0465e-09
4.73919e-08
1.03626e-09
4.7343e-08
1.02625e-09
4.72922e-08
1.01646e-09
4.72395e-08
1.00686e-09
4.7185e-08
9.97448e-10
4.71286e-08
9.88206e-10
4.70706e-08
9.7912e-10
4.70107e-08
9.70176e-10
4.69493e-08
9.61361e-10
4.68861e-08
9.52663e-10
4.68215e-08
9.4407e-10
4.67552e-08
9.35568e-10
4.66875e-08
9.27146e-10
4.66183e-08
9.18792e-10
4.65477e-08
9.10493e-10
4.64758e-08
9.02236e-10
4.64026e-08
8.94009e-10
4.63281e-08
8.85799e-10
4.62525e-08
8.77593e-10
4.61756e-08
8.69376e-10
4.60977e-08
8.61136e-10
4.60187e-08
8.52857e-10
4.59388e-08
8.44525e-10
4.58579e-08
8.36123e-10
4.57762e-08
8.27637e-10
4.56936e-08
8.19049e-10
4.56103e-08
8.10344e-10
4.55263e-08
8.01504e-10
4.54416e-08
7.92513e-10
4.53564e-08
7.83353e-10
4.52707e-08
7.74008e-10
4.51846e-08
7.64462e-10
4.50982e-08
7.547e-10
4.50114e-08
7.4471e-10
4.49244e-08
7.34479e-10
4.48374e-08
7.24002e-10
4.47502e-08
7.13274e-10
4.46631e-08
7.02298e-10
4.45761e-08
6.91088e-10
4.44892e-08
6.79671e-10
4.44026e-08
6.68101e-10
4.43165e-08
6.56478e-10
4.4231e-08
6.44957e-10
4.41472e-08
6.33571e-10
4.40677e-08
6.20714e-10
5.93924e-10
4.63916e-08
4.62962e-10
4.65505e-08
9.13788e-10
4.67508e-08
1.29857e-09
4.69664e-08
1.60173e-09
4.71857e-08
1.83376e-09
4.74035e-08
2.00829e-09
4.76143e-08
2.13276e-09
4.78137e-08
2.2125e-09
4.79992e-08
2.25404e-09
4.81693e-08
2.26443e-09
4.83234e-08
2.25021e-09
4.84617e-08
2.21725e-09
4.8585e-08
2.17079e-09
4.86943e-08
2.11545e-09
4.87911e-08
2.05507e-09
4.88769e-08
1.99269e-09
4.89534e-08
1.93063e-09
4.90221e-08
1.87049e-09
4.90841e-08
1.81331e-09
4.91408e-08
1.75966e-09
4.9193e-08
1.70978e-09
4.92416e-08
1.66365e-09
4.92871e-08
1.62109e-09
4.93299e-08
1.58185e-09
4.93705e-08
1.54561e-09
4.9409e-08
1.51207e-09
4.94457e-08
1.48094e-09
4.94806e-08
1.45195e-09
4.95138e-08
1.42486e-09
4.95455e-08
1.39946e-09
4.95756e-08
1.37558e-09
4.96041e-08
1.35307e-09
4.9631e-08
1.3318e-09
4.96564e-08
1.31167e-09
4.96803e-08
1.29257e-09
4.97026e-08
1.27443e-09
4.97233e-08
1.25718e-09
4.97424e-08
1.24074e-09
4.976e-08
1.22508e-09
4.9776e-08
1.21012e-09
4.97904e-08
1.19582e-09
4.98031e-08
1.18214e-09
4.98142e-08
1.16904e-09
4.98237e-08
1.15648e-09
4.98316e-08
1.14442e-09
4.98378e-08
1.13283e-09
4.98424e-08
1.12168e-09
4.98453e-08
1.11094e-09
4.98465e-08
1.10057e-09
4.98461e-08
1.09057e-09
4.98439e-08
1.08089e-09
4.98402e-08
1.07153e-09
4.98347e-08
1.06245e-09
4.98276e-08
1.05363e-09
4.98188e-08
1.04506e-09
4.98083e-08
1.03672e-09
4.97962e-08
1.02859e-09
4.97824e-08
1.02065e-09
4.97669e-08
1.01289e-09
4.97498e-08
1.00529e-09
4.97311e-08
9.97831e-10
4.97108e-08
9.90506e-10
4.96889e-08
9.83297e-10
4.96653e-08
9.76192e-10
4.96402e-08
9.69176e-10
4.96136e-08
9.62235e-10
4.95854e-08
9.55357e-10
4.95556e-08
9.48527e-10
4.95244e-08
9.41731e-10
4.94917e-08
9.34957e-10
4.94575e-08
9.2819e-10
4.94219e-08
9.21416e-10
4.93848e-08
9.14619e-10
4.93464e-08
9.07786e-10
4.93067e-08
9.00899e-10
4.92656e-08
8.93945e-10
4.92232e-08
8.86905e-10
4.91796e-08
8.79763e-10
4.91347e-08
8.72502e-10
4.90886e-08
8.65103e-10
4.90414e-08
8.57548e-10
4.89931e-08
8.49818e-10
4.89437e-08
8.41895e-10
4.88933e-08
8.3376e-10
4.88419e-08
8.25393e-10
4.87896e-08
8.16779e-10
4.87364e-08
8.079e-10
4.86824e-08
7.98741e-10
4.86276e-08
7.8929e-10
4.8572e-08
7.79538e-10
4.85158e-08
7.69481e-10
4.8459e-08
7.59119e-10
4.84016e-08
7.48463e-10
4.83438e-08
7.37536e-10
4.82855e-08
7.26373e-10
4.8227e-08
7.1502e-10
4.81685e-08
7.03466e-10
4.81107e-08
6.91283e-10
4.80555e-08
6.75934e-10
6.45562e-10
4.80946e-08
3.94902e-10
4.82239e-08
7.84474e-10
4.83937e-08
1.12876e-09
4.85836e-08
1.41184e-09
4.87815e-08
1.63588e-09
4.89808e-08
1.80898e-09
4.91764e-08
1.93719e-09
4.93638e-08
2.02506e-09
4.95401e-08
2.07774e-09
4.97035e-08
2.10101e-09
4.98532e-08
2.10051e-09
4.99891e-08
2.08142e-09
5.01114e-08
2.04842e-09
5.02212e-08
2.00567e-09
5.03196e-08
1.95672e-09
5.04078e-08
1.90445e-09
5.04873e-08
1.85112e-09
5.05594e-08
1.79839e-09
5.06253e-08
1.74739e-09
5.06862e-08
1.69883e-09
5.07428e-08
1.65312e-09
5.07961e-08
1.61039e-09
5.08466e-08
1.57061e-09
5.08948e-08
1.53366e-09
5.0941e-08
1.49933e-09
5.09857e-08
1.46742e-09
5.10289e-08
1.43771e-09
5.10709e-08
1.40997e-09
5.11117e-08
1.38401e-09
5.11515e-08
1.35967e-09
5.11903e-08
1.33679e-09
5.12281e-08
1.31524e-09
5.1265e-08
1.2949e-09
5.1301e-08
1.27567e-09
5.13361e-08
1.25748e-09
5.13703e-08
1.24024e-09
5.14036e-08
1.22388e-09
5.1436e-08
1.20834e-09
5.14675e-08
1.19358e-09
5.14981e-08
1.17953e-09
5.15278e-08
1.16616e-09
5.15565e-08
1.15341e-09
5.15843e-08
1.14126e-09
5.16111e-08
1.12966e-09
5.16369e-08
1.11857e-09
5.16618e-08
1.10798e-09
5.16856e-08
1.09783e-09
5.17085e-08
1.08811e-09
5.17303e-08
1.07879e-09
5.1751e-08
1.06984e-09
5.17706e-08
1.06123e-09
5.17892e-08
1.05295e-09
5.18067e-08
1.04497e-09
5.18231e-08
1.03727e-09
5.18383e-08
1.02983e-09
5.18524e-08
1.02263e-09
5.18653e-08
1.01565e-09
5.18771e-08
1.00888e-09
5.18877e-08
1.00229e-09
5.18971e-08
9.95873e-10
5.19053e-08
9.89612e-10
5.19123e-08
9.83491e-10
5.19182e-08
9.77494e-10
5.19227e-08
9.71607e-10
5.19261e-08
9.65814e-10
5.19282e-08
9.60102e-10
5.19291e-08
9.54455e-10
5.19288e-08
9.4886e-10
5.19272e-08
9.43301e-10
5.19244e-08
9.37764e-10
5.19204e-08
9.32233e-10
5.19151e-08
9.26693e-10
5.19086e-08
9.21128e-10
5.19009e-08
9.15522e-10
5.18919e-08
9.09859e-10
5.18817e-08
9.0412e-10
5.18703e-08
8.98289e-10
5.18578e-08
8.92346e-10
5.1844e-08
8.86273e-10
5.1829e-08
8.80051e-10
5.18129e-08
8.7366e-10
5.17957e-08
8.67079e-10
5.17773e-08
8.60288e-10
5.17578e-08
8.53267e-10
5.17372e-08
8.45997e-10
5.17155e-08
8.38458e-10
5.16928e-08
8.30633e-10
5.1669e-08
8.22504e-10
5.16442e-08
8.14059e-10
5.16185e-08
8.05287e-10
5.15918e-08
7.96182e-10
5.15641e-08
7.86745e-10
5.15356e-08
7.76983e-10
5.15063e-08
7.6691e-10
5.14761e-08
7.56544e-10
5.14452e-08
7.45882e-10
5.14139e-08
7.34786e-10
5.13826e-08
7.22583e-10
5.13519e-08
7.0661e-10
6.77551e-10
4.98663e-08
3.39593e-10
4.9973e-08
6.77725e-10
5.01175e-08
9.84289e-10
5.02842e-08
1.24508e-09
5.04621e-08
1.458e-09
5.06441e-08
1.62697e-09
5.08251e-08
1.75622e-09
5.10007e-08
1.84942e-09
5.11679e-08
1.9106e-09
5.13245e-08
1.94439e-09
5.14695e-08
1.95554e-09
5.16024e-08
1.94852e-09
5.17233e-08
1.92748e-09
5.18329e-08
1.89612e-09
5.19319e-08
1.85767e-09
5.20216e-08
1.81484e-09
5.21029e-08
1.76978e-09
5.21771e-08
1.72415e-09
5.22454e-08
1.67916e-09
5.23086e-08
1.63562e-09
5.23677e-08
1.59404e-09
5.24234e-08
1.5547e-09
5.24763e-08
1.5177e-09
5.25269e-08
1.48302e-09
5.25757e-08
1.45057e-09
5.26229e-08
1.42022e-09
5.26688e-08
1.39181e-09
5.27135e-08
1.3652e-09
5.27573e-08
1.34022e-09
5.28003e-08
1.31675e-09
5.28424e-08
1.29464e-09
5.28838e-08
1.2738e-09
5.29246e-08
1.25413e-09
5.29648e-08
1.23552e-09
5.30043e-08
1.21792e-09
5.30433e-08
1.20124e-09
5.30817e-08
1.18544e-09
5.31196e-08
1.17044e-09
5.3157e-08
1.15621e-09
5.31939e-08
1.14269e-09
5.32302e-08
1.12984e-09
5.3266e-08
1.11762e-09
5.33012e-08
1.10599e-09
5.3336e-08
1.09492e-09
5.33702e-08
1.08438e-09
5.34038e-08
1.07433e-09
5.34369e-08
1.06474e-09
5.34694e-08
1.05558e-09
5.35014e-08
1.04684e-09
5.35328e-08
1.03847e-09
5.35635e-08
1.03047e-09
5.35937e-08
1.0228e-09
5.36232e-08
1.01544e-09
5.36521e-08
1.00838e-09
5.36803e-08
1.0016e-09
5.37079e-08
9.95062e-10
5.37348e-08
9.88765e-10
5.3761e-08
9.82686e-10
5.37864e-08
9.76809e-10
5.38112e-08
9.71117e-10
5.38352e-08
9.65595e-10
5.38585e-08
9.60225e-10
5.3881e-08
9.54994e-10
5.39027e-08
9.49885e-10
5.39236e-08
9.44885e-10
5.39438e-08
9.39977e-10
5.39631e-08
9.35148e-10
5.39815e-08
9.30382e-10
5.39992e-08
9.25665e-10
5.4016e-08
9.2098e-10
5.40319e-08
9.16312e-10
5.40469e-08
9.11646e-10
5.40611e-08
9.06966e-10
5.40744e-08
9.02253e-10
5.40867e-08
8.97492e-10
5.40982e-08
8.92663e-10
5.41087e-08
8.8775e-10
5.41183e-08
8.82732e-10
5.4127e-08
8.77591e-10
5.41348e-08
8.72306e-10
5.41416e-08
8.66856e-10
5.41474e-08
8.61222e-10
5.41523e-08
8.55382e-10
5.41563e-08
8.49315e-10
5.41593e-08
8.43001e-10
5.41613e-08
8.3642e-10
5.41624e-08
8.29553e-10
5.41625e-08
8.22384e-10
5.41617e-08
8.14899e-10
5.41599e-08
8.07087e-10
5.41571e-08
7.98941e-10
5.41534e-08
7.90461e-10
5.41487e-08
7.81651e-10
5.41431e-08
7.7252e-10
5.41366e-08
7.63069e-10
5.41292e-08
7.53261e-10
5.41211e-08
7.42894e-10
5.41124e-08
7.31252e-10
5.41029e-08
7.16109e-10
6.91434e-10
5.17074e-08
2.93865e-10
5.17967e-08
5.88483e-10
5.19202e-08
8.60788e-10
5.20664e-08
1.0988e-09
5.22259e-08
1.29857e-09
5.23917e-08
1.46118e-09
5.25587e-08
1.58918e-09
5.27228e-08
1.68527e-09
5.28809e-08
1.75254e-09
5.30307e-08
1.79464e-09
5.31707e-08
1.81545e-09
5.33005e-08
1.81878e-09
5.34197e-08
1.80822e-09
5.35288e-08
1.78706e-09
5.36283e-08
1.75819e-09
5.3719e-08
1.72411e-09
5.38019e-08
1.68685e-09
5.3878e-08
1.64804e-09
5.39483e-08
1.6089e-09
5.40136e-08
1.57032e-09
5.40748e-08
1.53289e-09
5.41324e-08
1.497e-09
5.41873e-08
1.46286e-09
5.42398e-08
1.43054e-09
5.42903e-08
1.40005e-09
5.43392e-08
1.37133e-09
5.43867e-08
1.34429e-09
5.4433e-08
1.31884e-09
5.44784e-08
1.29485e-09
5.45229e-08
1.27223e-09
5.45667e-08
1.25088e-09
5.46098e-08
1.23071e-09
5.46523e-08
1.21163e-09
5.46942e-08
1.19357e-09
5.47357e-08
1.17647e-09
5.47767e-08
1.16026e-09
5.48172e-08
1.14488e-09
5.48574e-08
1.13029e-09
5.48972e-08
1.11644e-09
5.49366e-08
1.10329e-09
5.49756e-08
1.09079e-09
5.50143e-08
1.07892e-09
5.50527e-08
1.06763e-09
5.50907e-08
1.05689e-09
5.51284e-08
1.04666e-09
5.51658e-08
1.03693e-09
5.52029e-08
1.02767e-09
5.52396e-08
1.01883e-09
5.52761e-08
1.01041e-09
5.53122e-08
1.00237e-09
5.53479e-08
9.94697e-10
5.53834e-08
9.87363e-10
5.54185e-08
9.80349e-10
5.54532e-08
9.73634e-10
5.54876e-08
9.67199e-10
5.55217e-08
9.61027e-10
5.55553e-08
9.55099e-10
5.55886e-08
9.49398e-10
5.56215e-08
9.43907e-10
5.5654e-08
9.38612e-10
5.56861e-08
9.33495e-10
5.57178e-08
9.28542e-10
5.57491e-08
9.23737e-10
5.57799e-08
9.19067e-10
5.58102e-08
9.14515e-10
5.58402e-08
9.10068e-10
5.58696e-08
9.05711e-10
5.58985e-08
9.01429e-10
5.5927e-08
8.97207e-10
5.5955e-08
8.9303e-10
5.59824e-08
8.88884e-10
5.60093e-08
8.84751e-10
5.60356e-08
8.80616e-10
5.60614e-08
8.76462e-10
5.60866e-08
8.72272e-10
5.61113e-08
8.68029e-10
5.61353e-08
8.63714e-10
5.61587e-08
8.59308e-10
5.61815e-08
8.54792e-10
5.62037e-08
8.50146e-10
5.62252e-08
8.45349e-10
5.6246e-08
8.40382e-10
5.62662e-08
8.35223e-10
5.62857e-08
8.29852e-10
5.63044e-08
8.24249e-10
5.63224e-08
8.18393e-10
5.63397e-08
8.12268e-10
5.63563e-08
8.05857e-10
5.6372e-08
7.99145e-10
5.6387e-08
7.92124e-10
5.64011e-08
7.84786e-10
5.64145e-08
7.77131e-10
5.64269e-08
7.69161e-10
5.64386e-08
7.60882e-10
5.64494e-08
7.52286e-10
5.64593e-08
7.43319e-10
5.64684e-08
7.33775e-10
5.64766e-08
7.23044e-10
5.64831e-08
7.09597e-10
6.90475e-10
5.36195e-08
2.55524e-10
5.3695e-08
5.1305e-10
5.38011e-08
7.54628e-10
5.39295e-08
9.70427e-10
5.40721e-08
1.15593e-09
5.42228e-08
1.31052e-09
5.43766e-08
1.43538e-09
5.45296e-08
1.53227e-09
5.46787e-08
1.60349e-09
5.48215e-08
1.65184e-09
5.49565e-08
1.68043e-09
5.50828e-08
1.69244e-09
5.52001e-08
1.69093e-09
5.53084e-08
1.67877e-09
5.54081e-08
1.65852e-09
5.54997e-08
1.63246e-09
5.55841e-08
1.60248e-09
5.5662e-08
1.57014e-09
5.57342e-08
1.53665e-09
5.58016e-08
1.50293e-09
5.58649e-08
1.46964e-09
5.59246e-08
1.43725e-09
5.59814e-08
1.40604e-09
5.60358e-08
1.37619e-09
5.60881e-08
1.34776e-09
5.61387e-08
1.32077e-09
5.61878e-08
1.29519e-09
5.62356e-08
1.27097e-09
5.62824e-08
1.24805e-09
5.63283e-08
1.22635e-09
5.63734e-08
1.20581e-09
5.64177e-08
1.18634e-09
5.64615e-08
1.16789e-09
5.65047e-08
1.15039e-09
5.65473e-08
1.13379e-09
5.65896e-08
1.11804e-09
5.66314e-08
1.10308e-09
5.66728e-08
1.08888e-09
5.67138e-08
1.07538e-09
5.67545e-08
1.06256e-09
5.6795e-08
1.05038e-09
5.68351e-08
1.0388e-09
5.68749e-08
1.02778e-09
5.69145e-08
1.0173e-09
5.69538e-08
1.00733e-09
5.69929e-08
9.97846e-10
5.70318e-08
9.8881e-10
5.70704e-08
9.80203e-10
5.71088e-08
9.72001e-10
5.7147e-08
9.6418e-10
5.7185e-08
9.56717e-10
5.72228e-08
9.49594e-10
5.72603e-08
9.42788e-10
5.72977e-08
9.36281e-10
5.73348e-08
9.30054e-10
5.73718e-08
9.24091e-10
5.74085e-08
9.18373e-10
5.7445e-08
9.12884e-10
5.74813e-08
9.07608e-10
5.75174e-08
9.0253e-10
5.75532e-08
8.97635e-10
5.75889e-08
8.92908e-10
5.76243e-08
8.88334e-10
5.76594e-08
8.83899e-10
5.76944e-08
8.79589e-10
5.7729e-08
8.7539e-10
5.77635e-08
8.71288e-10
5.77976e-08
8.67268e-10
5.78315e-08
8.63316e-10
5.78651e-08
8.59418e-10
5.78985e-08
8.55558e-10
5.79315e-08
8.51722e-10
5.79642e-08
8.47893e-10
5.79966e-08
8.44057e-10
5.80287e-08
8.40195e-10
5.80604e-08
8.36292e-10
5.80918e-08
8.32329e-10
5.81228e-08
8.28288e-10
5.81535e-08
8.24151e-10
5.81837e-08
8.19899e-10
5.82136e-08
8.15511e-10
5.8243e-08
8.10969e-10
5.82719e-08
8.06252e-10
5.83005e-08
8.01341e-10
5.83285e-08
7.96217e-10
5.8356e-08
7.90861e-10
5.8383e-08
7.85256e-10
5.84095e-08
7.79387e-10
5.84354e-08
7.73243e-10
5.84607e-08
7.66813e-10
5.84854e-08
7.60093e-10
5.85095e-08
7.53084e-10
5.85328e-08
7.45787e-10
5.85555e-08
7.38206e-10
5.85775e-08
7.30334e-10
5.85987e-08
7.22118e-10
5.8619e-08
7.13388e-10
5.86384e-08
7.03722e-10
5.86557e-08
6.92306e-10
6.78478e-10
5.56045e-08
2.22999e-10
5.56689e-08
4.48671e-10
5.57607e-08
6.62852e-10
5.58735e-08
8.57575e-10
5.6001e-08
1.02841e-09
5.61377e-08
1.17385e-09
5.6279e-08
1.29405e-09
5.64213e-08
1.39e-09
5.65615e-08
1.4633e-09
5.66973e-08
1.51604e-09
5.68271e-08
1.55066e-09
5.69497e-08
1.56976e-09
5.70648e-08
1.5759e-09
5.7172e-08
1.57154e-09
5.72716e-08
1.55894e-09
5.73639e-08
1.54014e-09
5.74495e-08
1.51686e-09
5.75291e-08
1.49058e-09
5.76033e-08
1.46247e-09
5.76727e-08
1.43346e-09
5.77381e-08
1.40425e-09
5.78e-08
1.37535e-09
5.7859e-08
1.34712e-09
5.79154e-08
1.31979e-09
5.79696e-08
1.29351e-09
5.8022e-08
1.26835e-09
5.80729e-08
1.24433e-09
5.81224e-08
1.22144e-09
5.81708e-08
1.19967e-09
5.82182e-08
1.17897e-09
5.82647e-08
1.15929e-09
5.83104e-08
1.14059e-09
5.83555e-08
1.12282e-09
5.84e-08
1.10593e-09
5.84439e-08
1.08988e-09
5.84873e-08
1.07462e-09
5.85303e-08
1.06011e-09
5.85728e-08
1.04632e-09
5.8615e-08
1.03321e-09
5.86568e-08
1.02073e-09
5.86983e-08
1.00887e-09
5.87396e-08
9.97584e-10
5.87805e-08
9.86847e-10
5.88212e-08
9.7663e-10
5.88616e-08
9.66906e-10
5.89018e-08
9.57647e-10
5.89418e-08
9.4883e-10
5.89815e-08
9.4043e-10
5.90211e-08
9.32424e-10
5.90605e-08
9.2479e-10
5.90997e-08
9.17508e-10
5.91388e-08
9.10558e-10
5.91776e-08
9.03919e-10
5.92163e-08
8.97574e-10
5.92549e-08
8.91505e-10
5.92933e-08
8.85695e-10
5.93315e-08
8.80127e-10
5.93696e-08
8.74785e-10
5.94076e-08
8.69655e-10
5.94454e-08
8.64721e-10
5.94831e-08
8.59968e-10
5.95206e-08
8.55383e-10
5.9558e-08
8.50951e-10
5.95952e-08
8.4666e-10
5.96323e-08
8.42494e-10
5.96692e-08
8.3844e-10
5.9706e-08
8.34486e-10
5.97427e-08
8.30617e-10
5.97792e-08
8.26819e-10
5.98155e-08
8.23079e-10
5.98517e-08
8.19382e-10
5.98877e-08
8.15713e-10
5.99236e-08
8.12058e-10
5.99592e-08
8.08402e-10
5.99947e-08
8.04729e-10
6.00299e-08
8.01021e-10
6.0065e-08
7.97264e-10
6.00999e-08
7.93438e-10
6.01345e-08
7.89528e-10
6.01689e-08
7.85514e-10
6.0203e-08
7.81378e-10
6.02369e-08
7.77102e-10
6.02705e-08
7.72667e-10
6.03037e-08
7.68054e-10
6.03367e-08
7.63247e-10
6.03693e-08
7.58227e-10
6.04016e-08
7.52981e-10
6.04335e-08
7.47495e-10
6.0465e-08
7.41757e-10
6.0496e-08
7.35762e-10
6.05266e-08
7.29506e-10
6.05567e-08
7.2299e-10
6.05863e-08
7.16219e-10
6.06153e-08
7.09199e-10
6.06437e-08
7.01927e-10
6.06715e-08
6.94365e-10
6.06984e-08
6.86407e-10
6.07243e-08
6.77833e-10
6.07482e-08
6.68413e-10
6.58869e-10
5.76646e-08
1.95133e-10
5.77201e-08
3.93258e-10
5.77998e-08
5.83062e-10
5.78993e-08
7.58124e-10
5.80133e-08
9.1441e-10
5.81372e-08
1.05e-09
5.82668e-08
1.16439e-09
5.83988e-08
1.25797e-09
5.85304e-08
1.33175e-09
5.86592e-08
1.38723e-09
5.87836e-08
1.42629e-09
5.89024e-08
1.45097e-09
5.90148e-08
1.46341e-09
5.91207e-08
1.46569e-09
5.92199e-08
1.45976e-09
5.93126e-08
1.44741e-09
5.93992e-08
1.43022e-09
5.94803e-08
1.40954e-09
5.95563e-08
1.38648e-09
5.96277e-08
1.36197e-09
5.96953e-08
1.33672e-09
5.97594e-08
1.31126e-09
5.98205e-08
1.28601e-09
5.9879e-08
1.26125e-09
5.99354e-08
1.23717e-09
5.99898e-08
1.21391e-09
6.00426e-08
1.19152e-09
6.0094e-08
1.17005e-09
6.01442e-08
1.1495e-09
6.01933e-08
1.12987e-09
6.02414e-08
1.11113e-09
6.02888e-08
1.09327e-09
6.03353e-08
1.07624e-09
6.03813e-08
1.06001e-09
6.04266e-08
1.04456e-09
6.04714e-08
1.02984e-09
6.05157e-08
1.01582e-09
6.05595e-08
1.00248e-09
6.06029e-08
9.89776e-10
6.0646e-08
9.77682e-10
6.06887e-08
9.6617e-10
6.07311e-08
9.5521e-10
6.07731e-08
9.44775e-10
6.08149e-08
9.3484e-10
6.08564e-08
9.25378e-10
6.08977e-08
9.16366e-10
6.09388e-08
9.0778e-10
6.09796e-08
8.99598e-10
6.10202e-08
8.91798e-10
6.10607e-08
8.84359e-10
6.11009e-08
8.77261e-10
6.1141e-08
8.70485e-10
6.11809e-08
8.64013e-10
6.12206e-08
8.57826e-10
6.12602e-08
8.51908e-10
6.12997e-08
8.46243e-10
6.1339e-08
8.40814e-10
6.13782e-08
8.35606e-10
6.14172e-08
8.30604e-10
6.14562e-08
8.25795e-10
6.1495e-08
8.21163e-10
6.15336e-08
8.16695e-10
6.15722e-08
8.12378e-10
6.16107e-08
8.08199e-10
6.1649e-08
8.04144e-10
6.16873e-08
8.002e-10
6.17254e-08
7.96354e-10
6.17634e-08
7.92593e-10
6.18013e-08
7.88905e-10
6.18391e-08
7.85274e-10
6.18768e-08
7.81688e-10
6.19144e-08
7.78134e-10
6.19519e-08
7.74596e-10
6.19892e-08
7.7106e-10
6.20264e-08
7.67511e-10
6.20635e-08
7.63933e-10
6.21005e-08
7.60312e-10
6.21373e-08
7.5663e-10
6.21739e-08
7.52871e-10
6.22104e-08
7.49018e-10
6.22468e-08
7.45054e-10
6.22829e-08
7.40961e-10
6.23189e-08
7.36723e-10
6.23546e-08
7.32322e-10
6.23901e-08
7.27742e-10
6.24253e-08
7.22969e-10
6.24603e-08
7.17989e-10
6.2495e-08
7.1279e-10
6.25294e-08
7.07364e-10
6.25635e-08
7.01707e-10
6.25972e-08
6.95817e-10
6.26305e-08
6.89698e-10
6.26633e-08
6.83358e-10
6.26957e-08
6.76807e-10
6.27276e-08
6.70051e-10
6.27589e-08
6.63077e-10
6.27894e-08
6.55848e-10
6.2819e-08
6.48321e-10
6.28467e-08
6.40667e-10
6.3422e-10
5.98024e-08
1.71053e-10
5.98504e-08
3.45197e-10
5.99202e-08
5.13307e-10
6.00081e-08
6.70216e-10
6.01101e-08
8.12386e-10
6.02223e-08
9.37797e-10
6.03411e-08
1.04557e-09
6.04635e-08
1.13564e-09
6.05867e-08
1.20855e-09
6.07086e-08
1.26533e-09
6.08275e-08
1.30736e-09
6.09422e-08
1.33626e-09
6.10519e-08
1.35374e-09
6.11561e-08
1.36152e-09
6.12545e-08
1.36129e-09
6.13474e-08
1.35459e-09
6.14348e-08
1.34282e-09
6.15171e-08
1.32723e-09
6.15947e-08
1.30886e-09
6.16681e-08
1.28859e-09
6.17377e-08
1.26712e-09
6.18039e-08
1.24501e-09
6.18672e-08
1.22269e-09
6.1928e-08
1.20049e-09
6.19865e-08
1.17865e-09
6.20431e-08
1.15732e-09
6.2098e-08
1.13662e-09
6.21514e-08
1.11662e-09
6.22036e-08
1.09737e-09
6.22546e-08
1.07888e-09
6.23045e-08
1.06115e-09
6.23536e-08
1.04417e-09
6.24019e-08
1.02794e-09
6.24495e-08
1.01243e-09
6.24964e-08
9.97628e-10
6.25428e-08
9.83498e-10
6.25886e-08
9.7002e-10
6.26339e-08
9.57168e-10
6.26787e-08
9.44916e-10
6.27232e-08
9.3324e-10
6.27673e-08
9.22112e-10
6.2811e-08
9.1151e-10
6.28543e-08
9.01408e-10
6.28974e-08
8.91782e-10
6.29401e-08
8.8261e-10
6.29826e-08
8.7387e-10
6.30249e-08
8.65539e-10
6.30669e-08
8.57596e-10
6.31087e-08
8.50021e-10
6.31502e-08
8.42795e-10
6.31916e-08
8.35898e-10
6.32328e-08
8.29312e-10
6.32738e-08
8.23019e-10
6.33146e-08
8.17004e-10
6.33552e-08
8.11248e-10
6.33957e-08
8.05737e-10
6.34361e-08
8.00455e-10
6.34763e-08
7.95387e-10
6.35164e-08
7.9052e-10
6.35564e-08
7.85838e-10
6.35962e-08
7.8133e-10
6.36359e-08
7.76981e-10
6.36755e-08
7.72778e-10
6.3715e-08
7.6871e-10
6.37544e-08
7.64762e-10
6.37937e-08
7.60922e-10
6.38328e-08
7.57179e-10
6.38719e-08
7.53518e-10
6.39109e-08
7.49929e-10
6.39498e-08
7.46397e-10
6.39885e-08
7.42909e-10
6.40272e-08
7.39454e-10
6.40658e-08
7.36016e-10
6.41043e-08
7.32582e-10
6.41427e-08
7.29138e-10
6.41809e-08
7.25669e-10
6.42191e-08
7.22161e-10
6.42571e-08
7.18597e-10
6.4295e-08
7.14963e-10
6.43328e-08
7.11243e-10
6.43704e-08
7.0742e-10
6.44079e-08
7.03478e-10
6.44452e-08
6.99402e-10
6.44824e-08
6.95177e-10
6.45193e-08
6.90788e-10
6.45561e-08
6.86221e-10
6.45926e-08
6.81465e-10
6.46289e-08
6.76511e-10
6.46649e-08
6.71352e-10
6.47006e-08
6.65986e-10
6.4736e-08
6.60414e-10
6.47711e-08
6.54644e-10
6.48057e-08
6.48686e-10
6.484e-08
6.42557e-10
6.48738e-08
6.36273e-10
6.4907e-08
6.29851e-10
6.49395e-08
6.23315e-10
6.49711e-08
6.16759e-10
6.50012e-08
6.10571e-10
6.06198e-10
6.20203e-08
1.50084e-10
6.20623e-08
3.03222e-10
6.21236e-08
4.51993e-10
6.22016e-08
5.92239e-10
6.2293e-08
7.20927e-10
6.23947e-08
8.36109e-10
6.25036e-08
9.36719e-10
6.26168e-08
1.02239e-09
6.2732e-08
1.09333e-09
6.28472e-08
1.15017e-09
6.29607e-08
1.1939e-09
6.30712e-08
1.22575e-09
6.31778e-08
1.24707e-09
6.32801e-08
1.25929e-09
6.33776e-08
1.2638e-09
6.34702e-08
1.26193e-09
6.35581e-08
1.25493e-09
6.36414e-08
1.2439e-09
6.37205e-08
1.2298e-09
6.37956e-08
1.21345e-09
6.38672e-08
1.19554e-09
6.39356e-08
1.17664e-09
6.40011e-08
1.15717e-09
6.40641e-08
1.1375e-09
6.41249e-08
1.11788e-09
6.41837e-08
1.09851e-09
6.42408e-08
1.07953e-09
6.42964e-08
1.06106e-09
6.43506e-08
1.04315e-09
6.44036e-08
1.02584e-09
6.44556e-08
1.00917e-09
6.45066e-08
9.9315e-10
6.45568e-08
9.77772e-10
6.46062e-08
9.63034e-10
6.46549e-08
9.48926e-10
6.47029e-08
9.35432e-10
6.47504e-08
9.22535e-10
6.47974e-08
9.10217e-10
6.48438e-08
8.98457e-10
6.48898e-08
8.87235e-10
6.49354e-08
8.76528e-10
6.49806e-08
8.66317e-10
6.50254e-08
8.5658e-10
6.50699e-08
8.47295e-10
6.51141e-08
8.38442e-10
6.5158e-08
8.3e-10
6.52016e-08
8.2195e-10
6.52449e-08
8.14271e-10
6.5288e-08
8.06945e-10
6.53308e-08
7.99953e-10
6.53734e-08
7.93278e-10
6.54158e-08
7.86902e-10
6.5458e-08
7.80808e-10
6.55001e-08
7.7498e-10
6.55419e-08
7.69403e-10
6.55836e-08
7.64062e-10
6.56251e-08
7.58941e-10
6.56665e-08
7.54028e-10
6.57077e-08
7.49307e-10
6.57487e-08
7.44766e-10
6.57897e-08
7.40392e-10
6.58305e-08
7.36171e-10
6.58712e-08
7.32092e-10
6.59117e-08
7.28143e-10
6.59522e-08
7.2431e-10
6.59925e-08
7.20582e-10
6.60328e-08
7.16947e-10
6.60729e-08
7.13392e-10
6.61129e-08
7.09906e-10
6.61528e-08
7.06477e-10
6.61927e-08
7.03091e-10
6.62324e-08
6.99737e-10
6.6272e-08
6.964e-10
6.63115e-08
6.9307e-10
6.63509e-08
6.8973e-10
6.63902e-08
6.86369e-10
6.64294e-08
6.82972e-10
6.64685e-08
6.79524e-10
6.65074e-08
6.76011e-10
6.65462e-08
6.72418e-10
6.65849e-08
6.68731e-10
6.66235e-08
6.64934e-10
6.66619e-08
6.61014e-10
6.67001e-08
6.56956e-10
6.67381e-08
6.52747e-10
6.6776e-08
6.48376e-10
6.68136e-08
6.43832e-10
6.6851e-08
6.3911e-10
6.68882e-08
6.34203e-10
6.6925e-08
6.29112e-10
6.69616e-08
6.23841e-10
6.69979e-08
6.184e-10
6.70337e-08
6.12805e-10
6.70692e-08
6.07079e-10
6.71042e-08
6.0125e-10
6.71387e-08
5.95361e-10
6.71726e-08
5.89487e-10
6.72055e-08
5.83805e-10
6.72373e-08
5.78794e-10
5.75751e-10
6.43213e-08
1.3169e-10
6.43582e-08
2.66317e-10
6.44124e-08
3.97806e-10
6.44819e-08
5.22803e-10
6.4564e-08
6.38745e-10
6.46563e-08
7.43843e-10
6.4756e-08
8.36977e-10
6.48608e-08
9.17604e-10
6.49685e-08
9.85667e-10
6.50771e-08
1.04152e-09
6.51852e-08
1.08583e-09
6.52915e-08
1.11949e-09
6.5395e-08
1.14357e-09
6.54951e-08
1.1592e-09
6.55913e-08
1.16754e-09
6.56835e-08
1.16972e-09
6.57717e-08
1.1668e-09
6.58558e-08
1.15976e-09
6.59361e-08
1.14948e-09
6.60128e-08
1.13672e-09
6.60863e-08
1.12212e-09
6.61567e-08
1.10623e-09
6.62243e-08
1.08949e-09
6.62896e-08
1.07227e-09
6.63526e-08
1.05484e-09
6.64137e-08
1.03742e-09
6.64731e-08
1.02018e-09
6.65309e-08
1.00325e-09
6.65873e-08
9.8672e-10
6.66425e-08
9.70652e-10
6.66966e-08
9.55089e-10
6.67496e-08
9.40062e-10
6.68018e-08
9.25585e-10
6.68532e-08
9.11665e-10
6.69038e-08
8.98301e-10
6.69538e-08
8.85488e-10
6.70031e-08
8.73216e-10
6.70518e-08
8.61474e-10
6.71e-08
8.50246e-10
6.71478e-08
8.39516e-10
6.7195e-08
8.29268e-10
6.72419e-08
8.19483e-10
6.72883e-08
8.10143e-10
6.73344e-08
8.01231e-10
6.73801e-08
7.92726e-10
6.74255e-08
7.84612e-10
6.74705e-08
7.76869e-10
6.75153e-08
7.6948e-10
6.75599e-08
7.62427e-10
6.76041e-08
7.55693e-10
6.76481e-08
7.49262e-10
6.76919e-08
7.43116e-10
6.77355e-08
7.37241e-10
6.77788e-08
7.3162e-10
6.7822e-08
7.2624e-10
6.7865e-08
7.21086e-10
6.79078e-08
7.16143e-10
6.79504e-08
7.11399e-10
6.79929e-08
7.0684e-10
6.80352e-08
7.02454e-10
6.80774e-08
6.98227e-10
6.81194e-08
6.94148e-10
6.81613e-08
6.90205e-10
6.8203e-08
6.86386e-10
6.82446e-08
6.8268e-10
6.82862e-08
6.79074e-10
6.83275e-08
6.75557e-10
6.83688e-08
6.72118e-10
6.841e-08
6.68746e-10
6.8451e-08
6.65428e-10
6.8492e-08
6.62152e-10
6.85328e-08
6.58907e-10
6.85735e-08
6.55681e-10
6.86141e-08
6.5246e-10
6.86546e-08
6.49233e-10
6.8695e-08
6.45986e-10
6.87353e-08
6.42706e-10
6.87754e-08
6.3938e-10
6.88154e-08
6.35994e-10
6.88553e-08
6.32534e-10
6.88951e-08
6.28987e-10
6.89347e-08
6.2534e-10
6.89741e-08
6.21578e-10
6.90134e-08
6.1769e-10
6.90524e-08
6.13665e-10
6.90913e-08
6.09491e-10
6.913e-08
6.05161e-10
6.91684e-08
6.0067e-10
6.92066e-08
5.96015e-10
6.92445e-08
5.91198e-10
6.92822e-08
5.86225e-10
6.93194e-08
5.81111e-10
6.93564e-08
5.75874e-10
6.93929e-08
5.70544e-10
6.9429e-08
5.65163e-10
6.94646e-08
5.59794e-10
6.94995e-08
5.54547e-10
6.95337e-08
5.49642e-10
6.95669e-08
5.45558e-10
5.43367e-10
6.67084e-08
1.15436e-10
6.6741e-08
2.33666e-10
6.67892e-08
3.49663e-10
6.68512e-08
4.60716e-10
6.69253e-08
5.64682e-10
6.70092e-08
6.59971e-10
6.71007e-08
7.45489e-10
6.71977e-08
8.20602e-10
6.72982e-08
8.85087e-10
6.74007e-08
9.39076e-10
6.75035e-08
9.82989e-10
6.76055e-08
1.01747e-09
6.77058e-08
1.04331e-09
6.78036e-08
1.06142e-09
6.78984e-08
1.07272e-09
6.799e-08
1.07816e-09
6.80781e-08
1.07865e-09
6.81628e-08
1.07505e-09
6.82442e-08
1.06812e-09
6.83223e-08
1.05857e-09
6.83975e-08
1.04698e-09
6.84698e-08
1.03389e-09
6.85396e-08
1.01972e-09
6.8607e-08
1.00484e-09
6.86723e-08
9.8953e-10
6.87357e-08
9.74027e-10
6.87974e-08
9.58517e-10
6.88575e-08
9.43142e-10
6.89162e-08
9.28011e-10
6.89736e-08
9.13206e-10
6.90299e-08
8.98787e-10
6.90852e-08
8.84796e-10
6.91395e-08
8.71262e-10
6.9193e-08
8.58202e-10
6.92457e-08
8.45627e-10
6.92976e-08
8.33538e-10
6.93489e-08
8.21933e-10
6.93996e-08
8.10807e-10
6.94497e-08
8.0015e-10
6.94992e-08
7.89951e-10
6.95483e-08
7.80197e-10
6.95969e-08
7.70874e-10
6.96451e-08
7.61966e-10
6.96929e-08
7.53458e-10
6.97403e-08
7.45333e-10
6.97873e-08
7.37575e-10
6.9834e-08
7.30168e-10
6.98804e-08
7.23095e-10
6.99265e-08
7.16341e-10
6.99723e-08
7.09889e-10
7.00178e-08
7.03724e-10
7.00631e-08
6.97831e-10
7.01081e-08
6.92195e-10
7.0153e-08
6.86801e-10
7.01976e-08
6.81637e-10
7.0242e-08
6.76687e-10
7.02862e-08
6.7194e-10
7.03302e-08
6.67381e-10
7.0374e-08
6.63e-10
7.04177e-08
6.58782e-10
7.04612e-08
6.54718e-10
7.05046e-08
6.50794e-10
7.05478e-08
6.47e-10
7.05908e-08
6.43325e-10
7.06337e-08
6.39757e-10
7.06765e-08
6.36285e-10
7.07192e-08
6.32898e-10
7.07617e-08
6.29586e-10
7.08041e-08
6.26337e-10
7.08464e-08
6.2314e-10
7.08886e-08
6.19985e-10
7.09306e-08
6.16859e-10
7.09726e-08
6.13752e-10
7.10144e-08
6.10651e-10
7.10561e-08
6.07545e-10
7.10976e-08
6.04422e-10
7.11391e-08
6.01268e-10
7.11804e-08
5.98072e-10
7.12215e-08
5.94822e-10
7.12626e-08
5.91504e-10
7.13035e-08
5.88105e-10
7.13442e-08
5.84615e-10
7.13847e-08
5.8102e-10
7.14251e-08
5.7731e-10
7.14653e-08
5.73474e-10
7.15053e-08
5.69505e-10
7.15451e-08
5.65395e-10
7.15846e-08
5.61141e-10
7.16239e-08
5.56742e-10
7.16629e-08
5.52202e-10
7.17016e-08
5.4753e-10
7.17399e-08
5.42743e-10
7.17779e-08
5.37865e-10
7.18155e-08
5.32931e-10
7.18527e-08
5.27993e-10
7.18894e-08
5.23128e-10
7.19255e-08
5.18468e-10
7.19609e-08
5.14245e-10
7.19955e-08
5.10883e-10
5.09271e-10
6.91846e-08
1.00921e-10
6.92137e-08
2.04569e-10
6.92567e-08
3.06632e-10
6.93125e-08
4.04936e-10
6.93795e-08
4.97702e-10
6.94559e-08
5.83544e-10
6.95399e-08
6.61441e-10
6.96298e-08
7.30732e-10
6.97238e-08
7.91095e-10
6.98204e-08
8.42507e-10
6.99182e-08
8.85202e-10
7.0016e-08
9.19613e-10
7.0113e-08
9.46327e-10
7.02084e-08
9.66034e-10
7.03016e-08
9.79484e-10
7.03923e-08
9.87449e-10
7.04803e-08
9.90693e-10
7.05654e-08
9.89948e-10
7.06476e-08
9.85893e-10
7.0727e-08
9.79148e-10
7.08038e-08
9.70265e-10
7.08779e-08
9.59724e-10
7.09497e-08
9.4794e-10
7.10193e-08
9.35261e-10
7.10868e-08
9.2198e-10
7.11525e-08
9.08334e-10
7.12165e-08
8.94518e-10
7.1279e-08
8.80686e-10
7.134e-08
8.66961e-10
7.13998e-08
8.53436e-10
7.14584e-08
8.40185e-10
7.15159e-08
8.27262e-10
7.15725e-08
8.14707e-10
7.16281e-08
8.02546e-10
7.1683e-08
7.90797e-10
7.1737e-08
7.79472e-10
7.17904e-08
7.68575e-10
7.18431e-08
7.58104e-10
7.18952e-08
7.48058e-10
7.19467e-08
7.38427e-10
7.19977e-08
7.29204e-10
7.20482e-08
7.20378e-10
7.20982e-08
7.11935e-10
7.21478e-08
7.03863e-10
7.2197e-08
6.96149e-10
7.22458e-08
6.88777e-10
7.22942e-08
6.81734e-10
7.23423e-08
6.75005e-10
7.23901e-08
6.68575e-10
7.24376e-08
6.62429e-10
7.24847e-08
6.56555e-10
7.25316e-08
6.50936e-10
7.25783e-08
6.4556e-10
7.26246e-08
6.40414e-10
7.26708e-08
6.35484e-10
7.27167e-08
6.30758e-10
7.27624e-08
6.26223e-10
7.2808e-08
6.21867e-10
7.28533e-08
6.17678e-10
7.28984e-08
6.13645e-10
7.29434e-08
6.09757e-10
7.29882e-08
6.06002e-10
7.30328e-08
6.02371e-10
7.30773e-08
5.98851e-10
7.31216e-08
5.95434e-10
7.31658e-08
5.92107e-10
7.32098e-08
5.88862e-10
7.32537e-08
5.85687e-10
7.32975e-08
5.82573e-10
7.33411e-08
5.79509e-10
7.33846e-08
5.76484e-10
7.3428e-08
5.73487e-10
7.34712e-08
5.70509e-10
7.35143e-08
5.67538e-10
7.35573e-08
5.64562e-10
7.36002e-08
5.61571e-10
7.36429e-08
5.58554e-10
7.36855e-08
5.55498e-10
7.37279e-08
5.52391e-10
7.37702e-08
5.49224e-10
7.38123e-08
5.45983e-10
7.38543e-08
5.42658e-10
7.3896e-08
5.39239e-10
7.39376e-08
5.35715e-10
7.3979e-08
5.32077e-10
7.40202e-08
5.2832e-10
7.40612e-08
5.24437e-10
7.41019e-08
5.20426e-10
7.41423e-08
5.16289e-10
7.41825e-08
5.12031e-10
7.42224e-08
5.07664e-10
7.42619e-08
5.03207e-10
7.43011e-08
4.98688e-10
7.43399e-08
4.94148e-10
7.43782e-08
4.89644e-10
7.44161e-08
4.85267e-10
7.44534e-08
4.81151e-10
7.44901e-08
4.77521e-10
7.45263e-08
4.74727e-10
4.73534e-10
9.83864e-08
8.36259e-11
9.84211e-08
1.69852e-10
9.84726e-08
2.5511e-10
9.85398e-08
3.37778e-10
9.8621e-08
4.16486e-10
9.87144e-08
4.90115e-10
9.88181e-08
5.57784e-10
9.893e-08
6.18863e-10
9.90481e-08
6.72972e-10
9.91706e-08
7.19962e-10
9.92959e-08
7.59889e-10
9.94226e-08
7.92983e-10
9.95493e-08
8.19608e-10
9.96751e-08
8.4023e-10
9.97992e-08
8.55387e-10
9.9921e-08
8.65652e-10
1.0004e-07
8.71612e-10
1.00156e-07
8.73848e-10
1.00269e-07
8.72914e-10
1.00379e-07
8.69329e-10
1.00486e-07
8.63567e-10
1.00589e-07
8.56052e-10
1.0069e-07
8.47159e-10
1.00788e-07
8.37212e-10
1.00884e-07
8.26491e-10
1.00977e-07
8.1523e-10
1.01068e-07
8.03625e-10
1.01156e-07
7.91838e-10
1.01243e-07
7.8e-10
1.01329e-07
7.68216e-10
1.01412e-07
7.56572e-10
1.01494e-07
7.45133e-10
1.01575e-07
7.33948e-10
1.01655e-07
7.23057e-10
1.01733e-07
7.12487e-10
1.0181e-07
7.02257e-10
1.01886e-07
6.92378e-10
1.01962e-07
6.82859e-10
1.02036e-07
6.737e-10
1.0211e-07
6.649e-10
1.02182e-07
6.56456e-10
1.02254e-07
6.48359e-10
1.02326e-07
6.40603e-10
1.02396e-07
6.33177e-10
1.02466e-07
6.26071e-10
1.02536e-07
6.19273e-10
1.02605e-07
6.12771e-10
1.02673e-07
6.06552e-10
1.02741e-07
6.00605e-10
1.02809e-07
5.94917e-10
1.02876e-07
5.89475e-10
1.02943e-07
5.84267e-10
1.03009e-07
5.7928e-10
1.03075e-07
5.74503e-10
1.0314e-07
5.69924e-10
1.03206e-07
5.65531e-10
1.0327e-07
5.61314e-10
1.03335e-07
5.5726e-10
1.03399e-07
5.5336e-10
1.03463e-07
5.49603e-10
1.03527e-07
5.45979e-10
1.03591e-07
5.42477e-10
1.03654e-07
5.39088e-10
1.03717e-07
5.35802e-10
1.0378e-07
5.3261e-10
1.03842e-07
5.29501e-10
1.03905e-07
5.26467e-10
1.03967e-07
5.23498e-10
1.04029e-07
5.20585e-10
1.04091e-07
5.17718e-10
1.04152e-07
5.14888e-10
1.04214e-07
5.12084e-10
1.04275e-07
5.09298e-10
1.04336e-07
5.06519e-10
1.04397e-07
5.03737e-10
1.04457e-07
5.00942e-10
1.04518e-07
4.98125e-10
1.04578e-07
4.95274e-10
1.04638e-07
4.9238e-10
1.04698e-07
4.89433e-10
1.04758e-07
4.86421e-10
1.04817e-07
4.83337e-10
1.04876e-07
4.8017e-10
1.04935e-07
4.76914e-10
1.04993e-07
4.7356e-10
1.05051e-07
4.70103e-10
1.05109e-07
4.66541e-10
1.05167e-07
4.62873e-10
1.05224e-07
4.59102e-10
1.05281e-07
4.55236e-10
1.05337e-07
4.5129e-10
1.05393e-07
4.47286e-10
1.05449e-07
4.43254e-10
1.05503e-07
4.39242e-10
1.05558e-07
4.35313e-10
1.05612e-07
4.31561e-10
1.05665e-07
4.28118e-10
1.05717e-07
4.25177e-10
1.05769e-07
4.23003e-10
4.22019e-10
1.10431e-07
6.7738e-11
1.10464e-07
1.37765e-10
1.10511e-07
2.07261e-10
1.10574e-07
2.75032e-10
1.10651e-07
3.40055e-10
1.10739e-07
4.01457e-10
1.10838e-07
4.58521e-10
1.10947e-07
5.10693e-10
1.11062e-07
5.57592e-10
1.11183e-07
5.99008e-10
1.11308e-07
6.3489e-10
1.11436e-07
6.65322e-10
1.11565e-07
6.90502e-10
1.11694e-07
7.10721e-10
1.11823e-07
7.26339e-10
1.11951e-07
7.37759e-10
1.12077e-07
7.45412e-10
1.12202e-07
7.49735e-10
1.12323e-07
7.51161e-10
1.12442e-07
7.50106e-10
1.12559e-07
7.46958e-10
1.12673e-07
7.42075e-10
1.12784e-07
7.35781e-10
1.12893e-07
7.28364e-10
1.13e-07
7.20076e-10
1.13104e-07
7.11136e-10
1.13206e-07
7.01731e-10
1.13306e-07
6.92019e-10
1.13403e-07
6.82132e-10
1.13499e-07
6.72179e-10
1.13594e-07
6.62249e-10
1.13686e-07
6.52415e-10
1.13778e-07
6.42734e-10
1.13868e-07
6.3325e-10
1.13956e-07
6.23998e-10
1.14043e-07
6.15004e-10
1.14129e-07
6.06285e-10
1.14214e-07
5.97854e-10
1.14298e-07
5.89719e-10
1.14381e-07
5.81882e-10
1.14463e-07
5.74344e-10
1.14545e-07
5.67103e-10
1.14625e-07
5.60152e-10
1.14705e-07
5.53486e-10
1.14784e-07
5.47098e-10
1.14862e-07
5.40978e-10
1.1494e-07
5.35117e-10
1.15017e-07
5.29505e-10
1.15093e-07
5.24132e-10
1.15169e-07
5.18988e-10
1.15245e-07
5.14061e-10
1.1532e-07
5.09341e-10
1.15394e-07
5.04819e-10
1.15468e-07
5.00482e-10
1.15542e-07
4.96321e-10
1.15615e-07
4.92326e-10
1.15688e-07
4.88488e-10
1.1576e-07
4.84795e-10
1.15832e-07
4.81239e-10
1.15904e-07
4.77811e-10
1.15976e-07
4.74501e-10
1.16047e-07
4.713e-10
1.16118e-07
4.68201e-10
1.16188e-07
4.65193e-10
1.16259e-07
4.62269e-10
1.16329e-07
4.59419e-10
1.16398e-07
4.56637e-10
1.16468e-07
4.53912e-10
1.16537e-07
4.51238e-10
1.16607e-07
4.48605e-10
1.16675e-07
4.46005e-10
1.16744e-07
4.43429e-10
1.16812e-07
4.4087e-10
1.16881e-07
4.38318e-10
1.16949e-07
4.35764e-10
1.17016e-07
4.332e-10
1.17084e-07
4.30617e-10
1.17151e-07
4.28007e-10
1.17218e-07
4.25359e-10
1.17285e-07
4.22666e-10
1.17351e-07
4.1992e-10
1.17418e-07
4.17111e-10
1.17484e-07
4.14234e-10
1.17549e-07
4.11281e-10
1.17615e-07
4.08248e-10
1.1768e-07
4.0513e-10
1.17744e-07
4.01926e-10
1.17808e-07
3.98637e-10
1.17872e-07
3.9527e-10
1.17936e-07
3.91832e-10
1.17999e-07
3.88341e-10
1.18061e-07
3.84821e-10
1.18123e-07
3.81305e-10
1.18184e-07
3.77843e-10
1.18245e-07
3.745e-10
1.18305e-07
3.71366e-10
1.18365e-07
3.68561e-10
1.18424e-07
3.6624e-10
1.18482e-07
3.64585e-10
3.63853e-10
1.23952e-07
5.30247e-11
1.23982e-07
1.07973e-10
1.24026e-07
1.62675e-10
1.24085e-07
2.1628e-10
1.24157e-07
2.68044e-10
1.24241e-07
3.17316e-10
1.24336e-07
3.6354e-10
1.24441e-07
4.06261e-10
1.24553e-07
4.45141e-10
1.24672e-07
4.79962e-10
1.24796e-07
5.10615e-10
1.24925e-07
5.37099e-10
1.25056e-07
5.59499e-10
1.25188e-07
5.77978e-10
1.25322e-07
5.92758e-10
1.25456e-07
6.04106e-10
1.25589e-07
6.12318e-10
1.25721e-07
6.17708e-10
1.25851e-07
6.20596e-10
1.2598e-07
6.21295e-10
1.26107e-07
6.2011e-10
1.26232e-07
6.17326e-10
1.26354e-07
6.13207e-10
1.26475e-07
6.07993e-10
1.26593e-07
6.01901e-10
1.26709e-07
5.95121e-10
1.26823e-07
5.8782e-10
1.26935e-07
5.80142e-10
1.27045e-07
5.7221e-10
1.27153e-07
5.64128e-10
1.27259e-07
5.55984e-10
1.27363e-07
5.47848e-10
1.27466e-07
5.3978e-10
1.27568e-07
5.31827e-10
1.27668e-07
5.24025e-10
1.27766e-07
5.16404e-10
1.27864e-07
5.08987e-10
1.2796e-07
5.01787e-10
1.28055e-07
4.94818e-10
1.28149e-07
4.88084e-10
1.28241e-07
4.81591e-10
1.28333e-07
4.75338e-10
1.28424e-07
4.69323e-10
1.28514e-07
4.63544e-10
1.28603e-07
4.57996e-10
1.28691e-07
4.52671e-10
1.28779e-07
4.47564e-10
1.28866e-07
4.42667e-10
1.28952e-07
4.37971e-10
1.29037e-07
4.33469e-10
1.29122e-07
4.29152e-10
1.29207e-07
4.25011e-10
1.2929e-07
4.21037e-10
1.29374e-07
4.17223e-10
1.29456e-07
4.13558e-10
1.29539e-07
4.10035e-10
1.2962e-07
4.06646e-10
1.29702e-07
4.03381e-10
1.29783e-07
4.00234e-10
1.29863e-07
3.97196e-10
1.29944e-07
3.94259e-10
1.30024e-07
3.91416e-10
1.30103e-07
3.88659e-10
1.30182e-07
3.85981e-10
1.30261e-07
3.83375e-10
1.3034e-07
3.80833e-10
1.30418e-07
3.78348e-10
1.30496e-07
3.75913e-10
1.30574e-07
3.73521e-10
1.30651e-07
3.71165e-10
1.30728e-07
3.68837e-10
1.30805e-07
3.66531e-10
1.30882e-07
3.64238e-10
1.30958e-07
3.61953e-10
1.31034e-07
3.59667e-10
1.3111e-07
3.57373e-10
1.31186e-07
3.55064e-10
1.31261e-07
3.52733e-10
1.31336e-07
3.50372e-10
1.31411e-07
3.47973e-10
1.31485e-07
3.45532e-10
1.31559e-07
3.4304e-10
1.31633e-07
3.40493e-10
1.31706e-07
3.37885e-10
1.31779e-07
3.35213e-10
1.31852e-07
3.32475e-10
1.31924e-07
3.2967e-10
1.31996e-07
3.26802e-10
1.32068e-07
3.23876e-10
1.32138e-07
3.20904e-10
1.32209e-07
3.17902e-10
1.32279e-07
3.14895e-10
1.32348e-07
3.11918e-10
1.32417e-07
3.09019e-10
1.32485e-07
3.06262e-10
1.32553e-07
3.03731e-10
1.3262e-07
3.01532e-10
1.32686e-07
2.99781e-10
1.32752e-07
2.98588e-10
2.98033e-10
1.39129e-07
3.92576e-11
1.39157e-07
8.00398e-11
1.39199e-07
1.20739e-10
1.39254e-07
1.60776e-10
1.39322e-07
1.99636e-10
1.39403e-07
2.36861e-10
1.39494e-07
2.72047e-10
1.39596e-07
3.04851e-10
1.39706e-07
3.35002e-10
1.39824e-07
3.62309e-10
1.39948e-07
3.86655e-10
1.40077e-07
4.07993e-10
1.4021e-07
4.26345e-10
1.40346e-07
4.41787e-10
1.40484e-07
4.54444e-10
1.40624e-07
4.64477e-10
1.40764e-07
4.72079e-10
1.40904e-07
4.77456e-10
1.41044e-07
4.8083e-10
1.41183e-07
4.82423e-10
1.41321e-07
4.82454e-10
1.41457e-07
4.81136e-10
1.41591e-07
4.78668e-10
1.41724e-07
4.75238e-10
1.41855e-07
4.71014e-10
1.41984e-07
4.66151e-10
1.42111e-07
4.60786e-10
1.42236e-07
4.55038e-10
1.42359e-07
4.49013e-10
1.42481e-07
4.428e-10
1.426e-07
4.36476e-10
1.42718e-07
4.30105e-10
1.42834e-07
4.23741e-10
1.42948e-07
4.17428e-10
1.43061e-07
4.11201e-10
1.43173e-07
4.05089e-10
1.43282e-07
3.99114e-10
1.43391e-07
3.93293e-10
1.43498e-07
3.87638e-10
1.43604e-07
3.82157e-10
1.43709e-07
3.76856e-10
1.43812e-07
3.71738e-10
1.43915e-07
3.66803e-10
1.44016e-07
3.6205e-10
1.44117e-07
3.57476e-10
1.44217e-07
3.53078e-10
1.44315e-07
3.4885e-10
1.44413e-07
3.44789e-10
1.4451e-07
3.40887e-10
1.44607e-07
3.37138e-10
1.44702e-07
3.33537e-10
1.44797e-07
3.30076e-10
1.44891e-07
3.26748e-10
1.44985e-07
3.23548e-10
1.45078e-07
3.20468e-10
1.45171e-07
3.17501e-10
1.45263e-07
3.14641e-10
1.45354e-07
3.11881e-10
1.45445e-07
3.09215e-10
1.45536e-07
3.06637e-10
1.45626e-07
3.0414e-10
1.45716e-07
3.01718e-10
1.45805e-07
2.99365e-10
1.45894e-07
2.97076e-10
1.45982e-07
2.94844e-10
1.4607e-07
2.92663e-10
1.46158e-07
2.90529e-10
1.46246e-07
2.88435e-10
1.46333e-07
2.86375e-10
1.4642e-07
2.84344e-10
1.46506e-07
2.82335e-10
1.46592e-07
2.80345e-10
1.46678e-07
2.78366e-10
1.46764e-07
2.76393e-10
1.46849e-07
2.7442e-10
1.46934e-07
2.72441e-10
1.47019e-07
2.70451e-10
1.47103e-07
2.68443e-10
1.47187e-07
2.66413e-10
1.4727e-07
2.64356e-10
1.47354e-07
2.62264e-10
1.47437e-07
2.60135e-10
1.47519e-07
2.57964e-10
1.47601e-07
2.55748e-10
1.47683e-07
2.53484e-10
1.47764e-07
2.51171e-10
1.47845e-07
2.48811e-10
1.47926e-07
2.46407e-10
1.48006e-07
2.43965e-10
1.48085e-07
2.41496e-10
1.48164e-07
2.39017e-10
1.48242e-07
2.36551e-10
1.4832e-07
2.34131e-10
1.48397e-07
2.31802e-10
1.48474e-07
2.29626e-10
1.4855e-07
2.2768e-10
1.48625e-07
2.26061e-10
1.487e-07
2.24877e-10
1.48775e-07
2.24222e-10
2.24145e-10
1.56164e-07
2.61368e-11
1.56191e-07
5.33569e-11
1.56231e-07
8.05696e-11
1.56285e-07
1.0741e-10
1.56351e-07
1.33555e-10
1.56429e-07
1.58713e-10
1.56518e-07
1.8262e-10
1.56618e-07
2.05047e-10
1.56727e-07
2.25806e-10
1.56845e-07
2.44754e-10
1.5697e-07
2.61796e-10
1.57101e-07
2.7688e-10
1.57237e-07
2.89997e-10
1.57378e-07
3.01176e-10
1.57522e-07
3.10477e-10
1.57668e-07
3.1799e-10
1.57816e-07
3.23824e-10
1.57966e-07
3.28105e-10
1.58116e-07
3.30968e-10
1.58265e-07
3.32555e-10
1.58415e-07
3.33008e-10
1.58564e-07
3.32468e-10
1.58711e-07
3.3107e-10
1.58857e-07
3.28941e-10
1.59002e-07
3.262e-10
1.59145e-07
3.22955e-10
1.59287e-07
3.19305e-10
1.59427e-07
3.15337e-10
1.59565e-07
3.11128e-10
1.59701e-07
3.06747e-10
1.59835e-07
3.02251e-10
1.59967e-07
2.97691e-10
1.60098e-07
2.93107e-10
1.60227e-07
2.88534e-10
1.60354e-07
2.84002e-10
1.6048e-07
2.79533e-10
1.60603e-07
2.75147e-10
1.60726e-07
2.70857e-10
1.60847e-07
2.66674e-10
1.60966e-07
2.62607e-10
1.61085e-07
2.58661e-10
1.61202e-07
2.54838e-10
1.61317e-07
2.51141e-10
1.61432e-07
2.4757e-10
1.61545e-07
2.44123e-10
1.61657e-07
2.40799e-10
1.61769e-07
2.37595e-10
1.61879e-07
2.34508e-10
1.61988e-07
2.31533e-10
1.62097e-07
2.28667e-10
1.62204e-07
2.25905e-10
1.62311e-07
2.23243e-10
1.62417e-07
2.20676e-10
1.62523e-07
2.18199e-10
1.62627e-07
2.15808e-10
1.62731e-07
2.13498e-10
1.62835e-07
2.11264e-10
1.62937e-07
2.09101e-10
1.6304e-07
2.07006e-10
1.63141e-07
2.04973e-10
1.63242e-07
2.02998e-10
1.63343e-07
2.01077e-10
1.63443e-07
1.99205e-10
1.63543e-07
1.97379e-10
1.63642e-07
1.95594e-10
1.63741e-07
1.93845e-10
1.63839e-07
1.9213e-10
1.63937e-07
1.90443e-10
1.64035e-07
1.88781e-10
1.64132e-07
1.8714e-10
1.64229e-07
1.85515e-10
1.64325e-07
1.83904e-10
1.64421e-07
1.82301e-10
1.64517e-07
1.80702e-10
1.64612e-07
1.79104e-10
1.64707e-07
1.77503e-10
1.64802e-07
1.75895e-10
1.64896e-07
1.74275e-10
1.6499e-07
1.7264e-10
1.65083e-07
1.70987e-10
1.65176e-07
1.69312e-10
1.65269e-07
1.67611e-10
1.65361e-07
1.65883e-10
1.65452e-07
1.64125e-10
1.65544e-07
1.62336e-10
1.65634e-07
1.60516e-10
1.65724e-07
1.58666e-10
1.65814e-07
1.56791e-10
1.65903e-07
1.54895e-10
1.65992e-07
1.52988e-10
1.6608e-07
1.51083e-10
1.66167e-07
1.49201e-10
1.66254e-07
1.47371e-10
1.6634e-07
1.4563e-10
1.66425e-07
1.44034e-10
1.6651e-07
1.42658e-10
1.66595e-07
1.41605e-10
1.66679e-07
1.41009e-10
1.66762e-07
1.41025e-10
1.41754e-10
1.75287e-07
1.31879e-11
1.75313e-07
2.70041e-11
1.75353e-07
4.08153e-11
1.75406e-07
5.44449e-11
1.75472e-07
6.77366e-11
1.7555e-07
8.05459e-11
1.7564e-07
9.27411e-11
1.75741e-07
1.04206e-10
1.75851e-07
1.14844e-10
1.75972e-07
1.2458e-10
1.761e-07
1.33358e-10
1.76236e-07
1.41149e-10
1.76378e-07
1.4794e-10
1.76525e-07
1.53739e-10
1.76677e-07
1.5857e-10
1.76833e-07
1.62473e-10
1.76991e-07
1.65498e-10
1.77151e-07
1.67704e-10
1.77313e-07
1.69158e-10
1.77476e-07
1.69929e-10
1.77639e-07
1.70089e-10
1.77802e-07
1.69709e-10
1.77964e-07
1.68858e-10
1.78125e-07
1.67602e-10
1.78285e-07
1.66004e-10
1.78444e-07
1.64122e-10
1.78601e-07
1.62009e-10
1.78757e-07
1.59711e-10
1.78911e-07
1.57271e-10
1.79063e-07
1.54727e-10
1.79213e-07
1.5211e-10
1.79361e-07
1.4945e-10
1.79508e-07
1.46768e-10
1.79652e-07
1.44086e-10
1.79795e-07
1.4142e-10
1.79935e-07
1.38783e-10
1.80074e-07
1.36187e-10
1.80212e-07
1.3364e-10
1.80347e-07
1.31148e-10
1.80481e-07
1.28717e-10
1.80613e-07
1.26349e-10
1.80744e-07
1.24048e-10
1.80873e-07
1.21815e-10
1.81001e-07
1.19649e-10
1.81128e-07
1.17551e-10
1.81253e-07
1.1552e-10
1.81377e-07
1.13554e-10
1.815e-07
1.11653e-10
1.81622e-07
1.09813e-10
1.81743e-07
1.08033e-10
1.81862e-07
1.0631e-10
1.81981e-07
1.04643e-10
1.82098e-07
1.03028e-10
1.82215e-07
1.01464e-10
1.82331e-07
9.99472e-11
1.82446e-07
9.84754e-11
1.8256e-07
9.70463e-11
1.82674e-07
9.56573e-11
1.82786e-07
9.43059e-11
1.82898e-07
9.29897e-11
1.8301e-07
9.17065e-11
1.8312e-07
9.04537e-11
1.8323e-07
8.92292e-11
1.8334e-07
8.80306e-11
1.83448e-07
8.68558e-11
1.83556e-07
8.57025e-11
1.83664e-07
8.45685e-11
1.83771e-07
8.34518e-11
1.83877e-07
8.23501e-11
1.83983e-07
8.12614e-11
1.84089e-07
8.01835e-11
1.84193e-07
7.91144e-11
1.84298e-07
7.80519e-11
1.84401e-07
7.6994e-11
1.84505e-07
7.59385e-11
1.84607e-07
7.48835e-11
1.84709e-07
7.38269e-11
1.84811e-07
7.27668e-11
1.84912e-07
7.17012e-11
1.85012e-07
7.06284e-11
1.85112e-07
6.95467e-11
1.85211e-07
6.84548e-11
1.85309e-07
6.73514e-11
1.85407e-07
6.62357e-11
1.85505e-07
6.51075e-11
1.85601e-07
6.3967e-11
1.85697e-07
6.28154e-11
1.85792e-07
6.16551e-11
1.85887e-07
6.04898e-11
1.8598e-07
5.93254e-11
1.86073e-07
5.81706e-11
1.86165e-07
5.7038e-11
1.86257e-07
5.59459e-11
1.86347e-07
5.49214e-11
1.86437e-07
5.40057e-11
1.86527e-07
5.32651e-11
1.86616e-07
5.28125e-11
1.86704e-07
5.2859e-11
1.86791e-07
5.38277e-11
5.65147e-11
1.96751e-07
1.96778e-07
1.96819e-07
1.96874e-07
1.96941e-07
1.97022e-07
1.97115e-07
1.97219e-07
1.97334e-07
1.97458e-07
1.97592e-07
1.97733e-07
1.97881e-07
1.98034e-07
1.98193e-07
1.98356e-07
1.98521e-07
1.98689e-07
1.98858e-07
1.99028e-07
1.99198e-07
1.99368e-07
1.99536e-07
1.99704e-07
1.9987e-07
2.00034e-07
2.00196e-07
2.00356e-07
2.00513e-07
2.00668e-07
2.0082e-07
2.00969e-07
2.01116e-07
2.0126e-07
2.01402e-07
2.01541e-07
2.01677e-07
2.0181e-07
2.01941e-07
2.0207e-07
2.02197e-07
2.02321e-07
2.02442e-07
2.02562e-07
2.0268e-07
2.02795e-07
2.02909e-07
2.0302e-07
2.0313e-07
2.03238e-07
2.03345e-07
2.03449e-07
2.03552e-07
2.03654e-07
2.03754e-07
2.03852e-07
2.03949e-07
2.04045e-07
2.04139e-07
2.04232e-07
2.04324e-07
2.04414e-07
2.04503e-07
2.04591e-07
2.04678e-07
2.04764e-07
2.04849e-07
2.04932e-07
2.05014e-07
2.05096e-07
2.05176e-07
2.05255e-07
2.05333e-07
2.0541e-07
2.05486e-07
2.05561e-07
2.05635e-07
2.05707e-07
2.05779e-07
2.0585e-07
2.05919e-07
2.05988e-07
2.06055e-07
2.06121e-07
2.06186e-07
2.0625e-07
2.06313e-07
2.06375e-07
2.06435e-07
2.06495e-07
2.06553e-07
2.0661e-07
2.06666e-07
2.06721e-07
2.06775e-07
2.06828e-07
2.06881e-07
2.06934e-07
2.06988e-07
)
;

boundaryField
{
    top
    {
        type            calculated;
        value           uniform 0;
    }
    inlet
    {
        type            calculated;
        value           nonuniform List<scalar> 
27
(
-9.83691e-08
-1.10416e-07
-1.23937e-07
-1.39115e-07
-1.56151e-07
-1.75274e-07
-1.96738e-07
-3.4585e-08
-3.587e-08
-3.72028e-08
-3.85851e-08
-4.00187e-08
-4.15056e-08
-4.30477e-08
-4.46472e-08
-4.6306e-08
-4.80265e-08
-4.9811e-08
-5.16617e-08
-5.35812e-08
-5.5572e-08
-5.76368e-08
-5.97783e-08
-6.19993e-08
-6.43029e-08
-6.66921e-08
-6.91701e-08
)
;
    }
    outlet
    {
        type            calculated;
        value           nonuniform List<scalar> 
27
(
1.0582e-07
1.1854e-07
1.32818e-07
1.48848e-07
1.66844e-07
1.86876e-07
2.07044e-07
2.80738e-09
8.70438e-09
1.49459e-08
2.13591e-08
2.77153e-08
3.37533e-08
3.92333e-08
4.39977e-08
4.80039e-08
5.13199e-08
5.40891e-08
5.64841e-08
5.86677e-08
6.07678e-08
6.28714e-08
6.50292e-08
6.72677e-08
6.95993e-08
7.20296e-08
7.4562e-08
)
;
    }
    plate
    {
        type            calculated;
        value           uniform 0;
    }
    frontAndBack
    {
        type            empty;
        value           nonuniform 0();
    }
}


// ************************************************************************* //
