/*--------------------------------*- C++ -*----------------------------------*\
| =========                 |                                                 |
| \\      /  F ield         | OpenFOAM: The Open Source CFD Toolbox           |
|  \\    /   O peration     | Version:  2.3.0                                 |
|   \\  /    A nd           | Web:      www.OpenFOAM.org                      |
|    \\/     M anipulation  |                                                 |
\*---------------------------------------------------------------------------*/
FoamFile
{
    version     2.0;
    format      ascii;
    class       surfaceScalarField;
    location    "0.6";
    object      phi_0;
}
// * * * * * * * * * * * * * * * * * * * * * * * * * * * * * * * * * * * * * //

dimensions      [0 3 -1 0 0 0 0];

internalField   nonuniform List<scalar> 
6068
(
2.82985e-08
2.8326e-09
-3.11311e-08
2.54391e-08
2.8594e-09
2.27439e-08
2.6952e-09
2.02577e-08
2.48617e-09
1.79978e-08
2.25996e-09
1.5975e-08
2.02283e-09
1.41922e-08
1.7828e-09
1.26444e-08
1.54776e-09
1.13199e-08
1.32447e-09
1.02015e-08
1.11845e-09
9.26774e-09
9.3374e-10
8.495e-09
7.72737e-10
7.85888e-09
6.36117e-10
7.33583e-09
5.23051e-10
6.90428e-09
4.31552e-10
6.54538e-09
3.58902e-10
6.24332e-09
3.02061e-10
5.98531e-09
2.58007e-10
5.76133e-09
2.23978e-10
5.56373e-09
1.97598e-10
5.3868e-09
1.76934e-10
5.22633e-09
1.60472e-10
5.07926e-09
1.47074e-10
4.94335e-09
1.35909e-10
4.81696e-09
1.26387e-10
4.69886e-09
1.18096e-10
4.58811e-09
1.10753e-10
4.48395e-09
1.04164e-10
4.38575e-09
9.81954e-11
4.293e-09
9.2753e-11
4.20523e-09
8.77671e-11
4.12205e-09
8.31844e-11
4.04308e-09
7.8962e-11
3.96802e-09
7.50636e-11
3.89656e-09
7.14578e-11
3.82845e-09
6.81167e-11
3.76343e-09
6.50155e-11
3.7013e-09
6.21318e-11
3.64185e-09
5.94455e-11
3.58491e-09
5.69385e-11
3.53032e-09
5.45945e-11
3.47792e-09
5.23991e-11
3.42758e-09
5.03392e-11
3.37918e-09
4.84034e-11
3.3326e-09
4.65811e-11
3.28773e-09
4.4863e-11
3.24449e-09
4.32408e-11
3.20279e-09
4.17069e-11
3.16253e-09
4.02546e-11
3.12365e-09
3.88777e-11
3.08608e-09
3.75707e-11
3.04976e-09
3.63284e-11
3.01461e-09
3.51463e-11
2.98059e-09
3.40201e-11
2.94764e-09
3.29459e-11
2.91572e-09
3.19201e-11
2.88478e-09
3.09396e-11
2.85478e-09
3.00011e-11
2.82568e-09
2.91019e-11
2.79744e-09
2.82394e-11
2.77003e-09
2.74111e-11
2.74341e-09
2.66148e-11
2.71757e-09
2.58485e-11
2.69246e-09
2.51101e-11
2.66806e-09
2.43978e-11
2.64435e-09
2.37099e-11
2.6213e-09
2.30449e-11
2.5989e-09
2.24013e-11
2.57712e-09
2.17777e-11
2.55595e-09
2.11728e-11
2.53537e-09
2.05855e-11
2.51535e-09
2.00147e-11
2.49589e-09
1.94594e-11
2.47697e-09
1.89187e-11
2.45858e-09
1.83917e-11
2.4407e-09
1.78777e-11
2.42333e-09
1.73761e-11
2.40644e-09
1.68862e-11
2.39003e-09
1.64077e-11
2.37409e-09
1.59401e-11
2.35861e-09
1.54832e-11
2.34357e-09
1.50368e-11
2.32897e-09
1.46008e-11
2.3148e-09
1.41754e-11
2.30104e-09
1.37608e-11
2.28768e-09
1.33574e-11
2.27471e-09
1.29658e-11
2.26213e-09
1.2587e-11
2.2499e-09
1.2222e-11
2.23803e-09
1.18725e-11
2.22649e-09
1.15408e-11
2.21526e-09
1.12298e-11
2.20432e-09
1.09441e-11
2.19363e-09
1.06906e-11
2.18315e-09
1.04809e-11
2.17281e-09
1.03375e-11
2.16249e-09
1.03154e-11
2.15196e-09
1.05368e-11
2.14067e-09
1.12819e-11
3.03638e-11
3.40065e-08
3.12078e-09
-3.42947e-08
3.34176e-08
3.44832e-09
3.259e-08
3.52287e-09
3.16025e-08
3.47365e-09
3.05122e-08
3.35021e-09
2.9365e-08
3.17007e-09
2.81981e-08
2.94972e-09
2.70403e-08
2.70553e-09
2.59131e-08
2.45173e-09
2.48314e-08
2.20012e-09
2.38051e-08
1.96001e-09
2.28398e-08
1.73807e-09
2.19375e-08
1.53835e-09
2.10981e-08
1.36249e-09
2.03194e-08
1.21024e-09
1.95983e-08
1.08e-09
1.8931e-08
9.69411e-10
1.83132e-08
8.75747e-10
1.77409e-08
7.96308e-10
1.72099e-08
7.28607e-10
1.67163e-08
6.70485e-10
1.62567e-08
6.20143e-10
1.58276e-08
5.76127e-10
1.54262e-08
5.37284e-10
1.50499e-08
5.02712e-10
1.46963e-08
4.71712e-10
1.43633e-08
4.43736e-10
1.40491e-08
4.18356e-10
1.37521e-08
3.95228e-10
1.34708e-08
3.74076e-10
1.32039e-08
3.54668e-10
1.29502e-08
3.36812e-10
1.27089e-08
3.20343e-10
1.24788e-08
3.05118e-10
1.22592e-08
2.91011e-10
1.20495e-08
2.77914e-10
1.18487e-08
2.65728e-10
1.16565e-08
2.54369e-10
1.14722e-08
2.43759e-10
1.12953e-08
2.33831e-10
1.11254e-08
2.24524e-10
1.0962e-08
2.15784e-10
1.08048e-08
2.07563e-10
1.06533e-08
1.99819e-10
1.05074e-08
1.92511e-10
1.03667e-08
1.85606e-10
1.02308e-08
1.79072e-10
1.00997e-08
1.72881e-10
9.97291e-09
1.67008e-10
9.85036e-09
1.61429e-10
9.73181e-09
1.56124e-10
9.61706e-09
1.51072e-10
9.50595e-09
1.46256e-10
9.39831e-09
1.4166e-10
9.29399e-09
1.3727e-10
9.19284e-09
1.3307e-10
9.09473e-09
1.29049e-10
8.99954e-09
1.25195e-10
8.90714e-09
1.21496e-10
8.81744e-09
1.17943e-10
8.73032e-09
1.14526e-10
8.6457e-09
1.11235e-10
8.56349e-09
1.08064e-10
8.48359e-09
1.05004e-10
8.40594e-09
1.02047e-10
8.33047e-09
9.91877e-11
8.25709e-09
9.64187e-11
8.18576e-09
9.37345e-11
8.11641e-09
9.11293e-11
8.04898e-09
8.8598e-11
7.98343e-09
8.61356e-11
7.91971e-09
8.37377e-11
7.85777e-09
8.14e-11
7.79757e-09
7.91185e-11
7.73907e-09
7.68898e-11
7.68224e-09
7.47104e-11
7.62704e-09
7.25774e-11
7.57344e-09
7.04882e-11
7.5214e-09
6.84404e-11
7.47091e-09
6.6432e-11
7.42193e-09
6.44615e-11
7.37444e-09
6.25277e-11
7.32841e-09
6.06296e-11
7.28382e-09
5.87671e-11
7.24064e-09
5.69404e-11
7.19885e-09
5.51504e-11
7.15842e-09
5.33985e-11
7.11931e-09
5.16874e-11
7.08152e-09
5.00205e-11
7.04499e-09
4.84028e-11
7.00969e-09
4.68414e-11
6.97557e-09
4.53461e-11
6.94258e-09
4.3931e-11
6.91065e-09
4.26181e-11
6.87969e-09
4.14439e-11
6.84955e-09
4.04806e-11
6.81997e-09
3.98956e-11
6.79038e-09
4.0128e-11
6.75732e-09
4.43422e-11
7.65561e-11
3.60983e-08
2.98024e-09
-3.59578e-08
3.61652e-08
3.38143e-09
3.61072e-08
3.58083e-09
3.59257e-08
3.65524e-09
3.56313e-08
3.64454e-09
3.52382e-08
3.56316e-09
3.47634e-08
3.42451e-09
3.42247e-08
3.24423e-09
3.3639e-08
3.0375e-09
3.30213e-08
2.81781e-09
3.23847e-08
2.59658e-09
3.174e-08
2.38278e-09
3.10957e-08
2.1827e-09
3.04581e-08
2.00008e-09
2.98318e-08
1.83648e-09
2.92201e-08
1.69177e-09
2.86248e-08
1.56471e-09
2.80471e-08
1.45344e-09
2.74875e-08
1.35586e-09
2.69462e-08
1.2699e-09
2.64231e-08
1.19366e-09
2.59177e-08
1.12551e-09
2.54297e-08
1.06411e-09
2.49586e-08
1.00835e-09
2.4504e-08
9.57381e-10
2.40652e-08
9.10508e-10
2.36417e-08
8.67197e-10
2.3233e-08
8.2702e-10
2.28386e-08
7.89633e-10
2.2458e-08
7.54754e-10
2.20905e-08
7.22146e-10
2.17357e-08
6.91607e-10
2.13931e-08
6.62962e-10
2.10621e-08
6.36056e-10
2.07424e-08
6.1075e-10
2.04334e-08
5.8692e-10
2.01347e-08
5.64453e-10
1.98458e-08
5.43246e-10
1.95663e-08
5.23206e-10
1.92959e-08
5.04247e-10
1.90342e-08
4.86293e-10
1.87807e-08
4.69272e-10
1.85351e-08
4.53118e-10
1.82972e-08
4.37772e-10
1.80665e-08
4.23179e-10
1.78428e-08
4.09289e-10
1.76258e-08
3.96055e-10
1.74153e-08
3.83435e-10
1.72109e-08
3.71389e-10
1.70124e-08
3.59881e-10
1.68197e-08
3.48876e-10
1.66324e-08
3.38344e-10
1.64504e-08
3.28254e-10
1.62735e-08
3.1858e-10
1.61015e-08
3.09297e-10
1.59342e-08
3.0038e-10
1.57714e-08
2.91807e-10
1.5613e-08
2.83557e-10
1.54589e-08
2.7561e-10
1.53089e-08
2.67949e-10
1.51629e-08
2.60555e-10
1.50207e-08
2.53413e-10
1.48823e-08
2.46506e-10
1.47475e-08
2.3982e-10
1.46162e-08
2.33341e-10
1.44883e-08
2.27057e-10
1.43638e-08
2.20954e-10
1.42425e-08
2.15021e-10
1.41244e-08
2.09248e-10
1.40093e-08
2.03622e-10
1.38973e-08
1.98135e-10
1.37883e-08
1.92778e-10
1.36821e-08
1.87541e-10
1.35788e-08
1.82417e-10
1.34783e-08
1.77397e-10
1.33806e-08
1.72476e-10
1.32855e-08
1.67645e-10
1.31931e-08
1.629e-10
1.31033e-08
1.58236e-10
1.30161e-08
1.53647e-10
1.29314e-08
1.4913e-10
1.28493e-08
1.44681e-10
1.27696e-08
1.403e-10
1.26924e-08
1.35983e-10
1.26176e-08
1.31731e-10
1.25452e-08
1.27546e-10
1.24752e-08
1.23429e-10
1.24075e-08
1.19384e-10
1.23421e-08
1.15419e-10
1.22789e-08
1.11542e-10
1.2218e-08
1.07766e-10
1.21592e-08
1.0411e-10
1.21026e-08
1.00601e-10
1.20479e-08
9.72785e-11
1.19951e-08
9.42125e-11
1.19441e-08
9.15382e-11
1.18944e-08
8.95744e-11
1.18452e-08
8.92836e-11
1.17934e-08
9.61971e-11
1.31648e-10
3.76651e-08
2.79667e-09
-3.74815e-08
3.78621e-08
3.1844e-09
3.80229e-08
3.42003e-09
3.81301e-08
3.54802e-09
3.81765e-08
3.59815e-09
3.81578e-08
3.58188e-09
3.80738e-08
3.5085e-09
3.79281e-08
3.38996e-09
3.77266e-08
3.239e-09
3.74767e-08
3.06772e-09
3.71864e-08
2.88689e-09
3.68636e-08
2.70552e-09
3.65158e-08
2.53049e-09
3.61495e-08
2.36644e-09
3.577e-08
2.21598e-09
3.53817e-08
2.08005e-09
3.4988e-08
1.95838e-09
3.45915e-08
1.84993e-09
3.41941e-08
1.75326e-09
3.37972e-08
1.66679e-09
3.34019e-08
1.58897e-09
3.3009e-08
1.51844e-09
3.26191e-08
1.45402e-09
3.22327e-08
1.39474e-09
3.18503e-08
1.3398e-09
3.14722e-08
1.2886e-09
3.10987e-08
1.24063e-09
3.07302e-08
1.19552e-09
3.03669e-08
1.15295e-09
3.0009e-08
1.11268e-09
2.96566e-08
1.0745e-09
2.931e-08
1.03824e-09
2.89692e-08
1.00375e-09
2.86344e-08
9.70913e-10
2.83055e-08
9.39604e-10
2.79827e-08
9.09725e-10
2.7666e-08
8.81185e-10
2.73553e-08
8.539e-10
2.70507e-08
8.27794e-10
2.67522e-08
8.02797e-10
2.64596e-08
7.78844e-10
2.6173e-08
7.55875e-10
2.58923e-08
7.33835e-10
2.56174e-08
7.12674e-10
2.53482e-08
6.92343e-10
2.50847e-08
6.72798e-10
2.48268e-08
6.53998e-10
2.45743e-08
6.35903e-10
2.43272e-08
6.18477e-10
2.40854e-08
6.01685e-10
2.38488e-08
5.85496e-10
2.36173e-08
5.69877e-10
2.33907e-08
5.54801e-10
2.31691e-08
5.40239e-10
2.29522e-08
5.26164e-10
2.274e-08
5.12553e-10
2.25325e-08
4.9938e-10
2.23294e-08
4.86622e-10
2.21307e-08
4.74258e-10
2.19364e-08
4.62267e-10
2.17463e-08
4.50628e-10
2.15604e-08
4.39323e-10
2.13786e-08
4.28331e-10
2.12008e-08
4.17636e-10
2.10269e-08
4.07221e-10
2.08569e-08
3.97068e-10
2.06907e-08
3.87162e-10
2.05282e-08
3.77488e-10
2.03694e-08
3.6803e-10
2.02143e-08
3.58776e-10
2.00627e-08
3.49711e-10
1.99147e-08
3.40824e-10
1.97701e-08
3.32101e-10
1.9629e-08
3.23531e-10
1.94913e-08
3.15103e-10
1.9357e-08
3.06808e-10
1.9226e-08
2.98635e-10
1.90983e-08
2.90576e-10
1.89739e-08
2.82624e-10
1.88528e-08
2.7477e-10
1.87349e-08
2.67011e-10
1.86202e-08
2.59339e-10
1.85088e-08
2.51753e-10
1.84005e-08
2.44249e-10
1.82954e-08
2.36828e-10
1.81935e-08
2.2949e-10
1.80947e-08
2.22239e-10
1.7999e-08
2.15081e-10
1.79064e-08
2.08027e-10
1.78168e-08
2.0109e-10
1.77303e-08
1.94289e-10
1.76468e-08
1.87653e-10
1.75661e-08
1.81223e-10
1.74884e-08
1.75059e-10
1.74133e-08
1.69267e-10
1.73408e-08
1.64048e-10
1.72705e-08
1.59879e-10
1.72016e-08
1.58211e-10
1.71326e-08
1.652e-10
1.96424e-10
3.91912e-08
2.63435e-09
-3.90289e-08
3.93895e-08
2.98608e-09
3.95866e-08
3.22297e-09
3.97659e-08
3.36867e-09
3.9919e-08
3.44506e-09
4.00385e-08
3.46241e-09
4.01189e-08
3.4281e-09
4.01575e-08
3.35132e-09
4.01542e-08
3.24236e-09
4.01106e-08
3.11134e-09
4.00299e-08
2.96754e-09
3.99164e-08
2.81901e-09
3.97747e-08
2.67222e-09
3.96093e-08
2.53187e-09
3.94243e-08
2.40092e-09
3.92235e-08
2.28086e-09
3.90099e-08
2.17204e-09
3.87858e-08
2.07402e-09
3.85532e-08
1.98588e-09
3.83135e-08
1.90645e-09
3.80679e-08
1.83455e-09
3.78173e-08
1.76902e-09
3.75625e-08
1.70888e-09
3.7304e-08
1.65325e-09
3.70423e-08
1.60145e-09
3.6778e-08
1.55289e-09
3.65115e-08
1.50713e-09
3.62432e-08
1.4638e-09
3.59736e-08
1.42262e-09
3.57029e-08
1.38337e-09
3.54315e-08
1.34585e-09
3.51599e-08
1.30992e-09
3.48882e-08
1.27544e-09
3.46168e-08
1.24232e-09
3.43459e-08
1.21044e-09
3.40759e-08
1.17974e-09
3.3807e-08
1.15014e-09
3.35393e-08
1.12156e-09
3.32731e-08
1.09396e-09
3.30086e-08
1.06728e-09
3.2746e-08
1.04147e-09
3.24854e-08
1.01648e-09
3.2227e-08
9.92283e-10
3.19708e-08
9.68827e-10
3.17171e-08
9.46084e-10
3.14658e-08
9.24019e-10
3.12172e-08
9.02602e-10
3.09713e-08
8.81805e-10
3.07282e-08
8.61601e-10
3.04879e-08
8.41964e-10
3.02506e-08
8.2287e-10
3.00161e-08
8.04295e-10
2.97847e-08
7.86217e-10
2.95563e-08
7.68615e-10
2.9331e-08
7.51468e-10
2.91088e-08
7.34755e-10
2.88898e-08
7.18458e-10
2.86738e-08
7.02558e-10
2.84611e-08
6.87035e-10
2.82514e-08
6.71872e-10
2.8045e-08
6.57051e-10
2.78418e-08
6.42555e-10
2.76418e-08
6.28367e-10
2.74449e-08
6.14471e-10
2.72513e-08
6.00849e-10
2.70609e-08
5.87488e-10
2.68737e-08
5.7437e-10
2.66897e-08
5.61481e-10
2.65089e-08
5.48806e-10
2.63313e-08
5.36331e-10
2.6157e-08
5.24042e-10
2.59859e-08
5.11925e-10
2.5818e-08
4.99967e-10
2.56534e-08
4.88156e-10
2.5492e-08
4.7648e-10
2.53339e-08
4.64927e-10
2.51791e-08
4.53487e-10
2.50275e-08
4.4215e-10
2.48792e-08
4.30907e-10
2.47342e-08
4.1975e-10
2.45926e-08
4.08674e-10
2.44542e-08
3.97671e-10
2.43193e-08
3.86739e-10
2.41876e-08
3.75875e-10
2.40594e-08
3.6508e-10
2.39345e-08
3.54356e-10
2.3813e-08
3.43709e-10
2.3695e-08
3.33147e-10
2.35803e-08
3.22684e-10
2.34691e-08
3.12341e-10
2.33612e-08
3.02144e-10
2.32567e-08
2.92131e-10
2.31556e-08
2.82358e-10
2.30577e-08
2.72907e-10
2.29631e-08
2.63916e-10
2.28715e-08
2.55645e-10
2.27827e-08
2.48692e-10
2.26962e-08
2.44723e-10
2.26123e-08
2.49116e-10
2.70636e-10
4.07551e-08
2.49676e-09
-4.06175e-08
4.0932e-08
2.80911e-09
4.112e-08
3.03505e-09
4.13042e-08
3.18448e-09
4.1477e-08
3.2722e-09
4.16322e-08
3.30721e-09
4.17644e-08
3.29595e-09
4.18698e-08
3.24593e-09
4.19465e-08
3.16565e-09
4.19942e-08
3.06365e-09
4.20138e-08
2.94789e-09
4.20074e-08
2.82541e-09
4.19776e-08
2.70203e-09
4.19273e-08
2.58216e-09
4.18594e-08
2.46879e-09
4.17766e-08
2.36366e-09
4.16812e-08
2.26747e-09
4.1575e-08
2.18019e-09
4.14596e-08
2.10128e-09
4.13362e-08
2.02991e-09
4.12055e-08
1.96517e-09
4.10684e-08
1.90613e-09
4.09254e-08
1.85193e-09
4.07768e-08
1.80183e-09
4.06231e-08
1.75519e-09
4.04645e-08
1.71147e-09
4.03013e-08
1.67027e-09
4.01339e-08
1.63122e-09
3.99625e-08
1.59405e-09
3.97873e-08
1.55855e-09
3.96086e-08
1.52452e-09
3.94267e-08
1.49183e-09
3.92418e-08
1.46034e-09
3.90542e-08
1.42995e-09
3.88641e-08
1.40058e-09
3.86717e-08
1.37215e-09
3.84772e-08
1.34458e-09
3.8281e-08
1.31783e-09
3.80831e-08
1.29183e-09
3.78838e-08
1.26655e-09
3.76834e-08
1.24193e-09
3.74819e-08
1.21795e-09
3.72796e-08
1.19457e-09
3.70767e-08
1.17176e-09
3.68733e-08
1.14949e-09
3.66695e-08
1.12774e-09
3.64657e-08
1.10647e-09
3.62618e-08
1.08568e-09
3.60581e-08
1.06533e-09
3.58546e-08
1.04542e-09
3.56516e-08
1.02592e-09
3.5449e-08
1.00681e-09
3.52472e-08
9.88083e-10
3.50461e-08
9.69717e-10
3.48459e-08
9.51697e-10
3.46466e-08
9.34008e-10
3.44484e-08
9.16636e-10
3.42514e-08
8.99565e-10
3.40557e-08
8.82782e-10
3.38613e-08
8.66273e-10
3.36683e-08
8.50022e-10
3.34768e-08
8.34016e-10
3.3287e-08
8.18242e-10
3.30987e-08
8.02685e-10
3.29123e-08
7.87331e-10
3.27276e-08
7.72167e-10
3.25448e-08
7.57179e-10
3.23639e-08
7.42355e-10
3.2185e-08
7.27679e-10
3.20082e-08
7.1314e-10
3.18335e-08
6.98724e-10
3.1661e-08
6.84419e-10
3.14908e-08
6.70212e-10
3.13229e-08
6.56092e-10
3.11573e-08
6.42046e-10
3.09942e-08
6.28063e-10
3.08335e-08
6.14135e-10
3.06754e-08
6.0025e-10
3.05199e-08
5.864e-10
3.03671e-08
5.72578e-10
3.0217e-08
5.58777e-10
3.00697e-08
5.44993e-10
2.99252e-08
5.31223e-10
2.97836e-08
5.17465e-10
2.96449e-08
5.03722e-10
2.95093e-08
4.89998e-10
2.93767e-08
4.76302e-10
2.92472e-08
4.62646e-10
2.91209e-08
4.49048e-10
2.89977e-08
4.35536e-10
2.88777e-08
4.22143e-10
2.87609e-08
4.08919e-10
2.86473e-08
3.95932e-10
2.85369e-08
3.83285e-10
2.84297e-08
3.71143e-10
2.83255e-08
3.59806e-10
2.82243e-08
3.49913e-10
2.8126e-08
3.43019e-10
2.80322e-08
3.42894e-10
3.51608e-10
4.23697e-08
2.37862e-09
-4.22516e-08
4.25249e-08
2.65392e-09
4.26955e-08
2.8644e-09
4.28683e-08
3.0117e-09
4.30359e-08
3.10466e-09
4.31927e-08
3.15041e-09
4.33341e-08
3.15455e-09
4.34567e-08
3.12332e-09
4.35585e-08
3.06384e-09
4.36387e-08
2.98339e-09
4.36977e-08
2.88888e-09
4.37367e-08
2.78649e-09
4.37573e-08
2.68142e-09
4.37617e-08
2.57777e-09
4.3752e-08
2.47846e-09
4.37303e-08
2.38533e-09
4.36985e-08
2.29933e-09
4.36579e-08
2.22072e-09
4.361e-08
2.14924e-09
4.35555e-08
2.08438e-09
4.34953e-08
2.02544e-09
4.34297e-08
1.97169e-09
4.33592e-08
1.92241e-09
4.32841e-08
1.87696e-09
4.32045e-08
1.83477e-09
4.31206e-08
1.79536e-09
4.30326e-08
1.75833e-09
4.29404e-08
1.72334e-09
4.28444e-08
1.69012e-09
4.27444e-08
1.65846e-09
4.26408e-08
1.62816e-09
4.25335e-08
1.59908e-09
4.24228e-08
1.57109e-09
4.23087e-08
1.54409e-09
4.21913e-08
1.51797e-09
4.20707e-08
1.49267e-09
4.19472e-08
1.46811e-09
4.18208e-08
1.44423e-09
4.16916e-08
1.42099e-09
4.15599e-08
1.39833e-09
4.14256e-08
1.37621e-09
4.12889e-08
1.35459e-09
4.11501e-08
1.33345e-09
4.10091e-08
1.31275e-09
4.08661e-08
1.29246e-09
4.07213e-08
1.27256e-09
4.05747e-08
1.25303e-09
4.04266e-08
1.23385e-09
4.02769e-08
1.21499e-09
4.01259e-08
1.19645e-09
3.99736e-08
1.1782e-09
3.98202e-08
1.16023e-09
3.96657e-08
1.14252e-09
3.95104e-08
1.12506e-09
3.93543e-08
1.10783e-09
3.91975e-08
1.09083e-09
3.90401e-08
1.07403e-09
3.88822e-08
1.05743e-09
3.8724e-08
1.04101e-09
3.85655e-08
1.02476e-09
3.84068e-08
1.00867e-09
3.82481e-08
9.92724e-10
3.80895e-08
9.76908e-10
3.79309e-08
9.61212e-10
3.77726e-08
9.45622e-10
3.76147e-08
9.30126e-10
3.74572e-08
9.1471e-10
3.73001e-08
8.99363e-10
3.71438e-08
8.84071e-10
3.69881e-08
8.68822e-10
3.68332e-08
8.53603e-10
3.66792e-08
8.38402e-10
3.65262e-08
8.23207e-10
3.63743e-08
8.08006e-10
3.62236e-08
7.92788e-10
3.60741e-08
7.77542e-10
3.5926e-08
7.62258e-10
3.57793e-08
7.46927e-10
3.56341e-08
7.31539e-10
3.54906e-08
7.16089e-10
3.53488e-08
7.00569e-10
3.52089e-08
6.84977e-10
3.50708e-08
6.69309e-10
3.49347e-08
6.53567e-10
3.48006e-08
6.37754e-10
3.46688e-08
6.21876e-10
3.45391e-08
6.05945e-10
3.44118e-08
5.89978e-10
3.42868e-08
5.73998e-10
3.41643e-08
5.58036e-10
3.40443e-08
5.42135e-10
3.39269e-08
5.26355e-10
3.38121e-08
5.10775e-10
3.36998e-08
4.95513e-10
3.35902e-08
4.80752e-10
3.34832e-08
4.66805e-10
3.33789e-08
4.54265e-10
3.32776e-08
4.44322e-10
3.31816e-08
4.38866e-10
4.34461e-10
4.40381e-08
2.27518e-09
-4.39347e-08
4.41746e-08
2.51746e-09
4.4328e-08
2.71098e-09
4.44866e-08
2.85307e-09
4.46432e-08
2.94807e-09
4.47926e-08
3.00107e-09
4.49304e-08
3.0167e-09
4.50536e-08
3.00009e-09
4.51603e-08
2.95716e-09
4.52496e-08
2.8941e-09
4.53216e-08
2.81689e-09
4.53771e-08
2.73094e-09
4.54176e-08
2.64094e-09
4.54447e-08
2.55066e-09
4.54603e-08
2.46289e-09
4.54661e-08
2.37955e-09
4.54637e-08
2.30174e-09
4.54544e-08
2.22995e-09
4.54395e-08
2.16419e-09
4.54197e-08
2.10418e-09
4.53957e-08
2.04944e-09
4.5368e-08
1.99941e-09
4.53368e-08
1.95354e-09
4.53025e-08
1.91126e-09
4.52652e-08
1.87211e-09
4.52249e-08
1.83563e-09
4.51818e-08
1.80148e-09
4.51358e-08
1.76933e-09
4.5087e-08
1.73893e-09
4.50354e-08
1.71005e-09
4.4981e-08
1.68253e-09
4.49239e-08
1.6562e-09
4.48641e-08
1.63094e-09
4.48015e-08
1.60664e-09
4.47363e-08
1.58321e-09
4.46684e-08
1.56055e-09
4.45979e-08
1.5386e-09
4.45248e-08
1.5173e-09
4.44492e-08
1.49659e-09
4.43711e-08
1.47642e-09
4.42906e-08
1.45674e-09
4.42077e-08
1.43752e-09
4.41224e-08
1.41872e-09
4.40348e-08
1.40031e-09
4.3945e-08
1.38225e-09
4.38531e-08
1.36453e-09
4.3759e-08
1.34711e-09
4.36628e-08
1.32998e-09
4.35647e-08
1.31311e-09
4.34647e-08
1.29649e-09
4.33628e-08
1.28009e-09
4.32591e-08
1.2639e-09
4.31537e-08
1.24791e-09
4.30467e-08
1.23209e-09
4.29381e-08
1.21643e-09
4.2828e-08
1.20092e-09
4.27165e-08
1.18554e-09
4.26036e-08
1.17029e-09
4.24895e-08
1.15513e-09
4.23742e-08
1.14007e-09
4.22578e-08
1.12509e-09
4.21403e-08
1.11017e-09
4.20219e-08
1.0953e-09
4.19027e-08
1.08047e-09
4.17826e-08
1.06566e-09
4.16619e-08
1.05086e-09
4.15406e-08
1.03606e-09
4.14187e-08
1.02124e-09
4.12964e-08
1.00638e-09
4.11737e-08
9.91485e-10
4.10508e-08
9.76528e-10
4.09277e-08
9.61499e-10
4.08045e-08
9.46385e-10
4.06813e-08
9.31173e-10
4.05583e-08
9.15851e-10
4.04354e-08
9.00407e-10
4.03129e-08
8.84829e-10
4.01907e-08
8.69109e-10
4.0069e-08
8.53236e-10
3.99479e-08
8.37203e-10
3.98274e-08
8.21003e-10
3.97078e-08
8.04634e-10
3.9589e-08
7.88092e-10
3.94712e-08
7.71378e-10
3.93544e-08
7.54498e-10
3.92388e-08
7.37458e-10
3.91245e-08
7.20274e-10
3.90115e-08
7.02963e-10
3.89e-08
6.85553e-10
3.87899e-08
6.68081e-10
3.86815e-08
6.50596e-10
3.85747e-08
6.33163e-10
3.84696e-08
6.15874e-10
3.83662e-08
5.98854e-10
3.82647e-08
5.82292e-10
3.8165e-08
5.66483e-10
3.80674e-08
5.51908e-10
3.79724e-08
5.39275e-10
3.78825e-08
5.28786e-10
5.13489e-10
4.57623e-08
2.18308e-09
-4.56702e-08
4.58831e-08
2.39663e-09
4.60209e-08
2.57319e-09
4.61657e-08
2.70826e-09
4.63106e-08
2.80314e-09
4.64506e-08
2.86106e-09
4.65817e-08
2.88561e-09
4.67009e-08
2.88094e-09
4.68061e-08
2.8519e-09
4.68966e-08
2.80367e-09
4.69721e-08
2.74136e-09
4.70333e-08
2.66973e-09
4.70813e-08
2.59293e-09
4.71176e-08
2.51441e-09
4.71436e-08
2.43683e-09
4.71611e-08
2.3621e-09
4.71714e-08
2.29144e-09
4.71758e-08
2.22551e-09
4.71755e-08
2.16454e-09
4.71712e-08
2.10844e-09
4.71637e-08
2.05695e-09
4.71534e-08
2.00966e-09
4.71408e-08
1.96616e-09
4.71261e-08
1.926e-09
4.71094e-08
1.88878e-09
4.70909e-08
1.85413e-09
4.70707e-08
1.82173e-09
4.70487e-08
1.79129e-09
4.70251e-08
1.76258e-09
4.69997e-08
1.73539e-09
4.69727e-08
1.70955e-09
4.6944e-08
1.68491e-09
4.69136e-08
1.66134e-09
4.68815e-08
1.63875e-09
4.68477e-08
1.61703e-09
4.68121e-08
1.5961e-09
4.67748e-08
1.57589e-09
4.67358e-08
1.55633e-09
4.6695e-08
1.53737e-09
4.66525e-08
1.51896e-09
4.66082e-08
1.50105e-09
4.65621e-08
1.48359e-09
4.65143e-08
1.46655e-09
4.64647e-08
1.4499e-09
4.64133e-08
1.4336e-09
4.63602e-08
1.41763e-09
4.63054e-08
1.40196e-09
4.62488e-08
1.38656e-09
4.61905e-08
1.37141e-09
4.61305e-08
1.35648e-09
4.60689e-08
1.34177e-09
4.60055e-08
1.32724e-09
4.59405e-08
1.31289e-09
4.58739e-08
1.29868e-09
4.58058e-08
1.28461e-09
4.5736e-08
1.27066e-09
4.56647e-08
1.25681e-09
4.5592e-08
1.24305e-09
4.55178e-08
1.22935e-09
4.54421e-08
1.2157e-09
4.53651e-08
1.2021e-09
4.52868e-08
1.18851e-09
4.52072e-08
1.17493e-09
4.51263e-08
1.16134e-09
4.50442e-08
1.14772e-09
4.4961e-08
1.13406e-09
4.48768e-08
1.12034e-09
4.47914e-08
1.10654e-09
4.47052e-08
1.09266e-09
4.4618e-08
1.07867e-09
4.453e-08
1.06456e-09
4.44411e-08
1.05031e-09
4.43516e-08
1.03591e-09
4.42615e-08
1.02134e-09
4.41707e-08
1.00659e-09
4.40795e-08
9.91648e-10
4.39878e-08
9.76495e-10
4.38958e-08
9.61122e-10
4.38035e-08
9.45518e-10
4.3711e-08
9.29675e-10
4.36185e-08
9.13583e-10
4.35259e-08
8.97238e-10
4.34333e-08
8.80638e-10
4.33409e-08
8.63783e-10
4.32487e-08
8.46676e-10
4.31569e-08
8.29327e-10
4.30654e-08
8.11749e-10
4.29744e-08
7.93965e-10
4.28839e-08
7.76003e-10
4.27941e-08
7.57903e-10
4.2705e-08
7.39719e-10
4.26166e-08
7.21521e-10
4.25291e-08
7.03405e-10
4.24424e-08
6.855e-10
4.23567e-08
6.67989e-10
4.22721e-08
6.51128e-10
4.21888e-08
6.35253e-10
4.21074e-08
6.20608e-10
4.203e-08
6.06206e-10
5.83794e-10
4.75442e-08
2.09995e-09
-4.74611e-08
4.76521e-08
2.28879e-09
4.77761e-08
2.44921e-09
4.7908e-08
2.57629e-09
4.80417e-08
2.6695e-09
4.81722e-08
2.73052e-09
4.82958e-08
2.76198e-09
4.84096e-08
2.76714e-09
4.85117e-08
2.74989e-09
4.86008e-08
2.71453e-09
4.86768e-08
2.66539e-09
4.87399e-08
2.60656e-09
4.87911e-08
2.54172e-09
4.88315e-08
2.47399e-09
4.88625e-08
2.40585e-09
4.88855e-08
2.33917e-09
4.89017e-08
2.27523e-09
4.89124e-08
2.21481e-09
4.89186e-08
2.15831e-09
4.89212e-08
2.10582e-09
4.8921e-08
2.05723e-09
4.89183e-08
2.0123e-09
4.89137e-08
1.97074e-09
4.89075e-08
1.93222e-09
4.88999e-08
1.8964e-09
4.8891e-08
1.86299e-09
4.88811e-08
1.8317e-09
4.88701e-08
1.80231e-09
4.88581e-08
1.77458e-09
4.88451e-08
1.74834e-09
4.88312e-08
1.72343e-09
4.88164e-08
1.69971e-09
4.88007e-08
1.67706e-09
4.87841e-08
1.65539e-09
4.87665e-08
1.6346e-09
4.8748e-08
1.6146e-09
4.87285e-08
1.59534e-09
4.87081e-08
1.57675e-09
4.86867e-08
1.55877e-09
4.86643e-08
1.54135e-09
4.86409e-08
1.52445e-09
4.86165e-08
1.50803e-09
4.8591e-08
1.49204e-09
4.85644e-08
1.47646e-09
4.85368e-08
1.46125e-09
4.85081e-08
1.44638e-09
4.84782e-08
1.43182e-09
4.84472e-08
1.41755e-09
4.84151e-08
1.40354e-09
4.83818e-08
1.38978e-09
4.83473e-08
1.37623e-09
4.83117e-08
1.36288e-09
4.82748e-08
1.34971e-09
4.82368e-08
1.3367e-09
4.81976e-08
1.32382e-09
4.81572e-08
1.31107e-09
4.81156e-08
1.29841e-09
4.80728e-08
1.28584e-09
4.80288e-08
1.27333e-09
4.79837e-08
1.26087e-09
4.79373e-08
1.24844e-09
4.78898e-08
1.23602e-09
4.78411e-08
1.2236e-09
4.77913e-08
1.21114e-09
4.77404e-08
1.19865e-09
4.76884e-08
1.18609e-09
4.76353e-08
1.17345e-09
4.75811e-08
1.16072e-09
4.75259e-08
1.14786e-09
4.74697e-08
1.13488e-09
4.74125e-08
1.12174e-09
4.73544e-08
1.10843e-09
4.72953e-08
1.09493e-09
4.72355e-08
1.08123e-09
4.71747e-08
1.06731e-09
4.71132e-08
1.05314e-09
4.7051e-08
1.03873e-09
4.69881e-08
1.02405e-09
4.69245e-08
1.00908e-09
4.68604e-08
9.93827e-10
4.67957e-08
9.78271e-10
4.67305e-08
9.62407e-10
4.66649e-08
9.46231e-10
4.6599e-08
9.29743e-10
4.65327e-08
9.12945e-10
4.64662e-08
8.95846e-10
4.63995e-08
8.78461e-10
4.63326e-08
8.60811e-10
4.62657e-08
8.42926e-10
4.61987e-08
8.24848e-10
4.61318e-08
8.06633e-10
4.6065e-08
7.88353e-10
4.59983e-08
7.70107e-10
4.59318e-08
7.5202e-10
4.58655e-08
7.34261e-10
4.57996e-08
7.17037e-10
4.57343e-08
7.00542e-10
4.56702e-08
6.84676e-10
4.56086e-08
6.67856e-10
6.42387e-10
4.93865e-08
2.02414e-09
-4.93106e-08
4.94834e-08
2.19183e-09
4.95953e-08
2.33737e-09
4.97155e-08
2.45611e-09
4.98384e-08
2.54651e-09
4.99598e-08
2.60918e-09
5.00759e-08
2.64586e-09
5.0184e-08
2.65903e-09
5.02821e-08
2.65178e-09
5.03691e-08
2.62759e-09
5.04444e-08
2.5901e-09
5.05081e-08
2.5428e-09
5.0561e-08
2.48889e-09
5.06038e-08
2.43117e-09
5.06377e-08
2.37193e-09
5.06639e-08
2.31295e-09
5.06836e-08
2.25554e-09
5.06979e-08
2.20054e-09
5.07077e-08
2.14849e-09
5.07139e-08
2.0996e-09
5.07172e-08
2.05391e-09
5.07182e-08
2.01132e-09
5.07173e-08
1.97164e-09
5.07149e-08
1.93465e-09
5.07112e-08
1.90009e-09
5.07064e-08
1.86772e-09
5.07008e-08
1.83733e-09
5.06944e-08
1.8087e-09
5.06873e-08
1.78166e-09
5.06797e-08
1.75603e-09
5.06714e-08
1.73168e-09
5.06626e-08
1.70848e-09
5.06534e-08
1.68632e-09
5.06437e-08
1.66512e-09
5.06335e-08
1.64479e-09
5.06228e-08
1.62525e-09
5.06117e-08
1.60644e-09
5.06002e-08
1.5883e-09
5.05882e-08
1.57077e-09
5.05757e-08
1.55382e-09
5.05628e-08
1.53739e-09
5.05493e-08
1.52146e-09
5.05354e-08
1.50597e-09
5.0521e-08
1.4909e-09
5.0506e-08
1.47622e-09
5.04905e-08
1.46189e-09
5.04744e-08
1.4479e-09
5.04577e-08
1.43421e-09
5.04405e-08
1.42081e-09
5.04226e-08
1.40766e-09
5.0404e-08
1.39476e-09
5.03849e-08
1.38206e-09
5.0365e-08
1.36956e-09
5.03445e-08
1.35724e-09
5.03232e-08
1.34507e-09
5.03013e-08
1.33304e-09
5.02786e-08
1.32112e-09
5.02551e-08
1.3093e-09
5.02309e-08
1.29755e-09
5.02059e-08
1.28587e-09
5.01801e-08
1.27422e-09
5.01535e-08
1.2626e-09
5.01262e-08
1.25097e-09
5.0098e-08
1.23933e-09
5.0069e-08
1.22764e-09
5.00392e-08
1.2159e-09
5.00085e-08
1.20408e-09
4.99771e-08
1.19216e-09
4.99448e-08
1.18013e-09
4.99117e-08
1.16795e-09
4.98779e-08
1.15562e-09
4.98432e-08
1.14311e-09
4.98077e-08
1.1304e-09
4.97715e-08
1.11748e-09
4.97345e-08
1.10432e-09
4.96967e-08
1.0909e-09
4.96582e-08
1.07722e-09
4.9619e-08
1.06325e-09
4.95791e-08
1.04898e-09
4.95385e-08
1.03439e-09
4.94973e-08
1.01948e-09
4.94555e-08
1.00424e-09
4.94131e-08
9.88657e-10
4.93701e-08
9.72734e-10
4.93266e-08
9.56473e-10
4.92825e-08
9.39882e-10
4.9238e-08
9.22975e-10
4.9193e-08
9.05773e-10
4.91477e-08
8.88307e-10
4.91019e-08
8.7062e-10
4.90558e-08
8.52767e-10
4.90093e-08
8.34824e-10
4.89625e-08
8.16884e-10
4.89155e-08
7.9907e-10
4.88682e-08
7.8153e-10
4.88208e-08
7.64423e-10
4.87735e-08
7.47837e-10
4.87267e-08
7.31476e-10
4.86809e-08
7.1369e-10
6.88486e-10
5.12914e-08
1.95446e-09
-5.12217e-08
5.13792e-08
2.10407e-09
5.14804e-08
2.23615e-09
5.15899e-08
2.34661e-09
5.17029e-08
2.4335e-09
5.18154e-08
2.49666e-09
5.19241e-08
2.53713e-09
5.20264e-08
2.55674e-09
5.21203e-08
2.55787e-09
5.22046e-08
2.54332e-09
5.22786e-08
2.51608e-09
5.23423e-08
2.47911e-09
5.2396e-08
2.43518e-09
5.24404e-08
2.38675e-09
5.24765e-08
2.3359e-09
5.25051e-08
2.28432e-09
5.25274e-08
2.23327e-09
5.25442e-08
2.18367e-09
5.25566e-08
2.1361e-09
5.25653e-08
2.09091e-09
5.2571e-08
2.04824e-09
5.25742e-08
2.0081e-09
5.25755e-08
1.9704e-09
5.25751e-08
1.93501e-09
5.25734e-08
1.90176e-09
5.25707e-08
1.87047e-09
5.25671e-08
1.84095e-09
5.25627e-08
1.81305e-09
5.25578e-08
1.78661e-09
5.25523e-08
1.7615e-09
5.25464e-08
1.73759e-09
5.25401e-08
1.71476e-09
5.25335e-08
1.69294e-09
5.25266e-08
1.67202e-09
5.25194e-08
1.65194e-09
5.25121e-08
1.63263e-09
5.25045e-08
1.61403e-09
5.24967e-08
1.59608e-09
5.24887e-08
1.57874e-09
5.24806e-08
1.56196e-09
5.24723e-08
1.54571e-09
5.24638e-08
1.52994e-09
5.24551e-08
1.51463e-09
5.24463e-08
1.49974e-09
5.24373e-08
1.48524e-09
5.2428e-08
1.47111e-09
5.24186e-08
1.45732e-09
5.2409e-08
1.44385e-09
5.23991e-08
1.43067e-09
5.2389e-08
1.41776e-09
5.23787e-08
1.40511e-09
5.2368e-08
1.39268e-09
5.23571e-08
1.38046e-09
5.23459e-08
1.36844e-09
5.23344e-08
1.35658e-09
5.23226e-08
1.34488e-09
5.23104e-08
1.3333e-09
5.22979e-08
1.32184e-09
5.22849e-08
1.31047e-09
5.22716e-08
1.29918e-09
5.22579e-08
1.28794e-09
5.22438e-08
1.27674e-09
5.22292e-08
1.26555e-09
5.22142e-08
1.25435e-09
5.21987e-08
1.24314e-09
5.21827e-08
1.23187e-09
5.21663e-08
1.22054e-09
5.21493e-08
1.20912e-09
5.21318e-08
1.19759e-09
5.21138e-08
1.18594e-09
5.20953e-08
1.17413e-09
5.20763e-08
1.16216e-09
5.20567e-08
1.14999e-09
5.20365e-08
1.13762e-09
5.20159e-08
1.12501e-09
5.19946e-08
1.11215e-09
5.19728e-08
1.09903e-09
5.19504e-08
1.08562e-09
5.19275e-08
1.0719e-09
5.1904e-08
1.05788e-09
5.188e-08
1.04353e-09
5.18554e-08
1.02884e-09
5.18302e-08
1.01381e-09
5.18045e-08
9.98436e-10
5.17783e-08
9.8272e-10
5.17515e-08
9.66669e-10
5.17242e-08
9.50298e-10
5.16963e-08
9.33628e-10
5.16679e-08
9.1669e-10
5.1639e-08
8.99527e-10
5.16096e-08
8.82195e-10
5.15796e-08
8.64767e-10
5.15492e-08
8.47337e-10
5.15182e-08
8.30017e-10
5.14868e-08
8.12939e-10
5.1455e-08
7.96224e-10
5.1423e-08
7.79891e-10
5.13909e-08
7.63599e-10
5.13586e-08
7.45974e-10
7.23127e-10
5.32617e-08
1.89008e-09
-5.31973e-08
5.33415e-08
2.02419e-09
5.34334e-08
2.14425e-09
5.35333e-08
2.24678e-09
5.3637e-08
2.32974e-09
5.37412e-08
2.39251e-09
5.38427e-08
2.43561e-09
5.39391e-08
2.46029e-09
5.40286e-08
2.46836e-09
5.41099e-08
2.46205e-09
5.41822e-08
2.44378e-09
5.42453e-08
2.41602e-09
5.42994e-08
2.38112e-09
5.43449e-08
2.34125e-09
5.43825e-08
2.29828e-09
5.44131e-08
2.25374e-09
5.44374e-08
2.20888e-09
5.44565e-08
2.1646e-09
5.44711e-08
2.12155e-09
5.44818e-08
2.08014e-09
5.44894e-08
2.04062e-09
5.44945e-08
2.00307e-09
5.44974e-08
1.9675e-09
5.44985e-08
1.93385e-09
5.44983e-08
1.90203e-09
5.44968e-08
1.8719e-09
5.44944e-08
1.84335e-09
5.44913e-08
1.81623e-09
5.44874e-08
1.79044e-09
5.44831e-08
1.76586e-09
5.44783e-08
1.74239e-09
5.44731e-08
1.71993e-09
5.44676e-08
1.6984e-09
5.44619e-08
1.67772e-09
5.4456e-08
1.65783e-09
5.445e-08
1.63868e-09
5.44438e-08
1.6202e-09
5.44375e-08
1.60235e-09
5.44312e-08
1.58509e-09
5.44248e-08
1.56837e-09
5.44183e-08
1.55215e-09
5.44119e-08
1.53642e-09
5.44054e-08
1.52113e-09
5.43988e-08
1.50626e-09
5.43923e-08
1.49177e-09
5.43858e-08
1.47766e-09
5.43792e-08
1.46388e-09
5.43726e-08
1.45042e-09
5.43661e-08
1.43726e-09
5.43594e-08
1.42438e-09
5.43528e-08
1.41175e-09
5.43461e-08
1.39936e-09
5.43394e-08
1.38719e-09
5.43326e-08
1.37522e-09
5.43257e-08
1.36343e-09
5.43188e-08
1.3518e-09
5.43118e-08
1.34031e-09
5.43047e-08
1.32895e-09
5.42975e-08
1.3177e-09
5.42901e-08
1.30653e-09
5.42827e-08
1.29542e-09
5.4275e-08
1.28437e-09
5.42672e-08
1.27334e-09
5.42593e-08
1.26232e-09
5.42511e-08
1.25129e-09
5.42427e-08
1.24023e-09
5.42342e-08
1.22912e-09
5.42254e-08
1.21793e-09
5.42163e-08
1.20665e-09
5.4207e-08
1.19525e-09
5.41974e-08
1.18371e-09
5.41876e-08
1.17202e-09
5.41774e-08
1.16015e-09
5.41669e-08
1.14809e-09
5.41561e-08
1.1358e-09
5.4145e-08
1.12328e-09
5.41335e-08
1.1105e-09
5.41217e-08
1.09745e-09
5.41095e-08
1.08411e-09
5.40969e-08
1.07047e-09
5.40839e-08
1.05651e-09
5.40705e-08
1.04223e-09
5.40567e-08
1.02762e-09
5.40425e-08
1.01268e-09
5.40278e-08
9.97405e-10
5.40126e-08
9.8181e-10
5.3997e-08
9.65908e-10
5.39809e-08
9.49721e-10
5.39643e-08
9.3328e-10
5.39472e-08
9.16629e-10
5.39296e-08
8.99824e-10
5.39114e-08
8.82937e-10
5.38927e-08
8.66057e-10
5.38734e-08
8.49292e-10
5.38536e-08
8.32756e-10
5.38333e-08
8.16547e-10
5.38125e-08
8.00661e-10
5.37913e-08
7.84807e-10
5.37692e-08
7.68054e-10
7.4843e-10
5.52999e-08
1.83036e-09
-5.52402e-08
5.53729e-08
1.95117e-09
5.54566e-08
2.06058e-09
5.55477e-08
2.15568e-09
5.56429e-08
2.23453e-09
5.57392e-08
2.29627e-09
5.58337e-08
2.34103e-09
5.59244e-08
2.36963e-09
5.60094e-08
2.3834e-09
5.60874e-08
2.38406e-09
5.61576e-08
2.37356e-09
5.62197e-08
2.35394e-09
5.62736e-08
2.32717e-09
5.63197e-08
2.29514e-09
5.63585e-08
2.25949e-09
5.63906e-08
2.22163e-09
5.64168e-08
2.18273e-09
5.64377e-08
2.14366e-09
5.64541e-08
2.10511e-09
5.64668e-08
2.06754e-09
5.64761e-08
2.03124e-09
5.64828e-08
1.99641e-09
5.64872e-08
1.9631e-09
5.64897e-08
1.93133e-09
5.64907e-08
1.90106e-09
5.64904e-08
1.87222e-09
5.6489e-08
1.84473e-09
5.64867e-08
1.8185e-09
5.64837e-08
1.79344e-09
5.64801e-08
1.76945e-09
5.6476e-08
1.74647e-09
5.64716e-08
1.72441e-09
5.64668e-08
1.7032e-09
5.64617e-08
1.68278e-09
5.64564e-08
1.6631e-09
5.6451e-08
1.6441e-09
5.64455e-08
1.62574e-09
5.64399e-08
1.60796e-09
5.64342e-08
1.59075e-09
5.64285e-08
1.57405e-09
5.64228e-08
1.55784e-09
5.64172e-08
1.54209e-09
5.64115e-08
1.52677e-09
5.64059e-08
1.51186e-09
5.64004e-08
1.49732e-09
5.63949e-08
1.48314e-09
5.63895e-08
1.4693e-09
5.63841e-08
1.45577e-09
5.63789e-08
1.44253e-09
5.63737e-08
1.42958e-09
5.63685e-08
1.41688e-09
5.63635e-08
1.40441e-09
5.63585e-08
1.39217e-09
5.63536e-08
1.38013e-09
5.63487e-08
1.36828e-09
5.63439e-08
1.35659e-09
5.63392e-08
1.34506e-09
5.63345e-08
1.33365e-09
5.63298e-08
1.32235e-09
5.63252e-08
1.31115e-09
5.63206e-08
1.30003e-09
5.6316e-08
1.28896e-09
5.63114e-08
1.27793e-09
5.63068e-08
1.26692e-09
5.63022e-08
1.25591e-09
5.62976e-08
1.24488e-09
5.62929e-08
1.2338e-09
5.62881e-08
1.22267e-09
5.62833e-08
1.21145e-09
5.62784e-08
1.20013e-09
5.62735e-08
1.18868e-09
5.62684e-08
1.1771e-09
5.62632e-08
1.16534e-09
5.62579e-08
1.15341e-09
5.62524e-08
1.14127e-09
5.62468e-08
1.1289e-09
5.6241e-08
1.1163e-09
5.6235e-08
1.10344e-09
5.62288e-08
1.09031e-09
5.62224e-08
1.07689e-09
5.62157e-08
1.06318e-09
5.62088e-08
1.04915e-09
5.62016e-08
1.03482e-09
5.61941e-08
1.02018e-09
5.61863e-08
1.00523e-09
5.61781e-08
9.89976e-10
5.61696e-08
9.74439e-10
5.61607e-08
9.58641e-10
5.61513e-08
9.42615e-10
5.61416e-08
9.26403e-10
5.61313e-08
9.10064e-10
5.61206e-08
8.93667e-10
5.61093e-08
8.773e-10
5.60976e-08
8.61063e-10
5.60853e-08
8.45062e-10
5.60724e-08
8.29382e-10
5.60591e-08
8.1403e-10
5.6045e-08
7.98822e-10
5.60298e-08
7.83273e-10
7.66841e-10
5.74089e-08
1.77482e-09
-5.73534e-08
5.74759e-08
1.88419e-09
5.75523e-08
1.9842e-09
5.76355e-08
2.07245e-09
5.77228e-08
2.14719e-09
5.78116e-08
2.20746e-09
5.78995e-08
2.25313e-09
5.79845e-08
2.28467e-09
5.80649e-08
2.30305e-09
5.81394e-08
2.30956e-09
5.82072e-08
2.30575e-09
5.82678e-08
2.29326e-09
5.83213e-08
2.27376e-09
5.83676e-08
2.24884e-09
5.84071e-08
2.21996e-09
5.84404e-08
2.18836e-09
5.8468e-08
2.15513e-09
5.84905e-08
2.12112e-09
5.85086e-08
2.08701e-09
5.85229e-08
2.05327e-09
5.85338e-08
2.02027e-09
5.8542e-08
1.98823e-09
5.85478e-08
1.95729e-09
5.85516e-08
1.92752e-09
5.85538e-08
1.89892e-09
5.85545e-08
1.87148e-09
5.85541e-08
1.84516e-09
5.85527e-08
1.81991e-09
5.85505e-08
1.79566e-09
5.85476e-08
1.77235e-09
5.85441e-08
1.74992e-09
5.85402e-08
1.72832e-09
5.85359e-08
1.70748e-09
5.85313e-08
1.68736e-09
5.85265e-08
1.66791e-09
5.85215e-08
1.64909e-09
5.85164e-08
1.63086e-09
5.85112e-08
1.61319e-09
5.85059e-08
1.59603e-09
5.85006e-08
1.57936e-09
5.84953e-08
1.56315e-09
5.849e-08
1.54738e-09
5.84847e-08
1.53202e-09
5.84795e-08
1.51705e-09
5.84744e-08
1.50244e-09
5.84694e-08
1.48818e-09
5.84644e-08
1.47425e-09
5.84596e-08
1.46062e-09
5.84548e-08
1.44728e-09
5.84502e-08
1.43421e-09
5.84457e-08
1.4214e-09
5.84413e-08
1.40882e-09
5.8437e-08
1.39646e-09
5.84328e-08
1.3843e-09
5.84288e-08
1.37233e-09
5.84248e-08
1.36053e-09
5.8421e-08
1.34888e-09
5.84173e-08
1.33736e-09
5.84137e-08
1.32596e-09
5.84102e-08
1.31466e-09
5.84068e-08
1.30344e-09
5.84035e-08
1.29228e-09
5.84002e-08
1.28117e-09
5.83971e-08
1.27008e-09
5.8394e-08
1.25899e-09
5.8391e-08
1.2479e-09
5.8388e-08
1.23677e-09
5.83851e-08
1.22559e-09
5.83822e-08
1.21433e-09
5.83794e-08
1.20298e-09
5.83765e-08
1.19153e-09
5.83737e-08
1.17993e-09
5.83708e-08
1.16819e-09
5.8368e-08
1.15627e-09
5.83651e-08
1.14417e-09
5.83621e-08
1.13185e-09
5.83591e-08
1.11931e-09
5.8356e-08
1.10654e-09
5.83528e-08
1.0935e-09
5.83495e-08
1.0802e-09
5.83461e-08
1.06662e-09
5.83425e-08
1.05275e-09
5.83387e-08
1.0386e-09
5.83347e-08
1.02415e-09
5.83305e-08
1.00942e-09
5.83261e-08
9.94417e-10
5.83214e-08
9.79155e-10
5.83164e-08
9.63661e-10
5.8311e-08
9.47968e-10
5.83053e-08
9.3212e-10
5.82992e-08
9.16175e-10
5.82926e-08
9.00203e-10
5.82857e-08
8.84289e-10
5.82782e-08
8.6853e-10
5.82702e-08
8.53026e-10
5.82617e-08
8.37863e-10
5.82527e-08
8.23074e-10
5.82429e-08
8.08599e-10
5.82319e-08
7.94319e-10
7.80564e-10
5.95914e-08
1.7231e-09
-5.95397e-08
5.9653e-08
1.8226e-09
5.97229e-08
1.91433e-09
5.9799e-08
1.99635e-09
5.98791e-08
2.06709e-09
5.99609e-08
2.12561e-09
6.00424e-08
2.1716e-09
6.01218e-08
2.20529e-09
6.01975e-08
2.22734e-09
6.02684e-08
2.23871e-09
6.03335e-08
2.24059e-09
6.03925e-08
2.23432e-09
6.04449e-08
2.22127e-09
6.0491e-08
2.20277e-09
6.05309e-08
2.18007e-09
6.0565e-08
2.15431e-09
6.05937e-08
2.12644e-09
6.06175e-08
2.09729e-09
6.0637e-08
2.06749e-09
6.06527e-08
2.03755e-09
6.06652e-08
2.00785e-09
6.06747e-08
1.97867e-09
6.06818e-08
1.95017e-09
6.06869e-08
1.92248e-09
6.06901e-08
1.89565e-09
6.06919e-08
1.86971e-09
6.06924e-08
1.84466e-09
6.06919e-08
1.82047e-09
6.06904e-08
1.79711e-09
6.06882e-08
1.77455e-09
6.06854e-08
1.75275e-09
6.0682e-08
1.73166e-09
6.06783e-08
1.71125e-09
6.06741e-08
1.69148e-09
6.06698e-08
1.6723e-09
6.06651e-08
1.6537e-09
6.06604e-08
1.63564e-09
6.06555e-08
1.61808e-09
6.06505e-08
1.601e-09
6.06455e-08
1.58438e-09
6.06405e-08
1.56819e-09
6.06354e-08
1.55241e-09
6.06304e-08
1.53702e-09
6.06255e-08
1.522e-09
6.06206e-08
1.50732e-09
6.06158e-08
1.49298e-09
6.06111e-08
1.47895e-09
6.06065e-08
1.46522e-09
6.0602e-08
1.45177e-09
6.05976e-08
1.43858e-09
6.05934e-08
1.42565e-09
6.05893e-08
1.41294e-09
6.05853e-08
1.40045e-09
6.05814e-08
1.38816e-09
6.05777e-08
1.37605e-09
6.05741e-08
1.36412e-09
6.05707e-08
1.35233e-09
6.05673e-08
1.34068e-09
6.05642e-08
1.32915e-09
6.05611e-08
1.31771e-09
6.05582e-08
1.30637e-09
6.05554e-08
1.29508e-09
6.05527e-08
1.28385e-09
6.05501e-08
1.27265e-09
6.05477e-08
1.26145e-09
6.05453e-08
1.25025e-09
6.0543e-08
1.23903e-09
6.05409e-08
1.22775e-09
6.05388e-08
1.21642e-09
6.05368e-08
1.205e-09
6.05348e-08
1.19347e-09
6.0533e-08
1.18182e-09
6.05311e-08
1.17003e-09
6.05293e-08
1.15808e-09
6.05275e-08
1.14596e-09
6.05257e-08
1.13363e-09
6.05239e-08
1.1211e-09
6.05221e-08
1.10834e-09
6.05203e-08
1.09534e-09
6.05184e-08
1.08209e-09
6.05164e-08
1.06858e-09
6.05144e-08
1.05481e-09
6.05122e-08
1.04077e-09
6.05099e-08
1.02646e-09
6.05074e-08
1.01189e-09
6.05048e-08
9.97075e-10
6.05019e-08
9.82029e-10
6.04988e-08
9.6678e-10
6.04954e-08
9.51362e-10
6.04917e-08
9.35822e-10
6.04876e-08
9.20217e-10
6.04832e-08
9.04617e-10
6.04784e-08
8.89106e-10
6.04732e-08
8.73779e-10
6.04675e-08
8.58735e-10
6.04613e-08
8.44068e-10
6.04545e-08
8.29846e-10
6.0447e-08
8.16116e-10
6.04383e-08
8.03015e-10
7.91283e-10
6.18503e-08
1.67492e-09
-6.18021e-08
6.1907e-08
1.76588e-09
6.1971e-08
1.85035e-09
6.20406e-08
1.92673e-09
6.2114e-08
1.99368e-09
6.21894e-08
2.05028e-09
6.22648e-08
2.09615e-09
6.23388e-08
2.13134e-09
6.24098e-08
2.15627e-09
6.24769e-08
2.17163e-09
6.25392e-08
2.17833e-09
6.25961e-08
2.17743e-09
6.26473e-08
2.17005e-09
6.26928e-08
2.15729e-09
6.27326e-08
2.14022e-09
6.27671e-08
2.11983e-09
6.27966e-08
2.09699e-09
6.28214e-08
2.07245e-09
6.28421e-08
2.04681e-09
6.2859e-08
2.02059e-09
6.28727e-08
1.99417e-09
6.28835e-08
1.96785e-09
6.28919e-08
1.94184e-09
6.2898e-08
1.9163e-09
6.29024e-08
1.89131e-09
6.29051e-08
1.86695e-09
6.29066e-08
1.84324e-09
6.29068e-08
1.82019e-09
6.29061e-08
1.79781e-09
6.29046e-08
1.77606e-09
6.29024e-08
1.75495e-09
6.28997e-08
1.73443e-09
6.28964e-08
1.7145e-09
6.28928e-08
1.69512e-09
6.28888e-08
1.67626e-09
6.28846e-08
1.65791e-09
6.28802e-08
1.64004e-09
6.28756e-08
1.62264e-09
6.2871e-08
1.60566e-09
6.28662e-08
1.58911e-09
6.28615e-08
1.57296e-09
6.28567e-08
1.55719e-09
6.28519e-08
1.54178e-09
6.28472e-08
1.52672e-09
6.28425e-08
1.51199e-09
6.28379e-08
1.49758e-09
6.28334e-08
1.48346e-09
6.2829e-08
1.46964e-09
6.28247e-08
1.45608e-09
6.28205e-08
1.44278e-09
6.28164e-08
1.42972e-09
6.28125e-08
1.41689e-09
6.28087e-08
1.40426e-09
6.2805e-08
1.39184e-09
6.28014e-08
1.3796e-09
6.2798e-08
1.36752e-09
6.27948e-08
1.35559e-09
6.27916e-08
1.3438e-09
6.27887e-08
1.33213e-09
6.27858e-08
1.32056e-09
6.27831e-08
1.30908e-09
6.27805e-08
1.29766e-09
6.27781e-08
1.2863e-09
6.27757e-08
1.27497e-09
6.27735e-08
1.26365e-09
6.27715e-08
1.25234e-09
6.27695e-08
1.241e-09
6.27676e-08
1.22962e-09
6.27659e-08
1.21818e-09
6.27642e-08
1.20666e-09
6.27626e-08
1.19505e-09
6.27611e-08
1.18333e-09
6.27597e-08
1.17147e-09
6.27583e-08
1.15947e-09
6.27569e-08
1.14729e-09
6.27556e-08
1.13494e-09
6.27544e-08
1.12238e-09
6.27531e-08
1.10961e-09
6.27518e-08
1.09662e-09
6.27505e-08
1.0834e-09
6.27491e-08
1.06993e-09
6.27477e-08
1.05622e-09
6.27462e-08
1.04226e-09
6.27446e-08
1.02806e-09
6.27429e-08
1.01362e-09
6.2741e-08
9.9896e-10
6.2739e-08
9.84097e-10
6.27367e-08
9.69059e-10
6.27342e-08
9.53882e-10
6.27314e-08
9.38616e-10
6.27283e-08
9.23316e-10
6.27248e-08
9.08054e-10
6.2721e-08
8.92913e-10
6.27168e-08
8.77987e-10
6.27122e-08
8.63377e-10
6.2707e-08
8.49187e-10
6.27014e-08
8.35521e-10
6.2695e-08
8.22508e-10
6.26876e-08
8.10429e-10
8.00132e-10
6.41885e-08
1.63004e-09
-6.41436e-08
6.42408e-08
1.71361e-09
6.42994e-08
1.79171e-09
6.43631e-08
1.86304e-09
6.44303e-08
1.92642e-09
6.44996e-08
1.98105e-09
6.45692e-08
2.02648e-09
6.46379e-08
2.06265e-09
6.47044e-08
2.08979e-09
6.47676e-08
2.1084e-09
6.48268e-08
2.11915e-09
6.48814e-08
2.12285e-09
6.4931e-08
2.12042e-09
6.49756e-08
2.11275e-09
6.5015e-08
2.10077e-09
6.50496e-08
2.0853e-09
6.50794e-08
2.06712e-09
6.5105e-08
2.04692e-09
6.51265e-08
2.02526e-09
6.51445e-08
2.00263e-09
6.51592e-08
1.97942e-09
6.51711e-08
1.95594e-09
6.51805e-08
1.93243e-09
6.51878e-08
1.90907e-09
6.51931e-08
1.88598e-09
6.51968e-08
1.86325e-09
6.51991e-08
1.84095e-09
6.52002e-08
1.81911e-09
6.52002e-08
1.79775e-09
6.51994e-08
1.77689e-09
6.51978e-08
1.75651e-09
6.51956e-08
1.73663e-09
6.51929e-08
1.71722e-09
6.51898e-08
1.69827e-09
6.51863e-08
1.67977e-09
6.51825e-08
1.66171e-09
6.51784e-08
1.64407e-09
6.51742e-08
1.62684e-09
6.51699e-08
1.61e-09
6.51655e-08
1.59354e-09
6.5161e-08
1.57745e-09
6.51565e-08
1.5617e-09
6.5152e-08
1.54629e-09
6.51475e-08
1.53121e-09
6.5143e-08
1.51644e-09
6.51386e-08
1.50197e-09
6.51343e-08
1.48778e-09
6.51301e-08
1.47387e-09
6.51259e-08
1.46021e-09
6.51219e-08
1.4468e-09
6.5118e-08
1.43363e-09
6.51142e-08
1.42067e-09
6.51106e-08
1.40793e-09
6.5107e-08
1.39537e-09
6.51036e-08
1.383e-09
6.51004e-08
1.37078e-09
6.50972e-08
1.35872e-09
6.50943e-08
1.34679e-09
6.50914e-08
1.33498e-09
6.50887e-08
1.32328e-09
6.50861e-08
1.31166e-09
6.50837e-08
1.30011e-09
6.50813e-08
1.28862e-09
6.50791e-08
1.27716e-09
6.50771e-08
1.26572e-09
6.50751e-08
1.25428e-09
6.50733e-08
1.24282e-09
6.50716e-08
1.23134e-09
6.507e-08
1.21979e-09
6.50685e-08
1.20818e-09
6.5067e-08
1.19648e-09
6.50657e-08
1.18467e-09
6.50644e-08
1.17274e-09
6.50632e-08
1.16067e-09
6.50621e-08
1.14844e-09
6.5061e-08
1.13604e-09
6.50599e-08
1.12346e-09
6.50588e-08
1.11068e-09
6.50578e-08
1.09768e-09
6.50567e-08
1.08447e-09
6.50556e-08
1.07104e-09
6.50544e-08
1.05738e-09
6.50532e-08
1.04349e-09
6.50519e-08
1.02938e-09
6.50505e-08
1.01505e-09
6.50489e-08
1.00053e-09
6.50471e-08
9.85834e-10
6.50452e-08
9.7099e-10
6.50431e-08
9.56038e-10
6.50406e-08
9.41025e-10
6.5038e-08
9.26011e-10
6.50349e-08
9.11067e-10
6.50316e-08
8.96275e-10
6.50278e-08
8.81729e-10
6.50237e-08
8.67536e-10
6.50191e-08
8.53809e-10
6.50139e-08
8.4068e-10
6.50081e-08
8.28331e-10
6.50014e-08
8.17106e-10
8.07796e-10
6.6609e-08
1.58831e-09
-6.65673e-08
6.66572e-08
1.66547e-09
6.67109e-08
1.73798e-09
6.67692e-08
1.80479e-09
6.68307e-08
1.86489e-09
6.68942e-08
1.91754e-09
6.69584e-08
1.96231e-09
6.7022e-08
1.99904e-09
6.70839e-08
2.02786e-09
6.71432e-08
2.04908e-09
6.71992e-08
2.06319e-09
6.72512e-08
2.07082e-09
6.7299e-08
2.07267e-09
6.73422e-08
2.0695e-09
6.73809e-08
2.06206e-09
6.74152e-08
2.05106e-09
6.74451e-08
2.03717e-09
6.7471e-08
2.02101e-09
6.74932e-08
2.00311e-09
6.75119e-08
1.98392e-09
6.75275e-08
1.96383e-09
6.75403e-08
1.94314e-09
6.75506e-08
1.9221e-09
6.75588e-08
1.90092e-09
6.7565e-08
1.87975e-09
6.75696e-08
1.85869e-09
6.75727e-08
1.83784e-09
6.75745e-08
1.81726e-09
6.75753e-08
1.79698e-09
6.75751e-08
1.77704e-09
6.75742e-08
1.75746e-09
6.75726e-08
1.73824e-09
6.75704e-08
1.7194e-09
6.75677e-08
1.70092e-09
6.75647e-08
1.68282e-09
6.75613e-08
1.66508e-09
6.75577e-08
1.6477e-09
6.75539e-08
1.63067e-09
6.75499e-08
1.61399e-09
6.75458e-08
1.59764e-09
6.75416e-08
1.58163e-09
6.75374e-08
1.56593e-09
6.75331e-08
1.55054e-09
6.75289e-08
1.53545e-09
6.75247e-08
1.52065e-09
6.75205e-08
1.50613e-09
6.75164e-08
1.49188e-09
6.75124e-08
1.47789e-09
6.75084e-08
1.46415e-09
6.75046e-08
1.45064e-09
6.75009e-08
1.43736e-09
6.74972e-08
1.4243e-09
6.74937e-08
1.41143e-09
6.74904e-08
1.39875e-09
6.74871e-08
1.38625e-09
6.7484e-08
1.37391e-09
6.7481e-08
1.36171e-09
6.74781e-08
1.34965e-09
6.74754e-08
1.33771e-09
6.74728e-08
1.32587e-09
6.74703e-08
1.31412e-09
6.7468e-08
1.30244e-09
6.74658e-08
1.29082e-09
6.74637e-08
1.27924e-09
6.74618e-08
1.26768e-09
6.74599e-08
1.25612e-09
6.74582e-08
1.24455e-09
6.74566e-08
1.23296e-09
6.7455e-08
1.22131e-09
6.74536e-08
1.2096e-09
6.74523e-08
1.19781e-09
6.7451e-08
1.18592e-09
6.74499e-08
1.17392e-09
6.74487e-08
1.16178e-09
6.74477e-08
1.1495e-09
6.74467e-08
1.13706e-09
6.74457e-08
1.12444e-09
6.74447e-08
1.11164e-09
6.74438e-08
1.09864e-09
6.74428e-08
1.08545e-09
6.74418e-08
1.07204e-09
6.74407e-08
1.05842e-09
6.74396e-08
1.0446e-09
6.74384e-08
1.03057e-09
6.74371e-08
1.01636e-09
6.74357e-08
1.00197e-09
6.74341e-08
9.87431e-10
6.74323e-08
9.72773e-10
6.74303e-08
9.58035e-10
6.74281e-08
9.43266e-10
6.74256e-08
9.28525e-10
6.74227e-08
9.13885e-10
6.74196e-08
8.99427e-10
6.74161e-08
8.85249e-10
6.74121e-08
8.71458e-10
6.74078e-08
8.58178e-10
6.74029e-08
8.4556e-10
6.73974e-08
8.33814e-10
6.73912e-08
8.23292e-10
8.14659e-10
6.91151e-08
1.54959e-09
-6.90764e-08
6.91594e-08
1.62119e-09
6.92086e-08
1.68882e-09
6.92617e-08
1.7516e-09
6.93179e-08
1.80869e-09
6.93761e-08
1.85943e-09
6.9435e-08
1.90339e-09
6.94936e-08
1.94038e-09
6.95511e-08
1.97042e-09
6.96064e-08
1.99371e-09
6.9659e-08
2.01059e-09
6.97083e-08
2.02153e-09
6.97539e-08
2.02708e-09
6.97956e-08
2.02784e-09
6.98332e-08
2.02442e-09
6.98668e-08
2.01744e-09
6.98965e-08
2.00748e-09
6.99225e-08
1.99506e-09
6.99449e-08
1.98067e-09
6.99641e-08
1.96474e-09
6.99803e-08
1.94762e-09
6.99938e-08
1.92964e-09
7.00049e-08
1.91103e-09
7.00138e-08
1.89201e-09
7.00208e-08
1.87275e-09
7.00261e-08
1.85338e-09
7.00299e-08
1.834e-09
7.00325e-08
1.8147e-09
7.00339e-08
1.79554e-09
7.00344e-08
1.77657e-09
7.0034e-08
1.75781e-09
7.0033e-08
1.7393e-09
7.00313e-08
1.72106e-09
7.00291e-08
1.70309e-09
7.00266e-08
1.68541e-09
7.00236e-08
1.66802e-09
7.00204e-08
1.65093e-09
7.00169e-08
1.63413e-09
7.00133e-08
1.61763e-09
7.00095e-08
1.60142e-09
7.00057e-08
1.5855e-09
7.00017e-08
1.56986e-09
6.99978e-08
1.55451e-09
6.99938e-08
1.53943e-09
6.99898e-08
1.52461e-09
6.99859e-08
1.51006e-09
6.9982e-08
1.49576e-09
6.99782e-08
1.4817e-09
6.99745e-08
1.46788e-09
6.99708e-08
1.45429e-09
6.99673e-08
1.44091e-09
6.99638e-08
1.42774e-09
6.99605e-08
1.41476e-09
6.99573e-08
1.40197e-09
6.99542e-08
1.38935e-09
6.99512e-08
1.37688e-09
6.99484e-08
1.36456e-09
6.99456e-08
1.35238e-09
6.9943e-08
1.34031e-09
6.99406e-08
1.32834e-09
6.99382e-08
1.31647e-09
6.9936e-08
1.30466e-09
6.99339e-08
1.29292e-09
6.99319e-08
1.28121e-09
6.99301e-08
1.26954e-09
6.99283e-08
1.25787e-09
6.99267e-08
1.24619e-09
6.99252e-08
1.23449e-09
6.99237e-08
1.22274e-09
6.99224e-08
1.21094e-09
6.99211e-08
1.19907e-09
6.992e-08
1.1871e-09
6.99189e-08
1.17502e-09
6.99178e-08
1.16283e-09
6.99168e-08
1.15049e-09
6.99159e-08
1.13801e-09
6.9915e-08
1.12536e-09
6.99141e-08
1.11254e-09
6.99132e-08
1.09954e-09
6.99123e-08
1.08635e-09
6.99113e-08
1.07297e-09
6.99104e-08
1.0594e-09
6.99093e-08
1.04564e-09
6.99082e-08
1.0317e-09
6.99069e-08
1.01759e-09
6.99056e-08
1.00333e-09
6.99041e-08
9.88948e-10
6.99024e-08
9.74469e-10
6.99005e-08
9.59938e-10
6.98983e-08
9.45404e-10
6.98959e-08
9.30927e-10
6.98932e-08
9.1658e-10
6.98902e-08
9.02446e-10
6.98868e-08
8.88622e-10
6.98831e-08
8.75219e-10
6.98789e-08
8.62367e-10
6.98742e-08
8.50227e-10
6.9869e-08
8.3902e-10
6.98632e-08
8.29074e-10
8.20915e-10
9.83352e-08
1.50159e-09
-9.82873e-08
9.83896e-08
1.56684e-09
9.84496e-08
1.62882e-09
9.85143e-08
1.68689e-09
9.85827e-08
1.74035e-09
9.86534e-08
1.78866e-09
9.87254e-08
1.83142e-09
9.87974e-08
1.86841e-09
9.88682e-08
1.89957e-09
9.8937e-08
1.92496e-09
9.90028e-08
1.94481e-09
9.90649e-08
1.95939e-09
9.91229e-08
1.9691e-09
9.91763e-08
1.97437e-09
9.92251e-08
1.97567e-09
9.92691e-08
1.97346e-09
9.93083e-08
1.96821e-09
9.9343e-08
1.96036e-09
9.93734e-08
1.95033e-09
9.93996e-08
1.93849e-09
9.94221e-08
1.92516e-09
9.94411e-08
1.91065e-09
9.94569e-08
1.89521e-09
9.94699e-08
1.87904e-09
9.94803e-08
1.86232e-09
9.94884e-08
1.84522e-09
9.94946e-08
1.82784e-09
9.9499e-08
1.8103e-09
9.95019e-08
1.79268e-09
9.95034e-08
1.77504e-09
9.95038e-08
1.75745e-09
9.95031e-08
1.73993e-09
9.95016e-08
1.72254e-09
9.94994e-08
1.7053e-09
9.94966e-08
1.68823e-09
9.94933e-08
1.67135e-09
9.94895e-08
1.65468e-09
9.94854e-08
1.63822e-09
9.94811e-08
1.62199e-09
9.94765e-08
1.60599e-09
9.94718e-08
1.59023e-09
9.94669e-08
1.5747e-09
9.9462e-08
1.55941e-09
9.94571e-08
1.54436e-09
9.94522e-08
1.52955e-09
9.94473e-08
1.51497e-09
9.94424e-08
1.50061e-09
9.94376e-08
1.48648e-09
9.94329e-08
1.47257e-09
9.94283e-08
1.45887e-09
9.94239e-08
1.44538e-09
9.94195e-08
1.43208e-09
9.94153e-08
1.41896e-09
9.94113e-08
1.40602e-09
9.94074e-08
1.39325e-09
9.94037e-08
1.38063e-09
9.94001e-08
1.36815e-09
9.93966e-08
1.3558e-09
9.93934e-08
1.34357e-09
9.93903e-08
1.33144e-09
9.93874e-08
1.3194e-09
9.93846e-08
1.30744e-09
9.9382e-08
1.29554e-09
9.93795e-08
1.28368e-09
9.93772e-08
1.27185e-09
9.9375e-08
1.26003e-09
9.9373e-08
1.24821e-09
9.93711e-08
1.23638e-09
9.93693e-08
1.22451e-09
9.93677e-08
1.21259e-09
9.93662e-08
1.2006e-09
9.93647e-08
1.18853e-09
9.93634e-08
1.17636e-09
9.93621e-08
1.16409e-09
9.93609e-08
1.15169e-09
9.93598e-08
1.13915e-09
9.93587e-08
1.12647e-09
9.93576e-08
1.11363e-09
9.93565e-08
1.10062e-09
9.93554e-08
1.08745e-09
9.93543e-08
1.07411e-09
9.93531e-08
1.0606e-09
9.93518e-08
1.04693e-09
9.93504e-08
1.0331e-09
9.93488e-08
1.01913e-09
9.93471e-08
1.00504e-09
9.93452e-08
9.9086e-10
9.93431e-08
9.76617e-10
9.93407e-08
9.62357e-10
9.93379e-08
9.48129e-10
9.93349e-08
9.33997e-10
9.93314e-08
9.20031e-10
9.93275e-08
9.06316e-10
9.93232e-08
8.92951e-10
9.93184e-08
8.80047e-10
9.9313e-08
8.6774e-10
9.9307e-08
8.56192e-10
9.93005e-08
8.45615e-10
9.92932e-08
8.36287e-10
8.28636e-10
1.10419e-07
1.45623e-09
-1.10374e-07
1.1047e-07
1.51593e-09
1.10526e-07
1.57295e-09
1.10586e-07
1.62679e-09
1.10649e-07
1.67692e-09
1.10715e-07
1.72287e-09
1.10782e-07
1.7643e-09
1.1085e-07
1.80097e-09
1.10916e-07
1.83278e-09
1.10982e-07
1.85972e-09
1.11045e-07
1.88189e-09
1.11105e-07
1.89945e-09
1.11161e-07
1.91266e-09
1.11214e-07
1.92181e-09
1.11262e-07
1.92723e-09
1.11306e-07
1.92928e-09
1.11346e-07
1.92831e-09
1.11382e-07
1.92469e-09
1.11413e-07
1.91874e-09
1.11441e-07
1.91078e-09
1.11465e-07
1.90112e-09
1.11486e-07
1.89001e-09
1.11503e-07
1.8777e-09
1.11518e-07
1.86439e-09
1.1153e-07
1.85027e-09
1.1154e-07
1.83549e-09
1.11547e-07
1.8202e-09
1.11553e-07
1.80451e-09
1.11557e-07
1.78851e-09
1.1156e-07
1.77231e-09
1.11562e-07
1.75596e-09
1.11562e-07
1.73954e-09
1.11561e-07
1.72308e-09
1.1156e-07
1.70664e-09
1.11558e-07
1.69026e-09
1.11555e-07
1.67396e-09
1.11552e-07
1.65777e-09
1.11549e-07
1.64171e-09
1.11545e-07
1.6258e-09
1.11541e-07
1.61006e-09
1.11537e-07
1.59449e-09
1.11532e-07
1.57911e-09
1.11528e-07
1.56393e-09
1.11523e-07
1.54894e-09
1.11519e-07
1.53415e-09
1.11514e-07
1.51956e-09
1.11509e-07
1.50518e-09
1.11505e-07
1.491e-09
1.115e-07
1.47701e-09
1.11496e-07
1.46322e-09
1.11492e-07
1.44962e-09
1.11488e-07
1.4362e-09
1.11484e-07
1.42296e-09
1.1148e-07
1.40988e-09
1.11476e-07
1.39697e-09
1.11473e-07
1.3842e-09
1.11469e-07
1.37157e-09
1.11466e-07
1.35907e-09
1.11463e-07
1.34668e-09
1.1146e-07
1.33439e-09
1.11457e-07
1.3222e-09
1.11454e-07
1.31008e-09
1.11452e-07
1.29802e-09
1.1145e-07
1.28601e-09
1.11447e-07
1.27404e-09
1.11445e-07
1.26208e-09
1.11443e-07
1.25013e-09
1.11442e-07
1.23816e-09
1.1144e-07
1.22616e-09
1.11438e-07
1.21413e-09
1.11437e-07
1.20203e-09
1.11436e-07
1.18986e-09
1.11434e-07
1.17761e-09
1.11433e-07
1.16526e-09
1.11432e-07
1.1528e-09
1.11431e-07
1.14021e-09
1.1143e-07
1.1275e-09
1.11429e-07
1.11464e-09
1.11428e-07
1.10164e-09
1.11427e-07
1.08849e-09
1.11426e-07
1.07519e-09
1.11425e-07
1.06175e-09
1.11424e-07
1.04816e-09
1.11422e-07
1.03445e-09
1.11421e-07
1.02063e-09
1.11419e-07
1.00671e-09
1.11417e-07
9.92734e-10
1.11415e-07
9.7873e-10
1.11413e-07
9.64742e-10
1.1141e-07
9.50823e-10
1.11407e-07
9.37035e-10
1.11403e-07
9.2345e-10
1.114e-07
9.10153e-10
1.11395e-07
8.97241e-10
1.11391e-07
8.84828e-10
1.11385e-07
8.73044e-10
1.11379e-07
8.62048e-10
1.11373e-07
8.52027e-10
1.11366e-07
8.43209e-10
8.35919e-10
1.23974e-07
1.41461e-09
-1.23933e-07
1.2402e-07
1.4696e-09
1.24071e-07
1.52238e-09
1.24125e-07
1.57256e-09
1.24182e-07
1.61973e-09
1.24242e-07
1.66349e-09
1.24303e-07
1.70356e-09
1.24364e-07
1.7397e-09
1.24425e-07
1.7718e-09
1.24485e-07
1.79979e-09
1.24543e-07
1.82368e-09
1.24599e-07
1.84357e-09
1.24652e-07
1.85959e-09
1.24702e-07
1.87193e-09
1.24748e-07
1.88083e-09
1.24791e-07
1.88652e-09
1.2483e-07
1.88929e-09
1.24865e-07
1.88939e-09
1.24897e-07
1.88711e-09
1.24925e-07
1.88271e-09
1.2495e-07
1.87643e-09
1.24971e-07
1.86852e-09
1.2499e-07
1.85918e-09
1.25005e-07
1.84862e-09
1.25019e-07
1.83701e-09
1.2503e-07
1.82453e-09
1.25039e-07
1.8113e-09
1.25046e-07
1.79746e-09
1.25051e-07
1.78312e-09
1.25055e-07
1.76838e-09
1.25058e-07
1.75332e-09
1.25059e-07
1.73803e-09
1.2506e-07
1.72256e-09
1.25059e-07
1.70697e-09
1.25058e-07
1.69132e-09
1.25057e-07
1.67564e-09
1.25054e-07
1.65998e-09
1.25052e-07
1.64436e-09
1.25049e-07
1.62881e-09
1.25045e-07
1.61336e-09
1.25042e-07
1.59803e-09
1.25038e-07
1.58283e-09
1.25034e-07
1.56777e-09
1.2503e-07
1.55287e-09
1.25026e-07
1.53814e-09
1.25022e-07
1.52358e-09
1.25018e-07
1.50918e-09
1.25014e-07
1.49497e-09
1.2501e-07
1.48093e-09
1.25007e-07
1.46707e-09
1.25003e-07
1.45339e-09
1.24999e-07
1.43987e-09
1.24996e-07
1.42651e-09
1.24992e-07
1.41332e-09
1.24989e-07
1.40027e-09
1.24986e-07
1.38737e-09
1.24983e-07
1.37461e-09
1.2498e-07
1.36196e-09
1.24977e-07
1.34943e-09
1.24974e-07
1.337e-09
1.24972e-07
1.32466e-09
1.2497e-07
1.3124e-09
1.24967e-07
1.3002e-09
1.24965e-07
1.28805e-09
1.24964e-07
1.27594e-09
1.24962e-07
1.26385e-09
1.2496e-07
1.25177e-09
1.24959e-07
1.23968e-09
1.24957e-07
1.22757e-09
1.24956e-07
1.21543e-09
1.24955e-07
1.20323e-09
1.24954e-07
1.19098e-09
1.24953e-07
1.17865e-09
1.24952e-07
1.16623e-09
1.24951e-07
1.15371e-09
1.2495e-07
1.14108e-09
1.24949e-07
1.12834e-09
1.24948e-07
1.11547e-09
1.24947e-07
1.10248e-09
1.24946e-07
1.08936e-09
1.24945e-07
1.07611e-09
1.24944e-07
1.06273e-09
1.24943e-07
1.04924e-09
1.24942e-07
1.03565e-09
1.24941e-07
1.02197e-09
1.24939e-07
1.00823e-09
1.24938e-07
9.94453e-10
1.24936e-07
9.80685e-10
1.24933e-07
9.66965e-10
1.24931e-07
9.53348e-10
1.24928e-07
9.39895e-10
1.24925e-07
9.26679e-10
1.24921e-07
9.13785e-10
1.24917e-07
9.01307e-10
1.24913e-07
8.89357e-10
1.24908e-07
8.7806e-10
1.24902e-07
8.6756e-10
1.24896e-07
8.58023e-10
1.2489e-07
8.49631e-10
8.4266e-10
1.39176e-07
1.37803e-09
-1.3914e-07
1.39217e-07
1.42918e-09
1.3926e-07
1.47846e-09
1.39307e-07
1.5256e-09
1.39357e-07
1.57025e-09
1.39408e-07
1.61209e-09
1.39461e-07
1.65087e-09
1.39514e-07
1.68639e-09
1.39568e-07
1.71851e-09
1.3962e-07
1.74713e-09
1.39672e-07
1.77223e-09
1.39721e-07
1.79383e-09
1.39769e-07
1.812e-09
1.39814e-07
1.82685e-09
1.39856e-07
1.83852e-09
1.39896e-07
1.84719e-09
1.39932e-07
1.85304e-09
1.39965e-07
1.85628e-09
1.39995e-07
1.85713e-09
1.40022e-07
1.85579e-09
1.40046e-07
1.85247e-09
1.40067e-07
1.84738e-09
1.40086e-07
1.84071e-09
1.40102e-07
1.83264e-09
1.40115e-07
1.82334e-09
1.40127e-07
1.81297e-09
1.40136e-07
1.80168e-09
1.40144e-07
1.78958e-09
1.40151e-07
1.77682e-09
1.40156e-07
1.76348e-09
1.40159e-07
1.74967e-09
1.40162e-07
1.73548e-09
1.40163e-07
1.72097e-09
1.40164e-07
1.70623e-09
1.40164e-07
1.69131e-09
1.40163e-07
1.67626e-09
1.40162e-07
1.66113e-09
1.40161e-07
1.64596e-09
1.40159e-07
1.6308e-09
1.40156e-07
1.61566e-09
1.40154e-07
1.60058e-09
1.40151e-07
1.58558e-09
1.40148e-07
1.57068e-09
1.40145e-07
1.55589e-09
1.40142e-07
1.54123e-09
1.40139e-07
1.52671e-09
1.40136e-07
1.51233e-09
1.40133e-07
1.49811e-09
1.4013e-07
1.48404e-09
1.40127e-07
1.47013e-09
1.40124e-07
1.45638e-09
1.40121e-07
1.44279e-09
1.40118e-07
1.42934e-09
1.40115e-07
1.41605e-09
1.40112e-07
1.4029e-09
1.4011e-07
1.38989e-09
1.40107e-07
1.377e-09
1.40105e-07
1.36424e-09
1.40103e-07
1.35159e-09
1.40101e-07
1.33903e-09
1.40099e-07
1.32657e-09
1.40097e-07
1.31418e-09
1.40096e-07
1.30186e-09
1.40094e-07
1.28959e-09
1.40093e-07
1.27736e-09
1.40091e-07
1.26515e-09
1.4009e-07
1.25296e-09
1.40089e-07
1.24077e-09
1.40088e-07
1.22856e-09
1.40087e-07
1.21633e-09
1.40086e-07
1.20405e-09
1.40086e-07
1.19172e-09
1.40085e-07
1.17932e-09
1.40084e-07
1.16685e-09
1.40084e-07
1.15428e-09
1.40083e-07
1.14163e-09
1.40083e-07
1.12887e-09
1.40082e-07
1.116e-09
1.40082e-07
1.10302e-09
1.40081e-07
1.08993e-09
1.40081e-07
1.07673e-09
1.4008e-07
1.06342e-09
1.40079e-07
1.05002e-09
1.40078e-07
1.03655e-09
1.40077e-07
1.02301e-09
1.40076e-07
1.00943e-09
1.40074e-07
9.95856e-10
1.40073e-07
9.82311e-10
1.40071e-07
9.68844e-10
1.40069e-07
9.5551e-10
1.40066e-07
9.4237e-10
1.40064e-07
9.29498e-10
1.4006e-07
9.16974e-10
1.40057e-07
9.04894e-10
1.40053e-07
8.93362e-10
1.40048e-07
8.82496e-10
1.40043e-07
8.72426e-10
1.40038e-07
8.63292e-10
1.40033e-07
8.5524e-10
8.48481e-10
1.56222e-07
1.34825e-09
-1.56193e-07
1.56255e-07
1.39644e-09
1.56291e-07
1.44303e-09
1.56328e-07
1.48779e-09
1.56368e-07
1.53043e-09
1.5641e-07
1.5707e-09
1.56452e-07
1.60838e-09
1.56495e-07
1.64327e-09
1.56538e-07
1.67523e-09
1.56581e-07
1.70417e-09
1.56624e-07
1.73003e-09
1.56665e-07
1.75279e-09
1.56704e-07
1.77246e-09
1.56742e-07
1.78911e-09
1.56778e-07
1.80282e-09
1.56811e-07
1.81371e-09
1.56842e-07
1.82191e-09
1.56871e-07
1.82758e-09
1.56897e-07
1.83086e-09
1.56921e-07
1.83195e-09
1.56942e-07
1.831e-09
1.56962e-07
1.8282e-09
1.56979e-07
1.82371e-09
1.56994e-07
1.81771e-09
1.57007e-07
1.81034e-09
1.57018e-07
1.80175e-09
1.57027e-07
1.7921e-09
1.57035e-07
1.78151e-09
1.57042e-07
1.77011e-09
1.57048e-07
1.758e-09
1.57052e-07
1.74529e-09
1.57055e-07
1.73207e-09
1.57058e-07
1.71844e-09
1.5706e-07
1.70445e-09
1.57061e-07
1.69019e-09
1.57061e-07
1.67572e-09
1.57061e-07
1.66109e-09
1.57061e-07
1.64635e-09
1.5706e-07
1.63154e-09
1.57059e-07
1.6167e-09
1.57058e-07
1.60187e-09
1.57056e-07
1.58707e-09
1.57055e-07
1.57232e-09
1.57053e-07
1.55765e-09
1.57051e-07
1.54308e-09
1.57049e-07
1.52862e-09
1.57047e-07
1.51428e-09
1.57045e-07
1.50007e-09
1.57043e-07
1.486e-09
1.57042e-07
1.47206e-09
1.5704e-07
1.45827e-09
1.57038e-07
1.44463e-09
1.57036e-07
1.43112e-09
1.57034e-07
1.41776e-09
1.57033e-07
1.40453e-09
1.57031e-07
1.39144e-09
1.5703e-07
1.37846e-09
1.57028e-07
1.36561e-09
1.57027e-07
1.35286e-09
1.57026e-07
1.34021e-09
1.57025e-07
1.32765e-09
1.57024e-07
1.31517e-09
1.57023e-07
1.30275e-09
1.57022e-07
1.29038e-09
1.57021e-07
1.27806e-09
1.57021e-07
1.26577e-09
1.5702e-07
1.25349e-09
1.5702e-07
1.24122e-09
1.57019e-07
1.22893e-09
1.57019e-07
1.21663e-09
1.57019e-07
1.20429e-09
1.57019e-07
1.1919e-09
1.57019e-07
1.17945e-09
1.57018e-07
1.16694e-09
1.57018e-07
1.15435e-09
1.57018e-07
1.14168e-09
1.57018e-07
1.12891e-09
1.57018e-07
1.11605e-09
1.57018e-07
1.10309e-09
1.57018e-07
1.09003e-09
1.57018e-07
1.07688e-09
1.57018e-07
1.06365e-09
1.57017e-07
1.05034e-09
1.57017e-07
1.03697e-09
1.57016e-07
1.02356e-09
1.57016e-07
1.01013e-09
1.57015e-07
9.9673e-10
1.57014e-07
9.83383e-10
1.57012e-07
9.70139e-10
1.57011e-07
9.57052e-10
1.57009e-07
9.44185e-10
1.57007e-07
9.31608e-10
1.57005e-07
9.19403e-10
1.57002e-07
9.07661e-10
1.56999e-07
8.96481e-10
1.56995e-07
8.85973e-10
1.56991e-07
8.76255e-10
1.56987e-07
8.6745e-10
1.56983e-07
8.59681e-10
8.53147e-10
1.75334e-07
1.32767e-09
-1.75314e-07
1.75357e-07
1.3739e-09
1.75381e-07
1.41867e-09
1.75407e-07
1.46181e-09
1.75435e-07
1.50307e-09
1.75463e-07
1.54222e-09
1.75493e-07
1.57905e-09
1.75522e-07
1.61341e-09
1.75552e-07
1.64515e-09
1.75582e-07
1.67416e-09
1.75612e-07
1.70038e-09
1.75641e-07
1.72376e-09
1.75669e-07
1.7443e-09
1.75696e-07
1.76202e-09
1.75722e-07
1.77698e-09
1.75747e-07
1.78925e-09
1.7577e-07
1.79893e-09
1.75791e-07
1.80615e-09
1.75811e-07
1.81103e-09
1.75829e-07
1.81371e-09
1.75846e-07
1.81434e-09
1.75861e-07
1.81308e-09
1.75875e-07
1.81007e-09
1.75887e-07
1.80548e-09
1.75898e-07
1.79945e-09
1.75907e-07
1.79212e-09
1.75916e-07
1.78363e-09
1.75923e-07
1.77411e-09
1.7593e-07
1.76368e-09
1.75935e-07
1.75246e-09
1.7594e-07
1.74055e-09
1.75944e-07
1.72806e-09
1.75947e-07
1.71506e-09
1.7595e-07
1.70165e-09
1.75952e-07
1.68789e-09
1.75954e-07
1.67386e-09
1.75956e-07
1.65961e-09
1.75957e-07
1.6452e-09
1.75958e-07
1.63068e-09
1.75958e-07
1.61608e-09
1.75959e-07
1.60145e-09
1.75959e-07
1.58682e-09
1.75959e-07
1.57222e-09
1.75959e-07
1.55766e-09
1.75959e-07
1.54318e-09
1.75959e-07
1.52878e-09
1.75959e-07
1.51449e-09
1.75958e-07
1.50031e-09
1.75958e-07
1.48625e-09
1.75958e-07
1.47232e-09
1.75958e-07
1.45852e-09
1.75957e-07
1.44485e-09
1.75957e-07
1.43132e-09
1.75957e-07
1.41793e-09
1.75957e-07
1.40466e-09
1.75957e-07
1.39152e-09
1.75957e-07
1.3785e-09
1.75957e-07
1.36559e-09
1.75957e-07
1.35279e-09
1.75957e-07
1.34009e-09
1.75957e-07
1.32747e-09
1.75957e-07
1.31493e-09
1.75958e-07
1.30245e-09
1.75958e-07
1.29003e-09
1.75959e-07
1.27766e-09
1.75959e-07
1.26531e-09
1.75959e-07
1.25299e-09
1.7596e-07
1.24067e-09
1.75961e-07
1.22834e-09
1.75961e-07
1.21599e-09
1.75962e-07
1.20362e-09
1.75963e-07
1.1912e-09
1.75963e-07
1.17873e-09
1.75964e-07
1.1662e-09
1.75965e-07
1.1536e-09
1.75966e-07
1.14093e-09
1.75966e-07
1.12817e-09
1.75967e-07
1.11532e-09
1.75968e-07
1.10239e-09
1.75968e-07
1.08937e-09
1.75969e-07
1.07626e-09
1.7597e-07
1.06309e-09
1.7597e-07
1.04985e-09
1.7597e-07
1.03657e-09
1.75971e-07
1.02327e-09
1.75971e-07
1.00996e-09
1.75971e-07
9.96695e-10
1.75971e-07
9.83501e-10
1.75971e-07
9.70428e-10
1.7597e-07
9.5753e-10
1.75969e-07
9.44868e-10
1.75969e-07
9.32513e-10
1.75967e-07
9.20546e-10
1.75966e-07
9.09053e-10
1.75964e-07
8.98132e-10
1.75962e-07
8.87885e-10
1.7596e-07
8.78423e-10
1.75958e-07
8.69853e-10
1.75955e-07
8.62278e-10
8.55851e-10
1.96764e-07
-1.96755e-07
1.96773e-07
1.96783e-07
1.96793e-07
1.96805e-07
1.96816e-07
1.96829e-07
1.96841e-07
1.96854e-07
1.96868e-07
1.96881e-07
1.96894e-07
1.96907e-07
1.9692e-07
1.96932e-07
1.96944e-07
1.96955e-07
1.96967e-07
1.96977e-07
1.96987e-07
1.96997e-07
1.97006e-07
1.97014e-07
1.97022e-07
1.9703e-07
1.97037e-07
1.97044e-07
1.9705e-07
1.97056e-07
1.97061e-07
1.97066e-07
1.97071e-07
1.97076e-07
1.9708e-07
1.97084e-07
1.97088e-07
1.97092e-07
1.97096e-07
1.97099e-07
1.97103e-07
1.97106e-07
1.97109e-07
1.97112e-07
1.97115e-07
1.97118e-07
1.97121e-07
1.97123e-07
1.97126e-07
1.97129e-07
1.97131e-07
1.97134e-07
1.97137e-07
1.97139e-07
1.97142e-07
1.97144e-07
1.97147e-07
1.97149e-07
1.97152e-07
1.97154e-07
1.97157e-07
1.97159e-07
1.97162e-07
1.97164e-07
1.97167e-07
1.97169e-07
1.97172e-07
1.97174e-07
1.97177e-07
1.97179e-07
1.97182e-07
1.97184e-07
1.97186e-07
1.97189e-07
1.97191e-07
1.97194e-07
1.97196e-07
1.97198e-07
1.97201e-07
1.97203e-07
1.97205e-07
1.97208e-07
1.9721e-07
1.97212e-07
1.97214e-07
1.97216e-07
1.97218e-07
1.9722e-07
1.97221e-07
1.97223e-07
1.97225e-07
1.97226e-07
1.97228e-07
1.97229e-07
1.9723e-07
1.97231e-07
1.97232e-07
1.97232e-07
1.97233e-07
1.97233e-07
3.45735e-08
2.11655e-11
3.45526e-08
4.48209e-11
3.45231e-08
7.08185e-11
3.44851e-08
9.92962e-11
3.44383e-08
1.30586e-10
3.43819e-08
1.65336e-10
3.43146e-08
2.04651e-10
3.42339e-08
2.50333e-10
3.4136e-08
3.05378e-10
3.40146e-08
3.7507e-10
3.38581e-08
4.6961e-10
3.36435e-08
6.1147e-10
3.33159e-08
8.60996e-10
3.26965e-08
1.44833e-09
3.28374e-09
3.58583e-08
3.29161e-11
3.58369e-08
6.61698e-11
3.58066e-08
1.01144e-10
3.57675e-08
1.38387e-10
3.57194e-08
1.78686e-10
3.56616e-08
2.232e-10
3.55925e-08
2.73669e-10
3.55101e-08
3.32771e-10
3.54106e-08
4.0486e-10
3.52882e-08
4.97492e-10
3.51328e-08
6.24962e-10
3.49269e-08
8.17455e-10
3.46407e-08
1.1472e-09
3.42817e-08
1.8073e-09
3.27071e-09
3.71909e-08
4.48115e-11
3.7169e-08
8.80265e-11
3.7138e-08
1.32192e-10
3.7098e-08
1.78401e-10
3.70488e-08
2.27871e-10
3.69897e-08
2.82254e-10
3.69195e-08
3.43877e-10
3.68361e-08
4.16209e-10
3.67362e-08
5.0474e-10
3.6615e-08
6.18735e-10
3.6465e-08
7.74974e-10
3.62763e-08
1.00614e-09
3.60442e-08
1.37922e-09
3.58259e-08
2.02563e-09
3.13884e-09
3.8573e-08
5.68637e-11
3.85507e-08
1.10333e-10
3.8519e-08
1.63885e-10
3.84782e-08
2.19214e-10
3.84281e-08
2.77954e-10
3.83682e-08
3.42211e-10
3.82972e-08
4.14838e-10
3.82134e-08
4.99959e-10
3.81143e-08
6.03904e-10
3.79961e-08
7.36958e-10
3.78544e-08
9.16677e-10
3.76864e-08
1.17408e-09
3.75027e-08
1.56297e-09
3.73663e-08
2.16205e-09
3.02358e-09
4.00065e-08
6.90626e-11
3.99838e-08
1.33028e-10
3.99515e-08
1.96136e-10
3.99101e-08
2.60689e-10
3.98593e-08
3.28728e-10
3.97987e-08
4.02761e-10
3.97275e-08
4.86083e-10
3.96442e-08
5.83304e-10
3.95468e-08
7.01253e-10
3.94333e-08
8.50508e-10
3.9302e-08
1.04791e-09
3.9156e-08
1.3201e-09
3.90132e-08
1.70577e-09
3.89305e-08
2.24479e-09
2.92515e-09
4.14933e-08
8.13902e-11
4.14702e-08
1.56044e-10
4.14375e-08
2.28841e-10
4.13956e-08
3.02672e-10
4.13443e-08
3.79962e-10
4.12835e-08
4.63565e-10
4.12125e-08
5.57115e-10
4.11303e-08
6.65517e-10
4.10358e-08
7.95742e-10
4.09283e-08
9.57999e-10
4.08089e-08
1.16728e-09
4.06845e-08
1.44455e-09
4.05757e-08
1.81449e-09
4.05295e-08
2.291e-09
2.8372e-09
4.30353e-08
9.38217e-11
4.3012e-08
1.79306e-10
4.2979e-08
2.61881e-10
4.29367e-08
3.44985e-10
4.28852e-08
4.314e-10
4.28245e-08
5.24257e-10
4.27542e-08
6.27415e-10
4.26739e-08
7.45879e-10
4.25832e-08
8.86421e-10
4.24829e-08
1.05834e-09
4.23761e-08
1.27407e-09
4.2272e-08
1.54867e-09
4.21911e-08
1.89532e-09
4.21701e-08
2.31199e-09
2.75578e-09
4.46347e-08
1.06325e-10
4.46112e-08
2.02732e-10
4.4578e-08
2.95124e-10
4.45355e-08
3.87434e-10
4.44842e-08
4.82764e-10
4.4424e-08
5.84452e-10
4.43549e-08
6.96459e-10
4.42771e-08
8.237e-10
4.41911e-08
9.72462e-10
4.40987e-08
1.15074e-09
4.40046e-08
1.36813e-09
4.39191e-08
1.63418e-09
4.38609e-08
1.95349e-09
4.38577e-08
2.31525e-09
2.67878e-09
4.62935e-08
1.1886e-10
4.627e-08
2.2623e-10
4.62367e-08
3.2842e-10
4.61943e-08
4.29807e-10
4.61433e-08
5.33761e-10
4.6084e-08
6.43752e-10
4.60168e-08
7.63729e-10
4.59421e-08
8.98349e-10
4.58614e-08
1.05319e-09
4.57774e-08
1.23472e-09
4.56959e-08
1.44969e-09
4.5627e-08
1.70302e-09
4.55872e-08
1.99336e-09
4.55965e-08
2.30586e-09
2.60517e-09
4.8014e-08
1.31381e-10
4.79905e-08
2.49697e-10
4.79574e-08
3.61611e-10
4.79153e-08
4.71876e-10
4.7865e-08
5.84083e-10
4.7807e-08
7.01759e-10
4.7742e-08
8.28732e-10
4.7671e-08
9.69263e-10
4.75962e-08
1.12807e-09
4.75208e-08
1.31004e-09
4.74512e-08
1.5193e-09
4.73971e-08
1.75716e-09
4.7372e-08
2.01849e-09
4.73904e-08
2.28737e-09
2.5345e-09
4.97985e-08
1.43838e-10
4.97752e-08
2.73025e-10
4.97423e-08
3.94525e-10
4.97007e-08
5.13406e-10
4.96514e-08
6.33419e-10
4.95951e-08
7.58081e-10
4.95328e-08
8.91011e-10
4.94661e-08
1.03597e-09
4.93974e-08
1.19674e-09
4.93308e-08
1.37669e-09
4.92723e-08
1.57773e-09
4.9231e-08
1.79849e-09
4.92177e-08
2.0318e-09
4.92427e-08
2.26235e-09
2.46657e-09
5.16494e-08
1.56173e-10
5.16263e-08
2.96099e-10
5.15938e-08
4.26985e-10
5.15531e-08
5.54153e-10
5.1505e-08
6.81459e-10
5.14508e-08
8.12349e-10
5.13916e-08
9.5016e-10
5.13295e-08
1.0981e-09
5.12672e-08
1.25901e-09
5.1209e-08
1.43488e-09
5.11609e-08
1.62584e-09
5.11306e-08
1.82877e-09
5.11268e-08
2.03565e-09
5.11565e-08
2.23268e-09
2.40131e-09
5.3569e-08
1.68325e-10
5.35463e-08
3.18797e-10
5.35145e-08
4.58808e-10
5.34748e-08
5.93873e-10
5.34284e-08
7.27904e-10
5.33765e-08
8.64218e-10
5.33208e-08
1.00583e-09
5.32635e-08
1.15536e-09
5.32078e-08
1.3148e-09
5.31577e-08
1.48493e-09
5.3119e-08
1.6646e-09
5.30981e-08
1.84963e-09
5.31018e-08
2.03199e-09
5.31347e-08
2.19978e-09
2.33868e-09
5.55601e-08
1.80232e-10
5.55379e-08
3.40994e-10
5.55069e-08
4.89809e-10
5.54684e-08
6.32328e-10
5.54239e-08
7.72468e-10
5.53747e-08
9.13384e-10
5.53228e-08
1.05774e-09
5.52706e-08
1.2076e-09
5.52212e-08
1.36416e-09
5.51788e-08
1.5273e-09
5.51485e-08
1.69496e-09
5.51356e-08
1.8625e-09
5.51452e-08
2.0224e-09
5.51802e-08
2.16476e-09
2.2787e-09
5.76252e-08
1.91828e-10
5.76036e-08
3.62565e-10
5.75736e-08
5.19807e-10
5.75367e-08
6.69289e-10
5.74942e-08
8.14891e-10
5.7448e-08
9.59584e-10
5.74001e-08
1.10568e-09
5.7353e-08
1.25472e-09
5.73099e-08
1.40728e-09
5.72746e-08
1.56252e-09
5.72517e-08
1.71787e-09
5.72455e-08
1.86867e-09
5.72597e-08
2.00821e-09
5.7296e-08
2.12848e-09
2.22136e-09
5.97671e-08
2.03048e-10
5.97462e-08
3.83386e-10
5.97174e-08
5.48627e-10
5.96822e-08
7.04541e-10
5.96421e-08
8.54945e-10
5.95991e-08
1.00261e-09
5.95553e-08
1.14951e-09
5.95132e-08
1.29676e-09
5.94761e-08
1.4444e-09
5.94474e-08
1.59117e-09
5.94311e-08
1.73427e-09
5.94304e-08
1.86929e-09
5.94481e-08
1.99051e-09
5.9485e-08
2.0916e-09
2.16669e-09
6.19886e-08
2.1383e-10
6.19686e-08
4.03337e-10
6.19411e-08
5.76104e-10
6.19078e-08
7.37893e-10
6.18703e-08
8.92432e-10
6.18306e-08
1.0423e-09
6.17909e-08
1.18917e-09
6.17539e-08
1.33379e-09
6.17224e-08
1.47587e-09
6.16997e-08
1.61387e-09
6.1689e-08
1.74502e-09
6.16929e-08
1.86537e-09
6.17132e-08
1.97021e-09
6.17501e-08
2.0547e-09
2.1147e-09
6.42926e-08
2.24113e-10
6.42737e-08
4.22306e-10
6.42477e-08
6.02087e-10
6.42164e-08
7.69177e-10
6.41816e-08
9.27201e-10
6.41454e-08
1.07855e-09
6.41099e-08
1.22466e-09
6.40777e-08
1.36601e-09
6.40515e-08
1.50207e-09
6.40341e-08
1.63124e-09
6.40282e-08
1.75095e-09
6.40357e-08
1.85782e-09
6.40578e-08
1.94808e-09
6.40943e-08
2.01821e-09
2.06541e-09
6.66824e-08
2.33845e-10
6.66645e-08
4.40189e-10
6.66401e-08
6.26446e-10
6.66111e-08
7.98256e-10
6.65791e-08
9.59137e-10
6.65463e-08
1.11132e-09
6.65149e-08
1.25606e-09
6.64873e-08
1.39364e-09
6.6466e-08
1.52344e-09
6.64533e-08
1.64393e-09
6.64514e-08
1.75284e-09
6.64618e-08
1.84742e-09
6.64851e-08
1.9248e-09
6.65208e-08
1.98252e-09
2.01886e-09
6.91609e-08
2.42977e-10
6.91442e-08
4.56898e-10
6.91216e-08
6.49071e-10
6.90948e-08
8.25024e-10
6.90658e-08
9.88173e-10
6.90365e-08
1.14062e-09
6.90091e-08
1.28348e-09
6.89857e-08
1.41696e-09
6.89687e-08
1.54043e-09
6.89601e-08
1.65253e-09
6.89616e-08
1.7514e-09
6.89741e-08
1.83487e-09
6.8998e-08
1.90091e-09
6.90326e-08
1.94794e-09
1.97507e-09
9.83577e-08
2.54343e-10
9.8337e-08
4.7762e-10
9.83092e-08
6.76901e-10
9.82766e-08
8.57567e-10
9.82419e-08
1.02292e-09
9.82076e-08
1.17492e-09
9.81765e-08
1.31461e-09
9.81512e-08
1.44218e-09
9.81345e-08
1.55715e-09
9.81285e-08
1.65852e-09
9.81349e-08
1.745e-09
9.81545e-08
1.81526e-09
9.81873e-08
1.86816e-09
9.82321e-08
1.90309e-09
1.91996e-09
1.10405e-07
2.65014e-10
1.10386e-07
4.96983e-10
1.1036e-07
7.02678e-10
1.1033e-07
8.87308e-10
1.10299e-07
1.05407e-09
1.10269e-07
1.20489e-09
1.10243e-07
1.34077e-09
1.10223e-07
1.46205e-09
1.10212e-07
1.5685e-09
1.1021e-07
1.65958e-09
1.10221e-07
1.73461e-09
1.10243e-07
1.79299e-09
1.10277e-07
1.83442e-09
1.10321e-07
1.85899e-09
1.86722e-09
1.23928e-07
2.74634e-10
1.2391e-07
5.14351e-10
1.23887e-07
7.25576e-10
1.23861e-07
9.13338e-10
1.23835e-07
1.08077e-09
1.2381e-07
1.2298e-09
1.23789e-07
1.36153e-09
1.23775e-07
1.47649e-09
1.23768e-07
1.57482e-09
1.23771e-07
1.65644e-09
1.23785e-07
1.72128e-09
1.23808e-07
1.76939e-09
1.23842e-07
1.8011e-09
1.23884e-07
1.81708e-09
1.81825e-09
1.39107e-07
2.82844e-10
1.39092e-07
5.29093e-10
1.39073e-07
7.44813e-10
1.39051e-07
9.34868e-10
1.3903e-07
1.10236e-09
1.3901e-07
1.24927e-09
1.38995e-07
1.37687e-09
1.38985e-07
1.48593e-09
1.38983e-07
1.57696e-09
1.38989e-07
1.65036e-09
1.39004e-07
1.70658e-09
1.39027e-07
1.7462e-09
1.39058e-07
1.77005e-09
1.39096e-07
1.77918e-09
1.7748e-09
1.56145e-07
2.89284e-10
1.56133e-07
5.40592e-10
1.56118e-07
7.59668e-10
1.56102e-07
9.51237e-10
1.56086e-07
1.1184e-09
1.56072e-07
1.26323e-09
1.56062e-07
1.38715e-09
1.56056e-07
1.49122e-09
1.56057e-07
1.57628e-09
1.56064e-07
1.64312e-09
1.56078e-07
1.69259e-09
1.56099e-07
1.72569e-09
1.56125e-07
1.74359e-09
1.56157e-07
1.74761e-09
1.73914e-09
1.75269e-07
2.93576e-10
1.75262e-07
5.48201e-10
1.75252e-07
7.6941e-10
1.75242e-07
9.61827e-10
1.75231e-07
1.12856e-09
1.75223e-07
1.27178e-09
1.75217e-07
1.39304e-09
1.75215e-07
1.4936e-09
1.75216e-07
1.57454e-09
1.75223e-07
1.63693e-09
1.75233e-07
1.68191e-09
1.75248e-07
1.71073e-09
1.75267e-07
1.72475e-09
1.75289e-07
1.72548e-09
1.71438e-09
1.96737e-07
1.96734e-07
1.9673e-07
1.96726e-07
1.96722e-07
1.96719e-07
1.96716e-07
1.96716e-07
1.96716e-07
1.96719e-07
1.96723e-07
1.96729e-07
1.96736e-07
1.96745e-07
)
;

boundaryField
{
    top
    {
        type            calculated;
        value           nonuniform List<scalar> 
115
(
1.3194e-09
1.36477e-09
1.40875e-09
1.45115e-09
1.49176e-09
1.53033e-09
1.5667e-09
1.60069e-09
1.63217e-09
1.66104e-09
1.68722e-09
1.71066e-09
1.73136e-09
1.74933e-09
1.7646e-09
1.77725e-09
1.78737e-09
1.79506e-09
1.80043e-09
1.80363e-09
1.80478e-09
1.80404e-09
1.80156e-09
1.79746e-09
1.79191e-09
1.78504e-09
1.77698e-09
1.76786e-09
1.75781e-09
1.74694e-09
1.73536e-09
1.72316e-09
1.71044e-09
1.69727e-09
1.68374e-09
1.66991e-09
1.65584e-09
1.64159e-09
1.62721e-09
1.61275e-09
1.59823e-09
1.5837e-09
1.56919e-09
1.55471e-09
1.5403e-09
1.52597e-09
1.51173e-09
1.49759e-09
1.48357e-09
1.46968e-09
1.45591e-09
1.44227e-09
1.42876e-09
1.41538e-09
1.40213e-09
1.389e-09
1.37599e-09
1.36309e-09
1.3503e-09
1.3376e-09
1.32498e-09
1.31244e-09
1.29997e-09
1.28756e-09
1.27518e-09
1.26284e-09
1.25051e-09
1.2382e-09
1.22588e-09
1.21354e-09
1.20117e-09
1.18876e-09
1.1763e-09
1.16379e-09
1.1512e-09
1.13854e-09
1.12581e-09
1.11299e-09
1.10008e-09
1.0871e-09
1.07404e-09
1.06091e-09
1.04772e-09
1.0345e-09
1.02126e-09
1.00803e-09
9.94836e-10
9.81728e-10
9.68749e-10
9.55951e-10
9.43399e-10
9.31161e-10
9.19317e-10
9.07954e-10
8.97167e-10
8.8706e-10
8.77743e-10
8.69331e-10
8.61953e-10
8.55838e-10
2.95217e-10
5.51098e-10
7.73127e-10
9.65876e-10
1.13246e-09
1.27505e-09
1.39528e-09
1.49447e-09
1.57382e-09
1.63447e-09
1.67768e-09
1.70479e-09
1.71725e-09
1.71663e-09
1.70443e-09
)
;
    }
    inlet
    {
        type            calculated;
        value           nonuniform List<scalar> 
27
(
-9.83691e-08
-1.10416e-07
-1.23937e-07
-1.39115e-07
-1.56151e-07
-1.75274e-07
-1.96738e-07
-3.4585e-08
-3.587e-08
-3.72028e-08
-3.85851e-08
-4.00187e-08
-4.15056e-08
-4.30477e-08
-4.46472e-08
-4.6306e-08
-4.80265e-08
-4.9811e-08
-5.16617e-08
-5.35812e-08
-5.5572e-08
-5.76368e-08
-5.97783e-08
-6.19993e-08
-6.43029e-08
-6.66921e-08
-6.91701e-08
)
;
    }
    outlet
    {
        type            calculated;
        value           nonuniform List<scalar> 
27
(
9.92855e-08
1.11359e-07
1.24883e-07
1.40027e-07
1.56978e-07
1.75953e-07
1.97233e-07
2.11031e-09
6.71112e-09
1.17383e-08
1.70678e-08
2.2538e-08
2.79513e-08
3.30987e-08
3.78035e-08
4.19597e-08
4.555e-08
4.86348e-08
5.13239e-08
5.37439e-08
5.60114e-08
5.82182e-08
6.04275e-08
6.26787e-08
6.49937e-08
6.73844e-08
6.9857e-08
)
;
    }
    plate
    {
        type            calculated;
        value           uniform 0;
    }
    symmBound
    {
        type            calculated;
        value           nonuniform List<scalar> 
15
(
-9.63291e-12
-2.39541e-11
-4.13096e-11
-6.12888e-11
-8.37873e-11
-1.08965e-10
-1.37286e-10
-1.69627e-10
-2.07519e-10
-2.53658e-10
-3.13145e-10
-3.96881e-10
-5.33365e-10
-8.28903e-10
-1.71837e-09
)
;
    }
    frontAndBack
    {
        type            empty;
        value           nonuniform 0();
    }
}


// ************************************************************************* //
