/*--------------------------------*- C++ -*----------------------------------*\
| =========                 |                                                 |
| \\      /  F ield         | OpenFOAM: The Open Source CFD Toolbox           |
|  \\    /   O peration     | Version:  2.3.0                                 |
|   \\  /    A nd           | Web:      www.OpenFOAM.org                      |
|    \\/     M anipulation  |                                                 |
\*---------------------------------------------------------------------------*/
FoamFile
{
    version     2.0;
    format      ascii;
    class       surfaceScalarField;
    location    "0.2";
    object      phi;
}
// * * * * * * * * * * * * * * * * * * * * * * * * * * * * * * * * * * * * * //

dimensions      [0 3 -1 0 0 0 0];

internalField   nonuniform List<scalar> 
5644
(
2.94478e-08
2.70965e-09
-3.21575e-08
2.60338e-08
3.41404e-09
2.26203e-08
3.41346e-09
1.94535e-08
3.16684e-09
1.65654e-08
2.88811e-09
1.40216e-08
2.54381e-09
1.19093e-08
2.11225e-09
1.02516e-08
1.6577e-09
9.02146e-09
1.23018e-09
8.14382e-09
8.77647e-10
7.52654e-09
6.17272e-10
7.08689e-09
4.39657e-10
6.76144e-09
3.25443e-10
6.50619e-09
2.5525e-10
6.29175e-09
2.1444e-10
6.10036e-09
1.91397e-10
5.92271e-09
1.77643e-10
5.75485e-09
1.67862e-10
5.59569e-09
1.5916e-10
5.44548e-09
1.50215e-10
5.30467e-09
1.40806e-10
5.17332e-09
1.31351e-10
5.05099e-09
1.22333e-10
4.93704e-09
1.13948e-10
4.83095e-09
1.0609e-10
4.73234e-09
9.86062e-11
4.64077e-09
9.15666e-11
4.55557e-09
8.52081e-11
4.47596e-09
7.96056e-11
4.40144e-09
7.45168e-11
4.33187e-09
6.95778e-11
4.26722e-09
6.46431e-11
4.20731e-09
5.99173e-11
4.15161e-09
5.5691e-11
4.09964e-09
5.1976e-11
4.05113e-09
4.85047e-11
4.00611e-09
4.502e-11
3.9647e-09
4.1419e-11
3.92698e-09
3.77181e-11
3.89294e-09
3.40394e-11
3.8624e-09
3.05398e-11
3.83515e-09
2.72469e-11
3.81111e-09
2.40422e-11
3.79026e-09
2.08447e-11
3.77258e-09
1.76834e-11
3.75801e-09
1.4572e-11
3.74655e-09
1.14577e-11
3.73824e-09
8.309e-12
3.73303e-09
5.20702e-12
3.73077e-09
2.26936e-12
3.73104e-09
-2.72151e-13
3.73338e-09
-2.34294e-12
3.73712e-09
-3.74006e-12
3.74176e-09
-4.63539e-12
3.7468e-09
-5.04472e-12
3.75187e-09
-5.06482e-12
3.75673e-09
-4.86409e-12
3.76128e-09
-4.55381e-12
3.76547e-09
-4.18527e-12
3.76927e-09
-3.80082e-12
3.7727e-09
-3.42976e-12
3.77579e-09
-3.09258e-12
3.77859e-09
-2.8004e-12
3.78115e-09
-2.55275e-12
3.78348e-09
-2.33964e-12
3.78563e-09
-2.14518e-12
3.78759e-09
-1.95574e-12
3.78935e-09
-1.76375e-12
3.79092e-09
-1.57186e-12
3.79231e-09
-1.38827e-12
3.79353e-09
-1.22507e-12
3.79462e-09
-1.08954e-12
3.79561e-09
-9.85599e-13
3.79652e-09
-9.0816e-13
3.79737e-09
-8.51496e-13
3.79817e-09
-8.04648e-13
3.79894e-09
-7.62672e-13
3.79965e-09
-7.17734e-13
3.80033e-09
-6.71378e-13
3.80095e-09
-6.19562e-13
3.80151e-09
-5.69016e-13
3.80203e-09
-5.1519e-13
3.8025e-09
-4.67718e-13
3.80292e-09
-4.17968e-13
3.80329e-09
-3.78216e-13
3.80363e-09
-3.35119e-13
3.80393e-09
-3.03225e-13
3.8042e-09
-2.66742e-13
3.80444e-09
-2.40842e-13
3.80465e-09
-2.09101e-13
3.80484e-09
-1.88541e-13
3.805e-09
-1.5828e-13
3.80514e-09
-1.43215e-13
3.80525e-09
-1.12674e-13
3.80535e-09
-1.01314e-13
3.80542e-09
-7.12856e-14
3.80549e-09
-6.20548e-14
3.80552e-09
-3.09591e-14
3.80554e-09
-2.58044e-14
1.61551e-15
3.47469e-08
2.40952e-09
-3.44468e-08
3.46112e-08
3.54982e-09
3.39526e-08
4.07204e-09
3.30029e-08
4.11655e-09
3.18828e-08
4.00814e-09
3.06233e-08
3.80335e-09
2.92509e-08
3.4846e-09
2.78351e-08
3.07348e-09
2.64463e-08
2.61899e-09
2.5137e-08
2.18698e-09
2.39323e-08
1.82194e-09
2.2837e-08
1.53495e-09
2.1847e-08
1.31553e-09
2.09581e-08
1.14413e-09
2.01606e-08
1.01197e-09
1.9443e-08
9.08971e-10
1.87944e-08
8.26262e-10
1.82049e-08
7.57338e-10
1.76663e-08
6.977e-10
1.71722e-08
6.44318e-10
1.67174e-08
5.95653e-10
1.62974e-08
5.51359e-10
1.59083e-08
5.11382e-10
1.5547e-08
4.7533e-10
1.52106e-08
4.42447e-10
1.48972e-08
4.12027e-10
1.46049e-08
3.83874e-10
1.43319e-08
3.58209e-10
1.40765e-08
3.35014e-10
1.38373e-08
3.1366e-10
1.36136e-08
2.93276e-10
1.34048e-08
2.7346e-10
1.32102e-08
2.54561e-10
1.30287e-08
2.37132e-10
1.28595e-08
2.21149e-10
1.27021e-08
2.0597e-10
1.25561e-08
1.90955e-10
1.24217e-08
1.75825e-10
1.22988e-08
1.60627e-10
1.21872e-08
1.45653e-10
1.20865e-08
1.31233e-10
1.19964e-08
1.17404e-10
1.19165e-08
1.03906e-10
1.18468e-08
9.05851e-11
1.17869e-08
7.75342e-11
1.17366e-08
6.48378e-11
1.16957e-08
5.24511e-11
1.16636e-08
4.03871e-11
1.16399e-08
2.89092e-11
1.16237e-08
1.8426e-11
1.16141e-08
9.33897e-12
1.16099e-08
1.87651e-12
1.16095e-08
-3.38833e-12
1.1612e-08
-7.06478e-12
1.16161e-08
-9.16732e-12
1.1621e-08
-1.00192e-11
1.16263e-08
-1.00893e-11
1.16314e-08
-9.69272e-12
1.16362e-08
-9.02034e-12
1.16407e-08
-8.2241e-12
1.16446e-08
-7.41169e-12
1.16482e-08
-6.6577e-12
1.16514e-08
-6.00164e-12
1.16543e-08
-5.44955e-12
1.16569e-08
-4.98032e-12
1.16594e-08
-4.55963e-12
1.16616e-08
-4.15649e-12
1.16636e-08
-3.75531e-12
1.16653e-08
-3.36103e-12
1.16669e-08
-2.99171e-12
1.16684e-08
-2.67018e-12
1.16697e-08
-2.40993e-12
1.16709e-08
-2.2143e-12
1.16721e-08
-2.07045e-12
1.16732e-08
-1.96243e-12
1.16743e-08
-1.86781e-12
1.16753e-08
-1.77508e-12
1.16762e-08
-1.67123e-12
1.16771e-08
-1.55958e-12
1.1678e-08
-1.436e-12
1.16787e-08
-1.3137e-12
1.16794e-08
-1.1871e-12
1.168e-08
-1.07388e-12
1.16805e-08
-9.59333e-13
1.1681e-08
-8.65689e-13
1.16814e-08
-7.67975e-13
1.16818e-08
-6.93341e-13
1.16822e-08
-6.10681e-13
1.16825e-08
-5.50166e-13
1.16827e-08
-4.77283e-13
1.1683e-08
-4.28653e-13
1.16832e-08
-3.5801e-13
1.16834e-08
-3.21031e-13
1.16835e-08
-2.48279e-13
1.16836e-08
-2.19279e-13
1.16837e-08
-1.4524e-13
1.16838e-08
-1.21564e-13
1.16838e-08
-4.08954e-14
1.16838e-08
-2.73044e-14
4.42182e-14
3.62881e-08
2.27129e-09
-3.61498e-08
3.66865e-08
3.15135e-09
3.69371e-08
3.82146e-09
3.69981e-08
4.05556e-09
3.69383e-08
4.06796e-09
3.6762e-08
3.97967e-09
3.64435e-08
3.80309e-09
3.59847e-08
3.53227e-09
3.5412e-08
3.19172e-09
3.47646e-08
2.83435e-09
3.40777e-08
2.50885e-09
3.33745e-08
2.23814e-09
3.26694e-08
2.02066e-09
3.19697e-08
1.84379e-09
3.12827e-08
1.69894e-09
3.06131e-08
1.57861e-09
2.99633e-08
1.47603e-09
2.93347e-08
1.38593e-09
2.87279e-08
1.30455e-09
2.8143e-08
1.22923e-09
2.758e-08
1.15859e-09
2.70391e-08
1.09225e-09
2.65204e-08
1.03013e-09
2.60239e-08
9.71808e-10
2.55497e-08
9.16662e-10
2.50975e-08
8.64222e-10
2.46669e-08
8.14444e-10
2.42575e-08
7.67618e-10
2.38687e-08
7.23868e-10
2.34996e-08
6.82703e-10
2.31497e-08
6.43205e-10
2.28184e-08
6.04764e-10
2.25054e-08
5.67587e-10
2.22102e-08
5.32281e-10
2.19324e-08
4.98944e-10
2.16715e-08
4.66921e-10
2.14271e-08
4.35377e-10
2.11991e-08
4.03804e-10
2.09876e-08
3.72157e-10
2.07924e-08
3.40832e-10
2.06133e-08
3.10331e-10
2.045e-08
2.80733e-10
2.03022e-08
2.51692e-10
2.01698e-08
2.22997e-10
2.00525e-08
1.9482e-10
1.99499e-08
1.67381e-10
1.98616e-08
1.40745e-10
1.9787e-08
1.15041e-10
1.97252e-08
9.07202e-11
1.96751e-08
6.84762e-11
1.96355e-08
4.89656e-11
1.96048e-08
3.25924e-11
1.95816e-08
1.98066e-11
1.95642e-08
1.02711e-11
1.95514e-08
3.643e-12
1.95419e-08
-5.0212e-13
1.95348e-08
-2.94283e-12
1.95293e-08
-4.19612e-12
1.95249e-08
-4.61053e-12
1.95211e-08
-4.49061e-12
1.95178e-08
-4.07864e-12
1.95147e-08
-3.56529e-12
1.95118e-08
-3.07247e-12
1.9509e-08
-2.65823e-12
1.95063e-08
-2.32269e-12
1.95038e-08
-2.03874e-12
1.95014e-08
-1.77359e-12
1.94992e-08
-1.51615e-12
1.94971e-08
-1.27683e-12
1.94952e-08
-1.08474e-12
1.94935e-08
-9.65429e-13
1.9492e-08
-9.31773e-13
1.94908e-08
-9.73332e-13
1.94898e-08
-1.06341e-12
1.9489e-08
-1.16655e-12
1.94883e-08
-1.25063e-12
1.94879e-08
-1.29527e-12
1.94875e-08
-1.29146e-12
1.94872e-08
-1.24497e-12
1.94869e-08
-1.16343e-12
1.94866e-08
-1.06508e-12
1.94864e-08
-9.54793e-13
1.94862e-08
-8.5254e-13
1.9486e-08
-7.48845e-13
1.94858e-08
-6.6614e-13
1.94856e-08
-5.7968e-13
1.94854e-08
-5.17685e-13
1.94853e-08
-4.45349e-13
1.94851e-08
-3.97053e-13
1.9485e-08
-3.30527e-13
1.94848e-08
-2.9215e-13
1.94847e-08
-2.21183e-13
1.94846e-08
-1.91906e-13
1.94844e-08
-1.1095e-13
1.94843e-08
-8.61741e-14
1.94841e-08
3.74579e-15
1.9484e-08
2.60273e-14
1.94838e-08
1.33554e-13
1.94836e-08
1.47761e-13
2.43035e-13
3.78434e-08
2.21419e-09
-3.77863e-08
3.81404e-08
2.85432e-09
3.85032e-08
3.45873e-09
3.87845e-08
3.77419e-09
3.90001e-08
3.85239e-09
3.91691e-08
3.8107e-09
3.92731e-08
3.69905e-09
3.92888e-08
3.51656e-09
3.92084e-08
3.27217e-09
3.90442e-08
2.99848e-09
3.88178e-08
2.7353e-09
3.85483e-08
2.5076e-09
3.82479e-08
2.32107e-09
3.79226e-08
2.16908e-09
3.75783e-08
2.04331e-09
3.72197e-08
1.9372e-09
3.68504e-08
1.84529e-09
3.6473e-08
1.76331e-09
3.60895e-08
1.68811e-09
3.57012e-08
1.61749e-09
3.53095e-08
1.55026e-09
3.49157e-08
1.48608e-09
3.4521e-08
1.42479e-09
3.41269e-08
1.36591e-09
3.37349e-08
1.30871e-09
3.33464e-08
1.25272e-09
3.2963e-08
1.19787e-09
3.25862e-08
1.14442e-09
3.22174e-08
1.09259e-09
3.18579e-08
1.04229e-09
3.1508e-08
9.93079e-10
3.11681e-08
9.44642e-10
3.08385e-08
8.97171e-10
3.05198e-08
8.51028e-10
3.02126e-08
8.06099e-10
2.99178e-08
7.61731e-10
2.9636e-08
7.17205e-10
2.93677e-08
6.72088e-10
2.91134e-08
6.26408e-10
2.88735e-08
5.80749e-10
2.8648e-08
5.35828e-10
2.8437e-08
4.91782e-10
2.82405e-08
4.4818e-10
2.80588e-08
4.04694e-10
2.78922e-08
3.61433e-10
2.77409e-08
3.18637e-10
2.76052e-08
2.7651e-10
2.74847e-08
2.35471e-10
2.73791e-08
1.96393e-10
2.72871e-08
1.6041e-10
2.72076e-08
1.28525e-10
2.71388e-08
1.0134e-10
2.70795e-08
7.91618e-11
2.70281e-08
6.15965e-11
2.69838e-08
4.80236e-11
2.69455e-08
3.77174e-11
2.69127e-08
2.99195e-11
2.68844e-08
2.41352e-11
2.68597e-08
2.00073e-11
2.68381e-08
1.71818e-11
2.68187e-08
1.53157e-11
2.6801e-08
1.40804e-11
2.67847e-08
1.3222e-11
2.67695e-08
1.25693e-11
2.67551e-08
1.2045e-11
2.67415e-08
1.16107e-11
2.67285e-08
1.12455e-11
2.67161e-08
1.08949e-11
2.67043e-08
1.04919e-11
2.66932e-08
9.95413e-12
2.6683e-08
9.23952e-12
2.66738e-08
8.33997e-12
2.66655e-08
7.31133e-12
2.66582e-08
6.22822e-12
2.66518e-08
5.18859e-12
2.66463e-08
4.25892e-12
2.66415e-08
3.49198e-12
2.66374e-08
2.89089e-12
2.66337e-08
2.45016e-12
2.66304e-08
2.13047e-12
2.66274e-08
1.90568e-12
2.66247e-08
1.73614e-12
2.66222e-08
1.60279e-12
2.662e-08
1.48722e-12
2.6618e-08
1.378e-12
2.66161e-08
1.2791e-12
2.66144e-08
1.1772e-12
2.66129e-08
1.09089e-12
2.66115e-08
1.00087e-12
2.66102e-08
9.33482e-13
2.66091e-08
8.59584e-13
2.6608e-08
8.19852e-13
2.66071e-08
7.61833e-13
2.66062e-08
7.53738e-13
2.66054e-08
7.1402e-13
2.66047e-08
7.34683e-13
2.6604e-08
7.14104e-13
2.66034e-08
7.67292e-13
2.66027e-08
7.6179e-13
8.09737e-13
3.94381e-08
2.15408e-09
-3.9378e-08
3.96451e-08
2.64733e-09
3.99641e-08
3.13973e-09
4.02663e-08
3.472e-09
4.05194e-08
3.59929e-09
4.07405e-08
3.58959e-09
4.09329e-08
3.50661e-09
4.10805e-08
3.36901e-09
4.11685e-08
3.18412e-09
4.11963e-08
2.97073e-09
4.11754e-08
2.75619e-09
4.11198e-08
2.56316e-09
4.1039e-08
2.40191e-09
4.09377e-08
2.27037e-09
4.08191e-08
2.16187e-09
4.06859e-08
2.07046e-09
4.05398e-08
1.9914e-09
4.03822e-08
1.92089e-09
4.02141e-08
1.85624e-09
4.00359e-08
1.79566e-09
3.9848e-08
1.73812e-09
3.9651e-08
1.68315e-09
3.94452e-08
1.63057e-09
3.92311e-08
1.57996e-09
3.90093e-08
1.5305e-09
3.87806e-08
1.48144e-09
3.8546e-08
1.43248e-09
3.83068e-08
1.38366e-09
3.80644e-08
1.33497e-09
3.78205e-08
1.28618e-09
3.75764e-08
1.23714e-09
3.7333e-08
1.18808e-09
3.70906e-08
1.13959e-09
3.68496e-08
1.09201e-09
3.66107e-08
1.04496e-09
3.63749e-08
9.97598e-10
3.61429e-08
9.49126e-10
3.59161e-08
8.98907e-10
3.56957e-08
8.4678e-10
3.5483e-08
7.93509e-10
3.52785e-08
7.40344e-10
3.50823e-08
6.87942e-10
3.48944e-08
6.36134e-10
3.47145e-08
5.8457e-10
3.45429e-08
5.33052e-10
3.43802e-08
4.81281e-10
3.42278e-08
4.2894e-10
3.4087e-08
3.76251e-10
3.3959e-08
3.24401e-10
3.3844e-08
2.75369e-10
3.37413e-08
2.31307e-10
3.36488e-08
1.93757e-10
3.35648e-08
1.63213e-10
3.34875e-08
1.38882e-10
3.34162e-08
1.19346e-10
3.33507e-08
1.03219e-10
3.32911e-08
8.95304e-11
3.32373e-08
7.78701e-11
3.31892e-08
6.81718e-11
3.3146e-08
6.03644e-11
3.3107e-08
5.42672e-11
3.30716e-08
4.95629e-11
3.30388e-08
4.59296e-11
3.30083e-08
4.30999e-11
3.29794e-08
4.09265e-11
3.29517e-08
3.92974e-11
3.29249e-08
3.81063e-11
3.28986e-08
3.71518e-11
3.28729e-08
3.61927e-11
3.28479e-08
3.495e-11
3.28239e-08
3.32448e-11
3.28013e-08
3.09925e-11
3.27803e-08
2.8285e-11
3.27612e-08
2.52825e-11
3.27442e-08
2.22332e-11
3.27291e-08
1.93242e-11
3.27159e-08
1.67327e-11
3.27043e-08
1.4506e-11
3.26941e-08
1.26827e-11
3.2685e-08
1.11868e-11
3.26769e-08
9.99103e-12
3.26697e-08
8.98611e-12
3.26631e-08
8.15391e-12
3.26572e-08
7.40799e-12
3.26518e-08
6.75756e-12
3.26469e-08
6.14841e-12
3.26425e-08
5.60481e-12
3.26385e-08
5.08937e-12
3.26349e-08
4.63634e-12
3.26316e-08
4.20314e-12
3.26286e-08
3.83743e-12
3.2626e-08
3.48548e-12
3.26235e-08
3.2003e-12
3.26214e-08
2.92569e-12
3.26193e-08
2.71821e-12
3.26176e-08
2.50883e-12
3.26159e-08
2.37691e-12
3.26145e-08
2.22424e-12
3.26131e-08
2.16424e-12
2.02794e-12
4.10593e-08
2.08171e-09
-4.09869e-08
4.12216e-08
2.48506e-09
4.14819e-08
2.87938e-09
4.1762e-08
3.19194e-09
4.20115e-08
3.34975e-09
4.2228e-08
3.37312e-09
4.24205e-08
3.31412e-09
4.25843e-08
3.20519e-09
4.2709e-08
3.05944e-09
4.27906e-08
2.88911e-09
4.2835e-08
2.71182e-09
4.28524e-08
2.54568e-09
4.28519e-08
2.40247e-09
4.28384e-08
2.28387e-09
4.28146e-08
2.18559e-09
4.27823e-08
2.10279e-09
4.27424e-08
2.03132e-09
4.26956e-08
1.96767e-09
4.26425e-08
1.90936e-09
4.25831e-08
1.8551e-09
4.25171e-08
1.80409e-09
4.24446e-08
1.75566e-09
4.23657e-08
1.70948e-09
4.22802e-08
1.66544e-09
4.21877e-08
1.62294e-09
4.20882e-08
1.58094e-09
4.19819e-08
1.53882e-09
4.1869e-08
1.49654e-09
4.175e-08
1.45397e-09
4.16257e-08
1.41046e-09
4.14974e-08
1.3655e-09
4.13659e-08
1.31954e-09
4.12317e-08
1.27377e-09
4.10949e-08
1.22882e-09
4.09557e-08
1.18415e-09
4.08145e-08
1.13882e-09
4.06715e-08
1.0921e-09
4.05273e-08
1.04314e-09
4.03829e-08
9.91215e-10
4.02397e-08
9.3667e-10
4.0099e-08
8.81002e-10
3.99614e-08
8.25578e-10
3.98266e-08
7.70943e-10
3.9694e-08
7.17193e-10
3.95628e-08
6.642e-10
3.94328e-08
6.11288e-10
3.93045e-08
5.57267e-10
3.91796e-08
5.01146e-10
3.90609e-08
4.43132e-10
3.8951e-08
3.8522e-10
3.88514e-08
3.30884e-10
3.87615e-08
2.83657e-10
3.86792e-08
2.4557e-10
3.86018e-08
2.1626e-10
3.85275e-08
1.93612e-10
3.84557e-08
1.75004e-10
3.83868e-08
1.58446e-10
3.83216e-08
1.43066e-10
3.82609e-08
1.28932e-10
3.82048e-08
1.16409e-10
3.81533e-08
1.05774e-10
3.81059e-08
9.69961e-11
3.80619e-08
8.98878e-11
3.80208e-08
8.42233e-11
3.79818e-08
7.99104e-11
3.79442e-08
7.68865e-11
3.79073e-08
7.50699e-11
3.78703e-08
7.41493e-11
3.78328e-08
7.36473e-11
3.77949e-08
7.29101e-11
3.77567e-08
7.13873e-11
3.7719e-08
6.86735e-11
3.76826e-08
6.47286e-11
3.76482e-08
5.97188e-11
3.76163e-08
5.40815e-11
3.75874e-08
4.8223e-11
3.75615e-08
4.26004e-11
3.75386e-08
3.74364e-11
3.75184e-08
3.29448e-11
3.75005e-08
2.9073e-11
3.74846e-08
2.58518e-11
3.74705e-08
2.30894e-11
3.74579e-08
2.0784e-11
3.74465e-08
1.8734e-11
3.74363e-08
1.69806e-11
3.74271e-08
1.53543e-11
3.74188e-08
1.39468e-11
3.74113e-08
1.25986e-11
3.74044e-08
1.14548e-11
3.73983e-08
1.03197e-11
3.73928e-08
9.40503e-12
3.73878e-08
8.45356e-12
3.73833e-08
7.74285e-12
3.73792e-08
6.94967e-12
3.73755e-08
6.42952e-12
3.73723e-08
5.76149e-12
3.73692e-08
5.42349e-12
3.73666e-08
4.84978e-12
3.73641e-08
4.68888e-12
4.1651e-12
4.27166e-08
2.00285e-09
-4.26377e-08
4.28566e-08
2.34502e-09
4.30686e-08
2.66743e-09
4.33161e-08
2.94439e-09
4.35523e-08
3.1136e-09
4.37595e-08
3.16583e-09
4.39409e-08
3.13281e-09
4.40975e-08
3.04854e-09
4.42247e-08
2.93222e-09
4.43188e-08
2.795e-09
4.43821e-08
2.64851e-09
4.44218e-08
2.50604e-09
4.44458e-08
2.37846e-09
4.44598e-08
2.26989e-09
4.44669e-08
2.17848e-09
4.44688e-08
2.10084e-09
4.44665e-08
2.03368e-09
4.44604e-08
1.97373e-09
4.44512e-08
1.91855e-09
4.44391e-08
1.86722e-09
4.44238e-08
1.81939e-09
4.44053e-08
1.77417e-09
4.43839e-08
1.7309e-09
4.43595e-08
1.6898e-09
4.43317e-08
1.65078e-09
4.42999e-08
1.61271e-09
4.42642e-08
1.57456e-09
4.42244e-08
1.53635e-09
4.41801e-08
1.49821e-09
4.41314e-08
1.45924e-09
4.40786e-08
1.41828e-09
4.40226e-08
1.3755e-09
4.39639e-08
1.33246e-09
4.39025e-08
1.2902e-09
4.38386e-08
1.24812e-09
4.37722e-08
1.2052e-09
4.37033e-08
1.16098e-09
4.36316e-08
1.11482e-09
4.35573e-08
1.06558e-09
4.34811e-08
1.01288e-09
4.34041e-08
9.57937e-10
4.33272e-08
9.02522e-10
4.32502e-08
8.47906e-10
4.31726e-08
7.94773e-10
4.30935e-08
7.43359e-10
4.30116e-08
6.93134e-10
4.29263e-08
6.42577e-10
4.28379e-08
5.89521e-10
4.27487e-08
5.32396e-10
4.26621e-08
4.7183e-10
4.25815e-08
4.11401e-10
4.25089e-08
3.5634e-10
4.24434e-08
3.11007e-10
4.23829e-08
2.7677e-10
4.23246e-08
2.5189e-10
4.22667e-08
2.32909e-10
4.22086e-08
2.16534e-10
4.21509e-08
2.00816e-10
4.20945e-08
1.85357e-10
4.20403e-08
1.70598e-10
4.19889e-08
1.57172e-10
4.19405e-08
1.454e-10
4.1895e-08
1.35365e-10
4.18522e-08
1.2704e-10
4.18115e-08
1.2057e-10
4.17723e-08
1.16163e-10
4.17333e-08
1.14007e-10
4.16936e-08
1.1389e-10
4.1652e-08
1.15207e-10
4.16081e-08
1.16872e-10
4.15617e-08
1.17759e-10
4.15135e-08
1.16831e-10
4.14646e-08
1.13602e-10
4.14164e-08
1.07989e-10
4.137e-08
1.00501e-10
4.13264e-08
9.17514e-11
4.12864e-08
8.25938e-11
4.12503e-08
7.35715e-11
4.1218e-08
6.52607e-11
4.11893e-08
5.77649e-11
4.11638e-08
5.1304e-11
4.11413e-08
4.56491e-11
4.11212e-08
4.08743e-11
4.11033e-08
3.66371e-11
4.10872e-08
3.30401e-11
4.10728e-08
2.97364e-11
4.10599e-08
2.69228e-11
4.10482e-08
2.42356e-11
4.10377e-08
2.19955e-11
4.10283e-08
1.97531e-11
4.10197e-08
1.79802e-11
4.1012e-08
1.60911e-11
4.10051e-08
1.47209e-11
4.09989e-08
1.31162e-11
4.09932e-08
1.2114e-11
4.09883e-08
1.07237e-11
4.09836e-08
1.00697e-11
4.09796e-08
8.82763e-12
4.09758e-08
8.51395e-12
7.35945e-12
4.44165e-08
1.92313e-09
-4.43368e-08
4.45427e-08
2.21876e-09
4.47203e-08
2.48989e-09
4.49352e-08
2.72948e-09
4.51526e-08
2.89616e-09
4.53499e-08
2.96856e-09
4.55217e-08
2.961e-09
4.56696e-08
2.90061e-09
4.5793e-08
2.80889e-09
4.58897e-08
2.6983e-09
4.59603e-08
2.5779e-09
4.60091e-08
2.45719e-09
4.60426e-08
2.34499e-09
4.60662e-08
2.24625e-09
4.60835e-08
2.16118e-09
4.60965e-08
2.08789e-09
4.61061e-08
2.02411e-09
4.61129e-08
1.96695e-09
4.61175e-08
1.9139e-09
4.61204e-08
1.86429e-09
4.61216e-08
1.81818e-09
4.61212e-08
1.77466e-09
4.61194e-08
1.73267e-09
4.61166e-08
1.69254e-09
4.61127e-08
1.65472e-09
4.61072e-08
1.61821e-09
4.61001e-08
1.58169e-09
4.60913e-08
1.54516e-09
4.60803e-08
1.50917e-09
4.60666e-08
1.47297e-09
4.605e-08
1.43488e-09
4.6031e-08
1.39453e-09
4.601e-08
1.35346e-09
4.59872e-08
1.31298e-09
4.59628e-08
1.27248e-09
4.59372e-08
1.23083e-09
4.59103e-08
1.18783e-09
4.58819e-08
1.14331e-09
4.58512e-08
1.09621e-09
4.58184e-08
1.04569e-09
4.57839e-08
9.92486e-10
4.5748e-08
9.38407e-10
4.57108e-08
8.85127e-10
4.56718e-08
8.33698e-10
4.56306e-08
7.84605e-10
4.55861e-08
7.37607e-10
4.55373e-08
6.91403e-10
4.54834e-08
6.43387e-10
4.54252e-08
5.90612e-10
4.53651e-08
5.31945e-10
4.53065e-08
4.69961e-10
4.52525e-08
4.10374e-10
4.52043e-08
3.59261e-10
4.5161e-08
3.1998e-10
4.51209e-08
2.92082e-10
4.50815e-08
2.7228e-10
4.50414e-08
2.56613e-10
4.50001e-08
2.42153e-10
4.49577e-08
2.27722e-10
4.49149e-08
2.13353e-10
4.48725e-08
1.99593e-10
4.48311e-08
1.86817e-10
4.47912e-08
1.75248e-10
4.47532e-08
1.65057e-10
4.4717e-08
1.56753e-10
4.46822e-08
1.51026e-10
4.46475e-08
1.48622e-10
4.46117e-08
1.49718e-10
4.45731e-08
1.53815e-10
4.45305e-08
1.59493e-10
4.44833e-08
1.64986e-10
4.44317e-08
1.68398e-10
4.43768e-08
1.68495e-10
4.43202e-08
1.64621e-10
4.42636e-08
1.57112e-10
4.42087e-08
1.46648e-10
4.41568e-08
1.34471e-10
4.41088e-08
1.21513e-10
4.40652e-08
1.08864e-10
4.40261e-08
9.69241e-11
4.39911e-08
8.62626e-11
4.39601e-08
7.67052e-11
4.39324e-08
6.85027e-11
4.39079e-08
6.11853e-11
4.3886e-08
5.4971e-11
4.38664e-08
4.92924e-11
4.38488e-08
4.44965e-11
4.38331e-08
3.99402e-11
4.38189e-08
3.61801e-11
4.38063e-08
3.24184e-11
4.37948e-08
2.94723e-11
4.37846e-08
2.63112e-11
4.37752e-08
2.40479e-11
4.3767e-08
2.13474e-11
4.37594e-08
1.9696e-11
4.37528e-08
1.73305e-11
4.37466e-08
1.62523e-11
4.37414e-08
1.41061e-11
4.37363e-08
1.35894e-11
1.15649e-11
4.61634e-08
1.84536e-09
-4.60856e-08
4.62788e-08
2.10336e-09
4.64328e-08
2.3359e-09
4.66191e-08
2.54316e-09
4.68157e-08
2.69953e-09
4.7001e-08
2.78328e-09
4.71646e-08
2.79738e-09
4.73055e-08
2.75974e-09
4.74243e-08
2.69003e-09
4.75209e-08
2.60175e-09
4.75954e-08
2.50342e-09
4.76502e-08
2.40234e-09
4.76899e-08
2.30532e-09
4.77192e-08
2.21693e-09
4.77418e-08
2.13864e-09
4.77597e-08
2.06996e-09
4.77742e-08
2.00961e-09
4.77859e-08
1.95525e-09
4.77954e-08
1.90443e-09
4.78031e-08
1.85651e-09
4.78095e-08
1.81185e-09
4.78144e-08
1.76967e-09
4.78184e-08
1.72867e-09
4.78219e-08
1.68904e-09
4.78251e-08
1.65158e-09
4.78277e-08
1.6156e-09
4.78297e-08
1.5797e-09
4.78311e-08
1.54376e-09
4.78317e-08
1.50861e-09
4.78308e-08
1.47387e-09
4.78279e-08
1.43773e-09
4.78231e-08
1.39931e-09
4.78168e-08
1.35985e-09
4.78091e-08
1.32063e-09
4.78006e-08
1.281e-09
4.77916e-08
1.23976e-09
4.77826e-08
1.19686e-09
4.77733e-08
1.15258e-09
4.77633e-08
1.10626e-09
4.77519e-08
1.05709e-09
4.77388e-08
1.00555e-09
4.77239e-08
9.53303e-10
4.7707e-08
9.02064e-10
4.76878e-08
8.52932e-10
4.7666e-08
8.06349e-10
4.76415e-08
7.62152e-10
4.76136e-08
7.19326e-10
4.75815e-08
6.75394e-10
4.75452e-08
6.26929e-10
4.75055e-08
5.71691e-10
4.74643e-08
5.11096e-10
4.74244e-08
4.50346e-10
4.73876e-08
3.96e-10
4.7355e-08
3.5263e-10
4.73259e-08
3.21138e-10
4.72991e-08
2.9913e-10
4.72728e-08
2.82905e-10
4.72457e-08
2.69237e-10
4.7217e-08
2.56397e-10
4.71866e-08
2.43815e-10
4.71546e-08
2.31535e-10
4.71219e-08
2.19541e-10
4.70893e-08
2.07867e-10
4.70576e-08
1.96723e-10
4.70274e-08
1.86989e-10
4.69984e-08
1.79972e-10
4.69699e-08
1.77205e-10
4.69401e-08
1.79511e-10
4.69071e-08
1.86739e-10
4.68693e-08
1.97289e-10
4.68255e-08
2.08809e-10
4.67755e-08
2.18454e-10
4.67199e-08
2.24058e-10
4.66604e-08
2.24137e-10
4.65989e-08
2.18621e-10
4.65375e-08
2.08057e-10
4.6478e-08
1.93978e-10
4.64218e-08
1.77678e-10
4.63698e-08
1.60826e-10
4.63226e-08
1.44202e-10
4.628e-08
1.28854e-10
4.62419e-08
1.14753e-10
4.6208e-08
1.02434e-10
4.61778e-08
9.13398e-11
4.61509e-08
8.18715e-11
4.6127e-08
7.32251e-11
4.61055e-08
6.59454e-11
4.60864e-08
5.90589e-11
4.60692e-08
5.34061e-11
4.60538e-08
4.77703e-11
4.60399e-08
4.33773e-11
4.60276e-08
3.86623e-11
4.60163e-08
3.53061e-11
4.60064e-08
3.12748e-11
4.59973e-08
2.88322e-11
4.59893e-08
2.52849e-11
4.59819e-08
2.36912e-11
4.59755e-08
2.04491e-11
4.59694e-08
1.96868e-11
1.65942e-11
4.79608e-08
1.77021e-09
-4.78856e-08
4.8067e-08
1.99712e-09
4.82038e-08
2.19908e-09
4.83669e-08
2.38005e-09
4.85431e-08
2.52334e-09
4.87147e-08
2.61165e-09
4.887e-08
2.6421e-09
4.9005e-08
2.62476e-09
4.91198e-08
2.57519e-09
4.92152e-08
2.50636e-09
4.92918e-08
2.42686e-09
4.9351e-08
2.34314e-09
4.93958e-08
2.26055e-09
4.94299e-08
2.18282e-09
4.94566e-08
2.11189e-09
4.94782e-08
2.04837e-09
4.9496e-08
1.99178e-09
4.95109e-08
1.94041e-09
4.95231e-08
1.89215e-09
4.95334e-08
1.8463e-09
4.9542e-08
1.80324e-09
4.95492e-08
1.7624e-09
4.95554e-08
1.72251e-09
4.95609e-08
1.68357e-09
4.95661e-08
1.64638e-09
4.9571e-08
1.61064e-09
4.95756e-08
1.57512e-09
4.95798e-08
1.53958e-09
4.95836e-08
1.50482e-09
4.95866e-08
1.47086e-09
4.95882e-08
1.43613e-09
4.9588e-08
1.39944e-09
4.95863e-08
1.36155e-09
4.95835e-08
1.32344e-09
4.95801e-08
1.28443e-09
4.95766e-08
1.2433e-09
4.95733e-08
1.20006e-09
4.95706e-08
1.15529e-09
4.95681e-08
1.10879e-09
4.9565e-08
1.06015e-09
4.95606e-08
1.00995e-09
4.95543e-08
9.5969e-10
4.95454e-08
9.10916e-10
4.95338e-08
8.64512e-10
4.95195e-08
8.20657e-10
4.95027e-08
7.78982e-10
4.94835e-08
7.38519e-10
4.94618e-08
6.97074e-10
4.94373e-08
6.51448e-10
4.94098e-08
5.99209e-10
4.93798e-08
5.41089e-10
4.93487e-08
4.81432e-10
4.93184e-08
4.26308e-10
4.92905e-08
3.80487e-10
4.9266e-08
3.45702e-10
4.92445e-08
3.2063e-10
4.92249e-08
3.0247e-10
4.92057e-08
2.88421e-10
4.91855e-08
2.76665e-10
4.91631e-08
2.66123e-10
4.91386e-08
2.5613e-10
4.91121e-08
2.45945e-10
4.90849e-08
2.35097e-10
4.9058e-08
2.23639e-10
4.90322e-08
2.12761e-10
4.90078e-08
2.0445e-10
4.89838e-08
2.01147e-10
4.89588e-08
2.04479e-10
4.89308e-08
2.148e-10
4.88976e-08
2.30462e-10
4.88578e-08
2.48604e-10
4.88108e-08
2.65445e-10
4.87571e-08
2.77827e-10
4.86979e-08
2.83317e-10
4.86352e-08
2.81285e-10
4.85713e-08
2.71989e-10
4.85081e-08
2.57135e-10
4.84475e-08
2.38303e-10
4.83906e-08
2.17727e-10
4.83382e-08
1.96592e-10
4.82906e-08
1.76487e-10
4.82477e-08
1.57589e-10
4.82094e-08
1.408e-10
4.81752e-08
1.25514e-10
4.81447e-08
1.12378e-10
4.81176e-08
1.00357e-10
4.80933e-08
9.02341e-11
4.80716e-08
8.06814e-11
4.80522e-08
7.28578e-11
4.80349e-08
6.50854e-11
4.80192e-08
5.90395e-11
4.80053e-08
5.25632e-11
4.79927e-08
4.79639e-11
4.79815e-08
4.24311e-11
4.79712e-08
3.9091e-11
4.79623e-08
3.42139e-11
4.7954e-08
3.20358e-11
4.79469e-08
2.75609e-11
4.794e-08
2.652e-11
2.22167e-11
4.98122e-08
1.69758e-09
-4.97396e-08
4.99106e-08
1.89874e-09
5.00338e-08
2.0758e-09
5.01784e-08
2.23545e-09
5.0336e-08
2.36579e-09
5.04934e-08
2.45427e-09
5.06395e-08
2.49595e-09
5.07688e-08
2.4955e-09
5.088e-08
2.46397e-09
5.09738e-08
2.41255e-09
5.10512e-08
2.34945e-09
5.11134e-08
2.28093e-09
5.11623e-08
2.21165e-09
5.12007e-08
2.14448e-09
5.12313e-08
2.08132e-09
5.12562e-08
2.02345e-09
5.12769e-08
1.97103e-09
5.12944e-08
1.9229e-09
5.13091e-08
1.87748e-09
5.13213e-08
1.83407e-09
5.13317e-08
1.79285e-09
5.13407e-08
1.75345e-09
5.13483e-08
1.71486e-09
5.1355e-08
1.67691e-09
5.13612e-08
1.6402e-09
5.13671e-08
1.60469e-09
5.13726e-08
1.5696e-09
5.13777e-08
1.53457e-09
5.13823e-08
1.50021e-09
5.13863e-08
1.46679e-09
5.13893e-08
1.43319e-09
5.13906e-08
1.39814e-09
5.13903e-08
1.36181e-09
5.1389e-08
1.32478e-09
5.13871e-08
1.28633e-09
5.13851e-08
1.2453e-09
5.13834e-08
1.20173e-09
5.13824e-08
1.15632e-09
5.13819e-08
1.10928e-09
5.13813e-08
1.06074e-09
5.13796e-08
1.01163e-09
5.13759e-08
9.63393e-10
5.13695e-08
9.17286e-10
5.13602e-08
8.73845e-10
5.1348e-08
8.32879e-10
5.13333e-08
7.93649e-10
5.13168e-08
7.55004e-10
5.1299e-08
7.14951e-10
5.12796e-08
6.7083e-10
5.12582e-08
6.20637e-10
5.12343e-08
5.64965e-10
5.12083e-08
5.0739e-10
5.11816e-08
4.53063e-10
5.11558e-08
4.06257e-10
5.11325e-08
3.68986e-10
5.11123e-08
3.40839e-10
5.10946e-08
3.20141e-10
5.10781e-08
3.04927e-10
5.10611e-08
2.93655e-10
5.10423e-08
2.84915e-10
5.10212e-08
2.77315e-10
5.09979e-08
2.69241e-10
5.09734e-08
2.59553e-10
5.0949e-08
2.48025e-10
5.09257e-08
2.36112e-10
5.09036e-08
2.26481e-10
5.08823e-08
2.22527e-10
5.086e-08
2.26728e-10
5.08348e-08
2.4e-10
5.08046e-08
2.60704e-10
5.07676e-08
2.85534e-10
5.07233e-08
3.09825e-10
5.06716e-08
3.29452e-10
5.06139e-08
3.41014e-10
5.0552e-08
3.43267e-10
5.04878e-08
3.36093e-10
5.04237e-08
3.21284e-10
5.03614e-08
3.00622e-10
5.03022e-08
2.76861e-10
5.02473e-08
2.51562e-10
5.01969e-08
2.26874e-10
5.01513e-08
2.03199e-10
5.01102e-08
1.81852e-10
5.00735e-08
1.62206e-10
5.00407e-08
1.45202e-10
5.00115e-08
1.29581e-10
4.99853e-08
1.16404e-10
4.9962e-08
1.03977e-10
4.99411e-08
9.38032e-11
4.99224e-08
8.37229e-11
4.99056e-08
7.58854e-11
4.98906e-08
6.75098e-11
4.9877e-08
6.15649e-11
4.98651e-08
5.44167e-11
4.9854e-08
5.01058e-11
4.98445e-08
4.38001e-11
4.98355e-08
4.09899e-11
4.98279e-08
3.51906e-11
4.98205e-08
3.38477e-11
2.82387e-11
5.1721e-08
1.62744e-09
-5.16508e-08
5.18125e-08
1.80721e-09
5.19245e-08
1.96374e-09
5.20541e-08
2.10586e-09
5.21954e-08
2.22454e-09
5.23389e-08
2.31078e-09
5.24753e-08
2.35954e-09
5.25984e-08
2.37235e-09
5.27061e-08
2.35637e-09
5.27981e-08
2.32047e-09
5.28756e-08
2.27199e-09
5.29396e-08
2.21688e-09
5.29917e-08
2.15962e-09
5.30336e-08
2.10257e-09
5.30676e-08
2.04731e-09
5.30956e-08
1.99545e-09
5.31191e-08
1.94755e-09
5.3139e-08
1.90295e-09
5.31559e-08
1.86057e-09
5.31701e-08
1.81985e-09
5.31822e-08
1.78076e-09
5.31927e-08
1.74297e-09
5.32018e-08
1.70582e-09
5.32096e-08
1.6691e-09
5.32166e-08
1.63312e-09
5.32234e-08
1.59799e-09
5.32296e-08
1.56339e-09
5.32351e-08
1.52907e-09
5.324e-08
1.49528e-09
5.32444e-08
1.46238e-09
5.32478e-08
1.42978e-09
5.32497e-08
1.39626e-09
5.325e-08
1.36145e-09
5.32494e-08
1.32547e-09
5.32481e-08
1.28759e-09
5.32466e-08
1.24676e-09
5.32454e-08
1.20301e-09
5.32446e-08
1.15706e-09
5.32444e-08
1.10949e-09
5.32442e-08
1.06099e-09
5.32429e-08
1.01287e-09
5.32397e-08
9.66623e-10
5.32338e-08
9.23205e-10
5.32249e-08
8.82747e-10
5.32131e-08
8.44665e-10
5.31989e-08
8.0783e-10
5.31831e-08
7.70793e-10
5.31664e-08
7.3164e-10
5.3149e-08
6.88291e-10
5.31302e-08
6.39416e-10
5.31093e-08
5.85795e-10
5.30863e-08
5.30447e-10
5.30618e-08
4.7756e-10
5.30374e-08
4.30666e-10
5.30146e-08
3.91737e-10
5.29944e-08
3.61041e-10
5.29766e-08
3.3797e-10
5.29601e-08
3.21476e-10
5.29433e-08
3.10438e-10
5.29249e-08
3.03241e-10
5.29044e-08
2.97828e-10
5.28819e-08
2.91724e-10
5.28584e-08
2.83105e-10
5.2835e-08
2.71447e-10
5.28126e-08
2.5846e-10
5.27916e-08
2.47486e-10
5.27713e-08
2.42853e-10
5.27502e-08
2.47864e-10
5.27262e-08
2.63974e-10
5.26973e-08
2.89557e-10
5.2662e-08
3.20897e-10
5.26193e-08
3.525e-10
5.25694e-08
3.79341e-10
5.25133e-08
3.97091e-10
5.24527e-08
4.03905e-10
5.23895e-08
3.99262e-10
5.23258e-08
3.84986e-10
5.22634e-08
3.62998e-10
5.22038e-08
3.36514e-10
5.21479e-08
3.07431e-10
5.20964e-08
2.78436e-10
5.20494e-08
2.50153e-10
5.20069e-08
2.24325e-10
5.19688e-08
2.0032e-10
5.19346e-08
1.79399e-10
5.19041e-08
1.60095e-10
5.18767e-08
1.43764e-10
5.18524e-08
1.28354e-10
5.18304e-08
1.15728e-10
5.18109e-08
1.03238e-10
5.17933e-08
9.35223e-11
5.17776e-08
8.31595e-11
5.17634e-08
7.58015e-11
5.17509e-08
6.69631e-11
5.17393e-08
6.16321e-11
5.17293e-08
5.38322e-11
5.17199e-08
5.0357e-11
5.1712e-08
4.31719e-11
5.17043e-08
4.15105e-11
3.45324e-11
5.36903e-08
1.5599e-09
-5.36228e-08
5.37758e-08
1.72181e-09
5.38782e-08
1.86127e-09
5.39953e-08
1.9888e-09
5.41225e-08
2.09734e-09
5.4253e-08
2.18022e-09
5.43795e-08
2.23303e-09
5.44961e-08
2.25578e-09
5.45998e-08
2.25267e-09
5.46899e-08
2.23037e-09
5.47669e-08
2.19503e-09
5.48318e-08
2.15192e-09
5.4886e-08
2.10541e-09
5.49308e-08
2.05782e-09
5.49677e-08
2.01038e-09
5.49985e-08
1.96463e-09
5.50245e-08
1.92155e-09
5.50467e-08
1.88076e-09
5.50657e-08
1.84157e-09
5.50819e-08
1.8037e-09
5.50956e-08
1.76699e-09
5.51076e-08
1.73105e-09
5.51179e-08
1.69545e-09
5.51269e-08
1.6601e-09
5.51349e-08
1.6251e-09
5.51424e-08
1.59054e-09
5.51492e-08
1.55655e-09
5.51552e-08
1.52307e-09
5.51604e-08
1.49006e-09
5.51651e-08
1.45778e-09
5.51687e-08
1.42608e-09
5.5171e-08
1.394e-09
5.51718e-08
1.36066e-09
5.51716e-08
1.32569e-09
5.51708e-08
1.28839e-09
5.51697e-08
1.24786e-09
5.51686e-08
1.20406e-09
5.51679e-08
1.15776e-09
5.51675e-08
1.10987e-09
5.5167e-08
1.06153e-09
5.51655e-08
1.01441e-09
5.5162e-08
9.70074e-10
5.5156e-08
9.29252e-10
5.51471e-08
8.91656e-10
5.51354e-08
8.56329e-10
5.51215e-08
8.21783e-10
5.5106e-08
7.86263e-10
5.50898e-08
7.47866e-10
5.5073e-08
7.05021e-10
5.50554e-08
6.57081e-10
5.5036e-08
6.05112e-10
5.50148e-08
5.51739e-10
5.4992e-08
5.00349e-10
5.49689e-08
4.5377e-10
5.49468e-08
4.1383e-10
5.49265e-08
3.81289e-10
5.49081e-08
3.56422e-10
5.48906e-08
3.38987e-10
5.48727e-08
3.28265e-10
5.48535e-08
3.22474e-10
5.48324e-08
3.18975e-10
5.48096e-08
3.14518e-10
5.4786e-08
3.06669e-10
5.47628e-08
2.94665e-10
5.47407e-08
2.805e-10
5.472e-08
2.68175e-10
5.47e-08
2.62904e-10
5.46791e-08
2.68743e-10
5.46555e-08
2.8763e-10
5.46271e-08
3.17917e-10
5.45925e-08
3.55496e-10
5.45509e-08
3.94099e-10
5.45024e-08
4.27874e-10
5.44478e-08
4.51639e-10
5.43887e-08
4.62992e-10
5.4327e-08
4.6101e-10
5.42644e-08
4.4753e-10
5.42029e-08
4.24561e-10
5.41437e-08
3.95733e-10
5.40879e-08
3.63223e-10
5.40361e-08
3.30231e-10
5.39886e-08
2.97578e-10
5.39455e-08
2.67437e-10
5.39067e-08
2.39171e-10
5.38717e-08
2.14379e-10
5.38404e-08
1.91393e-10
5.38123e-08
1.71886e-10
5.37872e-08
1.53449e-10
5.37646e-08
1.38323e-10
5.37445e-08
1.23364e-10
5.37263e-08
1.11718e-10
5.37101e-08
9.93116e-11
5.36954e-08
9.0496e-11
5.36825e-08
7.99158e-11
5.36706e-08
7.35304e-11
5.36602e-08
6.41894e-11
5.36505e-08
6.00259e-11
5.36423e-08
5.14101e-11
5.36344e-08
4.94184e-11
4.10256e-11
5.57235e-08
1.49511e-09
-5.56588e-08
5.58034e-08
1.642e-09
5.58974e-08
1.76723e-09
5.60037e-08
1.88248e-09
5.61188e-08
1.98226e-09
5.62376e-08
2.0614e-09
5.63545e-08
2.11619e-09
5.64642e-08
2.14609e-09
5.65635e-08
2.15335e-09
5.66512e-08
2.14265e-09
5.67272e-08
2.11898e-09
5.67924e-08
2.08673e-09
5.6848e-08
2.04987e-09
5.68948e-08
2.01096e-09
5.69342e-08
1.97104e-09
5.69674e-08
1.93139e-09
5.69957e-08
1.89326e-09
5.70199e-08
1.85655e-09
5.70408e-08
1.82072e-09
5.70587e-08
1.78576e-09
5.70741e-08
1.75162e-09
5.70874e-08
1.71773e-09
5.70991e-08
1.6838e-09
5.71092e-08
1.64995e-09
5.71182e-08
1.61613e-09
5.71264e-08
1.58237e-09
5.71338e-08
1.54909e-09
5.71403e-08
1.51654e-09
5.71459e-08
1.48449e-09
5.71507e-08
1.45297e-09
5.71547e-08
1.42213e-09
5.71573e-08
1.39136e-09
5.71585e-08
1.35947e-09
5.71587e-08
1.32551e-09
5.71583e-08
1.28876e-09
5.71576e-08
1.24858e-09
5.71567e-08
1.20491e-09
5.7156e-08
1.15847e-09
5.71554e-08
1.11048e-09
5.71545e-08
1.06246e-09
5.71525e-08
1.01639e-09
5.71487e-08
9.73902e-10
5.71424e-08
9.35539e-10
5.71334e-08
9.00632e-10
5.71219e-08
8.67871e-10
5.71082e-08
8.35459e-10
5.70931e-08
8.01379e-10
5.70772e-08
7.63722e-10
5.70609e-08
7.21343e-10
5.70438e-08
6.74168e-10
5.70254e-08
6.23527e-10
5.70053e-08
5.71775e-10
5.6984e-08
5.21697e-10
5.69622e-08
4.7557e-10
5.69409e-08
4.35088e-10
5.69209e-08
4.01377e-10
5.69019e-08
3.75395e-10
5.68833e-08
3.5753e-10
5.68642e-08
3.47362e-10
5.68438e-08
3.42939e-10
5.68216e-08
3.41103e-10
5.67982e-08
3.37937e-10
5.67744e-08
3.30511e-10
5.67511e-08
3.17916e-10
5.67292e-08
3.02468e-10
5.67085e-08
2.88814e-10
5.66884e-08
2.8299e-10
5.66675e-08
2.89722e-10
5.66437e-08
3.11348e-10
5.66155e-08
3.46163e-10
5.65813e-08
3.89671e-10
5.65405e-08
4.34888e-10
5.64932e-08
4.75213e-10
5.64401e-08
5.04688e-10
5.63827e-08
5.20409e-10
5.63227e-08
5.21079e-10
5.62617e-08
5.08534e-10
5.62014e-08
4.84835e-10
5.61431e-08
4.53979e-10
5.6088e-08
4.18378e-10
5.60365e-08
3.81706e-10
5.59891e-08
3.44956e-10
5.59459e-08
3.10716e-10
5.59067e-08
2.78345e-10
5.58713e-08
2.49784e-10
5.58395e-08
2.23173e-10
5.58109e-08
2.00512e-10
5.57853e-08
1.79045e-10
5.57622e-08
1.61401e-10
5.57416e-08
1.43945e-10
5.5723e-08
1.3034e-10
5.57064e-08
1.15851e-10
5.56914e-08
1.05548e-10
5.56781e-08
9.31874e-11
5.56659e-08
8.57227e-11
5.56553e-08
7.48043e-11
5.56454e-08
6.99348e-11
5.5637e-08
5.98528e-11
5.56289e-08
5.75216e-11
4.7678e-11
5.78237e-08
1.43317e-09
-5.77618e-08
5.78983e-08
1.56736e-09
5.79849e-08
1.68068e-09
5.80818e-08
1.78557e-09
5.81863e-08
1.87773e-09
5.82946e-08
1.95308e-09
5.84023e-08
2.00853e-09
5.8505e-08
2.0434e-09
5.85995e-08
2.05883e-09
5.86844e-08
2.05781e-09
5.87591e-08
2.04428e-09
5.8824e-08
2.0218e-09
5.88801e-08
1.99372e-09
5.89284e-08
1.96268e-09
5.89696e-08
1.92987e-09
5.90048e-08
1.89621e-09
5.9035e-08
1.86299e-09
5.90611e-08
1.83051e-09
5.90836e-08
1.79821e-09
5.91031e-08
1.76622e-09
5.912e-08
1.73471e-09
5.91347e-08
1.70307e-09
5.91475e-08
1.67098e-09
5.91587e-08
1.63872e-09
5.91686e-08
1.60626e-09
5.91775e-08
1.57349e-09
5.91856e-08
1.54102e-09
5.91927e-08
1.50944e-09
5.91987e-08
1.4785e-09
5.92037e-08
1.44793e-09
5.92079e-08
1.41796e-09
5.92109e-08
1.38836e-09
5.92125e-08
1.35785e-09
5.92131e-08
1.32495e-09
5.9213e-08
1.28878e-09
5.92127e-08
1.24894e-09
5.92121e-08
1.20551e-09
5.92114e-08
1.15918e-09
5.92105e-08
1.11131e-09
5.92092e-08
1.06376e-09
5.92068e-08
1.01879e-09
5.92026e-08
9.78109e-10
5.91961e-08
9.42066e-10
5.91871e-08
9.09649e-10
5.91757e-08
8.79247e-10
5.91624e-08
8.48803e-10
5.91477e-08
8.16082e-10
5.91322e-08
7.79175e-10
5.91163e-08
7.37283e-10
5.90997e-08
6.90785e-10
5.9082e-08
6.41225e-10
5.9063e-08
5.90771e-10
5.90429e-08
5.41784e-10
5.90223e-08
4.96147e-10
5.90019e-08
4.5547e-10
5.89821e-08
4.21155e-10
5.89629e-08
3.9468e-10
5.89435e-08
3.76885e-10
5.89233e-08
3.67535e-10
5.89018e-08
3.64477e-10
5.88788e-08
3.64088e-10
5.88549e-08
3.61888e-10
5.88308e-08
3.54573e-10
5.88075e-08
3.41175e-10
5.87856e-08
3.24378e-10
5.8765e-08
3.09456e-10
5.87448e-08
3.03196e-10
5.87236e-08
3.10901e-10
5.86997e-08
3.35234e-10
5.86715e-08
3.74388e-10
5.86377e-08
4.23496e-10
5.85976e-08
4.74905e-10
5.85515e-08
5.2135e-10
5.85e-08
5.56171e-10
5.84444e-08
5.76025e-10
5.83862e-08
5.79268e-10
5.8327e-08
5.67733e-10
5.82684e-08
5.43504e-10
5.82114e-08
5.10904e-10
5.81573e-08
4.72534e-10
5.81065e-08
4.32503e-10
5.80595e-08
3.91943e-10
5.80164e-08
3.5385e-10
5.79771e-08
3.17562e-10
5.79416e-08
2.8537e-10
5.79095e-08
2.55223e-10
5.78805e-08
2.29465e-10
5.78546e-08
2.04992e-10
5.78312e-08
1.84838e-10
5.78102e-08
1.64874e-10
5.77913e-08
1.49295e-10
5.77744e-08
1.327e-10
5.77591e-08
1.20889e-10
5.77456e-08
1.06719e-10
5.77331e-08
9.81566e-11
5.77223e-08
8.56315e-11
5.77122e-08
8.00423e-11
5.77036e-08
6.84648e-11
5.76953e-08
6.57869e-11
5.44627e-11
5.9994e-08
1.37412e-09
-5.99349e-08
6.00637e-08
1.49758e-09
6.01435e-08
1.6009e-09
6.02321e-08
1.69701e-09
6.03273e-08
1.78246e-09
6.04263e-08
1.85414e-09
6.05254e-08
1.90946e-09
6.06211e-08
1.94768e-09
6.07105e-08
1.96939e-09
6.0792e-08
1.97632e-09
6.08649e-08
1.9714e-09
6.09291e-08
1.95761e-09
6.09853e-08
1.93755e-09
6.10343e-08
1.91366e-09
6.10767e-08
1.88742e-09
6.11134e-08
1.85954e-09
6.11453e-08
1.83113e-09
6.11729e-08
1.80285e-09
6.11969e-08
1.77426e-09
6.12178e-08
1.74531e-09
6.1236e-08
1.71644e-09
6.12519e-08
1.68719e-09
6.12658e-08
1.6571e-09
6.1278e-08
1.6265e-09
6.12888e-08
1.59549e-09
6.12984e-08
1.56389e-09
6.1307e-08
1.53238e-09
6.13146e-08
1.50184e-09
6.1321e-08
1.4721e-09
6.13263e-08
1.44262e-09
6.13307e-08
1.41358e-09
6.13341e-08
1.385e-09
6.13362e-08
1.35575e-09
6.13371e-08
1.32399e-09
6.13374e-08
1.2885e-09
6.13374e-08
1.24898e-09
6.13371e-08
1.20583e-09
6.13364e-08
1.15984e-09
6.13354e-08
1.11233e-09
6.13338e-08
1.06535e-09
6.1331e-08
1.02152e-09
6.13265e-08
9.82637e-10
6.13198e-08
9.48792e-10
6.13108e-08
9.18652e-10
6.12996e-08
8.90406e-10
6.12866e-08
8.61787e-10
6.12724e-08
8.30344e-10
6.12574e-08
7.94174e-10
6.12419e-08
7.52782e-10
6.12258e-08
7.06905e-10
6.12087e-08
6.58241e-10
6.11907e-08
6.0883e-10
6.11717e-08
5.60748e-10
6.11522e-08
5.15619e-10
6.11327e-08
4.75012e-10
6.11133e-08
4.40548e-10
6.10939e-08
4.14087e-10
6.1074e-08
3.96777e-10
6.10531e-08
3.88464e-10
6.10308e-08
3.86764e-10
6.10073e-08
3.87634e-10
6.0983e-08
3.86123e-10
6.09589e-08
3.7866e-10
6.09358e-08
3.64308e-10
6.0914e-08
3.4615e-10
6.08934e-08
3.3006e-10
6.08731e-08
3.23503e-10
6.08517e-08
3.3227e-10
6.08277e-08
3.59271e-10
6.07995e-08
4.02565e-10
6.07661e-08
4.56924e-10
6.07269e-08
5.14085e-10
6.06821e-08
5.66193e-10
6.06323e-08
6.05967e-10
6.05786e-08
6.29687e-10
6.05225e-08
6.35388e-10
6.04653e-08
6.24903e-10
6.04085e-08
6.00316e-10
6.03532e-08
5.66235e-10
6.03003e-08
5.25407e-10
6.02505e-08
4.82339e-10
6.02042e-08
4.38271e-10
6.01614e-08
3.96586e-10
6.01224e-08
3.56593e-10
6.00868e-08
3.20935e-10
6.00547e-08
2.8737e-10
6.00255e-08
2.58593e-10
5.99994e-08
2.31162e-10
5.99757e-08
2.08524e-10
5.99545e-08
1.86057e-10
5.99353e-08
1.68503e-10
5.99182e-08
1.49788e-10
5.99026e-08
1.36458e-10
5.98889e-08
1.20458e-10
5.98763e-08
1.10785e-10
5.98653e-08
9.66302e-11
5.9855e-08
9.0311e-11
5.98463e-08
7.72142e-11
5.98379e-08
7.41841e-11
6.13548e-11
6.22376e-08
1.31798e-09
-6.21815e-08
6.23028e-08
1.43245e-09
6.23763e-08
1.52734e-09
6.24574e-08
1.61593e-09
6.25444e-08
1.69543e-09
6.2635e-08
1.7636e-09
6.27261e-08
1.81834e-09
6.2815e-08
1.85877e-09
6.28992e-08
1.88518e-09
6.29769e-08
1.89857e-09
6.30475e-08
1.90088e-09
6.31104e-08
1.89462e-09
6.31662e-08
1.88184e-09
6.32153e-08
1.86447e-09
6.32586e-08
1.84421e-09
6.32962e-08
1.82185e-09
6.33293e-08
1.7981e-09
6.33582e-08
1.7739e-09
6.33834e-08
1.7491e-09
6.34054e-08
1.72329e-09
6.34249e-08
1.69698e-09
6.34419e-08
1.6702e-09
6.34567e-08
1.64228e-09
6.34698e-08
1.61338e-09
6.34814e-08
1.58391e-09
6.34916e-08
1.55367e-09
6.35008e-08
1.52323e-09
6.35088e-08
1.49378e-09
6.35156e-08
1.46529e-09
6.35213e-08
1.43699e-09
6.35259e-08
1.40894e-09
6.35295e-08
1.38136e-09
6.35321e-08
1.35321e-09
6.35335e-08
1.3226e-09
6.3534e-08
1.28795e-09
6.35342e-08
1.24878e-09
6.35342e-08
1.20587e-09
6.35336e-08
1.16038e-09
6.35325e-08
1.11351e-09
6.35306e-08
1.06721e-09
6.35276e-08
1.02449e-09
6.35229e-08
9.87378e-10
6.3516e-08
9.55653e-10
6.35071e-08
9.27608e-10
6.34962e-08
9.01316e-10
6.34836e-08
8.74378e-10
6.34698e-08
8.44133e-10
6.34553e-08
8.08669e-10
6.34403e-08
7.67772e-10
6.34247e-08
7.22473e-10
6.34084e-08
6.74572e-10
6.33912e-08
6.26014e-10
6.33733e-08
5.78703e-10
6.33548e-08
5.34102e-10
6.3336e-08
4.93775e-10
6.33171e-08
4.59513e-10
6.32977e-08
4.33457e-10
6.32775e-08
4.16946e-10
6.32562e-08
4.09823e-10
6.32335e-08
4.09452e-10
6.32097e-08
4.11406e-10
6.31855e-08
4.10349e-10
6.31616e-08
4.02539e-10
6.31388e-08
3.8714e-10
6.31172e-08
3.67661e-10
6.30968e-08
3.50538e-10
6.30764e-08
3.43842e-10
6.30549e-08
3.53762e-10
6.30308e-08
3.83386e-10
6.30028e-08
4.30607e-10
6.29698e-08
4.89855e-10
6.29316e-08
5.52312e-10
6.28882e-08
6.09614e-10
6.28402e-08
6.53934e-10
6.27887e-08
6.8123e-10
6.27348e-08
6.89252e-10
6.26799e-08
6.79836e-10
6.26252e-08
6.5504e-10
6.25717e-08
6.19727e-10
6.25203e-08
5.76744e-10
6.24717e-08
5.30961e-10
6.24263e-08
4.83694e-10
6.23842e-08
4.38694e-10
6.23456e-08
3.95229e-10
6.23102e-08
3.56289e-10
6.22781e-08
3.19443e-10
6.2249e-08
2.87749e-10
6.22227e-08
2.57424e-10
6.21989e-08
2.32344e-10
6.21775e-08
2.07396e-10
6.21582e-08
1.87879e-10
6.21409e-08
1.67042e-10
6.21252e-08
1.52189e-10
6.21113e-08
1.34348e-10
6.20985e-08
1.23557e-10
6.20874e-08
1.07756e-10
6.2077e-08
1.007e-10
6.20682e-08
8.60663e-11
6.20597e-08
8.268e-11
6.83272e-11
6.45581e-08
1.26495e-09
-6.4505e-08
6.46185e-08
1.372e-09
6.46863e-08
1.45962e-09
6.47607e-08
1.54152e-09
6.48404e-08
1.61575e-09
6.49233e-08
1.68063e-09
6.50071e-08
1.73454e-09
6.50895e-08
1.77644e-09
6.51683e-08
1.80631e-09
6.52421e-08
1.82485e-09
6.53097e-08
1.83322e-09
6.5371e-08
1.83333e-09
6.54258e-08
1.827e-09
6.54747e-08
1.81563e-09
6.55181e-08
1.8008e-09
6.55564e-08
1.78358e-09
6.55901e-08
1.76438e-09
6.56199e-08
1.74404e-09
6.56461e-08
1.72291e-09
6.56691e-08
1.70036e-09
6.56894e-08
1.67661e-09
6.57074e-08
1.65224e-09
6.57231e-08
1.62661e-09
6.57369e-08
1.59951e-09
6.57492e-08
1.57164e-09
6.57599e-08
1.54293e-09
6.57695e-08
1.51363e-09
6.57781e-08
1.48523e-09
6.57853e-08
1.45805e-09
6.57913e-08
1.43103e-09
6.57961e-08
1.40409e-09
6.58e-08
1.37752e-09
6.58029e-08
1.35034e-09
6.58047e-08
1.32075e-09
6.58056e-08
1.28706e-09
6.5806e-08
1.24841e-09
6.58061e-08
1.2057e-09
6.58058e-08
1.16073e-09
6.58046e-08
1.11471e-09
6.58025e-08
1.06929e-09
6.57993e-08
1.02765e-09
6.57945e-08
9.92227e-10
6.57876e-08
9.62562e-10
6.57787e-08
9.36483e-10
6.57681e-08
9.11939e-10
6.57559e-08
8.86517e-10
6.57427e-08
8.57398e-10
6.57287e-08
8.22616e-10
6.57143e-08
7.82195e-10
6.56994e-08
7.37429e-10
6.56837e-08
6.90198e-10
6.56674e-08
6.42368e-10
6.56503e-08
5.9574e-10
6.56327e-08
5.51694e-10
6.56147e-08
5.11812e-10
6.55962e-08
4.78019e-10
6.5577e-08
4.52653e-10
6.55568e-08
4.37159e-10
6.55353e-08
4.31314e-10
6.55125e-08
4.32213e-10
6.54889e-08
4.35085e-10
6.54649e-08
4.34282e-10
6.54415e-08
4.25976e-10
6.54191e-08
4.09491e-10
6.5398e-08
3.88771e-10
6.53778e-08
3.70779e-10
6.53575e-08
3.64113e-10
6.5336e-08
3.75276e-10
6.53119e-08
4.0747e-10
6.52841e-08
4.58395e-10
6.52518e-08
5.22163e-10
6.52147e-08
5.89455e-10
6.51728e-08
6.51473e-10
6.51268e-08
6.9992e-10
6.50776e-08
7.30493e-10
6.50261e-08
7.40684e-10
6.49736e-08
7.32336e-10
6.49212e-08
7.07464e-10
6.48698e-08
6.71152e-10
6.48202e-08
6.26308e-10
6.47731e-08
5.7813e-10
6.47288e-08
5.27977e-10
6.46875e-08
4.79949e-10
6.46495e-08
4.33256e-10
6.46145e-08
3.91237e-10
6.45827e-08
3.51268e-10
6.45537e-08
3.16774e-10
6.45275e-08
2.8364e-10
6.45036e-08
2.56177e-10
6.44823e-08
2.28784e-10
6.44628e-08
2.07328e-10
6.44455e-08
1.84378e-10
6.44297e-08
1.6801e-10
6.44157e-08
1.48324e-10
6.44028e-08
1.36413e-10
6.43916e-08
1.18958e-10
6.43812e-08
1.11162e-10
6.43722e-08
9.49805e-11
6.43637e-08
9.12362e-11
7.5348e-11
6.69587e-08
1.21598e-09
-6.69098e-08
6.70142e-08
1.31655e-09
6.70765e-08
1.39727e-09
6.7145e-08
1.47302e-09
6.72181e-08
1.54262e-09
6.72942e-08
1.60456e-09
6.73712e-08
1.6575e-09
6.74473e-08
1.70036e-09
6.75208e-08
1.73282e-09
6.75903e-08
1.75537e-09
6.76547e-08
1.76876e-09
6.77138e-08
1.77424e-09
6.77673e-08
1.7735e-09
6.78154e-08
1.76762e-09
6.78584e-08
1.75772e-09
6.78969e-08
1.74515e-09
6.79309e-08
1.73032e-09
6.79613e-08
1.71369e-09
6.79882e-08
1.69599e-09
6.80118e-08
1.67673e-09
6.80328e-08
1.65564e-09
6.80515e-08
1.63358e-09
6.80678e-08
1.61024e-09
6.80823e-08
1.58502e-09
6.80952e-08
1.55873e-09
6.81065e-08
1.53165e-09
6.81164e-08
1.5037e-09
6.81253e-08
1.47635e-09
6.81329e-08
1.45043e-09
6.81392e-08
1.42479e-09
6.81443e-08
1.399e-09
6.81483e-08
1.37347e-09
6.81514e-08
1.34722e-09
6.81537e-08
1.31849e-09
6.8155e-08
1.28574e-09
6.81556e-08
1.24784e-09
6.81558e-08
1.20547e-09
6.81556e-08
1.1609e-09
6.81546e-08
1.11581e-09
6.81523e-08
1.07151e-09
6.8149e-08
1.03101e-09
6.81441e-08
9.97103e-10
6.81373e-08
9.69382e-10
6.81286e-08
9.45208e-10
6.81182e-08
9.2225e-10
6.81066e-08
8.9815e-10
6.80939e-08
8.70071e-10
6.80806e-08
8.35966e-10
6.80668e-08
7.95998e-10
6.80525e-08
7.51713e-10
6.80376e-08
7.05089e-10
6.80221e-08
6.5792e-10
6.80059e-08
6.11925e-10
6.79891e-08
5.68458e-10
6.79718e-08
5.29148e-10
6.79538e-08
4.96018e-10
6.79349e-08
4.71543e-10
6.79148e-08
4.57204e-10
6.78935e-08
4.52669e-10
6.78709e-08
4.54756e-10
6.78476e-08
4.58384e-10
6.78243e-08
4.57664e-10
6.78015e-08
4.48752e-10
6.77798e-08
4.31181e-10
6.77592e-08
4.09334e-10
6.77394e-08
3.90654e-10
6.77193e-08
3.84194e-10
6.76979e-08
3.96686e-10
6.76739e-08
4.31387e-10
6.76466e-08
4.85788e-10
6.7615e-08
5.53702e-10
6.75791e-08
6.25367e-10
6.7539e-08
6.91625e-10
6.74951e-08
7.4378e-10
6.74483e-08
7.77322e-10
6.73994e-08
7.89518e-10
6.73495e-08
7.82223e-10
6.72996e-08
7.57391e-10
6.72505e-08
7.20298e-10
6.72029e-08
6.73877e-10
6.71574e-08
6.23618e-10
6.71145e-08
5.70892e-10
6.70743e-08
5.20127e-10
6.70371e-08
4.70464e-10
6.70028e-08
4.2558e-10
6.69714e-08
3.82661e-10
6.69426e-08
3.45502e-10
6.69166e-08
3.0966e-10
6.68929e-08
2.79888e-10
6.68716e-08
2.50102e-10
6.68522e-08
2.26742e-10
6.68349e-08
2.01702e-10
6.6819e-08
1.83833e-10
6.6805e-08
1.6231e-10
6.67922e-08
1.49285e-10
6.6781e-08
1.30176e-10
6.67705e-08
1.21643e-10
6.67615e-08
1.03909e-10
6.6753e-08
9.9808e-11
8.238e-11
6.94417e-08
1.17198e-09
-6.93977e-08
6.94927e-08
1.2656e-09
6.95506e-08
1.33934e-09
6.96138e-08
1.40983e-09
6.96809e-08
1.47553e-09
6.97506e-08
1.53489e-09
6.98213e-08
1.5868e-09
6.98914e-08
1.63022e-09
6.99596e-08
1.66463e-09
7.00247e-08
1.69029e-09
7.00857e-08
1.70775e-09
7.01421e-08
1.7178e-09
7.01938e-08
1.72182e-09
7.02407e-08
1.72079e-09
7.02829e-08
1.71544e-09
7.0321e-08
1.70705e-09
7.03551e-08
1.69627e-09
7.03855e-08
1.68326e-09
7.04127e-08
1.66878e-09
7.04368e-08
1.65266e-09
7.04581e-08
1.6343e-09
7.04773e-08
1.61444e-09
7.04942e-08
1.59329e-09
7.05092e-08
1.57009e-09
7.05225e-08
1.54538e-09
7.05343e-08
1.51989e-09
7.05445e-08
1.4935e-09
7.05535e-08
1.46732e-09
7.05614e-08
1.44254e-09
7.05679e-08
1.41825e-09
7.05733e-08
1.39368e-09
7.05776e-08
1.36916e-09
7.05809e-08
1.34389e-09
7.05834e-08
1.31598e-09
7.05851e-08
1.28403e-09
7.0586e-08
1.24699e-09
7.05862e-08
1.2052e-09
7.05861e-08
1.16099e-09
7.05853e-08
1.11669e-09
7.05831e-08
1.07371e-09
7.05795e-08
1.03454e-09
7.05747e-08
1.00199e-09
7.0568e-08
9.75992e-10
7.05596e-08
9.53674e-10
7.05496e-08
9.32224e-10
7.05385e-08
9.09246e-10
7.05265e-08
8.82073e-10
7.05138e-08
8.4864e-10
7.05007e-08
8.09126e-10
7.04871e-08
7.65274e-10
7.0473e-08
7.19212e-10
7.04583e-08
6.72675e-10
7.04429e-08
6.27295e-10
7.04269e-08
5.84426e-10
7.04103e-08
5.45776e-10
7.03929e-08
5.1345e-10
7.03744e-08
4.89999e-10
7.03547e-08
4.76889e-10
7.03337e-08
4.7365e-10
7.03117e-08
4.76821e-10
7.0289e-08
4.81047e-10
7.02664e-08
4.8026e-10
7.02445e-08
4.70665e-10
7.02236e-08
4.5204e-10
7.02038e-08
4.29201e-10
7.01844e-08
4.10023e-10
7.01647e-08
4.0394e-10
7.01435e-08
4.17839e-10
7.01199e-08
4.5498e-10
7.00931e-08
5.12624e-10
7.00625e-08
5.84311e-10
7.00279e-08
6.59893e-10
6.99896e-08
7.29922e-10
6.99481e-08
7.85369e-10
6.99038e-08
8.21572e-10
6.98577e-08
8.35602e-10
6.98106e-08
8.29332e-10
6.97634e-08
8.04641e-10
6.97167e-08
7.6697e-10
6.96713e-08
7.19242e-10
6.96277e-08
6.67205e-10
6.95864e-08
6.12216e-10
6.95475e-08
5.59007e-10
6.95114e-08
5.06637e-10
6.94778e-08
4.59113e-10
6.94471e-08
4.13431e-10
6.94188e-08
3.73756e-10
6.93931e-08
3.35322e-10
6.93697e-08
3.0333e-10
6.93486e-08
2.71216e-10
6.93293e-08
2.46001e-10
6.93121e-08
2.18907e-10
6.92964e-08
1.99563e-10
6.92825e-08
1.76221e-10
6.92697e-08
1.62096e-10
6.92585e-08
1.41342e-10
6.92481e-08
1.32077e-10
6.92392e-08
1.12798e-10
6.92307e-08
1.08343e-10
8.9381e-11
9.87282e-08
1.10273e-09
-9.86589e-08
9.87994e-08
1.19437e-09
9.88741e-08
1.26461e-09
9.89529e-08
1.33107e-09
9.90353e-08
1.39312e-09
9.91203e-08
1.4499e-09
9.92065e-08
1.50057e-09
9.92924e-08
1.54433e-09
9.93765e-08
1.58056e-09
9.94575e-08
1.60926e-09
9.95344e-08
1.63089e-09
9.96062e-08
1.64597e-09
9.96728e-08
1.65527e-09
9.97338e-08
1.65971e-09
9.97894e-08
1.65989e-09
9.98398e-08
1.65661e-09
9.98854e-08
1.6507e-09
9.99264e-08
1.64229e-09
9.99634e-08
1.63178e-09
9.99965e-08
1.61951e-09
1.00026e-07
1.60491e-09
1.00052e-07
1.58806e-09
1.00076e-07
1.56962e-09
1.00097e-07
1.54925e-09
1.00115e-07
1.5269e-09
1.00132e-07
1.50349e-09
1.00146e-07
1.47925e-09
1.00159e-07
1.45473e-09
1.0017e-07
1.43131e-09
1.00179e-07
1.40889e-09
1.00187e-07
1.38622e-09
1.00193e-07
1.36307e-09
1.00198e-07
1.33901e-09
1.00201e-07
1.3122e-09
1.00204e-07
1.28121e-09
1.00206e-07
1.24536e-09
1.00206e-07
1.20466e-09
1.00206e-07
1.16099e-09
1.00205e-07
1.11757e-09
1.00203e-07
1.0765e-09
1.00198e-07
1.03943e-09
1.00191e-07
1.00858e-09
1.00183e-07
9.84553e-10
1.00172e-07
9.64612e-10
1.00159e-07
9.45129e-10
1.00145e-07
9.23393e-10
1.00129e-07
8.97198e-10
1.00113e-07
8.64656e-10
1.00097e-07
8.25793e-10
1.0008e-07
7.82476e-10
1.00062e-07
7.37116e-10
1.00043e-07
6.91432e-10
1.00023e-07
6.469e-10
1.00003e-07
6.04876e-10
9.99814e-08
5.67223e-10
9.99587e-08
5.36141e-10
9.99345e-08
5.1421e-10
9.99086e-08
5.02807e-10
9.9881e-08
5.01243e-10
9.98521e-08
5.05695e-10
9.98227e-08
5.10492e-10
9.97935e-08
5.09406e-10
9.97654e-08
4.98797e-10
9.97386e-08
4.78825e-10
9.97129e-08
4.54872e-10
9.96876e-08
4.35327e-10
9.96615e-08
4.30021e-10
9.96334e-08
4.45944e-10
9.96021e-08
4.86277e-10
9.95668e-08
5.47955e-10
9.95269e-08
6.24185e-10
9.94825e-08
7.04379e-10
9.94336e-08
7.78797e-10
9.93809e-08
8.38068e-10
9.9325e-08
8.774e-10
9.9267e-08
8.93645e-10
9.92076e-08
8.88707e-10
9.91479e-08
8.6435e-10
9.90887e-08
8.26191e-10
9.90308e-08
7.77098e-10
9.89749e-08
7.23111e-10
9.89216e-08
6.65533e-10
9.88712e-08
6.09468e-10
9.8824e-08
5.53845e-10
9.878e-08
5.03103e-10
9.87394e-08
4.53983e-10
9.8702e-08
4.11142e-10
9.8668e-08
3.69395e-10
9.86367e-08
3.34543e-10
9.86086e-08
2.99397e-10
9.85828e-08
2.71751e-10
9.85598e-08
2.41946e-10
9.85387e-08
2.20646e-10
9.852e-08
1.94885e-10
9.85028e-08
1.79287e-10
9.84878e-08
1.56337e-10
9.84738e-08
1.46087e-10
9.84619e-08
1.24739e-10
9.84504e-08
1.19802e-10
9.87819e-11
1.10787e-07
1.04351e-09
-1.10728e-07
1.10853e-07
1.12836e-09
1.10924e-07
1.19387e-09
1.10998e-07
1.25694e-09
1.11075e-07
1.3162e-09
1.11154e-07
1.37086e-09
1.11234e-07
1.42033e-09
1.11315e-07
1.46387e-09
1.11394e-07
1.50119e-09
1.11471e-07
1.53215e-09
1.11545e-07
1.55697e-09
1.11615e-07
1.57607e-09
1.11681e-07
1.58984e-09
1.11741e-07
1.59905e-09
1.11797e-07
1.60421e-09
1.11848e-07
1.60567e-09
1.11895e-07
1.60416e-09
1.11937e-07
1.60005e-09
1.11975e-07
1.59344e-09
1.1201e-07
1.58478e-09
1.12041e-07
1.57392e-09
1.12068e-07
1.56039e-09
1.12093e-07
1.54466e-09
1.12116e-07
1.52696e-09
1.12136e-07
1.50707e-09
1.12153e-07
1.48574e-09
1.12169e-07
1.46372e-09
1.12182e-07
1.44124e-09
1.12194e-07
1.41936e-09
1.12204e-07
1.39869e-09
1.12213e-07
1.37807e-09
1.12219e-07
1.35646e-09
1.12225e-07
1.3335e-09
1.12229e-07
1.30776e-09
1.12233e-07
1.27774e-09
1.12235e-07
1.24303e-09
1.12236e-07
1.20366e-09
1.12236e-07
1.16093e-09
1.12235e-07
1.11835e-09
1.12233e-07
1.07903e-09
1.12228e-07
1.04432e-09
1.12221e-07
1.01539e-09
1.12213e-07
9.93068e-10
1.12202e-07
9.75216e-10
1.12189e-07
9.57692e-10
1.12176e-07
9.37144e-10
1.12161e-07
9.11704e-10
1.12146e-07
8.79948e-10
1.1213e-07
8.41821e-10
1.12113e-07
7.99105e-10
1.12096e-07
7.54443e-10
1.12078e-07
7.09642e-10
1.12058e-07
6.66043e-10
1.12038e-07
6.24956e-10
1.12017e-07
5.88409e-10
1.11995e-07
5.58725e-10
1.1197e-07
5.38464e-10
1.11944e-07
5.28837e-10
1.11917e-07
5.28894e-10
1.11888e-07
5.34452e-10
1.11859e-07
5.39572e-10
1.1183e-07
5.37953e-10
1.11803e-07
5.26203e-10
1.11777e-07
5.04926e-10
1.11752e-07
4.80074e-10
1.11726e-07
4.60488e-10
1.117e-07
4.56292e-10
1.11672e-07
4.74461e-10
1.1164e-07
5.18012e-10
1.11604e-07
5.83521e-10
1.11565e-07
6.63882e-10
1.11521e-07
7.48142e-10
1.11473e-07
8.2637e-10
1.11422e-07
8.88945e-10
1.11369e-07
9.31022e-10
1.11313e-07
9.49278e-10
1.11256e-07
9.45662e-10
1.11199e-07
9.21797e-10
1.11142e-07
8.83444e-10
1.11085e-07
8.33361e-10
1.11031e-07
7.77841e-10
1.10978e-07
7.18083e-10
1.10928e-07
6.59541e-10
1.10881e-07
6.0099e-10
1.10837e-07
5.47295e-10
1.10796e-07
4.94934e-10
1.10758e-07
4.49073e-10
1.10723e-07
4.04099e-10
1.10691e-07
3.6644e-10
1.10662e-07
3.2827e-10
1.10636e-07
2.9819e-10
1.10612e-07
2.65639e-10
1.1059e-07
2.42354e-10
1.10571e-07
2.14117e-10
1.10553e-07
1.97013e-10
1.10538e-07
1.71801e-10
1.10524e-07
1.6054e-10
1.10511e-07
1.37053e-10
1.10499e-07
1.31623e-10
1.08472e-10
1.24309e-07
9.9112e-10
-1.24257e-07
1.24367e-07
1.07036e-09
1.2443e-07
1.13091e-09
1.24497e-07
1.19007e-09
1.24567e-07
1.2465e-09
1.24639e-07
1.29918e-09
1.24711e-07
1.34742e-09
1.24785e-07
1.39052e-09
1.24858e-07
1.42838e-09
1.24929e-07
1.46089e-09
1.24998e-07
1.48809e-09
1.25064e-07
1.51028e-09
1.25126e-07
1.52773e-09
1.25184e-07
1.54086e-09
1.25238e-07
1.55019e-09
1.25288e-07
1.55588e-09
1.25333e-07
1.5583e-09
1.25375e-07
1.55804e-09
1.25414e-07
1.55529e-09
1.25448e-07
1.5502e-09
1.25479e-07
1.54262e-09
1.25508e-07
1.53208e-09
1.25534e-07
1.51892e-09
1.25557e-07
1.50377e-09
1.25577e-07
1.48653e-09
1.25596e-07
1.4675e-09
1.25612e-07
1.44762e-09
1.25626e-07
1.42728e-09
1.25638e-07
1.40709e-09
1.25649e-07
1.3879e-09
1.25658e-07
1.36907e-09
1.25665e-07
1.34917e-09
1.25671e-07
1.32745e-09
1.25676e-07
1.30284e-09
1.2568e-07
1.2739e-09
1.25683e-07
1.24016e-09
1.25684e-07
1.20199e-09
1.25685e-07
1.16052e-09
1.25684e-07
1.119e-09
1.25682e-07
1.08117e-09
1.25677e-07
1.04875e-09
1.25671e-07
1.02204e-09
1.25663e-07
1.00136e-09
1.25653e-07
9.85114e-10
1.25641e-07
9.69299e-10
1.25628e-07
9.49961e-10
1.25615e-07
9.25155e-10
1.25601e-07
8.93988e-10
1.25586e-07
8.56602e-10
1.2557e-07
8.14605e-10
1.25554e-07
7.70666e-10
1.25537e-07
7.26734e-10
1.25519e-07
6.84119e-10
1.255e-07
6.44061e-10
1.2548e-07
6.08698e-10
1.25458e-07
5.80483e-10
1.25434e-07
5.61951e-10
1.25409e-07
5.54084e-10
1.25382e-07
5.55629e-10
1.25355e-07
5.62063e-10
1.25327e-07
5.67241e-10
1.253e-07
5.64873e-10
1.25275e-07
5.51894e-10
1.2525e-07
5.29397e-10
1.25226e-07
5.03891e-10
1.25202e-07
4.8459e-10
1.25177e-07
4.81802e-10
1.25149e-07
5.02375e-10
1.25118e-07
5.4909e-10
1.25083e-07
6.18133e-10
1.25045e-07
7.0213e-10
1.25003e-07
7.89835e-10
1.24958e-07
8.71226e-10
1.24911e-07
9.36532e-10
1.24861e-07
9.80929e-10
1.24809e-07
1.00096e-09
1.24756e-07
9.98636e-10
1.24702e-07
9.75414e-10
1.24649e-07
9.37162e-10
1.24596e-07
8.86485e-10
1.24544e-07
8.29882e-10
1.24493e-07
7.68405e-10
1.24445e-07
7.07827e-10
1.24399e-07
6.46745e-10
1.24356e-07
5.90443e-10
1.24316e-07
5.35125e-10
1.24279e-07
4.86471e-10
1.24244e-07
4.38445e-10
1.24212e-07
3.98109e-10
1.24184e-07
3.57009e-10
1.24157e-07
3.2456e-10
1.24134e-07
2.89303e-10
1.24112e-07
2.64059e-10
1.24093e-07
2.33358e-10
1.24075e-07
2.14756e-10
1.2406e-07
1.87279e-10
1.24045e-07
1.75008e-10
1.24033e-07
1.49374e-10
1.24021e-07
1.4345e-10
1.18158e-10
1.39466e-07
9.4591e-10
-1.3942e-07
1.39515e-07
1.021e-09
1.39568e-07
1.07753e-09
1.39626e-07
1.13294e-09
1.39686e-07
1.18634e-09
1.39748e-07
1.23685e-09
1.39812e-07
1.2838e-09
1.39876e-07
1.32638e-09
1.3994e-07
1.36444e-09
1.40003e-07
1.39796e-09
1.40064e-07
1.42688e-09
1.40123e-07
1.45133e-09
1.40179e-07
1.47156e-09
1.40232e-07
1.48777e-09
1.40282e-07
1.50034e-09
1.40328e-07
1.50954e-09
1.40371e-07
1.51563e-09
1.4041e-07
1.51888e-09
1.40446e-07
1.51929e-09
1.40479e-07
1.51693e-09
1.4051e-07
1.51206e-09
1.40537e-07
1.50453e-09
1.40562e-07
1.49416e-09
1.40585e-07
1.48132e-09
1.40605e-07
1.46636e-09
1.40623e-07
1.44955e-09
1.40639e-07
1.43159e-09
1.40653e-07
1.41311e-09
1.40665e-07
1.39465e-09
1.40676e-07
1.37696e-09
1.40686e-07
1.35982e-09
1.40693e-07
1.3417e-09
1.40699e-07
1.32125e-09
1.40705e-07
1.29755e-09
1.40709e-07
1.26952e-09
1.40712e-07
1.23668e-09
1.40715e-07
1.19962e-09
1.40716e-07
1.15959e-09
1.40715e-07
1.11939e-09
1.40714e-07
1.08281e-09
1.4071e-07
1.05225e-09
1.40704e-07
1.0278e-09
1.40697e-07
1.0089e-09
1.40688e-07
9.93958e-10
1.40678e-07
9.7944e-10
1.40667e-07
9.61211e-10
1.40655e-07
9.36984e-10
1.40643e-07
9.06187e-10
1.4063e-07
8.69411e-10
1.40616e-07
8.28205e-10
1.40602e-07
7.85058e-10
1.40587e-07
7.41961e-10
1.4057e-07
7.00306e-10
1.40553e-07
6.61301e-10
1.40535e-07
6.27136e-10
1.40515e-07
6.00368e-10
1.40493e-07
5.8352e-10
1.4047e-07
5.77325e-10
1.40445e-07
5.80187e-10
1.4042e-07
5.87256e-10
1.40395e-07
5.92242e-10
1.40371e-07
5.88941e-10
1.40348e-07
5.74675e-10
1.40327e-07
5.5105e-10
1.40306e-07
5.25104e-10
1.40284e-07
5.06347e-10
1.4026e-07
5.0517e-10
1.40235e-07
5.28202e-10
1.40206e-07
5.77924e-10
1.40174e-07
6.50134e-10
1.40139e-07
7.37219e-10
1.40101e-07
8.27726e-10
1.4006e-07
9.11629e-10
1.40018e-07
9.79096e-10
1.39973e-07
1.02539e-09
1.39927e-07
1.04696e-09
1.3988e-07
1.04588e-09
1.39832e-07
1.02344e-09
1.39784e-07
9.85565e-10
1.39736e-07
9.34684e-10
1.39688e-07
8.77446e-10
1.39642e-07
8.14732e-10
1.39597e-07
7.52588e-10
1.39554e-07
6.89428e-10
1.39514e-07
6.30921e-10
1.39476e-07
5.73013e-10
1.3944e-07
5.21873e-10
1.39408e-07
4.71067e-10
1.39378e-07
4.28271e-10
1.3935e-07
3.84435e-10
1.39325e-07
3.49763e-10
1.39302e-07
3.11942e-10
1.39282e-07
2.84836e-10
1.39263e-07
2.5178e-10
1.39246e-07
2.31741e-10
1.39231e-07
2.02091e-10
1.39218e-07
1.88846e-10
1.39206e-07
1.61153e-10
1.39194e-07
1.54743e-10
1.27405e-10
1.56453e-07
9.09987e-10
-1.56417e-07
1.56492e-07
9.82131e-10
1.56534e-07
1.03557e-09
1.56579e-07
1.08776e-09
1.56627e-07
1.1383e-09
1.56678e-07
1.18661e-09
1.56729e-07
1.23213e-09
1.56782e-07
1.27418e-09
1.56834e-07
1.31229e-09
1.56885e-07
1.3464e-09
1.56936e-07
1.37644e-09
1.56985e-07
1.40247e-09
1.57031e-07
1.42464e-09
1.57076e-07
1.44311e-09
1.57118e-07
1.45818e-09
1.57158e-07
1.47009e-09
1.57195e-07
1.47879e-09
1.57229e-07
1.48443e-09
1.57261e-07
1.48735e-09
1.5729e-07
1.48771e-09
1.57317e-07
1.48541e-09
1.57341e-07
1.4802e-09
1.57363e-07
1.47194e-09
1.57384e-07
1.46096e-09
1.57402e-07
1.44771e-09
1.57419e-07
1.43264e-09
1.57434e-07
1.41646e-09
1.57448e-07
1.39992e-09
1.57459e-07
1.38333e-09
1.57469e-07
1.36697e-09
1.57478e-07
1.35087e-09
1.57486e-07
1.33399e-09
1.57492e-07
1.31482e-09
1.57497e-07
1.29213e-09
1.57502e-07
1.26499e-09
1.57506e-07
1.23293e-09
1.57509e-07
1.19667e-09
1.5751e-07
1.15781e-09
1.57511e-07
1.11901e-09
1.5751e-07
1.08372e-09
1.57507e-07
1.05467e-09
1.57503e-07
1.03216e-09
1.57497e-07
1.01496e-09
1.5749e-07
1.00103e-09
1.57482e-07
9.87301e-10
1.57473e-07
9.69908e-10
1.57464e-07
9.4627e-10
1.57455e-07
9.15797e-10
1.57444e-07
8.79508e-10
1.57434e-07
8.39074e-10
1.57422e-07
7.96747e-10
1.57409e-07
7.54416e-10
1.57396e-07
7.13591e-10
1.57382e-07
6.75542e-10
1.57367e-07
6.42481e-10
1.5735e-07
6.17014e-10
1.57332e-07
6.01656e-10
1.57312e-07
5.96914e-10
1.57292e-07
6.00856e-10
1.5727e-07
6.08331e-10
1.5725e-07
6.1296e-10
1.5723e-07
6.08671e-10
1.57211e-07
5.93177e-10
1.57194e-07
5.68562e-10
1.57177e-07
5.42327e-10
1.57159e-07
5.24202e-10
1.57139e-07
5.24585e-10
1.57118e-07
5.49854e-10
1.57094e-07
6.02188e-10
1.57067e-07
6.77037e-10
1.57037e-07
7.66608e-10
1.57006e-07
8.59316e-10
1.56972e-07
9.45188e-10
1.56937e-07
1.01439e-09
1.569e-07
1.06229e-09
1.56862e-07
1.08528e-09
1.56822e-07
1.08547e-09
1.56781e-07
1.06396e-09
1.5674e-07
1.02674e-09
1.56699e-07
9.76013e-10
1.56658e-07
9.18541e-10
1.56618e-07
8.55034e-10
1.56578e-07
7.91766e-10
1.56541e-07
7.26981e-10
1.56505e-07
6.66688e-10
1.56471e-07
6.06607e-10
1.5644e-07
5.53343e-10
1.56411e-07
5.00124e-10
1.56384e-07
4.55166e-10
1.5636e-07
4.08911e-10
1.56337e-07
3.72255e-10
1.56317e-07
3.32144e-10
1.56298e-07
3.0336e-10
1.56282e-07
2.68194e-10
1.56267e-07
2.46852e-10
1.56254e-07
2.15255e-10
1.56241e-07
2.01118e-10
1.56231e-07
1.71579e-10
1.56221e-07
1.64763e-10
1.35518e-10
1.75492e-07
8.85603e-10
-1.75467e-07
1.75518e-07
9.55914e-10
1.75546e-07
1.00725e-09
1.75577e-07
1.05711e-09
1.7561e-07
1.10545e-09
1.75644e-07
1.15196e-09
1.7568e-07
1.19621e-09
1.75717e-07
1.23774e-09
1.75753e-07
1.27582e-09
1.75789e-07
1.3102e-09
1.75825e-07
1.34087e-09
1.7586e-07
1.36782e-09
1.75893e-07
1.39113e-09
1.75925e-07
1.41095e-09
1.75956e-07
1.42744e-09
1.75985e-07
1.4408e-09
1.76013e-07
1.45122e-09
1.76038e-07
1.45884e-09
1.76062e-07
1.46372e-09
1.76084e-07
1.46573e-09
1.76105e-07
1.4648e-09
1.76124e-07
1.46096e-09
1.76142e-07
1.45422e-09
1.76158e-07
1.44469e-09
1.76173e-07
1.43288e-09
1.76186e-07
1.4193e-09
1.76198e-07
1.4044e-09
1.76209e-07
1.38881e-09
1.76219e-07
1.37321e-09
1.76228e-07
1.358e-09
1.76236e-07
1.34307e-09
1.76243e-07
1.32733e-09
1.76249e-07
1.30906e-09
1.76254e-07
1.28693e-09
1.76259e-07
1.26024e-09
1.76263e-07
1.22879e-09
1.76266e-07
1.19327e-09
1.76269e-07
1.15538e-09
1.7627e-07
1.11773e-09
1.7627e-07
1.08346e-09
1.76269e-07
1.05537e-09
1.76267e-07
1.03414e-09
1.76264e-07
1.01829e-09
1.7626e-07
1.00524e-09
1.76255e-07
9.92044e-10
1.7625e-07
9.75225e-10
1.76244e-07
9.52109e-10
1.76238e-07
9.21955e-10
1.76231e-07
8.86038e-10
1.76224e-07
8.46236e-10
1.76216e-07
8.04633e-10
1.76208e-07
7.62924e-10
1.76199e-07
7.22686e-10
1.76189e-07
6.85305e-10
1.76178e-07
6.53045e-10
1.76167e-07
6.28541e-10
1.76154e-07
6.14308e-10
1.7614e-07
6.10688e-10
1.76126e-07
6.15466e-10
1.76111e-07
6.23229e-10
1.76096e-07
6.2752e-10
1.76083e-07
6.22384e-10
1.7607e-07
6.0585e-10
1.76058e-07
5.80383e-10
1.76047e-07
5.53835e-10
1.76035e-07
5.36098e-10
1.76022e-07
5.37561e-10
1.76007e-07
5.64407e-10
1.75991e-07
6.18594e-10
1.75972e-07
6.95336e-10
1.75952e-07
7.86743e-10
1.7593e-07
8.81162e-10
1.75907e-07
9.68688e-10
1.75882e-07
1.03948e-09
1.75855e-07
1.08899e-09
1.75827e-07
1.1135e-09
1.75797e-07
1.11511e-09
1.75766e-07
1.09478e-09
1.75735e-07
1.05844e-09
1.75703e-07
1.00816e-09
1.7567e-07
9.50755e-10
1.75639e-07
8.86804e-10
1.75608e-07
8.22764e-10
1.75578e-07
7.56761e-10
1.75549e-07
6.95077e-10
1.75523e-07
6.33271e-10
1.75498e-07
5.783e-10
1.75475e-07
5.23133e-10
1.75454e-07
4.76421e-10
1.75434e-07
4.28207e-10
1.75417e-07
3.89937e-10
1.75401e-07
3.47978e-10
1.75386e-07
3.17835e-10
1.75374e-07
2.80973e-10
1.75362e-07
2.58586e-10
1.75352e-07
2.25432e-10
1.75342e-07
2.10597e-10
1.75334e-07
1.79572e-10
1.75327e-07
1.72348e-10
1.41878e-10
1.96825e-07
-1.96816e-07
1.96836e-07
1.96847e-07
1.96859e-07
1.96872e-07
1.96886e-07
1.969e-07
1.96915e-07
1.9693e-07
1.96945e-07
1.96959e-07
1.96974e-07
1.96988e-07
1.97002e-07
1.97016e-07
1.97029e-07
1.97041e-07
1.97052e-07
1.97063e-07
1.97074e-07
1.97084e-07
1.97094e-07
1.97103e-07
1.97111e-07
1.97119e-07
1.97126e-07
1.97134e-07
1.9714e-07
1.97146e-07
1.97151e-07
1.97157e-07
1.97162e-07
1.97167e-07
1.97171e-07
1.97175e-07
1.97178e-07
1.97182e-07
1.97185e-07
1.97188e-07
1.9719e-07
1.97192e-07
1.97194e-07
1.97194e-07
1.97195e-07
1.97195e-07
1.97195e-07
1.97194e-07
1.97194e-07
1.97193e-07
1.97192e-07
1.97191e-07
1.97189e-07
1.97187e-07
1.97184e-07
1.97181e-07
1.97178e-07
1.97174e-07
1.9717e-07
1.97165e-07
1.9716e-07
1.97156e-07
1.97151e-07
1.97147e-07
1.97144e-07
1.9714e-07
1.97137e-07
1.97132e-07
1.97127e-07
1.97121e-07
1.97114e-07
1.97106e-07
1.97097e-07
1.97086e-07
1.97074e-07
1.97062e-07
1.97048e-07
1.97032e-07
1.97016e-07
1.96999e-07
1.96982e-07
1.96965e-07
1.96947e-07
1.9693e-07
1.96914e-07
1.96898e-07
1.96883e-07
1.96869e-07
1.96856e-07
1.96844e-07
1.96833e-07
1.96822e-07
1.96813e-07
1.96805e-07
1.96798e-07
1.96791e-07
1.96785e-07
1.96779e-07
1.96775e-07
1.9677e-07
3.44477e-08
4.55331e-10
3.44365e-08
-4.20149e-11
3.43581e-08
1.96104e-10
3.42367e-08
2.00366e-10
3.39787e-08
4.11374e-10
3.3352e-08
9.73858e-10
1.71385e-09
3.59545e-08
3.70854e-10
3.57596e-08
1.52934e-10
3.5761e-08
1.94646e-10
3.54667e-08
4.94698e-10
3.52582e-08
6.19847e-10
3.47611e-08
1.471e-09
2.02811e-09
3.73227e-08
2.5099e-10
3.71476e-08
3.28033e-10
3.70658e-08
2.7638e-10
3.68698e-08
6.90763e-10
3.65589e-08
9.30708e-10
3.6363e-08
1.66691e-09
2.24125e-09
3.86416e-08
1.94445e-10
3.85517e-08
4.1792e-10
3.83998e-08
4.28308e-10
3.82608e-08
8.29717e-10
3.79933e-08
1.19822e-09
3.7891e-08
1.76925e-09
2.34594e-09
4.00306e-08
1.82514e-10
3.99775e-08
4.71023e-10
3.98168e-08
5.89018e-10
3.96867e-08
9.59827e-10
3.94995e-08
1.3854e-09
3.94088e-08
1.85997e-09
2.37676e-09
4.14982e-08
1.89876e-10
4.14534e-08
5.15847e-10
4.13087e-08
7.33719e-10
4.11842e-08
1.08437e-09
4.10541e-08
1.51544e-09
4.09772e-08
1.93685e-09
2.36708e-09
4.30327e-08
2.04928e-10
4.29878e-08
5.60741e-10
4.2866e-08
8.55468e-10
4.27525e-08
1.19787e-09
4.26586e-08
1.60936e-09
4.26067e-08
1.98881e-09
2.33603e-09
4.46292e-08
2.229e-10
4.45827e-08
6.0719e-10
4.4484e-08
9.54189e-10
4.4386e-08
1.29585e-09
4.43183e-08
1.67712e-09
4.42925e-08
2.01457e-09
2.29177e-09
4.62875e-08
2.41419e-10
4.62407e-08
6.53987e-10
4.6162e-08
1.0329e-09
4.60824e-08
1.37547e-09
4.6036e-08
1.72354e-09
4.6032e-08
2.01852e-09
2.23821e-09
4.80088e-08
2.59139e-10
4.79639e-08
6.98945e-10
4.79016e-08
1.09513e-09
4.78413e-08
1.43583e-09
4.78132e-08
1.75162e-09
4.78256e-08
2.00612e-09
2.17818e-09
4.97948e-08
2.75288e-10
4.97538e-08
7.39936e-10
4.97053e-08
1.14361e-09
4.96634e-08
1.47779e-09
4.96511e-08
1.76394e-09
4.96754e-08
1.98181e-09
2.114e-09
5.16476e-08
2.89416e-10
5.16122e-08
7.75334e-10
5.15756e-08
1.18021e-09
5.155e-08
1.50339e-09
5.1551e-08
1.76295e-09
5.15842e-08
1.94859e-09
2.04737e-09
5.35693e-08
3.01262e-10
5.35405e-08
8.0414e-10
5.35146e-08
1.20616e-09
5.35028e-08
1.51513e-09
5.35149e-08
1.75089e-09
5.3555e-08
1.90854e-09
1.97952e-09
5.55626e-08
3.10691e-10
5.55408e-08
8.25917e-10
5.55246e-08
1.22232e-09
5.55242e-08
1.51559e-09
5.55453e-08
1.72976e-09
5.55906e-08
1.86325e-09
1.91135e-09
5.76298e-08
3.17668e-10
5.7615e-08
8.40674e-10
5.76079e-08
1.22944e-09
5.76165e-08
1.50703e-09
5.76449e-08
1.70135e-09
5.7694e-08
1.81416e-09
1.84359e-09
5.97737e-08
3.22243e-10
5.97656e-08
8.48733e-10
5.97668e-08
1.22832e-09
5.97826e-08
1.4912e-09
5.98166e-08
1.66736e-09
5.98682e-08
1.76256e-09
1.77686e-09
6.1997e-08
3.24547e-10
6.19952e-08
8.50603e-10
6.20036e-08
1.21991e-09
6.20254e-08
1.46935e-09
6.20635e-08
1.62928e-09
6.21164e-08
1.70967e-09
1.71178e-09
6.43027e-08
3.24801e-10
6.43065e-08
8.46806e-10
6.4321e-08
1.20538e-09
6.43479e-08
1.44249e-09
6.4389e-08
1.58815e-09
6.44422e-08
1.65641e-09
1.64897e-09
6.66936e-08
3.23324e-10
6.67026e-08
8.37811e-10
6.6722e-08
1.18599e-09
6.67528e-08
1.41168e-09
6.67962e-08
1.54472e-09
6.68497e-08
1.60291e-09
1.58893e-09
6.91728e-08
3.20596e-10
6.91854e-08
8.25203e-10
6.9208e-08
1.1634e-09
6.92412e-08
1.3785e-09
6.92857e-08
1.5002e-09
6.93403e-08
1.54827e-09
1.5315e-09
9.83739e-08
3.15796e-10
9.83874e-08
8.117e-10
9.84158e-08
1.13498e-09
9.84585e-08
1.33577e-09
9.85142e-08
1.44453e-09
9.85793e-08
1.48323e-09
1.45184e-09
1.10422e-07
3.08978e-10
1.10444e-07
7.90492e-10
1.10477e-07
1.10162e-09
1.10524e-07
1.28917e-09
1.10583e-07
1.38467e-09
1.10654e-07
1.41268e-09
1.37762e-09
1.23946e-07
2.99846e-10
1.23975e-07
7.62092e-10
1.24014e-07
1.06198e-09
1.24065e-07
1.23863e-09
1.24125e-07
1.32496e-09
1.2419e-07
1.34738e-09
1.31069e-09
1.39126e-07
2.88888e-10
1.39157e-07
7.31205e-10
1.39199e-07
1.01976e-09
1.39249e-07
1.18863e-09
1.39304e-07
1.2699e-09
1.39362e-07
1.28952e-09
1.25215e-09
1.56162e-07
2.77939e-10
1.56191e-07
7.02703e-10
1.56229e-07
9.81071e-10
1.56274e-07
1.144e-09
1.56321e-07
1.22241e-09
1.5637e-07
1.24104e-09
1.20462e-09
1.75282e-07
2.69487e-10
1.75303e-07
6.81456e-10
1.75332e-07
9.52296e-10
1.75365e-07
1.11098e-09
1.754e-07
1.18782e-09
1.75434e-07
1.20649e-09
1.17176e-09
1.96742e-07
1.9675e-07
1.96762e-07
1.96775e-07
1.96789e-07
1.96803e-07
)
;

boundaryField
{
    top
    {
        type            calculated;
        value           nonuniform List<scalar> 
107
(
8.75948e-10
9.455e-10
9.96068e-10
1.04501e-09
1.09242e-09
1.13813e-09
1.18177e-09
1.2229e-09
1.26096e-09
1.29538e-09
1.32613e-09
1.35324e-09
1.37681e-09
1.39697e-09
1.41396e-09
1.428e-09
1.43916e-09
1.44732e-09
1.45252e-09
1.45494e-09
1.45463e-09
1.45149e-09
1.44544e-09
1.4365e-09
1.42501e-09
1.41163e-09
1.39718e-09
1.38237e-09
1.36747e-09
1.3525e-09
1.33752e-09
1.32201e-09
1.30438e-09
1.28284e-09
1.25646e-09
1.22514e-09
1.18975e-09
1.15209e-09
1.11483e-09
1.08101e-09
1.05343e-09
1.03283e-09
1.01763e-09
1.00499e-09
9.91989e-10
9.75346e-10
9.52438e-10
9.22457e-10
8.8675e-10
8.47284e-10
8.06073e-10
7.64703e-10
7.24761e-10
6.87702e-10
6.5583e-10
6.31796e-10
6.18111e-10
6.15036e-10
6.20224e-10
6.28136e-10
6.32277e-10
6.26756e-10
6.09756e-10
5.83922e-10
5.57272e-10
5.39774e-10
5.41815e-10
5.69491e-10
6.24673e-10
7.02476e-10
7.9498e-10
8.90506e-10
9.79178e-10
1.05114e-09
1.10185e-09
1.12753e-09
1.13025e-09
1.11085e-09
1.07526e-09
1.02545e-09
9.68261e-10
9.04221e-10
8.39879e-10
7.73308e-10
7.10935e-10
6.48246e-10
5.92378e-10
5.36176e-10
4.88513e-10
4.39238e-10
4.00076e-10
3.57101e-10
3.2619e-10
2.88388e-10
2.65393e-10
2.31372e-10
2.1611e-10
1.84292e-10
1.76937e-10
1.45195e-10
2.6606e-10
6.72875e-10
9.40714e-10
1.09773e-09
1.17401e-09
1.19272e-09
1.15882e-09
)
;
    }
    inlet
    {
        type            calculated;
        value           nonuniform List<scalar> 
27
(
-9.83691e-08
-1.10416e-07
-1.23937e-07
-1.39115e-07
-1.56151e-07
-1.75274e-07
-1.96738e-07
-3.4585e-08
-3.587e-08
-3.72028e-08
-3.85851e-08
-4.00187e-08
-4.15056e-08
-4.30477e-08
-4.46472e-08
-4.6306e-08
-4.80265e-08
-4.9811e-08
-5.16617e-08
-5.35812e-08
-5.5572e-08
-5.76368e-08
-5.97783e-08
-6.19993e-08
-6.43029e-08
-6.66921e-08
-6.91701e-08
)
;
    }
    outlet
    {
        type            calculated;
        value           nonuniform List<scalar> 
27
(
9.8441e-08
1.1049e-07
1.24011e-07
1.39185e-07
1.56213e-07
1.7532e-07
1.96767e-07
3.80554e-09
1.16837e-08
1.94834e-08
2.66022e-08
3.26118e-08
3.73619e-08
4.09726e-08
4.37321e-08
4.59644e-08
4.79344e-08
4.98145e-08
5.1698e-08
5.36279e-08
5.56222e-08
5.76885e-08
5.9831e-08
6.20527e-08
6.43567e-08
6.67459e-08
6.92237e-08
)
;
    }
    plate
    {
        type            calculated;
        value           uniform 0;
    }
    symmBound
    {
        type            calculated;
        value           nonuniform List<scalar> 7(-3.17955e-10 5.31279e-11 -1.17632e-10 -7.89845e-11 -1.53412e-10 -3.47102e-10 -5.19369e-10);
    }
    frontAndBack
    {
        type            empty;
        value           nonuniform 0();
    }
}


// ************************************************************************* //
