/*--------------------------------*- C++ -*----------------------------------*\
| =========                 |                                                 |
| \\      /  F ield         | OpenFOAM: The Open Source CFD Toolbox           |
|  \\    /   O peration     | Version:  2.3.0                                 |
|   \\  /    A nd           | Web:      www.OpenFOAM.org                      |
|    \\/     M anipulation  |                                                 |
\*---------------------------------------------------------------------------*/
FoamFile
{
    version     2.0;
    format      ascii;
    class       surfaceScalarField;
    location    "0.85";
    object      phi_0;
}
// * * * * * * * * * * * * * * * * * * * * * * * * * * * * * * * * * * * * * //

dimensions      [0 3 -1 0 0 0 0];

internalField   nonuniform List<scalar> 
5764
(
2.00245e-08
5.01075e-09
-2.50352e-08
1.48945e-08
5.13e-09
1.09258e-08
3.96866e-09
8.23224e-09
2.6936e-09
6.59109e-09
1.64115e-09
5.64073e-09
9.50357e-10
5.07066e-09
5.7007e-10
4.6909e-09
3.79763e-10
4.40182e-09
2.89076e-10
4.15927e-09
2.42551e-10
3.9469e-09
2.12371e-10
3.75898e-09
1.8792e-10
3.59245e-09
1.66528e-10
3.44444e-09
1.48014e-10
3.31206e-09
1.32376e-10
3.19275e-09
1.19315e-10
3.08438e-09
1.08367e-10
2.9853e-09
9.90813e-11
2.89421e-09
9.10875e-11
2.81008e-09
8.41282e-11
2.73208e-09
7.80029e-11
2.6595e-09
7.25781e-11
2.59176e-09
6.77427e-11
2.52835e-09
6.3409e-11
2.46884e-09
5.95113e-11
2.41286e-09
5.59851e-11
2.36007e-09
5.2786e-11
2.3102e-09
4.98712e-11
2.26299e-09
4.72067e-11
2.21823e-09
4.47634e-11
2.17571e-09
4.25182e-11
2.13526e-09
4.0446e-11
2.09673e-09
3.85363e-11
2.05997e-09
3.6761e-11
2.02484e-09
3.51245e-11
1.99125e-09
3.35887e-11
1.95908e-09
3.21767e-11
1.92824e-09
3.08392e-11
1.89863e-09
2.96108e-11
1.87019e-09
2.8439e-11
1.84282e-09
2.73675e-11
1.81649e-09
2.6328e-11
1.7911e-09
2.5397e-11
1.76663e-09
2.44646e-11
1.74298e-09
2.3652e-11
1.72016e-09
2.28151e-11
1.69806e-09
2.21004e-11
1.67672e-09
2.13412e-11
1.656e-09
2.07209e-11
1.63598e-09
2.00166e-11
1.6165e-09
1.94888e-11
1.59767e-09
1.88256e-11
1.57929e-09
1.83841e-11
1.56153e-09
1.77512e-11
1.54415e-09
1.73872e-11
1.52737e-09
1.67792e-11
1.51087e-09
1.64948e-11
1.49499e-09
1.58863e-11
1.47928e-09
1.5705e-11
1.4642e-09
1.50778e-11
1.44922e-09
1.49887e-11
1.43487e-09
1.43499e-11
1.4205e-09
1.43627e-11
1.40683e-09
1.36731e-11
1.39299e-09
1.3844e-11
1.37992e-09
1.30663e-11
1.36651e-09
1.34058e-11
1.35398e-09
1.25338e-11
1.34089e-09
1.3087e-11
1.32883e-09
1.20667e-11
1.3159e-09
1.29238e-11
1.30421e-09
1.16878e-11
1.29125e-09
1.29665e-11
1.27981e-09
1.14344e-11
1.44282e-11
2.69244e-08
4.90538e-09
-2.6819e-08
2.55753e-08
6.4791e-09
2.35613e-08
5.98259e-09
2.14036e-08
4.85137e-09
1.93768e-08
3.66796e-09
1.7608e-08
2.71914e-09
1.61243e-08
2.05374e-09
1.49063e-08
1.5978e-09
1.39104e-08
1.28493e-09
1.30874e-08
1.06557e-09
1.23935e-08
9.06282e-10
1.1796e-08
7.85356e-10
1.12729e-08
6.89657e-10
1.08091e-08
6.11857e-10
1.03938e-08
5.47635e-10
1.00191e-08
4.94075e-10
9.67848e-09
4.48939e-10
9.36708e-09
4.10489e-10
9.08083e-09
3.77339e-10
8.81647e-09
3.48489e-10
8.57134e-09
3.23131e-10
8.34321e-09
3.00704e-10
8.13023e-09
2.80725e-10
7.9308e-09
2.62842e-10
7.74356e-09
2.46748e-10
7.56734e-09
2.32205e-10
7.40113e-09
2.18998e-10
7.24402e-09
2.06976e-10
7.09526e-09
1.95971e-10
6.95413e-09
1.85894e-10
6.82004e-09
1.7661e-10
6.69242e-09
1.68064e-10
6.5708e-09
1.60152e-10
6.45473e-09
1.52833e-10
6.34382e-09
1.46032e-10
6.23771e-09
1.39706e-10
6.13607e-09
1.33816e-10
6.03859e-09
1.28312e-10
5.94503e-09
1.23171e-10
5.85512e-09
1.18354e-10
5.76864e-09
1.13843e-10
5.68538e-09
1.09592e-10
5.60515e-09
1.05629e-10
5.52777e-09
1.01846e-10
5.45307e-09
9.8345e-11
5.38091e-09
9.4973e-11
5.31116e-09
9.18561e-11
5.24367e-09
8.88316e-11
5.17833e-09
8.60629e-11
5.11503e-09
8.33158e-11
5.05365e-09
8.08685e-11
4.99412e-09
7.83505e-11
4.93632e-09
7.61914e-11
4.8802e-09
7.38652e-11
4.82563e-09
7.19581e-11
4.77261e-09
6.98039e-11
4.72097e-09
6.81343e-11
4.67076e-09
6.60939e-11
4.62176e-09
6.4699e-11
4.57412e-09
6.27241e-11
4.52754e-09
6.15712e-11
4.48221e-09
5.96804e-11
4.4378e-09
5.87722e-11
4.39458e-09
5.68924e-11
4.35208e-09
5.63389e-11
4.31076e-09
5.4391e-11
4.26995e-09
5.42114e-11
4.23028e-09
5.22037e-11
4.19089e-09
5.24764e-11
4.15263e-09
5.03337e-11
4.11432e-09
5.12321e-11
4.07713e-09
4.88778e-11
4.03948e-09
5.06173e-11
4.00283e-09
4.80847e-11
5.34324e-11
2.83082e-08
4.2727e-09
-2.76755e-08
2.86202e-08
6.16704e-09
2.83092e-08
6.29361e-09
2.75911e-08
5.56952e-09
2.66291e-08
4.62992e-09
2.55491e-08
3.79912e-09
2.44388e-08
3.16413e-09
2.33505e-08
2.68603e-09
2.23187e-08
2.3168e-09
2.13598e-08
2.0244e-09
2.04774e-08
1.78873e-09
1.96677e-08
1.59501e-09
1.89252e-08
1.43223e-09
1.82436e-08
1.29337e-09
1.76173e-08
1.17394e-09
1.70406e-08
1.07081e-09
1.65081e-08
9.81403e-10
1.60151e-08
9.0355e-10
1.55571e-08
8.35294e-10
1.51305e-08
7.75126e-10
1.47319e-08
7.217e-10
1.43586e-08
6.74058e-10
1.4008e-08
6.31298e-10
1.3678e-08
5.92794e-10
1.33669e-08
5.57925e-10
1.30728e-08
5.26277e-10
1.27944e-08
4.97382e-10
1.25304e-08
4.70994e-10
1.22796e-08
4.46724e-10
1.20411e-08
4.24448e-10
1.18139e-08
4.03831e-10
1.15971e-08
3.84832e-10
1.13901e-08
3.6715e-10
1.11921e-08
3.50799e-10
1.10027e-08
3.35511e-10
1.0821e-08
3.21329e-10
1.06468e-08
3.08013e-10
1.04795e-08
2.95636e-10
1.03187e-08
2.8395e-10
1.0164e-08
2.73094e-10
1.00151e-08
2.62781e-10
9.87145e-09
2.53194e-10
9.73301e-09
2.44064e-10
9.59931e-09
2.35547e-10
9.47024e-09
2.27416e-10
9.34538e-09
2.19837e-10
9.2247e-09
2.1254e-10
9.10776e-09
2.05767e-10
8.99461e-09
1.99207e-10
8.88482e-09
1.9311e-10
8.77848e-09
1.87209e-10
8.67514e-09
1.81691e-10
8.57496e-09
1.76367e-10
8.47748e-09
1.71354e-10
8.38291e-09
1.66521e-10
8.29074e-09
1.61976e-10
8.20129e-09
1.57581e-10
8.11398e-09
1.53411e-10
8.02919e-09
1.49482e-10
7.94631e-09
1.45613e-10
7.8658e-09
1.42076e-10
7.78694e-09
1.38546e-10
7.71034e-09
1.35371e-10
7.63514e-09
1.32089e-10
7.56206e-09
1.29415e-10
7.49017e-09
1.26284e-10
7.42028e-09
1.24107e-10
7.35129e-09
1.21185e-10
7.28419e-09
1.19583e-10
7.21769e-09
1.16828e-10
7.15291e-09
1.16012e-10
7.08838e-09
1.1341e-10
7.0253e-09
1.13697e-10
6.96202e-09
1.11364e-10
1.16874e-10
2.91278e-08
3.86325e-09
-2.87184e-08
2.97212e-08
5.57362e-09
3.00071e-08
6.00777e-09
3.001e-08
5.56662e-09
2.97926e-08
4.84729e-09
2.94116e-08
4.18013e-09
2.89157e-08
3.66001e-09
2.83407e-08
3.26103e-09
2.77175e-08
2.93998e-09
2.70704e-08
2.67156e-09
2.64155e-08
2.44365e-09
2.57629e-08
2.24758e-09
2.51194e-08
2.07571e-09
2.44902e-08
1.92261e-09
2.38791e-08
1.78496e-09
2.32891e-08
1.66087e-09
2.27216e-08
1.54884e-09
2.21776e-08
1.44762e-09
2.1657e-08
1.35588e-09
2.11595e-08
1.27262e-09
2.06845e-08
1.19673e-09
2.0231e-08
1.12753e-09
1.97981e-08
1.06415e-09
1.93848e-08
1.0061e-09
1.89901e-08
9.52673e-10
1.86128e-08
9.03551e-10
1.82521e-08
8.58116e-10
1.79069e-08
8.16211e-10
1.75763e-08
7.77248e-10
1.72596e-08
7.41221e-10
1.69558e-08
7.07556e-10
1.66643e-08
6.76366e-10
1.63844e-08
6.47074e-10
1.61153e-08
6.19901e-10
1.58565e-08
5.94256e-10
1.56074e-08
5.70445e-10
1.53676e-08
5.47861e-10
1.51363e-08
5.26903e-10
1.49134e-08
5.06891e-10
1.46981e-08
4.88376e-10
1.44903e-08
4.70553e-10
1.42894e-08
4.54117e-10
1.40953e-08
4.3819e-10
1.39073e-08
4.23535e-10
1.37255e-08
4.0922e-10
1.35492e-08
3.96145e-10
1.33785e-08
3.83184e-10
1.32128e-08
3.71493e-10
1.30523e-08
3.59721e-10
1.28962e-08
3.49217e-10
1.27449e-08
3.38494e-10
1.25975e-08
3.29036e-10
1.24547e-08
3.19216e-10
1.23153e-08
3.10697e-10
1.21802e-08
3.01633e-10
1.20482e-08
2.93995e-10
1.19202e-08
2.85581e-10
1.17949e-08
2.78705e-10
1.16735e-08
2.70944e-10
1.15543e-08
2.64736e-10
1.14389e-08
2.57491e-10
1.13254e-08
2.52018e-10
1.12156e-08
2.45212e-10
1.11073e-08
2.40377e-10
1.10026e-08
2.34153e-10
1.0899e-08
2.29864e-10
1.07989e-08
2.24172e-10
1.06996e-08
2.20559e-10
1.06037e-08
2.15459e-10
1.0508e-08
2.1253e-10
1.04157e-08
2.08273e-10
1.03231e-08
2.06058e-10
1.02336e-08
2.03188e-10
1.01432e-08
2.01701e-10
2.05392e-10
3.00302e-08
3.62068e-09
-2.97876e-08
3.05686e-08
5.03528e-09
3.09673e-08
5.609e-09
3.11777e-08
5.35624e-09
3.12442e-08
4.78074e-09
3.12022e-08
4.2222e-09
3.10728e-08
3.78937e-09
3.08705e-08
3.46334e-09
3.06092e-08
3.20129e-09
3.03023e-08
2.97845e-09
2.99604e-08
2.78553e-09
2.95906e-08
2.61741e-09
2.9198e-08
2.46835e-09
2.87871e-08
2.33344e-09
2.83628e-08
2.20934e-09
2.79292e-08
2.09446e-09
2.74903e-08
1.98768e-09
2.70495e-08
1.88841e-09
2.66096e-08
1.79577e-09
2.61729e-08
1.70934e-09
2.57413e-08
1.62833e-09
2.53163e-08
1.55256e-09
2.48991e-08
1.48136e-09
2.44905e-08
1.41468e-09
2.40913e-08
1.35188e-09
2.37018e-08
1.29305e-09
2.33224e-08
1.2375e-09
2.29531e-08
1.18547e-09
2.25942e-08
1.13621e-09
2.22453e-08
1.0901e-09
2.19066e-08
1.0463e-09
2.15776e-08
1.00534e-09
2.12584e-08
9.66289e-10
2.09485e-08
9.29823e-10
2.06478e-08
8.949e-10
2.03559e-08
8.62353e-10
2.00727e-08
8.31024e-10
1.97977e-08
8.01927e-10
1.95309e-08
7.73708e-10
1.92716e-08
7.47666e-10
1.902e-08
7.22161e-10
1.87753e-08
6.98791e-10
1.85378e-08
6.75682e-10
1.83067e-08
6.54663e-10
1.80823e-08
6.33625e-10
1.78637e-08
6.14738e-10
1.76514e-08
5.95459e-10
1.74444e-08
5.78485e-10
1.72434e-08
5.60758e-10
1.70471e-08
5.45469e-10
1.68565e-08
5.2911e-10
1.66702e-08
5.15344e-10
1.64893e-08
5.00155e-10
1.63122e-08
4.87789e-10
1.61403e-08
4.73567e-10
1.59717e-08
4.62543e-10
1.58082e-08
4.49126e-10
1.56476e-08
4.39313e-10
1.54918e-08
4.26679e-10
1.53386e-08
4.17975e-10
1.51902e-08
4.05918e-10
1.50437e-08
3.98434e-10
1.49021e-08
3.86823e-10
1.4762e-08
3.80468e-10
1.46268e-08
3.69441e-10
1.44925e-08
3.64143e-10
1.43631e-08
3.53594e-10
1.42341e-08
3.49559e-10
1.411e-08
3.39545e-10
1.39857e-08
3.36814e-10
1.38663e-08
3.27666e-10
1.37461e-08
3.26253e-10
1.36304e-08
3.18863e-10
1.35135e-08
3.18595e-10
3.18657e-10
3.10011e-08
3.46173e-09
-3.08421e-08
3.14452e-08
4.59112e-09
3.18423e-08
5.21197e-09
3.20896e-08
5.10889e-09
3.2224e-08
4.64636e-09
3.22882e-08
4.15803e-09
3.23005e-08
3.77703e-09
3.22678e-08
3.49607e-09
3.21952e-08
3.27386e-09
3.20891e-08
3.08459e-09
3.19549e-08
2.91969e-09
3.17958e-08
2.77648e-09
3.16133e-08
2.65091e-09
3.14083e-08
2.53846e-09
3.11823e-08
2.43527e-09
3.09374e-08
2.33938e-09
3.06757e-08
2.24939e-09
3.03993e-08
2.16483e-09
3.01104e-08
2.08469e-09
2.98109e-08
2.00884e-09
2.95028e-08
1.93637e-09
2.91879e-08
1.86745e-09
2.8868e-08
1.80129e-09
2.85444e-08
1.73825e-09
2.82188e-08
1.67756e-09
2.78921e-08
1.61974e-09
2.75656e-08
1.56394e-09
2.72402e-08
1.51087e-09
2.69169e-08
1.45952e-09
2.65962e-08
1.41084e-09
2.62789e-08
1.36361e-09
2.59652e-08
1.319e-09
2.56559e-08
1.27557e-09
2.5351e-08
1.23474e-09
2.50511e-08
1.19479e-09
2.4756e-08
1.15743e-09
2.44664e-08
1.12068e-09
2.41818e-08
1.08654e-09
2.39028e-08
1.05267e-09
2.36289e-08
1.02153e-09
2.33608e-08
9.90275e-10
2.30977e-08
9.61881e-10
2.28404e-08
9.33013e-10
2.25879e-08
9.0712e-10
2.23412e-08
8.80367e-10
2.20991e-08
8.56828e-10
2.18627e-08
8.31903e-10
2.16306e-08
8.10553e-10
2.14041e-08
7.87265e-10
2.11817e-08
7.67909e-10
2.09647e-08
7.46074e-10
2.07515e-08
7.28575e-10
2.05436e-08
7.07982e-10
2.03392e-08
6.92238e-10
2.01401e-08
6.72661e-10
1.9944e-08
6.5865e-10
1.97532e-08
6.39887e-10
1.9565e-08
6.27497e-10
1.93822e-08
6.09513e-10
1.92015e-08
5.98651e-10
1.90262e-08
5.81196e-10
1.88526e-08
5.72034e-10
1.86845e-08
5.54921e-10
1.85176e-08
5.47393e-10
1.83563e-08
5.30766e-10
1.81956e-08
5.24826e-10
1.80407e-08
5.08544e-10
1.78858e-08
5.04458e-10
1.77367e-08
4.88606e-10
1.75871e-08
4.86429e-10
1.74433e-08
4.71467e-10
1.72984e-08
4.71149e-10
1.71589e-08
4.58352e-10
1.70179e-08
4.59588e-10
4.54631e-10
3.20116e-08
3.34058e-09
-3.18904e-08
3.23678e-08
4.23489e-09
3.27399e-08
4.83993e-09
3.2992e-08
4.85673e-09
3.31374e-08
4.50099e-09
3.32235e-08
4.07196e-09
3.3275e-08
3.72552e-09
3.32989e-08
3.47212e-09
3.32981e-08
3.27473e-09
3.32763e-08
3.1064e-09
3.32378e-08
2.95812e-09
3.31851e-08
2.82923e-09
3.31184e-08
2.71758e-09
3.30372e-08
2.61972e-09
3.2941e-08
2.53144e-09
3.28298e-08
2.45057e-09
3.2704e-08
2.37518e-09
3.2564e-08
2.30486e-09
3.24104e-08
2.23827e-09
3.22438e-08
2.17544e-09
3.20651e-08
2.11505e-09
3.1875e-08
2.05755e-09
3.16746e-08
2.0017e-09
3.14646e-08
1.94827e-09
3.12461e-08
1.89601e-09
3.102e-08
1.84593e-09
3.07873e-08
1.79665e-09
3.05486e-08
1.74948e-09
3.03053e-08
1.70282e-09
3.00578e-08
1.65835e-09
2.98073e-08
1.61414e-09
2.9554e-08
1.57227e-09
2.92992e-08
1.53042e-09
2.90429e-08
1.49105e-09
2.87862e-08
1.45146e-09
2.85291e-08
1.41451e-09
2.82727e-08
1.37707e-09
2.80168e-08
1.3425e-09
2.77624e-08
1.30707e-09
2.7509e-08
1.27488e-09
2.72579e-08
1.24136e-09
2.70084e-08
1.21144e-09
2.67616e-08
1.17977e-09
2.65167e-08
1.15201e-09
2.62751e-08
1.12201e-09
2.60355e-08
1.0964e-09
2.57996e-08
1.06785e-09
2.55658e-08
1.04435e-09
2.53359e-08
1.01714e-09
2.51082e-08
9.95631e-10
2.48846e-08
9.69625e-10
2.46632e-08
9.50044e-10
2.44461e-08
9.25062e-10
2.42309e-08
9.07361e-10
2.40204e-08
8.83191e-10
2.38116e-08
8.67437e-10
2.36077e-08
8.43863e-10
2.34052e-08
8.29993e-10
2.32077e-08
8.07006e-10
2.30114e-08
7.94941e-10
2.28203e-08
7.72276e-10
2.263e-08
7.62284e-10
2.24453e-08
7.39717e-10
2.22609e-08
7.3177e-10
2.20822e-08
7.09477e-10
2.19034e-08
7.03541e-10
2.17306e-08
6.81392e-10
2.15573e-08
6.7779e-10
2.13899e-08
6.55933e-10
2.12217e-08
6.5471e-10
2.10594e-08
6.33766e-10
2.08957e-08
6.34812e-10
2.07377e-08
6.16399e-10
2.05779e-08
6.19384e-10
6.0878e-10
3.30508e-08
3.23261e-09
-3.29428e-08
3.33343e-08
3.9514e-09
3.36711e-08
4.5031e-09
3.39219e-08
4.60597e-09
3.40713e-08
4.35159e-09
3.41604e-08
3.98285e-09
3.42201e-08
3.6658e-09
3.42599e-08
3.43228e-09
3.42819e-08
3.25273e-09
3.42888e-08
3.09955e-09
3.42847e-08
2.96221e-09
3.42727e-08
2.84121e-09
3.4254e-08
2.7363e-09
3.42281e-08
2.64564e-09
3.41944e-08
2.56511e-09
3.41523e-08
2.49265e-09
3.41017e-08
2.42581e-09
3.40421e-08
2.36444e-09
3.39736e-08
2.30679e-09
3.38958e-08
2.25328e-09
3.38087e-08
2.20205e-09
3.37123e-08
2.15397e-09
3.36068e-08
2.10718e-09
3.34922e-08
2.06294e-09
3.33689e-08
2.01933e-09
3.32368e-08
1.97796e-09
3.30968e-08
1.93666e-09
3.29488e-08
1.8975e-09
3.27937e-08
1.85795e-09
3.26314e-08
1.82062e-09
3.2463e-08
1.78254e-09
3.22884e-08
1.74688e-09
3.21087e-08
1.71012e-09
3.19237e-08
1.67606e-09
3.17346e-08
1.64053e-09
3.15411e-08
1.60797e-09
3.13446e-08
1.5736e-09
3.11445e-08
1.54257e-09
3.09423e-08
1.50925e-09
3.07374e-08
1.47983e-09
3.05312e-08
1.44754e-09
3.03229e-08
1.41973e-09
3.01142e-08
1.3885e-09
2.99039e-08
1.36228e-09
2.96939e-08
1.33201e-09
2.94828e-08
1.30749e-09
2.92727e-08
1.278e-09
2.90618e-08
1.25522e-09
2.88525e-08
1.22647e-09
2.86427e-08
1.20543e-09
2.8435e-08
1.17736e-09
2.82269e-08
1.15808e-09
2.80214e-08
1.13055e-09
2.78158e-08
1.11302e-09
2.76131e-08
1.08586e-09
2.74103e-08
1.07027e-09
2.72109e-08
1.04327e-09
2.70112e-08
1.02962e-09
2.68154e-08
1.00284e-09
2.66193e-08
9.9105e-10
2.64274e-08
9.64218e-10
2.62349e-08
9.54689e-10
2.60471e-08
9.27579e-10
2.58585e-08
9.20328e-10
2.56748e-08
8.93188e-10
2.54902e-08
8.88147e-10
2.53107e-08
8.60895e-10
2.513e-08
8.58465e-10
2.49546e-08
8.31353e-10
2.47778e-08
8.31545e-10
2.46062e-08
8.05364e-10
2.4433e-08
8.08036e-10
2.42647e-08
7.84671e-10
2.40945e-08
7.89569e-10
7.73717e-10
3.41128e-08
3.12791e-09
-3.40081e-08
3.43423e-08
3.7219e-09
3.46391e-08
4.20636e-09
3.48829e-08
4.36215e-09
3.50367e-08
4.19781e-09
3.51274e-08
3.89212e-09
3.51887e-08
3.60452e-09
3.52333e-08
3.38767e-09
3.52634e-08
3.22266e-09
3.52802e-08
3.08272e-09
3.52874e-08
2.95495e-09
3.52886e-08
2.84002e-09
3.5286e-08
2.73896e-09
3.52797e-08
2.65188e-09
3.52698e-08
2.57501e-09
3.52558e-08
2.50673e-09
3.52376e-08
2.444e-09
3.52148e-08
2.38719e-09
3.51876e-08
2.33401e-09
3.51553e-08
2.28557e-09
3.5118e-08
2.23935e-09
3.50751e-08
2.19692e-09
3.50266e-08
2.15562e-09
3.49721e-08
2.11749e-09
3.49117e-08
2.07972e-09
3.48448e-08
2.0448e-09
3.4772e-08
2.00951e-09
3.46925e-08
1.97697e-09
3.46071e-08
1.94341e-09
3.4515e-08
1.91267e-09
3.44172e-08
1.88037e-09
3.43129e-08
1.85114e-09
3.42032e-08
1.81984e-09
3.40873e-08
1.79193e-09
3.39664e-08
1.76145e-09
3.38397e-08
1.73468e-09
3.37085e-08
1.70482e-09
3.35719e-08
1.67915e-09
3.34314e-08
1.64972e-09
3.3286e-08
1.62523e-09
3.31374e-08
1.59617e-09
3.29843e-08
1.57282e-09
3.28286e-08
1.5442e-09
3.26689e-08
1.52199e-09
3.25072e-08
1.49369e-09
3.23419e-08
1.47277e-09
3.21753e-08
1.44458e-09
3.20056e-08
1.42501e-09
3.18351e-08
1.39693e-09
3.16618e-08
1.37876e-09
3.14884e-08
1.35077e-09
3.13124e-08
1.33408e-09
3.11368e-08
1.30609e-09
3.0959e-08
1.29089e-09
3.07821e-08
1.26269e-09
3.06031e-08
1.24927e-09
3.04257e-08
1.22068e-09
3.02462e-08
1.2091e-09
3.00688e-08
1.18031e-09
2.98894e-08
1.17043e-09
2.97125e-08
1.14111e-09
2.95337e-08
1.13348e-09
2.93578e-08
1.10344e-09
2.918e-08
1.09811e-09
2.90055e-08
1.06775e-09
2.88291e-08
1.06455e-09
2.86562e-08
1.03378e-09
2.84814e-08
1.03323e-09
2.83103e-08
1.00249e-09
2.81373e-08
1.00452e-09
2.79679e-08
9.74756e-10
2.77967e-08
9.79235e-10
2.76289e-08
9.52483e-10
2.74592e-08
9.59307e-10
9.3967e-10
3.5196e-08
3.02487e-09
-3.5093e-08
3.53881e-08
3.5298e-09
3.56454e-08
3.94909e-09
3.58766e-08
4.13093e-09
3.60336e-08
4.04089e-09
3.61275e-08
3.7982e-09
3.61896e-08
3.54238e-09
3.62362e-08
3.34112e-09
3.62704e-08
3.18846e-09
3.62923e-08
3.06075e-09
3.63046e-08
2.94269e-09
3.63105e-08
2.83411e-09
3.6313e-08
2.73649e-09
3.63129e-08
2.65198e-09
3.63107e-08
2.57722e-09
3.6306e-08
2.51136e-09
3.62993e-08
2.4507e-09
3.62903e-08
2.39624e-09
3.62793e-08
2.34502e-09
3.62658e-08
2.29904e-09
3.62501e-08
2.25501e-09
3.62317e-08
2.21539e-09
3.62106e-08
2.17665e-09
3.61863e-08
2.14179e-09
3.61591e-08
2.10694e-09
3.61282e-08
2.07577e-09
3.60939e-08
2.04378e-09
3.60555e-08
2.01541e-09
3.60134e-08
1.98547e-09
3.59668e-08
1.95926e-09
3.59164e-08
1.93078e-09
3.58612e-08
1.90635e-09
3.58021e-08
1.87898e-09
3.57379e-08
1.85607e-09
3.56698e-08
1.82958e-09
3.55966e-08
1.80791e-09
3.55194e-08
1.78198e-09
3.54371e-08
1.76146e-09
3.53511e-08
1.73575e-09
3.52599e-08
1.71637e-09
3.51653e-08
1.6908e-09
3.50657e-08
1.67242e-09
3.49629e-08
1.64701e-09
3.48553e-08
1.62962e-09
3.47448e-08
1.60417e-09
3.46296e-08
1.58793e-09
3.4512e-08
1.56217e-09
3.439e-08
1.54706e-09
3.42659e-08
1.52095e-09
3.41377e-08
1.50703e-09
3.40079e-08
1.48057e-09
3.3874e-08
1.46793e-09
3.37391e-08
1.44107e-09
3.36003e-08
1.42965e-09
3.34609e-08
1.40209e-09
3.33179e-08
1.39229e-09
3.31747e-08
1.36383e-09
3.30282e-08
1.35566e-09
3.28818e-08
1.32672e-09
3.27322e-08
1.32e-09
3.25832e-08
1.29007e-09
3.24313e-08
1.28546e-09
3.22803e-08
1.25439e-09
3.21265e-08
1.25191e-09
3.19739e-08
1.22041e-09
3.18186e-08
1.21976e-09
3.16649e-08
1.18755e-09
3.15088e-08
1.18934e-09
3.13541e-08
1.15719e-09
3.11973e-08
1.16128e-09
3.10419e-08
1.13021e-09
3.08846e-08
1.1365e-09
3.07285e-08
1.10856e-09
3.05707e-08
1.11713e-09
1.09594e-09
3.63015e-08
2.92498e-09
-3.62017e-08
3.64679e-08
3.3634e-09
3.66902e-08
3.72687e-09
3.69047e-08
3.91642e-09
3.7062e-08
3.88351e-09
3.71601e-08
3.70018e-09
3.72237e-08
3.47877e-09
3.72713e-08
3.29351e-09
3.73082e-08
3.1516e-09
3.73339e-08
3.03499e-09
3.73499e-08
2.92674e-09
3.73587e-08
2.82533e-09
3.73634e-08
2.7317e-09
3.73656e-08
2.64982e-09
3.7366e-08
2.57682e-09
3.73644e-08
2.51293e-09
3.73614e-08
2.45369e-09
3.73568e-08
2.40086e-09
3.73512e-08
2.35062e-09
3.73443e-08
2.30601e-09
3.73364e-08
2.26282e-09
3.73272e-08
2.22463e-09
3.7317e-08
2.18681e-09
3.73053e-08
2.15356e-09
3.72924e-08
2.1198e-09
3.72777e-08
2.09052e-09
3.72616e-08
2.05986e-09
3.72433e-08
2.03372e-09
3.72234e-08
2.00536e-09
3.72009e-08
1.98174e-09
3.71766e-08
1.95508e-09
3.71493e-08
1.93359e-09
3.71201e-08
1.90827e-09
3.70875e-08
1.88862e-09
3.70527e-08
1.86441e-09
3.70143e-08
1.84631e-09
3.69734e-08
1.82282e-09
3.69287e-08
1.80616e-09
3.68815e-08
1.78296e-09
3.68303e-08
1.76764e-09
3.67764e-08
1.74464e-09
3.67184e-08
1.73044e-09
3.66578e-08
1.70763e-09
3.65929e-08
1.69453e-09
3.65254e-08
1.67159e-09
3.64536e-08
1.65976e-09
3.63794e-08
1.6364e-09
3.63008e-08
1.62568e-09
3.62199e-08
1.60181e-09
3.61347e-08
1.59223e-09
3.60475e-08
1.56781e-09
3.5956e-08
1.55945e-09
3.58625e-08
1.5345e-09
3.57649e-08
1.52725e-09
3.56657e-08
1.50129e-09
3.55624e-08
1.49558e-09
3.54578e-08
1.46844e-09
3.53494e-08
1.46409e-09
3.52397e-08
1.43645e-09
3.51263e-08
1.43336e-09
3.5012e-08
1.4044e-09
3.48942e-08
1.40322e-09
3.47757e-08
1.37289e-09
3.46542e-08
1.37349e-09
3.45317e-08
1.34288e-09
3.44064e-08
1.34499e-09
3.42806e-08
1.31344e-09
3.41523e-08
1.31756e-09
3.40232e-08
1.28631e-09
3.38922e-08
1.29229e-09
3.37601e-08
1.26233e-09
3.36264e-08
1.27019e-09
3.34915e-08
1.24343e-09
3.33553e-08
1.25333e-09
1.23305e-09
3.74317e-08
2.82992e-09
-3.73366e-08
3.75794e-08
3.21564e-09
3.77724e-08
3.53385e-09
3.79683e-08
3.72054e-09
3.81229e-08
3.7289e-09
3.82248e-08
3.5983e-09
3.82907e-08
3.41285e-09
3.83392e-08
3.245e-09
3.83779e-08
3.11295e-09
3.84067e-08
3.00619e-09
3.84259e-08
2.90748e-09
3.84374e-08
2.8139e-09
3.84441e-08
2.725e-09
3.84476e-08
2.64622e-09
3.84494e-08
2.57506e-09
3.84492e-08
2.51313e-09
3.84477e-08
2.45523e-09
3.84446e-08
2.40392e-09
3.84408e-08
2.35446e-09
3.84359e-08
2.3109e-09
3.84306e-08
2.26813e-09
3.84243e-08
2.23083e-09
3.84178e-08
2.19331e-09
3.84105e-08
2.16096e-09
3.84028e-08
2.12743e-09
3.83942e-08
2.09914e-09
3.83853e-08
2.06876e-09
3.83753e-08
2.04376e-09
3.83648e-08
2.01579e-09
3.83531e-08
1.99351e-09
3.83408e-08
1.96738e-09
3.83269e-08
1.94748e-09
3.83123e-08
1.92285e-09
3.82959e-08
1.90501e-09
3.82786e-08
1.8817e-09
3.82592e-08
1.86569e-09
3.82388e-08
1.84327e-09
3.82159e-08
1.82903e-09
3.81918e-08
1.80704e-09
3.81651e-08
1.79439e-09
3.81369e-08
1.7728e-09
3.81059e-08
1.76143e-09
3.80733e-08
1.74021e-09
3.80377e-08
1.73018e-09
3.80004e-08
1.70889e-09
3.79598e-08
1.70038e-09
3.79174e-08
1.67877e-09
3.78716e-08
1.67148e-09
3.7824e-08
1.64943e-09
3.77729e-08
1.64335e-09
3.77199e-08
1.62078e-09
3.76634e-08
1.61593e-09
3.7605e-08
1.59298e-09
3.75429e-08
1.58929e-09
3.7479e-08
1.5652e-09
3.74115e-08
1.56307e-09
3.73421e-08
1.53782e-09
3.72695e-08
1.53671e-09
3.71947e-08
1.51122e-09
3.71167e-08
1.51135e-09
3.70368e-08
1.48437e-09
3.69537e-08
1.48625e-09
3.68687e-08
1.45793e-09
3.67811e-08
1.46104e-09
3.66911e-08
1.4329e-09
3.65987e-08
1.43741e-09
3.6504e-08
1.40817e-09
3.64074e-08
1.41408e-09
3.63081e-08
1.38563e-09
3.62075e-08
1.39295e-09
3.61037e-08
1.36605e-09
3.59989e-08
1.37504e-09
3.58909e-08
1.35139e-09
3.57822e-08
1.36209e-09
1.34475e-09
3.85887e-08
2.74059e-09
-3.84994e-08
3.87218e-08
3.08256e-09
3.88912e-08
3.36448e-09
3.90684e-08
3.54329e-09
3.92174e-08
3.57994e-09
3.93219e-08
3.49381e-09
3.93907e-08
3.34408e-09
3.94403e-08
3.1954e-09
3.94801e-08
3.07312e-09
3.95112e-08
2.97507e-09
3.95334e-08
2.88525e-09
3.95475e-08
2.79981e-09
3.95562e-08
2.71636e-09
3.95612e-08
2.64124e-09
3.95641e-08
2.57217e-09
3.95649e-08
2.51231e-09
3.95643e-08
2.4558e-09
3.95621e-08
2.40611e-09
3.95591e-08
2.35747e-09
3.9555e-08
2.31498e-09
3.95506e-08
2.27258e-09
3.95454e-08
2.23604e-09
3.954e-08
2.19865e-09
3.9534e-08
2.16696e-09
3.95281e-08
2.13341e-09
3.95215e-08
2.10573e-09
3.9515e-08
2.07525e-09
3.95079e-08
2.05088e-09
3.95009e-08
2.02281e-09
3.94931e-08
2.00123e-09
3.94855e-08
1.97502e-09
3.94771e-08
1.95592e-09
3.94686e-08
1.9313e-09
3.94593e-08
1.91435e-09
3.94498e-08
1.89117e-09
3.94392e-08
1.87624e-09
3.94285e-08
1.85401e-09
3.94164e-08
1.8411e-09
3.9404e-08
1.81943e-09
3.93902e-08
1.80825e-09
3.93757e-08
1.78723e-09
3.93597e-08
1.77743e-09
3.9343e-08
1.75695e-09
3.93244e-08
1.74874e-09
3.93051e-08
1.72827e-09
3.92836e-08
1.7218e-09
3.92612e-08
1.70125e-09
3.92366e-08
1.6961e-09
3.92107e-08
1.67528e-09
3.91826e-08
1.67145e-09
3.91531e-08
1.6503e-09
3.91213e-08
1.6477e-09
3.90878e-08
1.62644e-09
3.9052e-08
1.62517e-09
3.90144e-08
1.60279e-09
3.89743e-08
1.60312e-09
3.89322e-08
1.57992e-09
3.88881e-08
1.58085e-09
3.88415e-08
1.55776e-09
3.87928e-08
1.56013e-09
3.87416e-08
1.53554e-09
3.86883e-08
1.5395e-09
3.86323e-08
1.51396e-09
3.85749e-08
1.51845e-09
3.85142e-08
1.49359e-09
3.84519e-08
1.49974e-09
3.83862e-08
1.4738e-09
3.83198e-08
1.48057e-09
3.82493e-08
1.45608e-09
3.81783e-08
1.46397e-09
3.81031e-08
1.44122e-09
3.80273e-08
1.45081e-09
3.79473e-08
1.43143e-09
3.7867e-08
1.44237e-09
1.42911e-09
3.97748e-08
2.65709e-09
-3.96913e-08
3.98955e-08
2.96191e-09
4.00457e-08
3.21423e-09
4.02056e-08
3.38345e-09
4.03468e-08
3.43868e-09
4.04521e-08
3.38853e-09
4.05238e-08
3.27239e-09
4.05749e-08
3.14433e-09
4.06156e-08
3.03243e-09
4.06484e-08
2.94228e-09
4.06731e-08
2.86051e-09
4.06898e-08
2.78315e-09
4.07004e-08
2.70568e-09
4.07069e-08
2.63478e-09
4.07109e-08
2.56815e-09
4.07128e-08
2.51048e-09
4.07131e-08
2.45548e-09
4.07117e-08
2.4075e-09
4.07093e-08
2.35984e-09
4.07058e-08
2.31846e-09
4.07019e-08
2.27654e-09
4.06972e-08
2.24075e-09
4.06923e-08
2.20354e-09
4.06868e-08
2.17244e-09
4.06814e-08
2.13885e-09
4.06754e-08
2.11164e-09
4.06697e-08
2.08102e-09
4.06635e-08
2.05704e-09
4.06576e-08
2.02876e-09
4.06512e-08
2.00757e-09
4.06451e-08
1.98112e-09
4.06386e-08
1.96241e-09
4.06323e-08
1.93759e-09
4.06256e-08
1.92102e-09
4.06191e-08
1.89768e-09
4.06121e-08
1.88323e-09
4.06053e-08
1.86082e-09
4.05979e-08
1.84854e-09
4.05905e-08
1.82679e-09
4.05825e-08
1.81624e-09
4.05744e-08
1.79539e-09
4.05656e-08
1.78622e-09
4.05565e-08
1.76601e-09
4.05466e-08
1.75866e-09
4.05364e-08
1.7385e-09
4.05252e-08
1.73299e-09
4.05134e-08
1.71304e-09
4.05006e-08
1.70886e-09
4.04871e-08
1.68887e-09
4.04724e-08
1.68607e-09
4.04567e-08
1.66599e-09
4.04401e-08
1.66436e-09
4.04221e-08
1.64445e-09
4.04028e-08
1.6444e-09
4.03822e-08
1.62342e-09
4.03604e-08
1.62492e-09
4.03366e-08
1.60374e-09
4.03121e-08
1.60534e-09
4.02853e-08
1.58456e-09
4.02574e-08
1.58804e-09
4.02271e-08
1.56581e-09
4.0196e-08
1.57065e-09
4.01617e-08
1.54818e-09
4.01274e-08
1.55279e-09
4.00897e-08
1.53132e-09
4.00512e-08
1.53823e-09
4.0009e-08
1.51592e-09
3.99671e-08
1.52253e-09
3.99208e-08
1.50236e-09
3.98747e-08
1.51008e-09
3.98243e-08
1.49167e-09
3.97737e-08
1.50132e-09
3.97186e-08
1.48652e-09
3.96638e-08
1.49724e-09
1.48827e-09
4.09916e-08
2.5791e-09
-4.09136e-08
4.11014e-08
2.85212e-09
4.12359e-08
3.07971e-09
4.13801e-08
3.23921e-09
4.15125e-08
3.30626e-09
4.16168e-08
3.28431e-09
4.16908e-08
3.19832e-09
4.17437e-08
3.09149e-09
4.17852e-08
2.99092e-09
4.18191e-08
2.90834e-09
4.18458e-08
2.8338e-09
4.18648e-08
2.76412e-09
4.18776e-08
2.69295e-09
4.18856e-08
2.62676e-09
4.18908e-08
2.56298e-09
4.18936e-08
2.50766e-09
4.18948e-08
2.45429e-09
4.18942e-08
2.40806e-09
4.18925e-08
2.36157e-09
4.18896e-08
2.32136e-09
4.18861e-08
2.28007e-09
4.18818e-08
2.24502e-09
4.18772e-08
2.20811e-09
4.18721e-08
2.17756e-09
4.18669e-08
2.14404e-09
4.18613e-08
2.11723e-09
4.18558e-08
2.08655e-09
4.185e-08
2.06283e-09
4.18444e-08
2.03441e-09
4.18385e-08
2.01343e-09
4.18328e-08
1.9868e-09
4.1827e-08
1.96823e-09
4.18213e-08
1.94326e-09
4.18156e-08
1.92676e-09
4.181e-08
1.90325e-09
4.18043e-08
1.88893e-09
4.17989e-08
1.86629e-09
4.17932e-08
1.85421e-09
4.17876e-08
1.83234e-09
4.1782e-08
1.82184e-09
4.17763e-08
1.80111e-09
4.17706e-08
1.79197e-09
4.17647e-08
1.77188e-09
4.17586e-08
1.76473e-09
4.17524e-08
1.74471e-09
4.1746e-08
1.73939e-09
4.17392e-08
1.71987e-09
4.17322e-08
1.71581e-09
4.17246e-08
1.69645e-09
4.17169e-08
1.69376e-09
4.17083e-08
1.67459e-09
4.16998e-08
1.67296e-09
4.16901e-08
1.65413e-09
4.16801e-08
1.65435e-09
4.1669e-08
1.63452e-09
4.16579e-08
1.63608e-09
4.16448e-08
1.61685e-09
4.16321e-08
1.61802e-09
4.16174e-08
1.59926e-09
4.16025e-08
1.6029e-09
4.15856e-08
1.58277e-09
4.15688e-08
1.58739e-09
4.1549e-08
1.56802e-09
4.15301e-08
1.57173e-09
4.15081e-08
1.55325e-09
4.14862e-08
1.56017e-09
4.14608e-08
1.54134e-09
4.14364e-08
1.54694e-09
4.14079e-08
1.53081e-09
4.13801e-08
1.53787e-09
4.13485e-08
1.52329e-09
4.13172e-08
1.53261e-09
4.12817e-08
1.522e-09
4.12467e-08
1.53226e-09
1.52703e-09
4.22404e-08
2.50619e-09
-4.21675e-08
4.23406e-08
2.75197e-09
4.24618e-08
2.95847e-09
4.25923e-08
3.10872e-09
4.27156e-08
3.18304e-09
4.28172e-08
3.18272e-09
4.28927e-08
3.12278e-09
4.29474e-08
3.03683e-09
4.29897e-08
2.94854e-09
4.30245e-08
2.87358e-09
4.30527e-08
2.80564e-09
4.30737e-08
2.74305e-09
4.30884e-08
2.67824e-09
4.30981e-08
2.61712e-09
4.31044e-08
2.55663e-09
4.31082e-08
2.50383e-09
4.31103e-08
2.45225e-09
4.31105e-08
2.40779e-09
4.31095e-08
2.36263e-09
4.31072e-08
2.32363e-09
4.31041e-08
2.28315e-09
4.31003e-08
2.24885e-09
4.3096e-08
2.21237e-09
4.30913e-08
2.18235e-09
4.30863e-08
2.14902e-09
4.3081e-08
2.12253e-09
4.30756e-08
2.09193e-09
4.307e-08
2.06838e-09
4.30645e-08
2.03994e-09
4.30589e-08
2.01905e-09
4.30533e-08
1.99235e-09
4.30478e-08
1.97377e-09
4.30423e-08
1.94877e-09
4.30369e-08
1.93214e-09
4.30316e-08
1.90857e-09
4.30264e-08
1.89418e-09
4.30213e-08
1.87138e-09
4.30162e-08
1.85923e-09
4.30112e-08
1.83734e-09
4.30065e-08
1.82656e-09
4.30016e-08
1.80604e-09
4.2997e-08
1.79655e-09
4.29923e-08
1.77661e-09
4.29877e-08
1.76928e-09
4.2983e-08
1.74942e-09
4.29786e-08
1.7438e-09
4.29738e-08
1.72473e-09
4.29694e-08
1.72023e-09
4.29643e-08
1.70148e-09
4.29598e-08
1.69832e-09
4.29544e-08
1.68001e-09
4.29496e-08
1.67776e-09
4.29438e-08
1.65985e-09
4.29384e-08
1.65974e-09
4.29321e-08
1.64091e-09
4.29264e-08
1.64175e-09
4.29188e-08
1.62441e-09
4.29124e-08
1.62447e-09
4.29043e-08
1.60737e-09
4.28966e-08
1.6106e-09
4.28871e-08
1.59223e-09
4.28786e-08
1.59586e-09
4.28673e-08
1.57938e-09
4.28573e-08
1.58168e-09
4.28451e-08
1.5655e-09
4.28333e-08
1.57198e-09
4.28184e-08
1.55619e-09
4.2805e-08
1.56031e-09
4.27883e-08
1.54753e-09
4.27724e-08
1.55377e-09
4.27535e-08
1.54217e-09
4.27352e-08
1.55094e-09
4.27135e-08
1.54375e-09
4.26922e-08
1.5535e-09
1.55113e-09
4.35227e-08
2.43794e-09
-4.34545e-08
4.36143e-08
2.66033e-09
4.37242e-08
2.84864e-09
4.38426e-08
2.99027e-09
4.39568e-08
3.06885e-09
4.40546e-08
3.08491e-09
4.41305e-08
3.04687e-09
4.41868e-08
2.98055e-09
4.42302e-08
2.90519e-09
4.42656e-08
2.83817e-09
4.42948e-08
2.77645e-09
4.43175e-08
2.72033e-09
4.4334e-08
2.66173e-09
4.43452e-08
2.60588e-09
4.43528e-08
2.54907e-09
4.43576e-08
2.499e-09
4.43605e-08
2.44939e-09
4.43616e-08
2.4067e-09
4.43612e-08
2.36302e-09
4.43596e-08
2.32525e-09
4.4357e-08
2.28575e-09
4.43536e-08
2.25222e-09
4.43497e-08
2.2163e-09
4.43452e-08
2.18678e-09
4.43405e-08
2.15377e-09
4.43355e-08
2.12755e-09
4.43302e-08
2.09715e-09
4.43249e-08
2.07371e-09
4.43195e-08
2.04537e-09
4.43141e-08
2.02446e-09
4.43086e-08
1.99784e-09
4.43032e-08
1.97911e-09
4.42978e-08
1.95422e-09
4.42926e-08
1.93735e-09
4.42873e-08
1.91382e-09
4.42823e-08
1.89923e-09
4.42773e-08
1.87638e-09
4.42725e-08
1.86398e-09
4.42676e-08
1.84222e-09
4.42633e-08
1.83092e-09
4.42586e-08
1.81074e-09
4.42544e-08
1.80071e-09
4.425e-08
1.78098e-09
4.42461e-08
1.77326e-09
4.42418e-08
1.75364e-09
4.42382e-08
1.74744e-09
4.4234e-08
1.72888e-09
4.42306e-08
1.72366e-09
4.42265e-08
1.70556e-09
4.42232e-08
1.7016e-09
4.42191e-08
1.68416e-09
4.42158e-08
1.68102e-09
4.42118e-08
1.66389e-09
4.42084e-08
1.66315e-09
4.4204e-08
1.64525e-09
4.42009e-08
1.64494e-09
4.41959e-08
1.62937e-09
4.41923e-08
1.62806e-09
4.41874e-08
1.61226e-09
4.41832e-08
1.61484e-09
4.41775e-08
1.59792e-09
4.41732e-08
1.60014e-09
4.41664e-08
1.58622e-09
4.4161e-08
1.58705e-09
4.4154e-08
1.57248e-09
4.41477e-08
1.57829e-09
4.41389e-08
1.56502e-09
4.41316e-08
1.56756e-09
4.41218e-08
1.55733e-09
4.41128e-08
1.56285e-09
4.41016e-08
1.55334e-09
4.4091e-08
1.5615e-09
4.40779e-08
1.55685e-09
4.40652e-08
1.56623e-09
1.5658e-09
4.48397e-08
2.37402e-09
-4.47757e-08
4.49237e-08
2.57627e-09
4.50236e-08
2.74879e-09
4.51314e-08
2.8824e-09
4.5237e-08
2.96325e-09
4.53303e-08
2.9916e-09
4.54056e-08
2.97162e-09
4.5463e-08
2.92313e-09
4.55073e-08
2.86085e-09
4.55433e-08
2.80217e-09
4.55732e-08
2.74655e-09
4.55972e-08
2.69633e-09
4.56153e-08
2.64364e-09
4.56281e-08
2.59308e-09
4.56369e-08
2.54029e-09
4.56427e-08
2.49317e-09
4.56464e-08
2.44573e-09
4.56483e-08
2.40482e-09
4.56486e-08
2.36274e-09
4.56476e-08
2.32623e-09
4.56455e-08
2.28785e-09
4.56426e-08
2.2551e-09
4.5639e-08
2.21987e-09
4.5635e-08
2.19085e-09
4.56304e-08
2.15828e-09
4.56257e-08
2.13229e-09
4.56207e-08
2.1022e-09
4.56156e-08
2.0788e-09
4.56103e-08
2.05068e-09
4.5605e-08
2.02969e-09
4.55996e-08
2.00324e-09
4.55945e-08
1.98429e-09
4.55891e-08
1.9596e-09
4.5584e-08
1.94241e-09
4.55788e-08
1.91902e-09
4.55739e-08
1.90415e-09
4.55689e-08
1.88135e-09
4.55643e-08
1.86857e-09
4.55595e-08
1.84707e-09
4.55553e-08
1.83514e-09
4.55506e-08
1.81536e-09
4.55466e-08
1.80472e-09
4.55424e-08
1.78524e-09
4.55386e-08
1.77703e-09
4.55345e-08
1.75772e-09
4.55312e-08
1.75081e-09
4.55272e-08
1.73281e-09
4.55241e-08
1.72675e-09
4.55204e-08
1.7093e-09
4.55176e-08
1.70442e-09
4.55139e-08
1.68782e-09
4.55112e-08
1.68373e-09
4.55078e-08
1.66727e-09
4.55052e-08
1.66581e-09
4.55017e-08
1.64877e-09
4.54994e-08
1.64715e-09
4.54956e-08
1.63317e-09
4.54931e-08
1.63056e-09
4.54897e-08
1.61572e-09
4.54869e-08
1.61761e-09
4.54829e-08
1.6019e-09
4.54805e-08
1.60259e-09
4.54759e-08
1.5908e-09
4.54726e-08
1.5904e-09
4.54682e-08
1.57687e-09
4.54645e-08
1.58198e-09
4.54588e-08
1.57068e-09
4.54545e-08
1.57184e-09
4.54485e-08
1.56341e-09
4.54429e-08
1.56843e-09
4.54359e-08
1.56034e-09
4.54294e-08
1.56793e-09
4.54213e-08
1.56504e-09
4.54133e-08
1.57421e-09
1.575e-09
4.61926e-08
2.31415e-09
-4.61327e-08
4.62699e-08
2.49895e-09
4.63609e-08
2.65772e-09
4.64594e-08
2.78392e-09
4.6557e-08
2.86567e-09
4.66454e-08
2.9032e-09
4.67191e-08
2.89794e-09
4.67771e-08
2.86516e-09
4.68223e-08
2.81564e-09
4.68588e-08
2.76562e-09
4.68892e-08
2.71615e-09
4.69141e-08
2.67141e-09
4.69335e-08
2.62426e-09
4.69477e-08
2.57887e-09
4.69577e-08
2.53031e-09
4.69646e-08
2.48633e-09
4.6969e-08
2.44128e-09
4.69716e-08
2.40218e-09
4.69726e-08
2.36179e-09
4.69723e-08
2.32656e-09
4.69707e-08
2.28943e-09
4.69683e-08
2.2575e-09
4.69651e-08
2.22307e-09
4.69614e-08
2.19454e-09
4.69572e-08
2.1625e-09
4.69527e-08
2.13672e-09
4.69479e-08
2.10703e-09
4.6943e-08
2.08367e-09
4.69379e-08
2.05584e-09
4.69328e-08
2.03473e-09
4.69275e-08
2.00852e-09
4.69225e-08
1.98932e-09
4.69172e-08
1.96489e-09
4.69123e-08
1.94736e-09
4.69072e-08
1.92413e-09
4.69024e-08
1.90895e-09
4.68974e-08
1.88628e-09
4.6893e-08
1.87306e-09
4.68882e-08
1.85186e-09
4.6884e-08
1.83927e-09
4.68795e-08
1.8199e-09
4.68755e-08
1.80866e-09
4.68713e-08
1.78943e-09
4.68677e-08
1.7807e-09
4.68637e-08
1.76173e-09
4.68604e-08
1.75408e-09
4.68566e-08
1.73662e-09
4.68536e-08
1.72973e-09
4.685e-08
1.71289e-09
4.68473e-08
1.70712e-09
4.68439e-08
1.69125e-09
4.68413e-08
1.68631e-09
4.68382e-08
1.67039e-09
4.68358e-08
1.6682e-09
4.68326e-08
1.65196e-09
4.68307e-08
1.64908e-09
4.68275e-08
1.63641e-09
4.68253e-08
1.63272e-09
4.68224e-08
1.61856e-09
4.68202e-08
1.61984e-09
4.6817e-08
1.60512e-09
4.68152e-08
1.60441e-09
4.68117e-08
1.59426e-09
4.68091e-08
1.593e-09
4.68059e-08
1.58013e-09
4.68033e-08
1.58457e-09
4.67992e-08
1.57478e-09
4.67961e-08
1.5749e-09
4.67919e-08
1.56766e-09
4.67879e-08
1.57241e-09
4.67829e-08
1.56526e-09
4.67785e-08
1.57242e-09
4.67728e-08
1.57065e-09
4.67672e-08
1.57981e-09
1.58134e-09
4.75827e-08
2.25807e-09
-4.75267e-08
4.7654e-08
2.42769e-09
4.77373e-08
2.57445e-09
4.78274e-08
2.69382e-09
4.79175e-08
2.77554e-09
4.80008e-08
2.81987e-09
4.80723e-08
2.82651e-09
4.81301e-08
2.8073e-09
4.8176e-08
2.76981e-09
4.8213e-08
2.72855e-09
4.82438e-08
2.68536e-09
4.82694e-08
2.64583e-09
4.82898e-08
2.60386e-09
4.83052e-08
2.56341e-09
4.83164e-08
2.51919e-09
4.83242e-08
2.47852e-09
4.83294e-08
2.43605e-09
4.83328e-08
2.39883e-09
4.83343e-08
2.3602e-09
4.83346e-08
2.32628e-09
4.83336e-08
2.29047e-09
4.83317e-08
2.25941e-09
4.83289e-08
2.22586e-09
4.83256e-08
2.19786e-09
4.83216e-08
2.16643e-09
4.83175e-08
2.14086e-09
4.83129e-08
2.11163e-09
4.83083e-08
2.0883e-09
4.83033e-08
2.06081e-09
4.82984e-08
2.03959e-09
4.82933e-08
2.01366e-09
4.82884e-08
1.99421e-09
4.82833e-08
1.97004e-09
4.82784e-08
1.95219e-09
4.82734e-08
1.92915e-09
4.82687e-08
1.91363e-09
4.82639e-08
1.89113e-09
4.82595e-08
1.87745e-09
4.82548e-08
1.85657e-09
4.82507e-08
1.84336e-09
4.82463e-08
1.82433e-09
4.82424e-08
1.81255e-09
4.82382e-08
1.79356e-09
4.82347e-08
1.78429e-09
4.82307e-08
1.76568e-09
4.82275e-08
1.75731e-09
4.82238e-08
1.74033e-09
4.82208e-08
1.73268e-09
4.82173e-08
1.71637e-09
4.82147e-08
1.70979e-09
4.82114e-08
1.69452e-09
4.82088e-08
1.68886e-09
4.82059e-08
1.67337e-09
4.82036e-08
1.6705e-09
4.82005e-08
1.65498e-09
4.81986e-08
1.651e-09
4.81957e-08
1.63931e-09
4.81936e-08
1.63484e-09
4.8191e-08
1.62116e-09
4.8189e-08
1.62187e-09
4.81861e-08
1.608e-09
4.81844e-08
1.60612e-09
4.81815e-08
1.59712e-09
4.81791e-08
1.59537e-09
4.81763e-08
1.58295e-09
4.81741e-08
1.58679e-09
4.81708e-08
1.57807e-09
4.81681e-08
1.57758e-09
4.81647e-08
1.57107e-09
4.81614e-08
1.57572e-09
4.81575e-08
1.56924e-09
4.81538e-08
1.5761e-09
4.81494e-08
1.57501e-09
4.81449e-08
1.58428e-09
1.58628e-09
4.90115e-08
2.20558e-09
-4.8959e-08
4.90772e-08
2.36191e-09
4.91535e-08
2.49815e-09
4.92361e-08
2.61123e-09
4.93194e-08
2.6923e-09
4.93976e-08
2.74162e-09
4.94663e-08
2.75782e-09
4.95234e-08
2.75017e-09
4.95695e-08
2.72371e-09
4.9607e-08
2.69108e-09
4.96381e-08
2.65428e-09
4.96641e-08
2.61982e-09
4.96853e-08
2.58271e-09
4.97017e-08
2.54693e-09
4.97139e-08
2.50703e-09
4.97226e-08
2.46977e-09
4.97286e-08
2.43006e-09
4.97327e-08
2.3948e-09
4.97349e-08
2.35798e-09
4.97358e-08
2.32541e-09
4.97353e-08
2.29096e-09
4.97338e-08
2.26084e-09
4.97315e-08
2.22825e-09
4.97285e-08
2.20079e-09
4.97249e-08
2.17004e-09
4.97211e-08
2.14471e-09
4.97167e-08
2.11597e-09
4.97123e-08
2.09269e-09
4.97076e-08
2.06558e-09
4.97029e-08
2.04425e-09
4.9698e-08
2.01862e-09
4.96932e-08
1.99895e-09
4.96882e-08
1.97503e-09
4.96835e-08
1.9569e-09
4.96786e-08
1.93404e-09
4.96741e-08
1.91819e-09
4.96693e-08
1.89589e-09
4.9665e-08
1.88174e-09
4.96604e-08
1.86116e-09
4.96564e-08
1.84741e-09
4.96521e-08
1.82863e-09
4.96482e-08
1.81639e-09
4.96442e-08
1.7976e-09
4.96407e-08
1.78781e-09
4.96368e-08
1.76953e-09
4.96336e-08
1.76052e-09
4.963e-08
1.74393e-09
4.96271e-08
1.73562e-09
4.96237e-08
1.71974e-09
4.9621e-08
1.71248e-09
4.96179e-08
1.69765e-09
4.96153e-08
1.69142e-09
4.96124e-08
1.67627e-09
4.96102e-08
1.67276e-09
4.96073e-08
1.65786e-09
4.96053e-08
1.653e-09
4.96026e-08
1.64197e-09
4.96005e-08
1.63698e-09
4.9598e-08
1.62365e-09
4.9596e-08
1.62384e-09
4.95934e-08
1.61065e-09
4.95916e-08
1.60793e-09
4.95891e-08
1.59964e-09
4.95868e-08
1.59765e-09
4.95841e-08
1.58562e-09
4.9582e-08
1.58891e-09
4.95792e-08
1.58091e-09
4.95766e-08
1.58018e-09
4.95735e-08
1.57412e-09
4.95705e-08
1.57872e-09
4.9567e-08
1.57278e-09
4.95636e-08
1.5795e-09
4.95598e-08
1.57879e-09
4.95558e-08
1.58824e-09
1.59057e-09
5.04801e-08
2.15644e-09
-5.04309e-08
5.05408e-08
2.30113e-09
5.06109e-08
2.42811e-09
5.06867e-08
2.53545e-09
5.07635e-08
2.61542e-09
5.08368e-08
2.66838e-09
5.09024e-08
2.69223e-09
5.09582e-08
2.69432e-09
5.10042e-08
2.67775e-09
5.10419e-08
2.65337e-09
5.10732e-08
2.62299e-09
5.10995e-08
2.59353e-09
5.11211e-08
2.56105e-09
5.11384e-08
2.52965e-09
5.11515e-08
2.49396e-09
5.11611e-08
2.46015e-09
5.11678e-08
2.42332e-09
5.11725e-08
2.39012e-09
5.11753e-08
2.35516e-09
5.11768e-08
2.32398e-09
5.11768e-08
2.29092e-09
5.11759e-08
2.26179e-09
5.11739e-08
2.23021e-09
5.11713e-08
2.20334e-09
5.11681e-08
2.17331e-09
5.11645e-08
2.14825e-09
5.11605e-08
2.12003e-09
5.11563e-08
2.09684e-09
5.11518e-08
2.07011e-09
5.11473e-08
2.04872e-09
5.11426e-08
2.02338e-09
5.1138e-08
2.00354e-09
5.11332e-08
1.97984e-09
5.11286e-08
1.96148e-09
5.11238e-08
1.93879e-09
5.11194e-08
1.92261e-09
5.11148e-08
1.90053e-09
5.11106e-08
1.88595e-09
5.11061e-08
1.86559e-09
5.11021e-08
1.85143e-09
5.1098e-08
1.83279e-09
5.10942e-08
1.82016e-09
5.10902e-08
1.80155e-09
5.10868e-08
1.79127e-09
5.1083e-08
1.77327e-09
5.10799e-08
1.76371e-09
5.10764e-08
1.74739e-09
5.10735e-08
1.73855e-09
5.10702e-08
1.72298e-09
5.10675e-08
1.71518e-09
5.10645e-08
1.70063e-09
5.1062e-08
1.69397e-09
5.10592e-08
1.67908e-09
5.10569e-08
1.67499e-09
5.10542e-08
1.6606e-09
5.10521e-08
1.6551e-09
5.10496e-08
1.64442e-09
5.10475e-08
1.63913e-09
5.10451e-08
1.62608e-09
5.10432e-08
1.62576e-09
5.10407e-08
1.61312e-09
5.10387e-08
1.60988e-09
5.10365e-08
1.60191e-09
5.10342e-08
1.59986e-09
5.10316e-08
1.58823e-09
5.10295e-08
1.59104e-09
5.1027e-08
1.58346e-09
5.10243e-08
1.58279e-09
5.10214e-08
1.57701e-09
5.10186e-08
1.58156e-09
5.10153e-08
1.57609e-09
5.1012e-08
1.58281e-09
5.10085e-08
1.58228e-09
5.10048e-08
1.59194e-09
1.59453e-09
5.19899e-08
2.11042e-09
-5.19438e-08
5.2046e-08
2.24495e-09
5.21104e-08
2.36372e-09
5.21801e-08
2.46581e-09
5.2251e-08
2.54446e-09
5.23194e-08
2.60002e-09
5.23817e-08
2.62998e-09
5.24358e-08
2.6402e-09
5.24812e-08
2.63234e-09
5.25189e-08
2.61568e-09
5.25503e-08
2.5916e-09
5.25767e-08
2.5671e-09
5.25987e-08
2.53908e-09
5.26165e-08
2.51182e-09
5.26303e-08
2.48017e-09
5.26407e-08
2.44976e-09
5.26481e-08
2.41587e-09
5.26534e-08
2.38483e-09
5.26568e-08
2.35176e-09
5.26588e-08
2.32203e-09
5.26593e-08
2.29037e-09
5.26589e-08
2.26228e-09
5.26573e-08
2.23175e-09
5.26552e-08
2.20551e-09
5.26522e-08
2.17624e-09
5.2649e-08
2.15149e-09
5.26452e-08
2.12379e-09
5.26413e-08
2.10074e-09
5.26371e-08
2.07438e-09
5.26328e-08
2.05299e-09
5.26283e-08
2.02791e-09
5.26238e-08
2.00797e-09
5.26192e-08
1.98444e-09
5.26148e-08
1.96591e-09
5.26102e-08
1.94338e-09
5.26059e-08
1.9269e-09
5.26014e-08
1.90503e-09
5.25973e-08
1.89005e-09
5.2593e-08
1.86986e-09
5.25891e-08
1.85538e-09
5.25851e-08
1.8368e-09
5.25814e-08
1.82386e-09
5.25775e-08
1.80539e-09
5.25742e-08
1.79465e-09
5.25705e-08
1.77689e-09
5.25674e-08
1.76687e-09
5.25641e-08
1.75072e-09
5.25612e-08
1.74145e-09
5.2558e-08
1.7261e-09
5.25553e-08
1.71787e-09
5.25525e-08
1.70348e-09
5.255e-08
1.69649e-09
5.25472e-08
1.68181e-09
5.2545e-08
1.67719e-09
5.25424e-08
1.66319e-09
5.25403e-08
1.65728e-09
5.2538e-08
1.6467e-09
5.25359e-08
1.64125e-09
5.25335e-08
1.62846e-09
5.25316e-08
1.62764e-09
5.25293e-08
1.61543e-09
5.25272e-08
1.61194e-09
5.25251e-08
1.60403e-09
5.2523e-08
1.602e-09
5.25204e-08
1.59079e-09
5.25183e-08
1.59318e-09
5.25159e-08
1.58581e-09
5.25133e-08
1.58541e-09
5.25105e-08
1.57982e-09
5.25078e-08
1.58429e-09
5.25046e-08
1.57925e-09
5.25014e-08
1.58607e-09
5.2498e-08
1.58561e-09
5.24945e-08
1.59547e-09
1.5983e-09
5.35421e-08
2.06728e-09
-5.3499e-08
5.35941e-08
2.19301e-09
5.36534e-08
2.30442e-09
5.37174e-08
2.40173e-09
5.37829e-08
2.47895e-09
5.38466e-08
2.53639e-09
5.39053e-08
2.57121e-09
5.39574e-08
2.58817e-09
5.40018e-08
2.58788e-09
5.40392e-08
2.57828e-09
5.40706e-08
2.56026e-09
5.4097e-08
2.54066e-09
5.41191e-08
2.51698e-09
5.41373e-08
2.49364e-09
5.41516e-08
2.46584e-09
5.41626e-08
2.43873e-09
5.41707e-08
2.40778e-09
5.41766e-08
2.37896e-09
5.41805e-08
2.34781e-09
5.4183e-08
2.31958e-09
5.4184e-08
2.28933e-09
5.4184e-08
2.26232e-09
5.41829e-08
2.23286e-09
5.41811e-08
2.20729e-09
5.41785e-08
2.1788e-09
5.41756e-08
2.15441e-09
5.41721e-08
2.12725e-09
5.41685e-08
2.10438e-09
5.41645e-08
2.07839e-09
5.41604e-08
2.05704e-09
5.41562e-08
2.0322e-09
5.41519e-08
2.01223e-09
5.41475e-08
1.98883e-09
5.41432e-08
1.97018e-09
5.41388e-08
1.94778e-09
5.41347e-08
1.93103e-09
5.41304e-08
1.90937e-09
5.41264e-08
1.89405e-09
5.41223e-08
1.87395e-09
5.41184e-08
1.85926e-09
5.41145e-08
1.84064e-09
5.41109e-08
1.82747e-09
5.41072e-08
1.8091e-09
5.41039e-08
1.79795e-09
5.41005e-08
1.78037e-09
5.40973e-08
1.76997e-09
5.40942e-08
1.75391e-09
5.40913e-08
1.74432e-09
5.40883e-08
1.72908e-09
5.40856e-08
1.72054e-09
5.40829e-08
1.7062e-09
5.40804e-08
1.69897e-09
5.40778e-08
1.68444e-09
5.40756e-08
1.67936e-09
5.40732e-08
1.66564e-09
5.4071e-08
1.65949e-09
5.40688e-08
1.64883e-09
5.40668e-08
1.64334e-09
5.40644e-08
1.63078e-09
5.40626e-08
1.62948e-09
5.40604e-08
1.61759e-09
5.40583e-08
1.61406e-09
5.40563e-08
1.60604e-09
5.40543e-08
1.60404e-09
5.40518e-08
1.59329e-09
5.40496e-08
1.59533e-09
5.40474e-08
1.588e-09
5.40448e-08
1.58799e-09
5.40421e-08
1.58256e-09
5.40395e-08
1.58692e-09
5.40364e-08
1.58228e-09
5.40332e-08
1.58927e-09
5.403e-08
1.58883e-09
5.40266e-08
1.59886e-09
1.60189e-09
5.51383e-08
2.02667e-09
-5.50977e-08
5.51864e-08
2.14492e-09
5.5241e-08
2.24976e-09
5.53001e-08
2.3427e-09
5.53605e-08
2.4185e-09
5.54196e-08
2.47734e-09
5.54747e-08
2.51606e-09
5.55243e-08
2.53859e-09
5.55674e-08
2.54479e-09
5.56041e-08
2.54153e-09
5.56352e-08
2.52921e-09
5.56615e-08
2.51436e-09
5.56836e-08
2.49488e-09
5.57019e-08
2.4753e-09
5.57166e-08
2.45115e-09
5.57281e-08
2.42723e-09
5.57367e-08
2.39915e-09
5.57431e-08
2.37258e-09
5.57476e-08
2.34335e-09
5.57505e-08
2.31668e-09
5.5752e-08
2.28783e-09
5.57524e-08
2.26193e-09
5.57517e-08
2.23356e-09
5.57503e-08
2.20869e-09
5.57481e-08
2.18099e-09
5.57455e-08
2.15702e-09
5.57423e-08
2.13039e-09
5.5739e-08
2.10775e-09
5.57353e-08
2.08211e-09
5.57314e-08
2.06086e-09
5.57274e-08
2.03624e-09
5.57233e-08
2.01628e-09
5.57192e-08
1.99299e-09
5.57151e-08
1.97427e-09
5.57109e-08
1.952e-09
5.57069e-08
1.935e-09
5.57028e-08
1.91352e-09
5.56989e-08
1.89792e-09
5.5695e-08
1.87786e-09
5.56912e-08
1.86303e-09
5.56875e-08
1.84433e-09
5.5684e-08
1.83097e-09
5.56805e-08
1.81267e-09
5.56773e-08
1.80115e-09
5.56739e-08
1.7837e-09
5.56709e-08
1.773e-09
5.56679e-08
1.75697e-09
5.56651e-08
1.74712e-09
5.56622e-08
1.73193e-09
5.56596e-08
1.72315e-09
5.5657e-08
1.7088e-09
5.56546e-08
1.70138e-09
5.56521e-08
1.68696e-09
5.56499e-08
1.68149e-09
5.56476e-08
1.66796e-09
5.56454e-08
1.66168e-09
5.56434e-08
1.65086e-09
5.56414e-08
1.64536e-09
5.56391e-08
1.63302e-09
5.56373e-08
1.63128e-09
5.56353e-08
1.61963e-09
5.56332e-08
1.61617e-09
5.56312e-08
1.60797e-09
5.56293e-08
1.606e-09
5.56269e-08
1.59571e-09
5.56247e-08
1.59746e-09
5.56227e-08
1.59009e-09
5.56201e-08
1.59052e-09
5.56175e-08
1.58523e-09
5.56149e-08
1.58945e-09
5.5612e-08
1.58519e-09
5.56089e-08
1.59237e-09
5.56058e-08
1.59194e-09
5.56025e-08
1.60213e-09
1.60532e-09
1.14237e-07
1.95089e-09
-1.14161e-07
1.14322e-07
2.05964e-09
1.14418e-07
2.15376e-09
1.14522e-07
2.23954e-09
1.14627e-07
2.31304e-09
1.1473e-07
2.37479e-09
1.14826e-07
2.41951e-09
1.14914e-07
2.45044e-09
1.14992e-07
2.46673e-09
1.1506e-07
2.47358e-09
1.15119e-07
2.47065e-09
1.1517e-07
2.46374e-09
1.15213e-07
2.45141e-09
1.1525e-07
2.43834e-09
1.1528e-07
2.42081e-09
1.15305e-07
2.40294e-09
1.15323e-07
2.38055e-09
1.15337e-07
2.35857e-09
1.15347e-07
2.3332e-09
1.15354e-07
2.30958e-09
1.15359e-07
2.28346e-09
1.15361e-07
2.25977e-09
1.15361e-07
2.2336e-09
1.15359e-07
2.21021e-09
1.15356e-07
2.18415e-09
1.15352e-07
2.16112e-09
1.15347e-07
2.13558e-09
1.15341e-07
2.11347e-09
1.15335e-07
2.08856e-09
1.15328e-07
2.06758e-09
1.15321e-07
2.04343e-09
1.15314e-07
2.02356e-09
1.15306e-07
2.00051e-09
1.15299e-07
1.98171e-09
1.15291e-07
1.95969e-09
1.15284e-07
1.94228e-09
1.15276e-07
1.92113e-09
1.15269e-07
1.90506e-09
1.15262e-07
1.88505e-09
1.15255e-07
1.87001e-09
1.15248e-07
1.85115e-09
1.15241e-07
1.83746e-09
1.15235e-07
1.81928e-09
1.15229e-07
1.80712e-09
1.15223e-07
1.78987e-09
1.15217e-07
1.77866e-09
1.15211e-07
1.76262e-09
1.15206e-07
1.75236e-09
1.15201e-07
1.73719e-09
1.15196e-07
1.72802e-09
1.15191e-07
1.71364e-09
1.15187e-07
1.70585e-09
1.15182e-07
1.69164e-09
1.15178e-07
1.68549e-09
1.15174e-07
1.67221e-09
1.1517e-07
1.66579e-09
1.15166e-07
1.65464e-09
1.15162e-07
1.64909e-09
1.15158e-07
1.63718e-09
1.15155e-07
1.63467e-09
1.15151e-07
1.62337e-09
1.15147e-07
1.62014e-09
1.15143e-07
1.61162e-09
1.1514e-07
1.6096e-09
1.15135e-07
1.60018e-09
1.15131e-07
1.60147e-09
1.15127e-07
1.59405e-09
1.15122e-07
1.59522e-09
1.15117e-07
1.59025e-09
1.15113e-07
1.5942e-09
1.15107e-07
1.59065e-09
1.15101e-07
1.59814e-09
1.15096e-07
1.59782e-09
1.1509e-07
1.60813e-09
1.61158e-09
1.31324e-07
1.88128e-09
-1.31254e-07
1.31402e-07
1.98093e-09
1.31489e-07
2.06713e-09
1.31582e-07
2.14714e-09
1.31676e-07
2.21838e-09
1.3177e-07
2.28111e-09
1.3186e-07
2.32931e-09
1.31944e-07
2.36617e-09
1.32021e-07
2.39035e-09
1.32088e-07
2.40589e-09
1.32147e-07
2.41171e-09
1.32198e-07
2.41269e-09
1.32242e-07
2.40736e-09
1.3228e-07
2.40034e-09
1.32313e-07
2.38865e-09
1.32339e-07
2.37623e-09
1.32361e-07
2.35922e-09
1.32377e-07
2.34203e-09
1.3239e-07
2.32086e-09
1.32398e-07
2.30067e-09
1.32404e-07
2.27744e-09
1.32408e-07
2.25611e-09
1.3241e-07
2.23213e-09
1.32409e-07
2.21038e-09
1.32408e-07
2.18602e-09
1.32405e-07
2.16413e-09
1.324e-07
2.13975e-09
1.32395e-07
2.11835e-09
1.3239e-07
2.09417e-09
1.32384e-07
2.07363e-09
1.32377e-07
2.04991e-09
1.32371e-07
2.0303e-09
1.32364e-07
2.00746e-09
1.32357e-07
1.9887e-09
1.32349e-07
1.96689e-09
1.32343e-07
1.94923e-09
1.32335e-07
1.92829e-09
1.32328e-07
1.91193e-09
1.32322e-07
1.89187e-09
1.32315e-07
1.87674e-09
1.32308e-07
1.85764e-09
1.32302e-07
1.84376e-09
1.32296e-07
1.82554e-09
1.3229e-07
1.81295e-09
1.32284e-07
1.79572e-09
1.32279e-07
1.78417e-09
1.32273e-07
1.768e-09
1.32268e-07
1.75748e-09
1.32263e-07
1.74218e-09
1.32258e-07
1.73278e-09
1.32254e-07
1.71824e-09
1.32249e-07
1.71022e-09
1.32245e-07
1.69604e-09
1.32241e-07
1.68946e-09
1.32237e-07
1.67621e-09
1.32233e-07
1.66978e-09
1.32229e-07
1.65827e-09
1.32226e-07
1.65274e-09
1.32222e-07
1.64105e-09
1.32219e-07
1.63806e-09
1.32215e-07
1.62692e-09
1.32211e-07
1.62395e-09
1.32208e-07
1.61518e-09
1.32204e-07
1.61315e-09
1.322e-07
1.60438e-09
1.32196e-07
1.60542e-09
1.32192e-07
1.59797e-09
1.32187e-07
1.5998e-09
1.32183e-07
1.59508e-09
1.32178e-07
1.5989e-09
1.32173e-07
1.59594e-09
1.32167e-07
1.6037e-09
1.32161e-07
1.60347e-09
1.32156e-07
1.61394e-09
1.61758e-09
1.50951e-07
1.82099e-09
-1.50891e-07
1.5102e-07
1.91233e-09
1.51095e-07
1.99204e-09
1.51175e-07
2.06745e-09
1.51256e-07
2.13668e-09
1.51339e-07
2.19825e-09
1.5142e-07
2.24816e-09
1.51497e-07
2.28904e-09
1.51569e-07
2.31913e-09
1.51633e-07
2.34169e-09
1.51689e-07
2.35505e-09
1.51739e-07
2.3633e-09
1.51782e-07
2.36462e-09
1.51819e-07
2.36333e-09
1.5185e-07
2.35683e-09
1.51877e-07
2.34917e-09
1.519e-07
2.33684e-09
1.51918e-07
2.32405e-09
1.51932e-07
2.30694e-09
1.51942e-07
2.2903e-09
1.5195e-07
2.27003e-09
1.51955e-07
2.25115e-09
1.51957e-07
2.22928e-09
1.51958e-07
2.20924e-09
1.51958e-07
2.1865e-09
1.51956e-07
2.16585e-09
1.51953e-07
2.14263e-09
1.5195e-07
2.12204e-09
1.51945e-07
2.09861e-09
1.5194e-07
2.07861e-09
1.51935e-07
2.05531e-09
1.51929e-07
2.03605e-09
1.51923e-07
2.01341e-09
1.51917e-07
1.9948e-09
1.51911e-07
1.97314e-09
1.51905e-07
1.95538e-09
1.51898e-07
1.93458e-09
1.51892e-07
1.91804e-09
1.51886e-07
1.89793e-09
1.5188e-07
1.88274e-09
1.51874e-07
1.86341e-09
1.51869e-07
1.84944e-09
1.51863e-07
1.83109e-09
1.51858e-07
1.81822e-09
1.51853e-07
1.80093e-09
1.51848e-07
1.78913e-09
1.51843e-07
1.7728e-09
1.51838e-07
1.7621e-09
1.51834e-07
1.74663e-09
1.5183e-07
1.73706e-09
1.51826e-07
1.72235e-09
1.51822e-07
1.71415e-09
1.51818e-07
1.69991e-09
1.51814e-07
1.69306e-09
1.51811e-07
1.67977e-09
1.51807e-07
1.67331e-09
1.51804e-07
1.66153e-09
1.51801e-07
1.65602e-09
1.51797e-07
1.64442e-09
1.51794e-07
1.64116e-09
1.51791e-07
1.63011e-09
1.51788e-07
1.62732e-09
1.51784e-07
1.6184e-09
1.51781e-07
1.61641e-09
1.51777e-07
1.60806e-09
1.51774e-07
1.60902e-09
1.5177e-07
1.6016e-09
1.51766e-07
1.60395e-09
1.51762e-07
1.5994e-09
1.51757e-07
1.60325e-09
1.51753e-07
1.60073e-09
1.51747e-07
1.60875e-09
1.51742e-07
1.60856e-09
1.51737e-07
1.61917e-09
1.62308e-09
1.73499e-07
1.77239e-09
-1.7345e-07
1.73554e-07
1.85725e-09
1.73614e-07
1.93172e-09
1.73679e-07
2.0032e-09
1.73745e-07
2.06978e-09
1.73814e-07
2.13007e-09
1.73881e-07
2.18077e-09
1.73946e-07
2.22422e-09
1.74007e-07
2.25839e-09
1.74062e-07
2.28608e-09
1.74112e-07
2.3052e-09
1.74156e-07
2.31932e-09
1.74194e-07
2.32624e-09
1.74228e-07
2.32995e-09
1.74257e-07
2.32794e-09
1.74282e-07
2.32427e-09
1.74303e-07
2.31572e-09
1.7432e-07
2.30654e-09
1.74334e-07
2.29284e-09
1.74345e-07
2.27936e-09
1.74353e-07
2.26183e-09
1.74359e-07
2.24529e-09
1.74363e-07
2.22537e-09
1.74366e-07
2.20691e-09
1.74366e-07
2.18562e-09
1.74366e-07
2.16611e-09
1.74365e-07
2.14395e-09
1.74363e-07
2.12418e-09
1.7436e-07
2.10144e-09
1.74356e-07
2.08201e-09
1.74353e-07
2.05912e-09
1.74348e-07
2.04024e-09
1.74344e-07
2.0178e-09
1.7434e-07
1.99939e-09
1.74335e-07
1.97787e-09
1.7433e-07
1.96009e-09
1.74325e-07
1.93942e-09
1.74321e-07
1.92277e-09
1.74316e-07
1.90264e-09
1.74311e-07
1.8874e-09
1.74307e-07
1.86791e-09
1.74302e-07
1.85389e-09
1.74298e-07
1.8354e-09
1.74294e-07
1.82236e-09
1.7429e-07
1.805e-09
1.74286e-07
1.793e-09
1.74282e-07
1.77655e-09
1.74278e-07
1.7657e-09
1.74275e-07
1.75008e-09
1.74272e-07
1.74038e-09
1.74268e-07
1.72553e-09
1.74265e-07
1.71719e-09
1.74262e-07
1.70288e-09
1.7426e-07
1.69585e-09
1.74257e-07
1.68251e-09
1.74254e-07
1.67598e-09
1.74252e-07
1.66406e-09
1.74249e-07
1.65854e-09
1.74247e-07
1.64695e-09
1.74244e-07
1.64359e-09
1.74242e-07
1.63257e-09
1.74239e-07
1.62989e-09
1.74237e-07
1.62094e-09
1.74234e-07
1.61899e-09
1.74231e-07
1.6109e-09
1.74228e-07
1.61187e-09
1.74225e-07
1.60455e-09
1.74222e-07
1.60725e-09
1.74219e-07
1.60284e-09
1.74215e-07
1.60677e-09
1.74211e-07
1.60458e-09
1.74207e-07
1.61286e-09
1.74203e-07
1.61279e-09
1.74199e-07
1.6231e-09
1.62766e-09
1.99401e-07
1.73902e-09
-1.99367e-07
1.99438e-07
1.81962e-09
1.9948e-07
1.89044e-09
1.99524e-07
1.95884e-09
1.99571e-07
2.02257e-09
1.99619e-07
2.08218e-09
1.99667e-07
2.13326e-09
1.99713e-07
2.17812e-09
1.99756e-07
2.21467e-09
1.99797e-07
2.24547e-09
1.99834e-07
2.26823e-09
1.99867e-07
2.28619e-09
1.99896e-07
2.29695e-09
1.99922e-07
2.30425e-09
1.99945e-07
2.30549e-09
1.99964e-07
2.3047e-09
1.99981e-07
2.2988e-09
1.99996e-07
2.29207e-09
2.00008e-07
2.28074e-09
2.00018e-07
2.26949e-09
2.00025e-07
2.254e-09
2.00031e-07
2.23927e-09
2.00036e-07
2.22087e-09
2.00039e-07
2.20367e-09
2.00041e-07
2.18348e-09
2.00043e-07
2.16482e-09
2.00043e-07
2.14349e-09
2.00043e-07
2.12434e-09
2.00042e-07
2.10218e-09
2.00041e-07
2.08322e-09
2.00039e-07
2.06067e-09
2.00037e-07
2.04212e-09
2.00035e-07
2.01988e-09
2.00033e-07
2.00164e-09
2.00031e-07
1.98027e-09
2.00028e-07
1.9625e-09
2.00026e-07
1.94197e-09
2.00023e-07
1.92525e-09
2.00021e-07
1.90517e-09
2.00018e-07
1.8899e-09
2.00016e-07
1.87032e-09
2.00013e-07
1.85629e-09
2.00011e-07
1.83771e-09
2.00009e-07
1.82457e-09
2.00007e-07
1.80718e-09
2.00005e-07
1.79504e-09
2.00003e-07
1.77855e-09
2.00001e-07
1.76759e-09
1.99999e-07
1.75189e-09
1.99997e-07
1.74208e-09
1.99996e-07
1.72718e-09
1.99994e-07
1.71872e-09
1.99993e-07
1.7044e-09
1.99991e-07
1.69723e-09
1.9999e-07
1.6839e-09
1.99989e-07
1.67728e-09
1.99987e-07
1.66532e-09
1.99986e-07
1.65977e-09
1.99985e-07
1.64821e-09
1.99984e-07
1.64479e-09
1.99982e-07
1.63381e-09
1.99981e-07
1.63116e-09
1.9998e-07
1.62228e-09
1.99978e-07
1.62031e-09
1.99977e-07
1.61245e-09
1.99975e-07
1.61341e-09
1.99974e-07
1.60624e-09
1.99972e-07
1.6091e-09
1.9997e-07
1.60486e-09
1.99968e-07
1.60882e-09
1.99965e-07
1.60687e-09
1.99963e-07
1.61523e-09
1.99961e-07
1.61528e-09
1.99958e-07
1.62602e-09
1.6299e-09
2.2916e-07
-2.29148e-07
2.29174e-07
2.2919e-07
2.29207e-07
2.29225e-07
2.29244e-07
2.29263e-07
2.29282e-07
2.29299e-07
2.29316e-07
2.29332e-07
2.29346e-07
2.29359e-07
2.2937e-07
2.2938e-07
2.29389e-07
2.29397e-07
2.29404e-07
2.29411e-07
2.29416e-07
2.29421e-07
2.29425e-07
2.29428e-07
2.29431e-07
2.29433e-07
2.29435e-07
2.29437e-07
2.29438e-07
2.2944e-07
2.29441e-07
2.29441e-07
2.29442e-07
2.29443e-07
2.29443e-07
2.29444e-07
2.29444e-07
2.29445e-07
2.29445e-07
2.29445e-07
2.29446e-07
2.29446e-07
2.29447e-07
2.29447e-07
2.29447e-07
2.29448e-07
2.29448e-07
2.29449e-07
2.2945e-07
2.2945e-07
2.29451e-07
2.29451e-07
2.29452e-07
2.29453e-07
2.29453e-07
2.29454e-07
2.29455e-07
2.29456e-07
2.29457e-07
2.29457e-07
2.29458e-07
2.29459e-07
2.2946e-07
2.2946e-07
2.29461e-07
2.29462e-07
2.29462e-07
2.29463e-07
2.29463e-07
2.29464e-07
2.29464e-07
2.29465e-07
2.29465e-07
2.29465e-07
2.29465e-07
2.76987e-08
-3.5038e-10
2.76881e-08
3.05793e-10
2.76784e-08
-2.88509e-10
2.76578e-08
2.87548e-10
2.76456e-08
-2.35387e-10
2.76203e-08
2.6932e-10
2.76037e-08
-1.82954e-10
2.75693e-08
2.6124e-10
2.75463e-08
-1.25692e-10
2.75011e-08
2.62266e-10
2.74688e-08
-6.12238e-11
2.74095e-08
2.73621e-10
2.73658e-08
2.05026e-11
2.72866e-08
3.01753e-10
2.72181e-08
1.32009e-10
2.71062e-08
3.45474e-10
2.69767e-08
3.20571e-10
2.67676e-08
4.73685e-10
2.62105e-08
9.93511e-10
1.71857e-09
2.85047e-08
-3.63892e-10
2.84849e-08
3.25535e-10
2.84886e-08
-2.92153e-10
2.84626e-08
3.13482e-10
2.84586e-08
-2.31403e-10
2.84288e-08
2.99123e-10
2.84138e-08
-1.67929e-10
2.83815e-08
2.93517e-10
2.83511e-08
-9.52103e-11
2.83195e-08
2.9381e-10
2.82644e-08
-6.07709e-12
2.8238e-08
3.00001e-10
2.81444e-08
1.14106e-10
2.81294e-08
3.16772e-10
2.79677e-08
2.93704e-10
2.79668e-08
3.46318e-10
2.7668e-08
6.19426e-10
2.7619e-08
5.22673e-10
2.69631e-08
1.64936e-09
1.86271e-09
2.93147e-08
-3.52606e-10
2.93287e-08
3.11529e-10
2.93e-08
-2.63392e-10
2.9312e-08
3.01405e-10
2.92686e-08
-1.87991e-10
2.92829e-08
2.84817e-10
2.92208e-08
-1.0575e-10
2.92393e-08
2.75006e-10
2.91537e-08
-9.67031e-12
2.91782e-08
2.69322e-10
2.90634e-08
1.08764e-10
2.90934e-08
2.6999e-10
2.89423e-08
2.6518e-10
2.89702e-08
2.88892e-10
2.87759e-08
4.88002e-10
2.87664e-08
3.55789e-10
2.85131e-08
8.72754e-10
2.8336e-08
6.9979e-10
2.80523e-08
1.933e-09
2.23953e-09
3.01509e-08
-3.1823e-10
3.01909e-08
2.71552e-10
3.01369e-08
-2.09367e-10
3.01744e-08
2.63947e-10
3.01055e-08
-1.19127e-10
3.01433e-08
2.46992e-10
3.0058e-08
-2.04746e-11
3.00947e-08
2.3832e-10
2.99928e-08
9.22695e-11
3.00247e-08
2.37452e-10
2.99075e-08
2.25949e-10
2.99253e-08
2.52212e-10
2.97966e-08
3.93878e-10
2.97812e-08
3.04219e-10
2.96468e-08
6.22443e-10
2.95515e-08
4.51029e-10
2.94076e-08
1.01669e-09
2.91435e-08
9.63898e-10
2.90581e-08
2.01842e-09
2.57924e-09
3.10227e-08
-2.71129e-10
3.10722e-08
2.22031e-10
3.10083e-08
-1.45463e-10
3.1051e-08
2.21276e-10
3.09772e-08
-4.53502e-11
3.10141e-08
2.10079e-10
3.09314e-08
6.22249e-11
3.09584e-08
2.11408e-10
3.08692e-08
1.81424e-10
3.08798e-08
2.26845e-10
3.07883e-08
3.17454e-10
3.07715e-08
2.69055e-10
3.06824e-08
4.82888e-10
3.06202e-08
3.66477e-10
3.0535e-08
7.0763e-10
3.03921e-08
5.93889e-10
3.02991e-08
1.10973e-09
3.00442e-08
1.21882e-09
2.99944e-08
2.06821e-09
2.78598e-09
3.19315e-08
-2.22368e-10
3.19775e-08
1.75999e-10
3.19162e-08
-8.41237e-11
3.19508e-08
1.86663e-10
3.18846e-08
2.082e-11
3.19084e-08
1.86313e-10
3.18393e-08
1.31346e-10
3.18473e-08
2.03356e-10
3.17778e-08
2.50947e-10
3.17641e-08
2.40536e-10
3.16973e-08
3.84266e-10
3.16527e-08
3.13627e-10
3.15903e-08
5.453e-10
3.15018e-08
4.54995e-10
3.14384e-08
7.70973e-10
3.12851e-08
7.47271e-10
3.12055e-08
1.18932e-09
3.09929e-08
1.43135e-09
3.09393e-08
2.12183e-09
2.88316e-09
3.28732e-08
-1.78253e-10
3.29106e-08
1.38656e-10
3.28571e-08
-3.06224e-11
3.28799e-08
1.63791e-10
3.28244e-08
7.63529e-11
3.28337e-08
1.77017e-10
3.27781e-08
1.86906e-10
3.27694e-08
2.12101e-10
3.27155e-08
3.0483e-10
3.26838e-08
2.72238e-10
3.2633e-08
4.35093e-10
3.25718e-08
3.74749e-10
3.25223e-08
5.9481e-10
3.24237e-08
5.53603e-10
3.23659e-08
8.28823e-10
3.22204e-08
8.92752e-10
3.21406e-08
1.26916e-09
3.19742e-08
1.59769e-09
3.19161e-08
2.1799e-09
2.90887e-09
3.38439e-08
-1.40271e-10
3.38726e-08
1.09955e-10
3.38274e-08
1.45597e-11
3.38399e-08
1.51346e-10
3.37937e-08
1.2252e-10
3.37912e-08
1.79523e-10
3.37461e-08
2.31972e-10
3.37249e-08
2.33298e-10
3.36816e-08
3.4811e-10
3.36382e-08
3.15678e-10
3.35962e-08
4.77069e-10
3.35269e-08
4.44079e-10
3.34816e-08
6.40064e-10
3.33826e-08
6.52685e-10
3.33226e-08
8.88765e-10
3.31927e-08
1.02266e-09
3.31098e-08
1.35205e-09
3.2984e-08
1.72356e-09
3.29284e-08
2.23543e-09
2.89446e-09
3.48421e-08
-1.07654e-10
3.48636e-08
8.84301e-11
3.48258e-08
5.23631e-11
3.48299e-08
1.47233e-10
3.47914e-08
1.61067e-10
3.47797e-08
1.91162e-10
3.47425e-08
2.69185e-10
3.47125e-08
2.63355e-10
3.4676e-08
3.84564e-10
3.46256e-08
3.66064e-10
3.45876e-08
5.15077e-10
3.45158e-08
5.15927e-10
3.44698e-08
6.86017e-10
3.43756e-08
7.46851e-10
3.43111e-08
9.5328e-10
3.41986e-08
1.13521e-09
3.4115e-08
1.43564e-09
3.40208e-08
1.81775e-09
3.39744e-08
2.28178e-09
2.86077e-09
3.58683e-08
-7.93963e-11
3.58837e-08
7.30571e-11
3.58524e-08
8.36349e-11
3.58497e-08
1.4995e-10
3.58175e-08
1.93323e-10
3.57987e-08
2.09939e-10
3.57673e-08
3.00616e-10
3.57312e-08
2.9941e-10
3.56986e-08
4.17127e-10
3.5645e-08
4.19691e-10
3.56076e-08
5.5248e-10
3.5537e-08
5.86543e-10
3.54879e-08
7.35081e-10
3.54011e-08
8.33668e-10
3.53327e-08
1.02174e-09
3.5236e-08
1.23186e-09
3.51557e-08
1.51591e-09
3.50848e-08
1.88869e-09
3.50512e-08
2.31532e-09
2.81902e-09
3.6924e-08
-5.49224e-11
3.69336e-08
6.33962e-11
3.69083e-08
1.09e-10
3.68998e-08
1.58405e-10
3.68727e-08
2.20463e-10
3.68485e-08
2.34142e-10
3.68209e-08
3.28195e-10
3.67813e-08
3.38979e-10
3.67502e-08
4.48211e-10
3.66961e-08
4.738e-10
3.66572e-08
5.91392e-10
3.65899e-08
6.53825e-10
3.65373e-08
7.87759e-10
3.64582e-08
9.12775e-10
3.6388e-08
1.09193e-09
3.63045e-08
1.31533e-09
3.6231e-08
1.58938e-09
3.61769e-08
1.94282e-09
3.61567e-08
2.33557e-09
2.77402e-09
3.80102e-08
-3.39745e-11
3.80144e-08
5.91536e-11
3.79943e-08
1.29161e-10
3.79812e-08
1.71496e-10
3.79579e-08
2.43755e-10
3.79299e-08
2.62085e-10
3.79044e-08
3.53755e-10
3.78634e-08
3.79988e-10
3.7832e-08
4.7962e-10
3.77792e-08
5.26595e-10
3.77378e-08
6.32776e-10
3.76746e-08
7.17016e-10
3.76191e-08
8.43286e-10
3.75469e-08
9.84969e-10
3.74775e-08
1.16128e-09
3.74046e-08
1.38823e-09
3.734e-08
1.65403e-09
3.72984e-08
1.98435e-09
3.72899e-08
2.34408e-09
2.72734e-09
3.91279e-08
-1.63692e-11
3.91272e-08
5.98614e-11
3.91113e-08
1.45073e-10
3.90948e-08
1.87976e-10
3.9074e-08
2.64534e-10
3.90439e-08
2.9217e-10
3.90189e-08
3.78841e-10
3.89779e-08
4.20907e-10
3.89451e-08
5.12433e-10
3.88945e-08
5.77181e-10
3.88507e-08
6.76642e-10
3.87914e-08
7.76266e-10
3.87344e-08
9.00273e-10
3.8668e-08
1.0514e-09
3.86016e-08
1.2277e-09
3.85374e-08
1.45247e-09
3.84821e-08
1.70924e-09
3.84506e-08
2.0159e-09
3.84515e-08
2.34318e-09
2.67944e-09
4.02781e-08
-1.85475e-12
4.02731e-08
6.47944e-11
4.02603e-08
1.57886e-10
4.02417e-08
2.06565e-10
4.02222e-08
2.84026e-10
4.01913e-08
3.23054e-10
4.01656e-08
4.04539e-10
4.01257e-08
4.60806e-10
4.00911e-08
5.47035e-10
4.0043e-08
6.25364e-10
3.99972e-08
7.22376e-10
3.99413e-08
8.32154e-10
3.98844e-08
9.57246e-10
3.98227e-08
1.11306e-09
3.97606e-08
1.28981e-09
3.97038e-08
1.50925e-09
3.96577e-08
1.7554e-09
3.96345e-08
2.03906e-09
3.96426e-08
2.33511e-09
2.63068e-09
4.14615e-08
9.92425e-12
4.14532e-08
7.30275e-11
4.14423e-08
1.68806e-10
4.14227e-08
2.26121e-10
4.14036e-08
3.03192e-10
4.13729e-08
3.53775e-10
4.1346e-08
4.31424e-10
4.13075e-08
4.99297e-10
4.12712e-08
5.83269e-10
4.12252e-08
6.7138e-10
4.11785e-08
7.69091e-10
4.11254e-08
8.85312e-10
4.10696e-08
1.01298e-09
4.10121e-08
1.1706e-09
4.0955e-08
1.3469e-09
4.09049e-08
1.55931e-09
4.0867e-08
1.79334e-09
4.08511e-08
2.05501e-09
4.08645e-08
2.3217e-09
2.58155e-09
4.2679e-08
1.94038e-11
4.26685e-08
8.35462e-11
4.26584e-08
1.78941e-10
4.26387e-08
2.45778e-10
4.26192e-08
3.22647e-10
4.25893e-08
3.83764e-10
4.25611e-08
4.59617e-10
4.2524e-08
5.36384e-10
4.24866e-08
6.20666e-10
4.24423e-08
7.15626e-10
4.23955e-08
8.15901e-10
4.23446e-08
9.36201e-10
4.2291e-08
1.06661e-09
4.22373e-08
1.2243e-09
4.21854e-08
1.39877e-09
4.21416e-08
1.60311e-09
4.21109e-08
1.82404e-09
4.21012e-08
2.06474e-09
4.21186e-08
2.3043e-09
2.53262e-09
4.39317e-08
2.70493e-11
4.39199e-08
9.53874e-11
4.39097e-08
1.89155e-10
4.38904e-08
2.65005e-10
4.38704e-08
3.42672e-10
4.38414e-08
4.12794e-10
4.38121e-08
4.8892e-10
4.37762e-08
5.72283e-10
4.37382e-08
6.5865e-10
4.36954e-08
7.58463e-10
4.36492e-08
8.62085e-10
4.36003e-08
9.85047e-10
4.35493e-08
1.11761e-09
4.34994e-08
1.27426e-09
4.34526e-08
1.4455e-09
4.34147e-08
1.64106e-09
4.33903e-08
1.84842e-09
4.33859e-08
2.06918e-09
4.34062e-08
2.28393e-09
2.48438e-09
4.52206e-08
3.33048e-11
4.52083e-08
1.07748e-10
4.51974e-08
1.99993e-10
4.51788e-08
2.83588e-10
4.51582e-08
3.63281e-10
4.51302e-08
4.40861e-10
4.51001e-08
5.18963e-10
4.50651e-08
6.07259e-10
4.50271e-08
6.96686e-10
4.49855e-08
8.00118e-10
4.49404e-08
9.07125e-10
4.48936e-08
1.03188e-09
4.48455e-08
1.16573e-09
4.47993e-08
1.32046e-09
4.47575e-08
1.48729e-09
4.47249e-08
1.67359e-09
4.47061e-08
1.8673e-09
4.4706e-08
2.0692e-09
4.47286e-08
2.26139e-09
2.43723e-09
4.65469e-08
3.85563e-11
4.65346e-08
1.20039e-10
4.65229e-08
2.11693e-10
4.65049e-08
3.01547e-10
4.64839e-08
3.84324e-10
4.64567e-08
4.68078e-10
4.64263e-08
5.4933e-10
4.6392e-08
6.41513e-10
4.63544e-08
7.34353e-10
4.63138e-08
8.40667e-10
4.62703e-08
9.50686e-10
4.62255e-08
1.07662e-09
4.61804e-08
1.21083e-09
4.6138e-08
1.36291e-09
4.61008e-08
1.52444e-09
4.60733e-08
1.70113e-09
4.60592e-08
1.8814e-09
4.60628e-08
2.06556e-09
4.60869e-08
2.23732e-09
2.39146e-09
4.79117e-08
4.31105e-11
4.78998e-08
1.3189e-10
4.78873e-08
2.24236e-10
4.78698e-08
3.19034e-10
4.78485e-08
4.05592e-10
4.7822e-08
4.94581e-10
4.77917e-08
5.79646e-10
4.77581e-08
6.75138e-10
4.77211e-08
7.71345e-10
4.76817e-08
8.80069e-10
4.76398e-08
9.92554e-10
4.75973e-08
1.11913e-09
4.75553e-08
1.25287e-09
4.75165e-08
1.40164e-09
4.74837e-08
1.55721e-09
4.74607e-08
1.72415e-09
4.74508e-08
1.89136e-09
4.74574e-08
2.05897e-09
4.74824e-08
2.21224e-09
2.34723e-09
4.93162e-08
4.71919e-11
4.93049e-08
1.43121e-10
4.92917e-08
2.37439e-10
4.92746e-08
3.36226e-10
4.92533e-08
4.26885e-10
4.92274e-08
5.20474e-10
4.91974e-08
6.09607e-10
4.91644e-08
7.08122e-10
4.91283e-08
8.07446e-10
4.90902e-08
9.18216e-10
4.90501e-08
1.03259e-09
4.901e-08
1.15929e-09
4.8971e-08
1.29184e-09
4.89359e-08
1.43674e-09
4.89072e-08
1.58592e-09
4.88882e-08
1.7431e-09
4.88818e-08
1.89778e-09
4.88908e-08
2.05002e-09
4.89164e-08
2.18661e-09
2.30469e-09
5.07617e-08
5.09521e-11
5.07511e-08
1.53688e-10
5.07375e-08
2.51036e-10
5.07205e-08
3.53262e-10
5.06993e-08
4.48049e-10
5.0674e-08
5.45808e-10
5.06446e-08
6.38987e-10
5.06124e-08
7.4037e-10
5.05773e-08
8.42489e-10
5.05406e-08
9.54973e-10
5.05025e-08
1.07067e-09
5.04648e-08
1.19701e-09
5.04288e-08
1.32779e-09
5.03972e-08
1.46833e-09
5.03723e-08
1.61087e-09
5.03569e-08
1.75845e-09
5.03535e-08
1.90119e-09
5.03643e-08
2.03925e-09
5.03901e-08
2.16078e-09
2.26388e-09
5.22495e-08
5.44865e-11
5.22395e-08
1.63625e-10
5.22258e-08
2.64753e-10
5.22089e-08
3.70205e-10
5.21879e-08
4.6898e-10
5.21632e-08
5.7059e-10
5.21345e-08
6.6762e-10
5.21031e-08
7.71744e-10
5.20693e-08
8.76328e-10
5.20341e-08
9.90202e-10
5.1998e-08
1.10673e-09
5.19628e-08
1.23225e-09
5.19298e-08
1.36074e-09
5.19016e-08
1.4966e-09
5.18801e-08
1.63234e-09
5.18679e-08
1.7706e-09
5.1867e-08
1.90208e-09
5.18791e-08
2.02714e-09
5.19048e-08
2.13513e-09
2.22483e-09
5.37808e-08
5.78508e-11
5.37714e-08
1.73004e-10
5.37578e-08
2.78345e-10
5.3741e-08
3.87043e-10
5.37203e-08
4.89601e-10
5.36961e-08
5.94793e-10
5.36684e-08
6.95378e-10
5.3638e-08
8.0209e-10
5.36055e-08
9.08821e-10
5.3572e-08
1.02377e-09
5.3538e-08
1.14067e-09
5.35053e-08
1.26499e-09
5.34752e-08
1.3908e-09
5.34501e-08
1.52172e-09
5.34318e-08
1.65066e-09
5.34224e-08
1.77998e-09
5.34236e-08
1.90092e-09
5.34366e-08
2.01412e-09
5.34618e-08
2.10999e-09
2.1876e-09
5.53569e-08
6.1083e-11
5.53479e-08
1.81964e-10
5.53346e-08
2.91637e-10
5.53181e-08
4.03613e-10
5.52979e-08
5.09808e-10
5.52743e-08
6.18389e-10
5.52474e-08
7.22274e-10
5.52181e-08
8.31383e-10
5.51869e-08
9.39972e-10
5.5155e-08
1.05569e-09
5.51231e-08
1.17256e-09
5.50928e-08
1.29533e-09
5.50654e-08
1.41812e-09
5.50433e-08
1.5439e-09
5.50279e-08
1.66606e-09
5.5021e-08
1.78683e-09
5.5024e-08
1.89795e-09
5.50377e-08
2.00035e-09
5.50623e-08
2.08543e-09
2.15223e-09
1.14607e-07
6.71615e-11
1.1459e-07
1.99168e-10
1.14564e-07
3.17517e-10
1.14532e-07
4.35395e-10
1.14493e-07
5.48494e-10
1.14448e-07
6.63845e-10
1.14395e-07
7.7463e-10
1.14338e-07
8.88682e-10
1.14277e-07
1.00065e-09
1.14216e-07
1.117e-09
1.14156e-07
1.23262e-09
1.14101e-07
1.35084e-09
1.14053e-07
1.46602e-09
1.14017e-07
1.57941e-09
1.13996e-07
1.6873e-09
1.13992e-07
1.79122e-09
1.14005e-07
1.88399e-09
1.14039e-07
1.96707e-09
1.1409e-07
2.03375e-09
2.08125e-09
1.3165e-07
7.31973e-11
1.31633e-07
2.15985e-10
1.31606e-07
3.44078e-10
1.31572e-07
4.69663e-10
1.31531e-07
5.89359e-10
1.31484e-07
7.10435e-10
1.31432e-07
8.26913e-10
1.31376e-07
9.4524e-10
1.31316e-07
1.05988e-09
1.31258e-07
1.17585e-09
1.31202e-07
1.28848e-09
1.31153e-07
1.40004e-09
1.31115e-07
1.5038e-09
1.31089e-07
1.60524e-09
1.31077e-07
1.6996e-09
1.3108e-07
1.78783e-09
1.311e-07
1.86413e-09
1.31136e-07
1.93049e-09
1.31188e-07
1.98172e-09
2.01555e-09
1.51227e-07
7.90788e-11
1.5121e-07
2.32679e-10
1.51184e-07
3.70391e-10
1.51149e-07
5.03971e-10
1.51109e-07
6.30181e-10
1.51063e-07
7.56097e-10
1.51013e-07
8.76571e-10
1.50961e-07
9.9741e-10
1.50908e-07
1.11298e-09
1.50857e-07
1.22722e-09
1.5081e-07
1.33524e-09
1.50774e-07
1.43543e-09
1.50747e-07
1.53124e-09
1.50729e-07
1.62283e-09
1.50724e-07
1.70521e-09
1.50731e-07
1.78019e-09
1.50753e-07
1.84296e-09
1.50787e-07
1.89601e-09
1.50834e-07
1.93513e-09
1.95836e-09
1.73715e-07
8.45748e-11
1.73699e-07
2.48467e-10
1.73675e-07
3.94901e-10
1.73643e-07
5.35573e-10
1.73606e-07
6.67524e-10
1.73565e-07
7.97341e-10
1.73521e-07
9.20319e-10
1.73476e-07
1.04186e-09
1.73433e-07
1.15633e-09
1.73394e-07
1.26645e-09
1.73365e-07
1.36449e-09
1.73339e-07
1.46151e-09
1.73319e-07
1.5509e-09
1.73308e-07
1.63388e-09
1.73306e-07
1.70655e-09
1.73316e-07
1.77109e-09
1.73335e-07
1.82338e-09
1.73365e-07
1.86634e-09
1.73404e-07
1.89633e-09
1.91166e-09
1.99548e-07
8.89997e-11
1.99536e-07
2.61081e-10
1.99516e-07
4.14288e-10
1.99491e-07
5.60359e-10
1.99462e-07
6.96567e-10
1.99431e-07
8.29018e-10
1.99398e-07
9.53243e-10
1.99365e-07
1.0741e-09
1.99338e-07
1.18359e-09
1.99318e-07
1.28632e-09
1.99298e-07
1.38525e-09
1.99281e-07
1.47861e-09
1.99268e-07
1.56298e-09
1.99263e-07
1.63981e-09
1.99263e-07
1.70573e-09
1.99271e-07
1.76316e-09
1.99286e-07
1.80848e-09
1.99308e-07
1.84485e-09
1.99335e-07
1.86896e-09
1.8793e-09
2.29224e-07
2.29218e-07
2.29209e-07
2.29197e-07
2.29184e-07
2.2917e-07
2.29156e-07
2.29144e-07
2.29138e-07
2.29129e-07
2.29122e-07
2.29115e-07
2.29111e-07
2.29109e-07
2.2911e-07
2.29113e-07
2.29118e-07
2.29126e-07
2.29136e-07
)
;

boundaryField
{
    top
    {
        type            calculated;
        value           nonuniform List<scalar> 
95
(
1.72667e-09
1.80549e-09
1.87478e-09
1.94181e-09
2.00421e-09
2.06326e-09
2.11448e-09
2.15971e-09
2.19695e-09
2.22874e-09
2.25272e-09
2.27202e-09
2.28417e-09
2.29281e-09
2.29531e-09
2.29562e-09
2.29074e-09
2.28493e-09
2.27447e-09
2.26405e-09
2.24934e-09
2.23532e-09
2.21755e-09
2.20085e-09
2.18111e-09
2.1628e-09
2.14181e-09
2.12289e-09
2.10099e-09
2.08221e-09
2.05982e-09
2.04141e-09
2.01926e-09
2.0011e-09
1.97981e-09
1.96204e-09
1.9416e-09
1.92483e-09
1.9048e-09
1.88951e-09
1.86992e-09
1.85588e-09
1.83729e-09
1.8241e-09
1.80673e-09
1.79451e-09
1.77803e-09
1.76702e-09
1.75131e-09
1.74145e-09
1.72655e-09
1.71802e-09
1.70373e-09
1.69648e-09
1.68318e-09
1.67651e-09
1.66456e-09
1.65897e-09
1.64744e-09
1.64399e-09
1.63306e-09
1.6304e-09
1.62158e-09
1.61956e-09
1.61183e-09
1.61276e-09
1.60569e-09
1.60858e-09
1.60445e-09
1.60836e-09
1.60655e-09
1.61491e-09
1.61512e-09
1.62593e-09
1.62953e-09
9.10325e-11
2.67064e-10
4.23382e-10
5.71779e-10
7.09647e-10
8.42901e-10
9.67126e-10
1.08654e-09
1.18959e-09
1.2949e-09
1.39296e-09
1.4848e-09
1.56725e-09
1.64178e-09
1.70527e-09
1.76016e-09
1.80298e-09
1.83696e-09
1.85892e-09
1.86743e-09
)
;
    }
    inlet
    {
        type            calculated;
        value           nonuniform List<scalar> 
31
(
-1.14613e-07
-1.31656e-07
-1.51233e-07
-1.73721e-07
-1.99553e-07
-2.29226e-07
-2.76801e-08
-2.84911e-08
-2.9326e-08
-3.01853e-08
-3.10698e-08
-3.19802e-08
-3.29173e-08
-3.38819e-08
-3.48747e-08
-3.58966e-08
-3.69484e-08
-3.80311e-08
-3.91455e-08
-4.02926e-08
-4.14732e-08
-4.26885e-08
-4.39394e-08
-4.52269e-08
-4.65521e-08
-4.79162e-08
-4.93203e-08
-5.07655e-08
-5.2253e-08
-5.37841e-08
-5.53601e-08
)
;
    }
    outlet
    {
        type            calculated;
        value           nonuniform List<scalar> 
31
(
1.15083e-07
1.3215e-07
1.51732e-07
1.74195e-07
1.99955e-07
2.29466e-07
1.26539e-09
3.96382e-09
6.89858e-09
1.00547e-08
1.34003e-08
1.68819e-08
2.04237e-08
2.39296e-08
2.72932e-08
3.04144e-08
3.32182e-08
3.56705e-08
3.77827e-08
3.96046e-08
4.1208e-08
4.26681e-08
4.40505e-08
4.54041e-08
4.67609e-08
4.814e-08
4.95515e-08
5.10008e-08
5.24907e-08
5.4023e-08
5.55991e-08
)
;
    }
    plate
    {
        type            calculated;
        value           uniform 0;
    }
    symmBound
    {
        type            calculated;
        value           nonuniform List<scalar> 
20
(
3.31734e-10
-2.95218e-10
2.98282e-10
-2.66973e-10
2.47545e-10
-2.44024e-10
1.99606e-10
-2.2691e-10
1.48723e-10
-2.1702e-10
9.3506e-11
-2.14313e-10
2.31295e-11
-2.22543e-10
-6.35017e-11
-2.33534e-10
-1.91104e-10
-2.64541e-10
-4.3646e-10
-5.43289e-10
)
;
    }
    frontAndBack
    {
        type            empty;
        value           nonuniform 0();
    }
}


// ************************************************************************* //
