/*--------------------------------*- C++ -*----------------------------------*\
| =========                 |                                                 |
| \\      /  F ield         | OpenFOAM: The Open Source CFD Toolbox           |
|  \\    /   O peration     | Version:  2.3.0                                 |
|   \\  /    A nd           | Web:      www.OpenFOAM.org                      |
|    \\/     M anipulation  |                                                 |
\*---------------------------------------------------------------------------*/
FoamFile
{
    version     2.0;
    format      ascii;
    class       volVectorField;
    location    "0.7";
    object      U;
}
// * * * * * * * * * * * * * * * * * * * * * * * * * * * * * * * * * * * * * //

dimensions      [0 1 -1 0 0 0 0];

internalField   nonuniform List<vector> 
2945
(
(0.160511 0.00669138 0)
(0.120812 0.0065779 0)
(0.0888039 0.00451961 0)
(0.0664375 0.00255188 0)
(0.0523235 0.00105574 0)
(0.0435589 0.000332541 0)
(0.0381181 0.000101803 0)
(0.0346985 6.47985e-05 0)
(0.0323448 5.84579e-05 0)
(0.0305436 6.75513e-05 0)
(0.0289925 8.3604e-05 0)
(0.0275566 8.49679e-05 0)
(0.0262713 7.30262e-05 0)
(0.0251719 5.78305e-05 0)
(0.0242201 4.98599e-05 0)
(0.0233527 4.8691e-05 0)
(0.022546 4.49159e-05 0)
(0.0218099 3.97777e-05 0)
(0.0211329 3.79108e-05 0)
(0.0205002 3.53331e-05 0)
(0.0199216 3.01949e-05 0)
(0.019394 2.75099e-05 0)
(0.018897 2.7382e-05 0)
(0.0184257 2.4999e-05 0)
(0.0179889 2.23386e-05 0)
(0.0175803 2.15992e-05 0)
(0.0171915 2.03142e-05 0)
(0.0168235 1.88544e-05 0)
(0.0164791 1.73208e-05 0)
(0.0161554 1.59042e-05 0)
(0.0158485 1.51859e-05 0)
(0.015556 1.43385e-05 0)
(0.0152761 1.37295e-05 0)
(0.0150054 1.3641e-05 0)
(0.0147451 1.27275e-05 0)
(0.0145016 1.10973e-05 0)
(0.0142722 1.05743e-05 0)
(0.01405 1.0603e-05 0)
(0.0138335 1.0313e-05 0)
(0.0136251 9.7954e-06 0)
(0.0134258 9.12426e-06 0)
(0.0132371 8.31175e-06 0)
(0.0130569 7.99276e-06 0)
(0.0128833 7.62835e-06 0)
(0.0127153 7.33567e-06 0)
(0.0125511 7.38363e-06 0)
(0.0123913 7.05675e-06 0)
(0.0122395 6.34251e-06 0)
(0.0120932 6.29209e-06 0)
(0.0119507 6.12655e-06 0)
(0.0118129 5.74313e-06 0)
(0.0116797 5.65888e-06 0)
(0.011551 5.3142e-06 0)
(0.0114274 4.97999e-06 0)
(0.0113093 4.66738e-06 0)
(0.011194 4.6816e-06 0)
(0.0110806 4.66157e-06 0)
(0.0109711 4.29134e-06 0)
(0.0108665 4.06866e-06 0)
(0.0107632 4.22551e-06 0)
(0.0106631 3.86319e-06 0)
(0.0105674 3.6489e-06 0)
(0.0104756 3.4953e-06 0)
(0.0103844 3.62462e-06 0)
(0.0102961 3.32148e-06 0)
(0.0102103 3.31748e-06 0)
(0.0101268 3.12389e-06 0)
(0.0100461 3.17097e-06 0)
(0.00996355 3.12681e-06 0)
(0.0098918 2.62712e-06 0)
(0.00980635 3.39076e-06 0)
(0.00974813 2.02463e-06 0)
(0.00964702 4.11399e-06 0)
(0.00962562 -5.11523e-07 0)
(0.00950296 6.25026e-06 0)
(0.191815 0.0121515 0)
(0.184171 0.0143293 0)
(0.171479 0.01224 0)
(0.156507 0.00895111 0)
(0.141653 0.0060873 0)
(0.128137 0.00407207 0)
(0.11644 0.00255566 0)
(0.106974 0.00165635 0)
(0.0994651 0.0011655 0)
(0.0933531 0.000928048 0)
(0.0882567 0.000818018 0)
(0.0838544 0.000728794 0)
(0.0800201 0.000628909 0)
(0.0767084 0.000533252 0)
(0.0737804 0.000470851 0)
(0.0711103 0.000435318 0)
(0.0686551 0.000395607 0)
(0.0664092 0.000355439 0)
(0.0643489 0.000328735 0)
(0.0624446 0.000302494 0)
(0.0606917 0.000270796 0)
(0.0590686 0.000248682 0)
(0.0575492 0.000235826 0)
(0.056122 0.00021757 0)
(0.0547867 0.000199383 0)
(0.0535365 0.000188005 0)
(0.0523551 0.000176171 0)
(0.0512359 0.000164363 0)
(0.0501835 0.000152795 0)
(0.0491885 0.000142642 0)
(0.048242 0.000135012 0)
(0.0473416 0.000127355 0)
(0.0464809 0.00012095 0)
(0.0456556 0.000116259 0)
(0.0448673 0.00010931 0)
(0.0441201 0.000100681 0)
(0.0434069 9.57935e-05 0)
(0.0427204 9.25685e-05 0)
(0.0420591 8.85394e-05 0)
(0.0414251 8.40553e-05 0)
(0.0408178 7.93659e-05 0)
(0.0402373 7.44394e-05 0)
(0.0396794 7.12359e-05 0)
(0.0391425 6.80201e-05 0)
(0.0386229 6.52508e-05 0)
(0.0381189 6.3438e-05 0)
(0.0376323 6.0472e-05 0)
(0.0371664 5.6582e-05 0)
(0.0367155 5.49103e-05 0)
(0.0362795 5.27733e-05 0)
(0.0358576 5.01642e-05 0)
(0.0354501 4.84562e-05 0)
(0.0350571 4.60236e-05 0)
(0.0346777 4.37916e-05 0)
(0.0343127 4.16525e-05 0)
(0.0339572 4.06409e-05 0)
(0.0336116 3.94096e-05 0)
(0.0332779 3.71922e-05 0)
(0.0329567 3.55533e-05 0)
(0.0326427 3.5086e-05 0)
(0.0323402 3.29313e-05 0)
(0.0320483 3.14465e-05 0)
(0.0317675 3.01364e-05 0)
(0.0314916 2.98206e-05 0)
(0.0312258 2.80206e-05 0)
(0.0309675 2.74016e-05 0)
(0.0307168 2.60194e-05 0)
(0.0304754 2.56403e-05 0)
(0.0302329 2.47171e-05 0)
(0.0300163 2.27674e-05 0)
(0.0297697 2.45625e-05 0)
(0.0295912 1.96623e-05 0)
(0.0293113 2.62016e-05 0)
(0.0292226 1.00737e-05 0)
(0.028872 3.17493e-05 0)
(0.191693 0.0110808 0)
(0.194142 0.0130346 0)
(0.194735 0.0139075 0)
(0.191669 0.0125463 0)
(0.186112 0.00964371 0)
(0.178659 0.00742728 0)
(0.170042 0.00594054 0)
(0.16178 0.00476842 0)
(0.154405 0.0037965 0)
(0.147608 0.00312698 0)
(0.141296 0.00266588 0)
(0.135461 0.00229202 0)
(0.130147 0.00195937 0)
(0.125419 0.00167952 0)
(0.121172 0.00149109 0)
(0.117244 0.00136611 0)
(0.113561 0.00124042 0)
(0.110119 0.00111878 0)
(0.106923 0.00102654 0)
(0.103956 0.000941874 0)
(0.101202 0.000854167 0)
(0.0986306 0.000787152 0)
(0.0962131 0.000738301 0)
(0.0939326 0.000683171 0)
(0.0917812 0.000630394 0)
(0.0897587 0.000591088 0)
(0.0878469 0.000553767 0)
(0.0860283 0.000517963 0)
(0.0843098 0.000483245 0)
(0.0826787 0.00045315 0)
(0.0811204 0.000428322 0)
(0.0796351 0.000403978 0)
(0.0782143 0.000382958 0)
(0.076852 0.000365326 0)
(0.0755498 0.00034439 0)
(0.0743086 0.000321631 0)
(0.0731191 0.000305982 0)
(0.0719749 0.00029316 0)
(0.0708736 0.000279329 0)
(0.0698165 0.00026526 0)
(0.0688019 0.00025142 0)
(0.0678287 0.000237597 0)
(0.0668913 0.000227128 0)
(0.0659886 0.000216907 0)
(0.0651148 0.000207907 0)
(0.0642686 0.000200445 0)
(0.0634523 0.000191028 0)
(0.062668 0.000180576 0)
(0.0619081 0.00017427 0)
(0.0611743 0.000167015 0)
(0.0604637 0.000159338 0)
(0.0597764 0.000153207 0)
(0.0591136 0.000145988 0)
(0.0584717 0.000139439 0)
(0.0578533 0.000133091 0)
(0.057252 0.00012893 0)
(0.0566684 0.00012423 0)
(0.0561046 0.000117985 0)
(0.0555607 0.000112994 0)
(0.0550308 0.000110036 0)
(0.0545203 0.000104045 0)
(0.0540265 9.95712e-05 0)
(0.0535512 9.54173e-05 0)
(0.0530862 9.31849e-05 0)
(0.0526386 8.81715e-05 0)
(0.0522035 8.56346e-05 0)
(0.0517825 8.1478e-05 0)
(0.0513768 7.95573e-05 0)
(0.0509739 7.61498e-05 0)
(0.0506074 7.18729e-05 0)
(0.0502047 7.33369e-05 0)
(0.0498965 6.39776e-05 0)
(0.0494525 7.39365e-05 0)
(0.0492761 4.53923e-05 0)
(0.0487054 8.01743e-05 0)
(0.192362 0.00910557 0)
(0.194399 0.0132613 0)
(0.197025 0.0123006 0)
(0.199607 0.0120522 0)
(0.200067 0.00978712 0)
(0.198161 0.00908682 0)
(0.194568 0.00768304 0)
(0.190405 0.00637907 0)
(0.186172 0.00538251 0)
(0.18177 0.00482426 0)
(0.177216 0.00443807 0)
(0.172549 0.00401867 0)
(0.167889 0.00354275 0)
(0.163464 0.00308694 0)
(0.15937 0.00276513 0)
(0.155515 0.00255958 0)
(0.151768 0.00236286 0)
(0.148089 0.00216315 0)
(0.144528 0.00199545 0)
(0.141128 0.00183692 0)
(0.137916 0.00167834 0)
(0.134882 0.00155462 0)
(0.131998 0.00146074 0)
(0.129233 0.00135917 0)
(0.126579 0.00126091 0)
(0.124051 0.00118266 0)
(0.121645 0.00110992 0)
(0.11934 0.00104166 0)
(0.117146 0.000975368 0)
(0.11505 0.000917664 0)
(0.113031 0.000868957 0)
(0.111091 0.000820994 0)
(0.109223 0.000778566 0)
(0.107426 0.000741725 0)
(0.105702 0.000700834 0)
(0.104052 0.000658376 0)
(0.102464 0.00062702 0)
(0.100929 0.000599845 0)
(0.0994457 0.000571478 0)
(0.0980164 0.000543227 0)
(0.096642 0.000515954 0)
(0.0953197 0.000489255 0)
(0.0940419 0.000467886 0)
(0.0928075 0.000447095 0)
(0.0916108 0.000428488 0)
(0.0904503 0.000412202 0)
(0.0893291 0.000393158 0)
(0.0882487 0.000373126 0)
(0.0872006 0.000359478 0)
(0.0861871 0.000344451 0)
(0.0852043 0.000329196 0)
(0.0842513 0.000316257 0)
(0.0833309 0.000301887 0)
(0.0824379 0.000288824 0)
(0.0815756 0.000276063 0)
(0.0807369 0.000266775 0)
(0.0799223 0.000256662 0)
(0.0791341 0.000244368 0)
(0.0783727 0.000234176 0)
(0.0776312 0.00022703 0)
(0.0769157 0.000215395 0)
(0.0762226 0.000206248 0)
(0.0755547 0.000197637 0)
(0.0749023 0.000192029 0)
(0.0742738 0.000182239 0)
(0.0736628 0.000176418 0)
(0.0730723 0.000167989 0)
(0.072502 0.000163338 0)
(0.0719399 0.000155935 0)
(0.0714209 0.000148365 0)
(0.0708671 0.000147869 0)
(0.0704218 0.000133867 0)
(0.0698246 0.0001445 0)
(0.0695482 0.000106898 0)
(0.0687623 0.000147343 0)
(0.19331 0.00919696 0)
(0.194713 0.0110979 0)
(0.197199 0.0126862 0)
(0.199918 0.0109852 0)
(0.201442 0.0114931 0)
(0.20216 0.00832138 0)
(0.201726 0.00776468 0)
(0.200572 0.00724717 0)
(0.199002 0.00641537 0)
(0.197146 0.00583203 0)
(0.19505 0.00545325 0)
(0.192588 0.00508524 0)
(0.189737 0.00464266 0)
(0.186725 0.00415933 0)
(0.183827 0.00378477 0)
(0.181104 0.00355427 0)
(0.178402 0.00335465 0)
(0.17559 0.00315145 0)
(0.172675 0.00296811 0)
(0.169709 0.00277055 0)
(0.16678 0.00255556 0)
(0.163962 0.00238236 0)
(0.161258 0.00225487 0)
(0.158616 0.00212078 0)
(0.156003 0.00198763 0)
(0.153445 0.00187504 0)
(0.15096 0.00176671 0)
(0.148546 0.00166559 0)
(0.146226 0.00156744 0)
(0.143992 0.00148187 0)
(0.141816 0.0014098 0)
(0.139693 0.00133832 0)
(0.137618 0.00127337 0)
(0.135596 0.00121492 0)
(0.133642 0.00115062 0)
(0.131764 0.00108531 0)
(0.12995 0.00103655 0)
(0.128185 0.00099384 0)
(0.126457 0.000948996 0)
(0.124778 0.000903643 0)
(0.123157 0.000859814 0)
(0.121594 0.000817584 0)
(0.120076 0.000783315 0)
(0.118602 0.000749818 0)
(0.117164 0.000719299 0)
(0.115765 0.000691962 0)
(0.114407 0.000660884 0)
(0.113095 0.000628905 0)
(0.111818 0.000605879 0)
(0.11058 0.000581024 0)
(0.109376 0.000556259 0)
(0.108205 0.000534721 0)
(0.10707 0.000511244 0)
(0.105966 0.000489899 0)
(0.104896 0.00046891 0)
(0.103854 0.000452911 0)
(0.102839 0.000435801 0)
(0.101853 0.000415656 0)
(0.1009 0.000398628 0)
(0.0999699 0.00038585 0)
(0.0990702 0.000366964 0)
(0.0981967 0.000351634 0)
(0.0973531 0.000337077 0)
(0.0965289 0.000326744 0)
(0.0957334 0.000310709 0)
(0.0949592 0.000300332 0)
(0.0942105 0.000286222 0)
(0.0934853 0.000277701 0)
(0.0927735 0.000264866 0)
(0.0921084 0.000253001 0)
(0.0914132 0.000248939 0)
(0.0908322 0.000230329 0)
(0.0900929 0.000238162 0)
(0.0897155 0.00019608 0)
(0.0887225 0.000234457 0)
(0.194058 0.00867232 0)
(0.195238 0.010432 0)
(0.197387 0.0120031 0)
(0.199645 0.0109551 0)
(0.201173 0.00912679 0)
(0.20201 0.0104128 0)
(0.202803 0.00757305 0)
(0.202751 0.00704706 0)
(0.202298 0.00641023 0)
(0.201833 0.00595705 0)
(0.201359 0.00576698 0)
(0.200564 0.00559877 0)
(0.199277 0.0053028 0)
(0.197647 0.00485172 0)
(0.196 0.00443017 0)
(0.194538 0.00416562 0)
(0.193145 0.00397517 0)
(0.191625 0.0038106 0)
(0.189898 0.00367885 0)
(0.187937 0.0035129 0)
(0.185818 0.00328879 0)
(0.183694 0.00308446 0)
(0.181654 0.0029367 0)
(0.179644 0.00279177 0)
(0.177595 0.00265256 0)
(0.175506 0.00253355 0)
(0.173395 0.00240671 0)
(0.171286 0.00228147 0)
(0.169222 0.00215798 0)
(0.167222 0.00205156 0)
(0.165259 0.00196492 0)
(0.16331 0.00187975 0)
(0.16136 0.00180126 0)
(0.15941 0.00172755 0)
(0.157488 0.00164197 0)
(0.155626 0.00155307 0)
(0.153828 0.00148767 0)
(0.152067 0.00143332 0)
(0.150317 0.00137636 0)
(0.148582 0.00131552 0)
(0.146888 0.00125431 0)
(0.145249 0.00119539 0)
(0.143654 0.00114845 0)
(0.142092 0.00110303 0)
(0.140555 0.00106096 0)
(0.139045 0.00102243 0)
(0.137569 0.000978522 0)
(0.136134 0.000933497 0)
(0.134733 0.000900244 0)
(0.133368 0.000864675 0)
(0.132036 0.000829577 0)
(0.130733 0.000798779 0)
(0.129464 0.000765208 0)
(0.128225 0.000734665 0)
(0.12702 0.000704477 0)
(0.12584 0.000681048 0)
(0.124685 0.000656194 0)
(0.123559 0.000627043 0)
(0.122465 0.000602066 0)
(0.121396 0.000582725 0)
(0.120358 0.00055547 0)
(0.119346 0.000532943 0)
(0.118366 0.000511385 0)
(0.117406 0.000495332 0)
(0.116476 0.000471858 0)
(0.11557 0.000455963 0)
(0.114692 0.000435048 0)
(0.113838 0.000421833 0)
(0.113001 0.000402328 0)
(0.11221 0.000385459 0)
(0.111395 0.000376233 0)
(0.110694 0.000353659 0)
(0.109832 0.000354697 0)
(0.109363 0.000313028 0)
(0.108185 0.000342366 0)
(0.194397 0.00857987 0)
(0.195754 0.010198 0)
(0.197586 0.0109756 0)
(0.199562 0.0103336 0)
(0.200838 0.00942002 0)
(0.20158 0.00912776 0)
(0.202716 0.0073946 0)
(0.202939 0.00697837 0)
(0.202701 0.00647295 0)
(0.202662 0.00615056 0)
(0.202768 0.00590269 0)
(0.202698 0.00577222 0)
(0.202255 0.00553928 0)
(0.201485 0.00513318 0)
(0.200643 0.00469126 0)
(0.199998 0.00438552 0)
(0.19951 0.00422107 0)
(0.19899 0.00409895 0)
(0.198312 0.00404322 0)
(0.19736 0.00395271 0)
(0.196134 0.00377122 0)
(0.1948 0.00356345 0)
(0.19352 0.00340422 0)
(0.192284 0.00325545 0)
(0.191005 0.00312612 0)
(0.189641 0.00303169 0)
(0.188179 0.00291816 0)
(0.186639 0.00278938 0)
(0.185088 0.00265038 0)
(0.183568 0.00252844 0)
(0.182079 0.00243547 0)
(0.180588 0.00235054 0)
(0.179056 0.00227528 0)
(0.177465 0.00220257 0)
(0.175834 0.00210698 0)
(0.174218 0.00199825 0)
(0.172658 0.00191685 0)
(0.17114 0.00185559 0)
(0.169609 0.00179656 0)
(0.168047 0.00172948 0)
(0.166482 0.0016553 0)
(0.164951 0.0015806 0)
(0.163461 0.00152236 0)
(0.161996 0.00146812 0)
(0.160539 0.00141854 0)
(0.159084 0.00137243 0)
(0.157643 0.00131784 0)
(0.156227 0.00126073 0)
(0.154837 0.00121799 0)
(0.153475 0.0011724 0)
(0.152138 0.00112765 0)
(0.150821 0.00108848 0)
(0.149532 0.00104536 0)
(0.148265 0.00100599 0)
(0.147026 0.000966868 0)
(0.145807 0.000936611 0)
(0.144605 0.000904641 0)
(0.143424 0.000866574 0)
(0.142269 0.000833565 0)
(0.141136 0.00080758 0)
(0.14003 0.00077161 0)
(0.138948 0.000741682 0)
(0.137894 0.000712934 0)
(0.136857 0.000690943 0)
(0.135848 0.000659413 0)
(0.134861 0.000637544 0)
(0.133902 0.000609201 0)
(0.132965 0.000591106 0)
(0.132046 0.0005641 0)
(0.131169 0.000542179 0)
(0.130272 0.00052628 0)
(0.129483 0.000501378 0)
(0.128532 0.000491495 0)
(0.127995 0.000455045 0)
(0.126677 0.00046968 0)
(0.194701 0.00751859 0)
(0.196081 0.00949578 0)
(0.197815 0.0101229 0)
(0.199544 0.0101072 0)
(0.200623 0.00956366 0)
(0.201335 0.00793376 0)
(0.20241 0.00799628 0)
(0.2028 0.00687401 0)
(0.20265 0.00639697 0)
(0.202683 0.00603048 0)
(0.202875 0.00576132 0)
(0.202927 0.00572329 0)
(0.202782 0.00564732 0)
(0.202422 0.00533572 0)
(0.201973 0.00485817 0)
(0.201698 0.00451604 0)
(0.201626 0.00423336 0)
(0.201596 0.00414708 0)
(0.201506 0.0041564 0)
(0.201201 0.00415245 0)
(0.200628 0.00403109 0)
(0.199903 0.00383655 0)
(0.199204 0.00367069 0)
(0.198564 0.00351498 0)
(0.197928 0.00339202 0)
(0.197232 0.00332796 0)
(0.196415 0.00324596 0)
(0.195476 0.0031382 0)
(0.194477 0.00300153 0)
(0.193485 0.00286699 0)
(0.192526 0.002765 0)
(0.191578 0.00268478 0)
(0.190588 0.00262565 0)
(0.189508 0.00257315 0)
(0.188328 0.00248628 0)
(0.187101 0.00236726 0)
(0.18591 0.00227043 0)
(0.184773 0.00220281 0)
(0.183627 0.00215012 0)
(0.182419 0.00209029 0)
(0.181156 0.002014 0)
(0.179887 0.00192819 0)
(0.178646 0.0018606 0)
(0.17743 0.00180025 0)
(0.176212 0.00174829 0)
(0.174976 0.00170146 0)
(0.173722 0.00164225 0)
(0.172469 0.00157698 0)
(0.171224 0.00152731 0)
(0.169996 0.00147393 0)
(0.168782 0.00142159 0)
(0.167577 0.00137626 0)
(0.166389 0.00132564 0)
(0.165213 0.00127925 0)
(0.164055 0.00123271 0)
(0.162908 0.00119751 0)
(0.161767 0.00116055 0)
(0.160635 0.00111527 0)
(0.159518 0.00107565 0)
(0.158412 0.00104415 0)
(0.157326 0.00100008 0)
(0.156258 0.000963422 0)
(0.155214 0.000928327 0)
(0.154177 0.000901327 0)
(0.153161 0.000862151 0)
(0.152162 0.000834589 0)
(0.151188 0.000798744 0)
(0.150231 0.000776372 0)
(0.14929 0.000741636 0)
(0.148383 0.000715553 0)
(0.147458 0.000691783 0)
(0.146631 0.000667168 0)
(0.145642 0.000642967 0)
(0.14507 0.000615767 0)
(0.143678 0.000612178 0)
(0.195097 0.00719014 0)
(0.19631 0.0088516 0)
(0.197969 0.00949671 0)
(0.19947 0.00962815 0)
(0.200533 0.00886597 0)
(0.201297 0.00805062 0)
(0.202051 0.00789614 0)
(0.202556 0.00654559 0)
(0.202515 0.00630861 0)
(0.20259 0.00599341 0)
(0.202792 0.00580148 0)
(0.202838 0.00577381 0)
(0.202722 0.00570157 0)
(0.202517 0.00543276 0)
(0.202259 0.00494334 0)
(0.202127 0.00449333 0)
(0.202152 0.00428375 0)
(0.202269 0.00412921 0)
(0.202405 0.00416038 0)
(0.202372 0.0042166 0)
(0.202139 0.00415513 0)
(0.201779 0.00397248 0)
(0.201421 0.00380214 0)
(0.201109 0.0036274 0)
(0.200845 0.00350446 0)
(0.200581 0.0034702 0)
(0.200224 0.00341483 0)
(0.199743 0.0033308 0)
(0.199181 0.003213 0)
(0.198605 0.00307659 0)
(0.19807 0.00296059 0)
(0.197574 0.00287842 0)
(0.197062 0.00283458 0)
(0.196466 0.00281069 0)
(0.195744 0.00275048 0)
(0.194926 0.00263547 0)
(0.194118 0.00252497 0)
(0.193377 0.00244718 0)
(0.192649 0.00240186 0)
(0.191856 0.00235901 0)
(0.190977 0.00229407 0)
(0.190049 0.00220522 0)
(0.189126 0.00213101 0)
(0.188228 0.00206555 0)
(0.187336 0.00201385 0)
(0.186417 0.00197244 0)
(0.185459 0.00191669 0)
(0.184472 0.00184991 0)
(0.183472 0.00179746 0)
(0.182475 0.00173967 0)
(0.18148 0.00168279 0)
(0.180485 0.00163409 0)
(0.179495 0.00157866 0)
(0.178508 0.00152777 0)
(0.17753 0.00147628 0)
(0.176553 0.00143882 0)
(0.175571 0.00139979 0)
(0.174585 0.0013502 0)
(0.173603 0.00130689 0)
(0.172617 0.00127238 0)
(0.171638 0.00122194 0)
(0.170669 0.00117993 0)
(0.169717 0.00114007 0)
(0.168765 0.00111 0)
(0.167822 0.00106487 0)
(0.166885 0.00103296 0)
(0.165967 0.000990176 0)
(0.16506 0.000964746 0)
(0.164163 0.000922623 0)
(0.163294 0.00089413 0)
(0.162405 0.000862045 0)
(0.161599 0.000840759 0)
(0.160634 0.00080064 0)
(0.160069 0.000785249 0)
(0.15869 0.000762694 0)
(0.195538 0.00681401 0)
(0.196634 0.00826054 0)
(0.198077 0.00921144 0)
(0.199435 0.00872892 0)
(0.200465 0.00928593 0)
(0.201221 0.00790135 0)
(0.20182 0.00712051 0)
(0.202226 0.00709562 0)
(0.202353 0.0061035 0)
(0.202478 0.00582597 0)
(0.202662 0.00580482 0)
(0.202659 0.00581584 0)
(0.202561 0.00572075 0)
(0.202466 0.00548181 0)
(0.202341 0.0049782 0)
(0.20226 0.00448968 0)
(0.202275 0.00421347 0)
(0.202373 0.00406504 0)
(0.202522 0.00413471 0)
(0.202557 0.00423102 0)
(0.202468 0.00422017 0)
(0.2023 0.00404916 0)
(0.202118 0.00388011 0)
(0.201941 0.00368061 0)
(0.201822 0.00353249 0)
(0.20176 0.00352168 0)
(0.201644 0.00349413 0)
(0.201432 0.00342814 0)
(0.201143 0.00332092 0)
(0.20083 0.00318543 0)
(0.200557 0.00305659 0)
(0.200348 0.00296697 0)
(0.200151 0.0029339 0)
(0.199897 0.00293638 0)
(0.199524 0.00290611 0)
(0.199037 0.0028059 0)
(0.19854 0.00268633 0)
(0.198117 0.00259471 0)
(0.197732 0.00255241 0)
(0.197301 0.00252718 0)
(0.196776 0.00248314 0)
(0.196177 0.002401 0)
(0.195563 0.00232348 0)
(0.194969 0.00225202 0)
(0.194393 0.00219976 0)
(0.193803 0.00216577 0)
(0.193167 0.00211953 0)
(0.192482 0.00205858 0)
(0.191766 0.00200819 0)
(0.191039 0.00194938 0)
(0.190306 0.00189103 0)
(0.189564 0.00184182 0)
(0.18882 0.00178414 0)
(0.188075 0.0017307 0)
(0.187333 0.0016766 0)
(0.186586 0.00163974 0)
(0.185823 0.00160142 0)
(0.185048 0.00155041 0)
(0.184267 0.00150685 0)
(0.183472 0.00147284 0)
(0.182667 0.00141881 0)
(0.181862 0.00137329 0)
(0.181067 0.00133047 0)
(0.180267 0.00129955 0)
(0.179466 0.00125105 0)
(0.178658 0.0012172 0)
(0.177859 0.00116891 0)
(0.177063 0.00114205 0)
(0.176273 0.00109331 0)
(0.175502 0.00106427 0)
(0.174711 0.00102454 0)
(0.173986 0.00100925 0)
(0.173108 0.000954054 0)
(0.172593 0.00095119 0)
(0.171315 0.000911867 0)
(0.195999 0.00654249 0)
(0.196964 0.00778435 0)
(0.19817 0.00877281 0)
(0.199433 0.00824052 0)
(0.200334 0.00911261 0)
(0.201086 0.0075359 0)
(0.20166 0.00703021 0)
(0.20198 0.00693801 0)
(0.202162 0.00612991 0)
(0.202338 0.00574321 0)
(0.202521 0.00572555 0)
(0.202503 0.00580019 0)
(0.202431 0.00571746 0)
(0.202394 0.0055292 0)
(0.202349 0.00500843 0)
(0.202317 0.00455382 0)
(0.202317 0.00423181 0)
(0.202369 0.00403687 0)
(0.202464 0.00410239 0)
(0.202499 0.00424047 0)
(0.20245 0.00423 0)
(0.202379 0.00408051 0)
(0.202289 0.00393005 0)
(0.202151 0.00372806 0)
(0.202061 0.0035384 0)
(0.202067 0.00353375 0)
(0.20204 0.00351803 0)
(0.201945 0.00347878 0)
(0.201798 0.00339253 0)
(0.201632 0.00324193 0)
(0.201497 0.00309458 0)
(0.201427 0.00298995 0)
(0.201385 0.00295824 0)
(0.20131 0.00298929 0)
(0.201143 0.00299061 0)
(0.200874 0.00290293 0)
(0.200589 0.00277399 0)
(0.200377 0.00266752 0)
(0.200217 0.00262655 0)
(0.200031 0.00261552 0)
(0.199762 0.00259228 0)
(0.199416 0.00252305 0)
(0.199044 0.00244755 0)
(0.198687 0.00236846 0)
(0.198357 0.00231239 0)
(0.198032 0.00228435 0)
(0.197671 0.00224894 0)
(0.197256 0.00219852 0)
(0.1968 0.00215477 0)
(0.196325 0.00209783 0)
(0.195838 0.00203991 0)
(0.195339 0.00199194 0)
(0.194832 0.00193395 0)
(0.194325 0.00187888 0)
(0.193824 0.00182339 0)
(0.193316 0.0017894 0)
(0.192785 0.0017538 0)
(0.192236 0.0017032 0)
(0.191679 0.00166193 0)
(0.191103 0.0016316 0)
(0.190505 0.00157745 0)
(0.189896 0.00153063 0)
(0.189291 0.00148636 0)
(0.188678 0.00145626 0)
(0.188058 0.00140694 0)
(0.187423 0.00137387 0)
(0.186785 0.00132243 0)
(0.186141 0.00129591 0)
(0.185498 0.00124189 0)
(0.184867 0.00121341 0)
(0.184217 0.00116758 0)
(0.183618 0.00115982 0)
(0.182878 0.00109274 0)
(0.182448 0.00110115 0)
(0.181347 0.0010498 0)
(0.196395 0.00615581 0)
(0.197229 0.00772055 0)
(0.198305 0.00765643 0)
(0.199364 0.0086556 0)
(0.200223 0.0079837 0)
(0.200936 0.00784495 0)
(0.20151 0.00682368 0)
(0.201781 0.00674597 0)
(0.202013 0.00599658 0)
(0.202226 0.00550388 0)
(0.202382 0.00574007 0)
(0.202379 0.00583028 0)
(0.20233 0.00575577 0)
(0.202294 0.00556713 0)
(0.202336 0.0050113 0)
(0.202366 0.00451241 0)
(0.20232 0.00417579 0)
(0.202327 0.00401994 0)
(0.202371 0.00409448 0)
(0.202382 0.00424062 0)
(0.202363 0.00425488 0)
(0.202353 0.00408968 0)
(0.2023 0.00397361 0)
(0.202172 0.00375015 0)
(0.202098 0.00354243 0)
(0.202107 0.00353656 0)
(0.202081 0.00353619 0)
(0.202019 0.00350068 0)
(0.201947 0.00341997 0)
(0.201866 0.00328254 0)
(0.201797 0.00310266 0)
(0.201775 0.00299576 0)
(0.201781 0.00296931 0)
(0.201773 0.00300385 0)
(0.201697 0.00303443 0)
(0.201547 0.00296275 0)
(0.201395 0.00282151 0)
(0.201307 0.00269469 0)
(0.201264 0.00264716 0)
(0.201204 0.00265289 0)
(0.201079 0.00264913 0)
(0.200891 0.00258969 0)
(0.200682 0.00252023 0)
(0.200482 0.00243479 0)
(0.20031 0.0023707 0)
(0.200157 0.00234562 0)
(0.199984 0.0023201 0)
(0.199768 0.00228009 0)
(0.19951 0.00224467 0)
(0.199228 0.0021925 0)
(0.198936 0.0021365 0)
(0.19863 0.00209028 0)
(0.198314 0.00203244 0)
(0.198001 0.00197498 0)
(0.197701 0.00191798 0)
(0.197398 0.00188842 0)
(0.197071 0.0018569 0)
(0.196722 0.00180725 0)
(0.196366 0.00176906 0)
(0.195994 0.00174382 0)
(0.195595 0.00169237 0)
(0.195179 0.00164679 0)
(0.19476 0.00160239 0)
(0.194333 0.00157358 0)
(0.193896 0.00152532 0)
(0.193443 0.001495 0)
(0.192979 0.00144312 0)
(0.192501 0.0014185 0)
(0.192017 0.00136108 0)
(0.191541 0.00133331 0)
(0.191051 0.00128334 0)
(0.190599 0.00128281 0)
(0.190024 0.0012088 0)
(0.189696 0.0012254 0)
(0.188819 0.00116819 0)
(0.196725 0.00580761 0)
(0.197501 0.00735957 0)
(0.198426 0.00715159 0)
(0.199277 0.00846239 0)
(0.200155 0.00739268 0)
(0.200778 0.00810283 0)
(0.20132 0.00661399 0)
(0.201675 0.00626629 0)
(0.201929 0.00605298 0)
(0.202112 0.00551542 0)
(0.202211 0.00567065 0)
(0.202246 0.00580138 0)
(0.202196 0.00584345 0)
(0.202199 0.0055874 0)
(0.202377 0.0048675 0)
(0.202407 0.00459925 0)
(0.202286 0.0042118 0)
(0.202246 0.00401578 0)
(0.202262 0.0040669 0)
(0.20227 0.0042577 0)
(0.202283 0.00421854 0)
(0.202303 0.00411294 0)
(0.202263 0.00401929 0)
(0.202148 0.00375034 0)
(0.202092 0.00356416 0)
(0.202089 0.00355262 0)
(0.202044 0.00352591 0)
(0.201987 0.00350978 0)
(0.201952 0.00344582 0)
(0.201913 0.00329752 0)
(0.201873 0.00313139 0)
(0.20185 0.00299566 0)
(0.201858 0.00296009 0)
(0.201862 0.00301719 0)
(0.201817 0.00305287 0)
(0.201731 0.00300063 0)
(0.201663 0.00284278 0)
(0.201636 0.00269305 0)
(0.201635 0.00265796 0)
(0.201622 0.00266932 0)
(0.201559 0.0026829 0)
(0.201454 0.00262754 0)
(0.201343 0.00255926 0)
(0.201235 0.00247063 0)
(0.201146 0.00239818 0)
(0.20108 0.00237068 0)
(0.201012 0.00235303 0)
(0.200916 0.00232328 0)
(0.200785 0.00229311 0)
(0.200632 0.0022461 0)
(0.20047 0.00219382 0)
(0.200297 0.00215001 0)
(0.200111 0.00209286 0)
(0.19993 0.00203086 0)
(0.199772 0.00197049 0)
(0.199619 0.00194516 0)
(0.199442 0.00191888 0)
(0.199244 0.00187077 0)
(0.199041 0.00183526 0)
(0.198827 0.00181458 0)
(0.198588 0.00176644 0)
(0.198332 0.00172367 0)
(0.198071 0.00168102 0)
(0.1978 0.00165288 0)
(0.197521 0.00160645 0)
(0.197229 0.00157968 0)
(0.196922 0.00152977 0)
(0.196597 0.00150797 0)
(0.196261 0.00144934 0)
(0.195929 0.00142145 0)
(0.195587 0.00136952 0)
(0.195276 0.00137391 0)
(0.194867 0.0012985 0)
(0.19464 0.00131927 0)
(0.193996 0.00126226 0)
(0.197038 0.00547084 0)
(0.197762 0.00714905 0)
(0.198528 0.00679483 0)
(0.199222 0.00788606 0)
(0.200071 0.00766796 0)
(0.200658 0.00727527 0)
(0.20113 0.00673078 0)
(0.20162 0.00628037 0)
(0.20192 0.00581984 0)
(0.20193 0.00547992 0)
(0.201973 0.00575838 0)
(0.202126 0.0057148 0)
(0.202116 0.00574075 0)
(0.202159 0.00547787 0)
(0.20238 0.00490601 0)
(0.202372 0.00463497 0)
(0.202216 0.00422057 0)
(0.20216 0.00403806 0)
(0.202167 0.00405943 0)
(0.202188 0.00425718 0)
(0.202218 0.00423013 0)
(0.202251 0.00409808 0)
(0.202204 0.00403953 0)
(0.202112 0.00379357 0)
(0.202078 0.00355734 0)
(0.202042 0.00358757 0)
(0.201977 0.00358797 0)
(0.201944 0.00350115 0)
(0.201931 0.00344544 0)
(0.201905 0.0032975 0)
(0.201877 0.00313405 0)
(0.201847 0.00299506 0)
(0.201845 0.00297048 0)
(0.201842 0.00300909 0)
(0.2018 0.00308516 0)
(0.201754 0.0030107 0)
(0.201739 0.0028364 0)
(0.201729 0.00270554 0)
(0.20173 0.00265702 0)
(0.20173 0.00267484 0)
(0.201683 0.0027003 0)
(0.201617 0.00265205 0)
(0.201563 0.00258413 0)
(0.201505 0.00248828 0)
(0.20145 0.00241335 0)
(0.201415 0.00238105 0)
(0.201391 0.00236398 0)
(0.201358 0.0023441 0)
(0.201298 0.00231908 0)
(0.201218 0.00227329 0)
(0.201131 0.0022249 0)
(0.201037 0.00218397 0)
(0.20093 0.00212927 0)
(0.200826 0.00205965 0)
(0.200751 0.00199526 0)
(0.200692 0.00197304 0)
(0.200612 0.00195045 0)
(0.200512 0.00190486 0)
(0.200408 0.00187206 0)
(0.200296 0.00185516 0)
(0.200165 0.00180995 0)
(0.200025 0.00176869 0)
(0.199879 0.00172933 0)
(0.199722 0.00170173 0)
(0.199559 0.0016566 0)
(0.199388 0.00163256 0)
(0.199204 0.00158664 0)
(0.199003 0.00156791 0)
(0.198786 0.00151028 0)
(0.19857 0.00148076 0)
(0.198349 0.00142897 0)
(0.198153 0.00143468 0)
(0.197885 0.00136227 0)
(0.197745 0.00138339 0)
(0.197309 0.00133143 0)
(0.197343 0.00528076 0)
(0.197985 0.00684513 0)
(0.198636 0.00656309 0)
(0.199219 0.00737244 0)
(0.199984 0.00757416 0)
(0.200595 0.00691951 0)
(0.201047 0.00658477 0)
(0.201488 0.00646656 0)
(0.20179 0.00564489 0)
(0.201787 0.00537034 0)
(0.201818 0.00552444 0)
(0.201981 0.00583828 0)
(0.202069 0.00573655 0)
(0.202161 0.00539815 0)
(0.202347 0.00487918 0)
(0.202286 0.0046382 0)
(0.202122 0.00424335 0)
(0.202074 0.0040537 0)
(0.20209 0.00405016 0)
(0.20213 0.00424503 0)
(0.202166 0.00419286 0)
(0.2022 0.00411733 0)
(0.202143 0.00407791 0)
(0.202063 0.00378367 0)
(0.202048 0.00361031 0)
(0.20199 0.00356434 0)
(0.201915 0.00353017 0)
(0.201906 0.00354341 0)
(0.201896 0.00348459 0)
(0.20188 0.00331625 0)
(0.201863 0.00313747 0)
(0.201832 0.00301247 0)
(0.201809 0.00294771 0)
(0.201787 0.00306772 0)
(0.201755 0.00306821 0)
(0.201741 0.00300411 0)
(0.201745 0.00285659 0)
(0.201735 0.0027099 0)
(0.201733 0.00264996 0)
(0.201729 0.0026823 0)
(0.201681 0.0027122 0)
(0.201636 0.00265677 0)
(0.201615 0.00260268 0)
(0.20158 0.00250511 0)
(0.201537 0.00242009 0)
(0.201505 0.00238759 0)
(0.201492 0.002368 0)
(0.201486 0.00235132 0)
(0.201461 0.00233468 0)
(0.201418 0.00229042 0)
(0.20137 0.00224144 0)
(0.201318 0.00220255 0)
(0.201254 0.00215084 0)
(0.201189 0.00208234 0)
(0.201157 0.00200081 0)
(0.201145 0.00198187 0)
(0.201118 0.00196243 0)
(0.201075 0.00191949 0)
(0.201026 0.00188984 0)
(0.200969 0.00187453 0)
(0.200899 0.00183349 0)
(0.20083 0.00179314 0)
(0.20076 0.00175571 0)
(0.200677 0.00172956 0)
(0.200587 0.00168589 0)
(0.200494 0.00166186 0)
(0.200394 0.00162028 0)
(0.20028 0.00160456 0)
(0.200148 0.00155045 0)
(0.200015 0.00151767 0)
(0.19988 0.00146799 0)
(0.199765 0.00147131 0)
(0.199602 0.00140437 0)
(0.199526 0.00142222 0)
(0.199253 0.00137846 0)
(0.197622 0.00501506 0)
(0.198189 0.00652525 0)
(0.198764 0.00631937 0)
(0.199249 0.00700627 0)
(0.199934 0.00741297 0)
(0.200569 0.00661104 0)
(0.200941 0.00663933 0)
(0.201338 0.00609735 0)
(0.201674 0.00554466 0)
(0.20166 0.00550542 0)
(0.201674 0.00541484 0)
(0.201865 0.00562392 0)
(0.202024 0.00573414 0)
(0.202156 0.00535789 0)
(0.202273 0.00494118 0)
(0.202174 0.00471824 0)
(0.202024 0.00425147 0)
(0.201991 0.00408713 0)
(0.202019 0.00399572 0)
(0.202069 0.00433414 0)
(0.202135 0.00409906 0)
(0.202142 0.00419345 0)
(0.20207 0.00402213 0)
(0.202019 0.00377541 0)
(0.202002 0.00365816 0)
(0.201933 0.00358332 0)
(0.201878 0.00360233 0)
(0.201862 0.00354554 0)
(0.201853 0.00346221 0)
(0.201854 0.00329239 0)
(0.20184 0.00315573 0)
(0.201807 0.00300506 0)
(0.201769 0.00298975 0)
(0.201731 0.00302173 0)
(0.201711 0.00307793 0)
(0.201714 0.00302277 0)
(0.201726 0.00285274 0)
(0.201721 0.00271827 0)
(0.20171 0.00265354 0)
(0.201692 0.00269274 0)
(0.201643 0.00273807 0)
(0.201615 0.00265547 0)
(0.20161 0.00259979 0)
(0.201584 0.00252007 0)
(0.201546 0.00243511 0)
(0.20151 0.00239355 0)
(0.201493 0.00236581 0)
(0.201494 0.00235286 0)
(0.201484 0.00233828 0)
(0.201461 0.00230046 0)
(0.201432 0.00225363 0)
(0.201401 0.00221418 0)
(0.201361 0.0021677 0)
(0.201313 0.00207629 0)
(0.201299 0.00200398 0)
(0.201306 0.00198605 0)
(0.201303 0.00197119 0)
(0.201288 0.00192693 0)
(0.201267 0.00190273 0)
(0.201233 0.0018858 0)
(0.20119 0.0018391 0)
(0.20116 0.00180603 0)
(0.201134 0.00176945 0)
(0.201092 0.00174348 0)
(0.201042 0.00170355 0)
(0.200994 0.00167745 0)
(0.200944 0.00163892 0)
(0.200884 0.00162388 0)
(0.200807 0.00157618 0)
(0.200727 0.00153881 0)
(0.200646 0.00149315 0)
(0.200581 0.0014914 0)
(0.200486 0.00143176 0)
(0.200449 0.00144306 0)
(0.20029 0.00140814 0)
(0.197882 0.0048654 0)
(0.198392 0.00619285 0)
(0.198878 0.00630689 0)
(0.199301 0.00646493 0)
(0.199888 0.00736572 0)
(0.200518 0.00639539 0)
(0.200842 0.00628085 0)
(0.201197 0.0061224 0)
(0.201564 0.00550161 0)
(0.201539 0.00539605 0)
(0.20155 0.00536226 0)
(0.201773 0.00578591 0)
(0.201989 0.00564009 0)
(0.202103 0.00523032 0)
(0.202166 0.00489491 0)
(0.20208 0.00472067 0)
(0.201951 0.00429521 0)
(0.201914 0.00407361 0)
(0.201948 0.0040221 0)
(0.202019 0.00421369 0)
(0.202087 0.00414378 0)
(0.202072 0.00417039 0)
(0.202 0.00405393 0)
(0.201974 0.00382146 0)
(0.201946 0.00367959 0)
(0.201868 0.00359935 0)
(0.201828 0.00359014 0)
(0.201826 0.00354294 0)
(0.201825 0.00346821 0)
(0.201833 0.00331819 0)
(0.201812 0.00317043 0)
(0.20177 0.00303097 0)
(0.201727 0.00299332 0)
(0.201682 0.00304483 0)
(0.201667 0.00309233 0)
(0.201679 0.00300958 0)
(0.2017 0.00283289 0)
(0.201698 0.00272259 0)
(0.201679 0.0026589 0)
(0.201646 0.00271996 0)
(0.201592 0.0027283 0)
(0.201576 0.0026693 0)
(0.20158 0.00261475 0)
(0.201567 0.00251543 0)
(0.201535 0.00245431 0)
(0.201493 0.00240356 0)
(0.201466 0.00236805 0)
(0.201465 0.00235548 0)
(0.201462 0.00234056 0)
(0.20145 0.00230605 0)
(0.201431 0.00225877 0)
(0.201412 0.00221905 0)
(0.201386 0.00217921 0)
(0.201343 0.00209299 0)
(0.201328 0.00200459 0)
(0.201343 0.00198687 0)
(0.201351 0.00196277 0)
(0.20135 0.00193012 0)
(0.201342 0.00190385 0)
(0.201312 0.00190175 0)
(0.201279 0.00186236 0)
(0.201269 0.00179582 0)
(0.201262 0.00177366 0)
(0.201239 0.00174682 0)
(0.201209 0.00171334 0)
(0.201183 0.00168503 0)
(0.201161 0.0016507 0)
(0.201131 0.00163364 0)
(0.201087 0.00159231 0)
(0.201039 0.00155134 0)
(0.200989 0.00150817 0)
(0.200949 0.00150227 0)
(0.200891 0.00144628 0)
(0.200872 0.00145409 0)
(0.200785 0.00142716 0)
(0.198132 0.0047098 0)
(0.198585 0.00594774 0)
(0.198976 0.00611815 0)
(0.199343 0.00624019 0)
(0.19984 0.00704457 0)
(0.200456 0.00626563 0)
(0.200765 0.00611741 0)
(0.201053 0.00602746 0)
(0.201465 0.0053619 0)
(0.201465 0.00535993 0)
(0.20147 0.00542824 0)
(0.201661 0.00553354 0)
(0.201877 0.00558562 0)
(0.20203 0.00520728 0)
(0.20209 0.00496176 0)
(0.202009 0.00478391 0)
(0.201882 0.0043114 0)
(0.201838 0.00406238 0)
(0.201893 0.00398569 0)
(0.201976 0.00419854 0)
(0.202011 0.00414065 0)
(0.201987 0.0041796 0)
(0.201928 0.00410323 0)
(0.201909 0.00383355 0)
(0.201878 0.00370134 0)
(0.201802 0.00362256 0)
(0.201782 0.00361041 0)
(0.201793 0.00355503 0)
(0.201802 0.00344618 0)
(0.20181 0.00331819 0)
(0.201779 0.00317536 0)
(0.201733 0.00303574 0)
(0.201691 0.00301699 0)
(0.201637 0.00306417 0)
(0.201622 0.00309187 0)
(0.201644 0.00300193 0)
(0.201669 0.00283474 0)
(0.201668 0.002713 0)
(0.20164 0.00268424 0)
(0.201596 0.00274951 0)
(0.201548 0.0027303 0)
(0.201528 0.00266044 0)
(0.201533 0.00261186 0)
(0.201537 0.00253199 0)
(0.201517 0.00245562 0)
(0.201471 0.00240779 0)
(0.201431 0.00237571 0)
(0.201424 0.00235814 0)
(0.201425 0.00234159 0)
(0.20142 0.00231316 0)
(0.201412 0.00226365 0)
(0.201403 0.00222474 0)
(0.201382 0.00219203 0)
(0.201337 0.00210216 0)
(0.201318 0.00200023 0)
(0.201336 0.00198104 0)
(0.201348 0.00196717 0)
(0.201353 0.0019255 0)
(0.20135 0.00191902 0)
(0.201318 0.00190319 0)
(0.201285 0.00183956 0)
(0.201284 0.00181295 0)
(0.201283 0.00178574 0)
(0.201268 0.00175391 0)
(0.201248 0.00171823 0)
(0.201233 0.0016867 0)
(0.201225 0.00165568 0)
(0.20121 0.00163961 0)
(0.201183 0.00160143 0)
(0.201154 0.0015592 0)
(0.20112 0.00152253 0)
(0.201093 0.00150451 0)
(0.201045 0.00146417 0)
(0.201038 0.001454 0)
(0.20099 0.00143712 0)
(0.198386 0.00456275 0)
(0.198749 0.00566701 0)
(0.199027 0.00601417 0)
(0.199365 0.00601207 0)
(0.199821 0.00664943 0)
(0.200399 0.00636637 0)
(0.200706 0.00581625 0)
(0.20095 0.00578826 0)
(0.201355 0.00552993 0)
(0.201416 0.00526395 0)
(0.201381 0.00526716 0)
(0.201527 0.00546836 0)
(0.201752 0.00549712 0)
(0.201979 0.00512703 0)
(0.20202 0.00500413 0)
(0.201923 0.00483764 0)
(0.2018 0.00430769 0)
(0.201779 0.00408348 0)
(0.201842 0.00398851 0)
(0.201902 0.00421058 0)
(0.20194 0.00409029 0)
(0.201905 0.00418978 0)
(0.201842 0.00418997 0)
(0.201853 0.00376921 0)
(0.201806 0.00371807 0)
(0.201733 0.00362854 0)
(0.201739 0.00360664 0)
(0.20177 0.00352673 0)
(0.201776 0.00344644 0)
(0.201779 0.00333792 0)
(0.201739 0.00318343 0)
(0.201691 0.0030581 0)
(0.201663 0.00302927 0)
(0.201607 0.00305519 0)
(0.201577 0.00309737 0)
(0.201602 0.00299606 0)
(0.201621 0.00283476 0)
(0.201617 0.00273523 0)
(0.201591 0.00268658 0)
(0.201554 0.00273564 0)
(0.201517 0.00275422 0)
(0.20148 0.00266359 0)
(0.201478 0.00261338 0)
(0.201494 0.00252911 0)
(0.201487 0.0024668 0)
(0.201448 0.00243025 0)
(0.201402 0.00238852 0)
(0.20138 0.00235783 0)
(0.20138 0.00234403 0)
(0.201383 0.00230316 0)
(0.201383 0.00227201 0)
(0.201383 0.00222928 0)
(0.201368 0.00220151 0)
(0.201319 0.00210599 0)
(0.201295 0.00200304 0)
(0.201315 0.00198119 0)
(0.201329 0.00195736 0)
(0.201334 0.00193095 0)
(0.201331 0.00192134 0)
(0.201304 0.0019062 0)
(0.201268 0.00185946 0)
(0.201261 0.00180962 0)
(0.201263 0.00177881 0)
(0.201254 0.00176269 0)
(0.20124 0.00172041 0)
(0.201229 0.00168513 0)
(0.201224 0.00166117 0)
(0.201215 0.00164188 0)
(0.201199 0.00161138 0)
(0.201184 0.00155963 0)
(0.201159 0.00153496 0)
(0.201131 0.00151498 0)
(0.20109 0.00147198 0)
(0.201081 0.00145605 0)
(0.201053 0.00144324 0)
(0.198625 0.00440962 0)
(0.198839 0.00544158 0)
(0.199028 0.00592125 0)
(0.199382 0.00583432 0)
(0.199833 0.00644055 0)
(0.200383 0.00615207 0)
(0.200679 0.00564367 0)
(0.200873 0.00572286 0)
(0.201203 0.00557281 0)
(0.201336 0.00506466 0)
(0.201282 0.00522263 0)
(0.201397 0.00542883 0)
(0.201667 0.00539312 0)
(0.201925 0.00507137 0)
(0.201932 0.00500957 0)
(0.20183 0.00485003 0)
(0.201739 0.0043162 0)
(0.201741 0.00409727 0)
(0.20177 0.00399975 0)
(0.201802 0.0041134 0)
(0.201862 0.0041448 0)
(0.20182 0.00419941 0)
(0.201771 0.0040624 0)
(0.201794 0.00390308 0)
(0.201736 0.00376937 0)
(0.201675 0.00362804 0)
(0.201706 0.00360026 0)
(0.201734 0.00356179 0)
(0.201737 0.00342692 0)
(0.201742 0.00336121 0)
(0.201698 0.00318007 0)
(0.20165 0.00304455 0)
(0.20163 0.00307177 0)
(0.20159 0.00307957 0)
(0.201543 0.00305882 0)
(0.201543 0.00300477 0)
(0.201551 0.00284208 0)
(0.201549 0.00273095 0)
(0.201539 0.00268796 0)
(0.201526 0.00275658 0)
(0.201495 0.0027718 0)
(0.201434 0.00268135 0)
(0.201418 0.00260882 0)
(0.201445 0.00252003 0)
(0.201446 0.00247973 0)
(0.201416 0.00244038 0)
(0.201373 0.00240451 0)
(0.201338 0.00235887 0)
(0.201335 0.00233896 0)
(0.201343 0.0023137 0)
(0.201347 0.00226458 0)
(0.201356 0.00222427 0)
(0.201348 0.00221761 0)
(0.2013 0.00212145 0)
(0.201268 0.00200046 0)
(0.201286 0.00197652 0)
(0.201302 0.00195384 0)
(0.201305 0.00192897 0)
(0.201302 0.0019198 0)
(0.201281 0.00192149 0)
(0.201244 0.00187114 0)
(0.201227 0.00180644 0)
(0.201231 0.0017839 0)
(0.201226 0.00175418 0)
(0.201215 0.00173669 0)
(0.201205 0.00168722 0)
(0.201199 0.00165885 0)
(0.201193 0.00164558 0)
(0.201186 0.00161086 0)
(0.20118 0.00156913 0)
(0.201158 0.0015386 0)
(0.201128 0.0015195 0)
(0.201089 0.00147921 0)
(0.201074 0.00145857 0)
(0.201055 0.00144808 0)
(0.198783 0.00445946 0)
(0.198866 0.00520917 0)
(0.199075 0.00574536 0)
(0.19944 0.00561192 0)
(0.199856 0.00613511 0)
(0.20036 0.0061535 0)
(0.200651 0.00546033 0)
(0.200788 0.00545879 0)
(0.201069 0.00561266 0)
(0.201241 0.00503551 0)
(0.201188 0.00514484 0)
(0.201298 0.00533808 0)
(0.201625 0.00528221 0)
(0.201853 0.00501951 0)
(0.201819 0.00499894 0)
(0.201738 0.00484435 0)
(0.201682 0.00443181 0)
(0.201677 0.00412209 0)
(0.201694 0.00394868 0)
(0.201732 0.00406532 0)
(0.201773 0.00411197 0)
(0.201723 0.00438979 0)
(0.201711 0.00399583 0)
(0.201721 0.00388451 0)
(0.20166 0.00373483 0)
(0.201639 0.00362757 0)
(0.201686 0.00357715 0)
(0.201685 0.0035067 0)
(0.201681 0.00343704 0)
(0.20169 0.00336746 0)
(0.201657 0.00321727 0)
(0.201613 0.00311046 0)
(0.201586 0.00306986 0)
(0.201563 0.00308607 0)
(0.201522 0.00311072 0)
(0.201485 0.002989 0)
(0.201471 0.00282678 0)
(0.201473 0.00273754 0)
(0.201484 0.0026961 0)
(0.201495 0.00275766 0)
(0.201474 0.00278953 0)
(0.201396 0.00269017 0)
(0.201364 0.00260141 0)
(0.201391 0.0025236 0)
(0.201395 0.00248079 0)
(0.201372 0.00244715 0)
(0.201339 0.00241169 0)
(0.201302 0.00236839 0)
(0.20129 0.00234017 0)
(0.201299 0.00231348 0)
(0.201308 0.00226025 0)
(0.201322 0.00222588 0)
(0.201322 0.00222119 0)
(0.201277 0.00213452 0)
(0.20124 0.00200361 0)
(0.201254 0.00196816 0)
(0.201269 0.00196228 0)
(0.201271 0.00192455 0)
(0.201271 0.00192469 0)
(0.201253 0.00192773 0)
(0.201217 0.00187819 0)
(0.201193 0.00180631 0)
(0.201195 0.00178234 0)
(0.201196 0.00176306 0)
(0.201185 0.00172886 0)
(0.201172 0.00169544 0)
(0.201164 0.00166858 0)
(0.201161 0.00164301 0)
(0.201161 0.00161095 0)
(0.201159 0.00157327 0)
(0.201141 0.00154206 0)
(0.201111 0.00152825 0)
(0.201073 0.0014915 0)
(0.201051 0.00146134 0)
(0.201033 0.00145053 0)
(0.198886 0.00467149 0)
(0.198888 0.00494984 0)
(0.199099 0.00572804 0)
(0.199485 0.00542544 0)
(0.199948 0.00567683 0)
(0.200339 0.00607724 0)
(0.200554 0.00542715 0)
(0.200707 0.00528853 0)
(0.200972 0.0056089 0)
(0.201144 0.00506647 0)
(0.2011 0.00512292 0)
(0.20125 0.00514685 0)
(0.201608 0.00519205 0)
(0.201764 0.00495598 0)
(0.201681 0.00515729 0)
(0.201609 0.00481439 0)
(0.201602 0.00437027 0)
(0.201611 0.00407868 0)
(0.201631 0.00394093 0)
(0.201679 0.00407768 0)
(0.20168 0.00418981 0)
(0.20164 0.00414467 0)
(0.201647 0.00411725 0)
(0.201636 0.00395317 0)
(0.201594 0.00379765 0)
(0.20161 0.00359146 0)
(0.201645 0.00366957 0)
(0.201635 0.00350804 0)
(0.201637 0.0034313 0)
(0.201625 0.00338165 0)
(0.201599 0.00320682 0)
(0.201583 0.00308044 0)
(0.201549 0.00306273 0)
(0.201496 0.00314478 0)
(0.201462 0.00310933 0)
(0.201446 0.00301758 0)
(0.201423 0.00281622 0)
(0.201411 0.00271354 0)
(0.201423 0.00268433 0)
(0.201446 0.00276498 0)
(0.201437 0.00281225 0)
(0.201363 0.0027211 0)
(0.201322 0.00259421 0)
(0.20134 0.00252718 0)
(0.201341 0.00247951 0)
(0.201319 0.00246547 0)
(0.201295 0.00242959 0)
(0.201266 0.00237685 0)
(0.201248 0.00233256 0)
(0.201254 0.00230857 0)
(0.201265 0.00225702 0)
(0.201286 0.0022193 0)
(0.201293 0.00223347 0)
(0.201252 0.00214484 0)
(0.201208 0.00200802 0)
(0.201215 0.00196906 0)
(0.201231 0.00194962 0)
(0.201237 0.00192596 0)
(0.201237 0.00193473 0)
(0.201221 0.00193695 0)
(0.201188 0.00188587 0)
(0.201161 0.00180966 0)
(0.20116 0.00178573 0)
(0.201163 0.00176176 0)
(0.201154 0.00173575 0)
(0.20114 0.00168756 0)
(0.201128 0.00166144 0)
(0.201124 0.00164751 0)
(0.201127 0.0016136 0)
(0.201128 0.00157504 0)
(0.201116 0.00155291 0)
(0.201089 0.00153792 0)
(0.201052 0.0015017 0)
(0.201024 0.00146709 0)
(0.201002 0.00145361 0)
(0.198937 0.00411907 0)
(0.199012 0.00492101 0)
(0.199237 0.00522508 0)
(0.199513 0.00535751 0)
(0.199964 0.00570023 0)
(0.200332 0.00583041 0)
(0.200479 0.00525821 0)
(0.200615 0.00520649 0)
(0.200899 0.00546528 0)
(0.20107 0.00494703 0)
(0.201038 0.0050123 0)
(0.20123 0.00507597 0)
(0.201547 0.00509705 0)
(0.201614 0.00500915 0)
(0.201569 0.00499654 0)
(0.201507 0.00480546 0)
(0.20148 0.00457029 0)
(0.201538 0.00405005 0)
(0.201578 0.00393836 0)
(0.201594 0.00407983 0)
(0.201603 0.0041712 0)
(0.201577 0.00418314 0)
(0.20157 0.00410177 0)
(0.201559 0.00395631 0)
(0.201565 0.00373392 0)
(0.201586 0.00364379 0)
(0.201573 0.00356293 0)
(0.201574 0.00349686 0)
(0.201593 0.00344976 0)
(0.201574 0.00337259 0)
(0.201548 0.00320202 0)
(0.20153 0.00317705 0)
(0.20149 0.00306993 0)
(0.201424 0.00311439 0)
(0.201386 0.0031188 0)
(0.201392 0.0030147 0)
(0.201388 0.00287188 0)
(0.201373 0.00273699 0)
(0.201367 0.00267907 0)
(0.201386 0.00275471 0)
(0.201385 0.00281459 0)
(0.201325 0.00274758 0)
(0.201283 0.00260161 0)
(0.201295 0.00251905 0)
(0.201294 0.00248107 0)
(0.201266 0.00247199 0)
(0.201242 0.00243595 0)
(0.201225 0.00239063 0)
(0.201208 0.00233355 0)
(0.201208 0.00231043 0)
(0.20122 0.00225005 0)
(0.201246 0.0022154 0)
(0.201261 0.00223492 0)
(0.201227 0.002164 0)
(0.201173 0.00200876 0)
(0.201171 0.00196873 0)
(0.201187 0.00194883 0)
(0.201198 0.00192471 0)
(0.201199 0.00193234 0)
(0.201187 0.00194024 0)
(0.20116 0.00189659 0)
(0.201131 0.00181702 0)
(0.201126 0.00178258 0)
(0.20113 0.00176045 0)
(0.201121 0.00174329 0)
(0.201106 0.00170114 0)
(0.201095 0.00167165 0)
(0.201086 0.00163891 0)
(0.201086 0.00161308 0)
(0.201092 0.00157418 0)
(0.201085 0.00155759 0)
(0.201063 0.00154389 0)
(0.201029 0.00151142 0)
(0.200996 0.00147355 0)
(0.20097 0.00145668 0)
(0.198942 0.0041469 0)
(0.199156 0.00471624 0)
(0.199443 0.00552799 0)
(0.199703 0.00479672 0)
(0.20002 0.00566411 0)
(0.200233 0.00569466 0)
(0.200331 0.00524253 0)
(0.200506 0.00502891 0)
(0.200814 0.00556658 0)
(0.201044 0.00489543 0)
(0.201014 0.00490595 0)
(0.201197 0.00494154 0)
(0.201445 0.00498432 0)
(0.201448 0.00499787 0)
(0.201434 0.00505332 0)
(0.201424 0.00492163 0)
(0.201394 0.00437915 0)
(0.201446 0.00404567 0)
(0.201524 0.00393978 0)
(0.201528 0.00400001 0)
(0.201508 0.00419939 0)
(0.201504 0.00425402 0)
(0.201507 0.00410184 0)
(0.201504 0.00392743 0)
(0.201539 0.00373659 0)
(0.201546 0.00364848 0)
(0.201505 0.00356369 0)
(0.201506 0.00353173 0)
(0.201523 0.00342349 0)
(0.201509 0.00342144 0)
(0.201493 0.00323748 0)
(0.201468 0.00311802 0)
(0.20142 0.00309363 0)
(0.201359 0.00321832 0)
(0.201321 0.00308333 0)
(0.201324 0.00303249 0)
(0.201334 0.00283349 0)
(0.201328 0.00274309 0)
(0.201322 0.00267332 0)
(0.201336 0.00275569 0)
(0.201336 0.00282019 0)
(0.201288 0.00275182 0)
(0.20124 0.00260494 0)
(0.201245 0.0025305 0)
(0.201245 0.00248664 0)
(0.201214 0.00247443 0)
(0.20119 0.00244231 0)
(0.201176 0.00240084 0)
(0.20116 0.00233679 0)
(0.20116 0.00230974 0)
(0.201176 0.00224114 0)
(0.201207 0.00220693 0)
(0.201226 0.00223741 0)
(0.201197 0.00217924 0)
(0.20114 0.00201871 0)
(0.201126 0.00197556 0)
(0.201136 0.00194192 0)
(0.201149 0.00191562 0)
(0.20116 0.00193503 0)
(0.201154 0.00194429 0)
(0.201132 0.00190945 0)
(0.2011 0.00182458 0)
(0.201091 0.00178025 0)
(0.201095 0.00176782 0)
(0.201086 0.00174205 0)
(0.20107 0.00169564 0)
(0.201059 0.00167566 0)
(0.201048 0.00164547 0)
(0.201045 0.00161003 0)
(0.201052 0.00157799 0)
(0.201048 0.00156285 0)
(0.201033 0.00155197 0)
(0.201003 0.00152061 0)
(0.200969 0.00148147 0)
(0.200939 0.0014608 0)
(0.198989 0.00410364 0)
(0.199269 0.00462106 0)
(0.199541 0.00528798 0)
(0.199861 0.00478762 0)
(0.200197 0.00525283 0)
(0.200097 0.00540223 0)
(0.200094 0.00533799 0)
(0.200335 0.00516613 0)
(0.200818 0.00513659 0)
(0.201085 0.00496094 0)
(0.200995 0.00490849 0)
(0.201082 0.00487209 0)
(0.201342 0.00498566 0)
(0.201362 0.00499106 0)
(0.201296 0.00507266 0)
(0.201278 0.00487941 0)
(0.201326 0.00442552 0)
(0.201424 0.00402694 0)
(0.201471 0.00386126 0)
(0.201428 0.00403512 0)
(0.201395 0.0042294 0)
(0.201445 0.00417565 0)
(0.201453 0.00408295 0)
(0.201451 0.00392827 0)
(0.20149 0.0037329 0)
(0.201492 0.00363506 0)
(0.201438 0.00358069 0)
(0.201426 0.00353615 0)
(0.201442 0.00344874 0)
(0.201432 0.00339581 0)
(0.20143 0.00321535 0)
(0.201416 0.0031549 0)
(0.20135 0.00318658 0)
(0.20129 0.00316628 0)
(0.20126 0.00307715 0)
(0.201258 0.00302461 0)
(0.201277 0.00285658 0)
(0.201281 0.00273964 0)
(0.201281 0.0026936 0)
(0.201285 0.00275521 0)
(0.201275 0.00284767 0)
(0.201245 0.00278969 0)
(0.201202 0.00260227 0)
(0.201193 0.00252063 0)
(0.20119 0.00249544 0)
(0.201163 0.00246459 0)
(0.201142 0.00244072 0)
(0.201127 0.0024008 0)
(0.201109 0.00233591 0)
(0.201109 0.00230888 0)
(0.20113 0.00222916 0)
(0.201165 0.00219999 0)
(0.201185 0.0022394 0)
(0.201159 0.00218784 0)
(0.201109 0.00204082 0)
(0.201081 0.00196398 0)
(0.201084 0.00193509 0)
(0.201099 0.00192023 0)
(0.201117 0.00194268 0)
(0.201116 0.0019503 0)
(0.201097 0.00191147 0)
(0.201069 0.00183229 0)
(0.201054 0.00177957 0)
(0.201057 0.00176551 0)
(0.20105 0.00174914 0)
(0.201034 0.00170681 0)
(0.201022 0.00167843 0)
(0.201008 0.00165004 0)
(0.201001 0.00160793 0)
(0.201008 0.00157309 0)
(0.201009 0.00156238 0)
(0.200998 0.00155775 0)
(0.200974 0.00153297 0)
(0.200942 0.00149222 0)
(0.200908 0.0014655 0)
(0.199217 0.00392428 0)
(0.199462 0.00420525 0)
(0.199571 0.00599421 0)
(0.199747 0.00257047 0)
(0.199939 0.00877642 0)
(0.20026 0.00458777 0)
(0.200196 0.00436633 0)
(0.200382 0.00438446 0)
(0.200784 0.00464991 0)
(0.200934 0.00498525 0)
(0.200876 0.00482606 0)
(0.200955 0.00457093 0)
(0.201141 0.00479954 0)
(0.20118 0.0050489 0)
(0.201136 0.00520723 0)
(0.2012 0.00492181 0)
(0.201348 0.0042221 0)
(0.201359 0.00397709 0)
(0.201271 0.00394776 0)
(0.20118 0.00411443 0)
(0.201239 0.00416788 0)
(0.201359 0.004213 0)
(0.201337 0.00411648 0)
(0.20132 0.00396128 0)
(0.201402 0.00374808 0)
(0.201443 0.00364479 0)
(0.201377 0.00359356 0)
(0.201308 0.00353967 0)
(0.201282 0.00339491 0)
(0.201282 0.00335698 0)
(0.201323 0.00326975 0)
(0.201328 0.0032165 0)
(0.201257 0.00314221 0)
(0.20118 0.0031822 0)
(0.201162 0.00319516 0)
(0.201188 0.00300049 0)
(0.201229 0.00280773 0)
(0.201229 0.00269083 0)
(0.201203 0.00266098 0)
(0.201175 0.00277245 0)
(0.201172 0.00284223 0)
(0.201165 0.00277223 0)
(0.20113 0.00269266 0)
(0.201111 0.00251468 0)
(0.201106 0.00253602 0)
(0.201084 0.0025454 0)
(0.201063 0.00250082 0)
(0.201049 0.00242703 0)
(0.201033 0.00234229 0)
(0.201037 0.00230182 0)
(0.201064 0.00219796 0)
(0.201094 0.00218567 0)
(0.201103 0.00225444 0)
(0.201088 0.00219673 0)
(0.201056 0.00207266 0)
(0.201017 0.00197527 0)
(0.201011 0.00192084 0)
(0.201031 0.00188661 0)
(0.201047 0.00194001 0)
(0.201046 0.00195333 0)
(0.201036 0.00192599 0)
(0.201014 0.00184756 0)
(0.200995 0.00178689 0)
(0.200998 0.00176135 0)
(0.200995 0.00175363 0)
(0.200977 0.00171042 0)
(0.200963 0.00168122 0)
(0.200946 0.00165279 0)
(0.200929 0.00161179 0)
(0.200934 0.00158639 0)
(0.200943 0.00156015 0)
(0.200942 0.0015569 0)
(0.200927 0.00154173 0)
(0.200898 0.00150673 0)
(0.200861 0.0014727 0)
(0.199518 0.0039725 0)
(0.199476 0.00426623 0)
(0.199555 0.0045594 0)
(0.199689 0.00470406 0)
(0.199793 0.00490629 0)
(0.200363 0.00477707 0)
(0.200624 0.00493415 0)
(0.200555 0.00491246 0)
(0.200577 0.00482152 0)
(0.20074 0.00476179 0)
(0.200837 0.00475324 0)
(0.200765 0.00476338 0)
(0.200729 0.0047925 0)
(0.200843 0.00490282 0)
(0.201054 0.00487385 0)
(0.201321 0.00457152 0)
(0.201372 0.00435661 0)
(0.201175 0.00417221 0)
(0.200894 0.00410346 0)
(0.200823 0.00406074 0)
(0.201024 0.00397594 0)
(0.201234 0.00416358 0)
(0.201195 0.00408483 0)
(0.201159 0.00375073 0)
(0.201223 0.00364425 0)
(0.201253 0.00368877 0)
(0.201208 0.00376816 0)
(0.201177 0.00359429 0)
(0.201151 0.00348192 0)
(0.201085 0.00331078 0)
(0.20109 0.0032261 0)
(0.201155 0.00321183 0)
(0.201175 0.00326395 0)
(0.20113 0.00324916 0)
(0.20106 0.0030788 0)
(0.201048 0.00296176 0)
(0.201045 0.00288242 0)
(0.201037 0.00279166 0)
(0.201047 0.0027164 0)
(0.201074 0.00274581 0)
(0.201104 0.00285229 0)
(0.201084 0.00286981 0)
(0.201035 0.00259413 0)
(0.20101 0.00249176 0)
(0.200982 0.00250979 0)
(0.200946 0.00245637 0)
(0.200948 0.00243838 0)
(0.200962 0.00240333 0)
(0.200951 0.00235672 0)
(0.200931 0.00227313 0)
(0.200935 0.00221001 0)
(0.200957 0.00217127 0)
(0.200972 0.0022263 0)
(0.200975 0.00221088 0)
(0.200962 0.00210302 0)
(0.200911 0.00199597 0)
(0.200876 0.00193842 0)
(0.200903 0.00191739 0)
(0.200947 0.00192171 0)
(0.200958 0.00194303 0)
(0.200951 0.00194102 0)
(0.200936 0.00185659 0)
(0.200905 0.00178295 0)
(0.20088 0.00177542 0)
(0.20088 0.00177256 0)
(0.200888 0.00171774 0)
(0.200887 0.00169661 0)
(0.200865 0.00167507 0)
(0.200834 0.00159993 0)
(0.200824 0.00155985 0)
(0.200828 0.00156182 0)
(0.200835 0.00156853 0)
(0.200834 0.00156364 0)
(0.200824 0.00153 0)
(0.200795 0.00148941 0)
(0.19976 0.00410871 0)
(0.199772 0.00416499 0)
(0.199697 0.00481718 0)
(0.199821 0.00391277 0)
(0.199993 0.0046024 0)
(0.200203 0.00499055 0)
(0.200373 0.00429008 0)
(0.20045 0.0043721 0)
(0.200532 0.00457107 0)
(0.200591 0.00484807 0)
(0.20057 0.00479938 0)
(0.200578 0.00473648 0)
(0.200676 0.00472488 0)
(0.200786 0.00474199 0)
(0.200906 0.00457397 0)
(0.200979 0.0045304 0)
(0.200942 0.00449153 0)
(0.200875 0.00442085 0)
(0.200846 0.00425853 0)
(0.200868 0.00388745 0)
(0.200952 0.00374781 0)
(0.201017 0.00410574 0)
(0.200966 0.00408927 0)
(0.20092 0.00395188 0)
(0.201013 0.00369848 0)
(0.201075 0.00362708 0)
(0.201033 0.00356519 0)
(0.201036 0.00355593 0)
(0.20102 0.00361281 0)
(0.20094 0.00344307 0)
(0.200896 0.00318716 0)
(0.200903 0.00312841 0)
(0.200931 0.00318702 0)
(0.200975 0.00328643 0)
(0.20096 0.00328286 0)
(0.200909 0.00297438 0)
(0.2009 0.00281107 0)
(0.200911 0.00269502 0)
(0.200906 0.0026734 0)
(0.200914 0.00269778 0)
(0.200937 0.00282737 0)
(0.200935 0.00281443 0)
(0.20091 0.00275546 0)
(0.200867 0.00263534 0)
(0.20083 0.00262318 0)
(0.200819 0.00252135 0)
(0.200818 0.00248675 0)
(0.20082 0.00244514 0)
(0.200823 0.00240478 0)
(0.200814 0.00227344 0)
(0.200816 0.0021913 0)
(0.200826 0.00218107 0)
(0.200821 0.00222519 0)
(0.200834 0.00220843 0)
(0.20085 0.00213176 0)
(0.200817 0.00205344 0)
(0.200771 0.00188652 0)
(0.200774 0.00183849 0)
(0.20079 0.00189233 0)
(0.200795 0.00194703 0)
(0.200807 0.00194052 0)
(0.200819 0.00189744 0)
(0.200802 0.00184254 0)
(0.200775 0.00176112 0)
(0.200772 0.00173096 0)
(0.200772 0.00171765 0)
(0.200763 0.00171043 0)
(0.20075 0.00169645 0)
(0.200736 0.00164512 0)
(0.200719 0.0015957 0)
(0.200709 0.00154938 0)
(0.200714 0.00154521 0)
(0.200714 0.00154671 0)
(0.200708 0.00152346 0)
(0.200693 0.00149312 0)
(0.199816 0.00408281 0)
(0.19981 0.00428528 0)
(0.199937 0.00440576 0)
(0.200126 0.00451283 0)
(0.20009 0.00450966 0)
(0.2001 0.00438462 0)
(0.200277 0.0044028 0)
(0.200326 0.00446678 0)
(0.200286 0.00455998 0)
(0.200271 0.00467167 0)
(0.20036 0.00466542 0)
(0.200501 0.0046726 0)
(0.200503 0.00463476 0)
(0.200461 0.00443794 0)
(0.200511 0.00452706 0)
(0.200644 0.00467977 0)
(0.200735 0.00437952 0)
(0.200771 0.00417518 0)
(0.200843 0.00413771 0)
(0.200875 0.00404251 0)
(0.200784 0.0037729 0)
(0.200682 0.00420987 0)
(0.200688 0.00414608 0)
(0.200717 0.00362206 0)
(0.200784 0.00351726 0)
(0.200821 0.00372621 0)
(0.200785 0.00370345 0)
(0.200749 0.00373947 0)
(0.200726 0.00362674 0)
(0.200718 0.00339434 0)
(0.200765 0.00330515 0)
(0.200808 0.00313021 0)
(0.200777 0.00317004 0)
(0.200741 0.00326629 0)
(0.200752 0.00314308 0)
(0.200754 0.00303942 0)
(0.200761 0.00289613 0)
(0.200784 0.00280545 0)
(0.200765 0.00267614 0)
(0.200697 0.00267926 0)
(0.200633 0.00292141 0)
(0.200597 0.00285442 0)
(0.200594 0.00271571 0)
(0.200615 0.00259207 0)
(0.200654 0.00251221 0)
(0.20066 0.00248456 0)
(0.200646 0.00245785 0)
(0.200679 0.00238453 0)
(0.200728 0.0023305 0)
(0.200711 0.00229059 0)
(0.200671 0.00220047 0)
(0.200666 0.0021774 0)
(0.200682 0.00219279 0)
(0.20071 0.0021577 0)
(0.200707 0.00213907 0)
(0.20068 0.00207832 0)
(0.200654 0.00198276 0)
(0.200615 0.00192764 0)
(0.200573 0.00191767 0)
(0.200594 0.00191642 0)
(0.200648 0.00189364 0)
(0.200655 0.00186111 0)
(0.200649 0.00181316 0)
(0.200634 0.00180324 0)
(0.200625 0.00177828 0)
(0.20064 0.00173299 0)
(0.200645 0.00168798 0)
(0.200636 0.00171644 0)
(0.200623 0.00161725 0)
(0.200596 0.00163062 0)
(0.200568 0.00150172 0)
(0.200558 0.00159183 0)
(0.200554 0.00157768 0)
(0.20055 0.00155266 0)
(0.200558 0.00150376 0)
(0.199704 0.00375139 0)
(0.199751 0.0040309 0)
(0.199974 0.00419296 0)
(0.200043 0.00404787 0)
(0.200044 0.00419245 0)
(0.200111 0.0044771 0)
(0.200135 0.00432906 0)
(0.200128 0.00414212 0)
(0.200164 0.00466119 0)
(0.200227 0.00470492 0)
(0.20026 0.00444636 0)
(0.200308 0.00439164 0)
(0.200373 0.00469618 0)
(0.200354 0.00471734 0)
(0.200304 0.00449196 0)
(0.200383 0.0043104 0)
(0.200511 0.00414913 0)
(0.200526 0.00412725 0)
(0.200523 0.00415436 0)
(0.20053 0.00405725 0)
(0.200485 0.00403022 0)
(0.200427 0.00417261 0)
(0.200465 0.00413258 0)
(0.200542 0.0036941 0)
(0.200536 0.00354914 0)
(0.200482 0.00366674 0)
(0.200465 0.00364624 0)
(0.200476 0.00363992 0)
(0.200507 0.00367974 0)
(0.200557 0.00326369 0)
(0.200581 0.00310056 0)
(0.200578 0.00317618 0)
(0.200525 0.00324418 0)
(0.200459 0.00329677 0)
(0.200473 0.00326652 0)
(0.200512 0.00294722 0)
(0.200504 0.00275251 0)
(0.200484 0.002707 0)
(0.200476 0.00277252 0)
(0.200431 0.00286575 0)
(0.200396 0.00297713 0)
(0.200438 0.00288538 0)
(0.200473 0.00266 0)
(0.200459 0.00255784 0)
(0.200452 0.00258996 0)
(0.200459 0.0025378 0)
(0.200476 0.0024115 0)
(0.200499 0.00237247 0)
(0.2005 0.00238075 0)
(0.200483 0.0023867 0)
(0.200476 0.00218486 0)
(0.200477 0.00214155 0)
(0.200479 0.00220616 0)
(0.200469 0.00224435 0)
(0.200453 0.00212678 0)
(0.200455 0.00208557 0)
(0.200455 0.00199496 0)
(0.200449 0.00190216 0)
(0.200451 0.00186836 0)
(0.200467 0.00188865 0)
(0.200474 0.00191592 0)
(0.200457 0.00187083 0)
(0.200433 0.00189128 0)
(0.200417 0.00178617 0)
(0.200427 0.00172556 0)
(0.200457 0.00171792 0)
(0.200459 0.00170771 0)
(0.200459 0.00169709 0)
(0.200468 0.00167894 0)
(0.200449 0.00164747 0)
(0.200407 0.00159216 0)
(0.20039 0.00157131 0)
(0.200398 0.00155348 0)
(0.200416 0.00150916 0)
(0.200421 0.00148312 0)
(0.199903 0.00370578 0)
(0.199923 0.00379851 0)
(0.199991 0.00399633 0)
(0.200018 0.00412994 0)
(0.199975 0.00426698 0)
(0.199988 0.00435859 0)
(0.200076 0.00435126 0)
(0.20006 0.00434397 0)
(0.199981 0.00444564 0)
(0.200028 0.00450033 0)
(0.200108 0.00443616 0)
(0.20009 0.00448377 0)
(0.200077 0.0046376 0)
(0.200111 0.00462345 0)
(0.200145 0.00429388 0)
(0.200165 0.00421428 0)
(0.200177 0.00418452 0)
(0.200168 0.00414716 0)
(0.200156 0.00414025 0)
(0.200155 0.00407733 0)
(0.200147 0.00399173 0)
(0.200161 0.00411461 0)
(0.2002 0.0040445 0)
(0.200227 0.00346193 0)
(0.20023 0.00363498 0)
(0.200226 0.00376156 0)
(0.200213 0.00375059 0)
(0.200191 0.00362536 0)
(0.200201 0.00355137 0)
(0.200246 0.0033018 0)
(0.20023 0.00318969 0)
(0.200182 0.00327105 0)
(0.200182 0.00331888 0)
(0.200206 0.0032742 0)
(0.200248 0.00310138 0)
(0.200271 0.00299281 0)
(0.20024 0.00292141 0)
(0.200175 0.00286196 0)
(0.200128 0.00281813 0)
(0.200125 0.00281462 0)
(0.200157 0.00281912 0)
(0.200207 0.00279867 0)
(0.2002 0.00272531 0)
(0.20017 0.00257314 0)
(0.200174 0.00253206 0)
(0.200203 0.00246861 0)
(0.20022 0.00240921 0)
(0.200199 0.002372 0)
(0.200189 0.00234382 0)
(0.200214 0.00231347 0)
(0.200225 0.0022137 0)
(0.200201 0.00222446 0)
(0.200175 0.00218871 0)
(0.20018 0.00217948 0)
(0.200217 0.00210662 0)
(0.200236 0.0020612 0)
(0.200235 0.00198948 0)
(0.200242 0.00194171 0)
(0.200241 0.00191512 0)
(0.200214 0.00191164 0)
(0.200195 0.00190313 0)
(0.200196 0.00189344 0)
(0.200194 0.00185946 0)
(0.2002 0.00180658 0)
(0.200206 0.00172424 0)
(0.200193 0.00169968 0)
(0.200188 0.0016908 0)
(0.200211 0.00168154 0)
(0.200233 0.00166145 0)
(0.200232 0.00165342 0)
(0.200229 0.00159982 0)
(0.200231 0.00158266 0)
(0.200228 0.00156371 0)
(0.200221 0.00152311 0)
(0.200215 0.00149398 0)
(0.199997 -8.29721e-05 0)
(0.199974 0.000150097 0)
(0.199848 -0.000622892 0)
(0.199705 0.000376744 0)
(0.199488 -0.000144712 0)
(0.199443 0.00129201 0)
(0.199739 -0.000915942 0)
(0.199391 -0.000995877 0)
(0.198435 0.000119573 0)
(0.19816 0.000815344 0)
(0.198308 -0.000230504 0)
(0.198396 0.00139706 0)
(0.197997 -0.000216241 0)
(0.197128 -0.000205596 0)
(0.196228 0.000224727 0)
(0.19679 0.00121843 0)
(0.194126 0.000353938 0)
(0.195926 0.00151763 0)
(0.186184 -0.00113585 0)
(0.200008 0.00470591 0)
(0.199997 -8.02606e-05 0)
(0.199975 0.000161263 0)
(0.199848 -0.000603949 0)
(0.199707 0.000404418 0)
(0.199482 -0.000115241 0)
(0.199437 0.00122178 0)
(0.199753 -0.000856809 0)
(0.199406 -0.000856075 0)
(0.198447 0.000187449 0)
(0.198125 0.00087657 0)
(0.198289 -0.000309538 0)
(0.198395 0.00145865 0)
(0.19809 -0.000185176 0)
(0.197129 0.000326679 0)
(0.19634 4.81228e-05 0)
(0.196593 0.00148679 0)
(0.194613 0.00068916 0)
(0.194315 0.00188605 0)
(0.190582 0.000992597 0)
(0.191208 0.00529178 0)
(0.199996 -7.5238e-05 0)
(0.199978 0.000168783 0)
(0.199849 -0.000578326 0)
(0.199707 0.000446382 0)
(0.199477 -0.000119473 0)
(0.199441 0.00119244 0)
(0.199772 -0.000793244 0)
(0.199419 -0.000737664 0)
(0.19848 0.000260792 0)
(0.198082 0.000916596 0)
(0.198233 -0.000357968 0)
(0.198401 0.00150758 0)
(0.198178 -0.000183087 0)
(0.197207 0.00082344 0)
(0.196494 -0.000530882 0)
(0.196346 0.00248978 0)
(0.195211 0.000437737 0)
(0.193569 0.00330001 0)
(0.192226 -0.000317273 0)
(0.191233 0.00714392 0)
(0.199993 -6.80932e-05 0)
(0.199983 0.000178733 0)
(0.199856 -0.000573607 0)
(0.199699 0.000493078 0)
(0.199478 -5.26604e-05 0)
(0.199468 0.00108281 0)
(0.199791 -0.000741022 0)
(0.199429 -0.000659536 0)
(0.198524 0.000334306 0)
(0.198055 0.000996508 0)
(0.19814 -0.000436269 0)
(0.198367 0.00166832 0)
(0.198276 -0.000221623 0)
(0.197387 0.0011101 0)
(0.196557 -0.00060963 0)
(0.196226 0.0025089 0)
(0.19541 0.00107915 0)
(0.193741 0.00332374 0)
(0.192802 0.00108135 0)
(0.192111 0.00657161 0)
(0.199986 -8.65143e-05 0)
(0.19999 0.000203382 0)
(0.199869 -0.000532743 0)
(0.199685 0.000495596 0)
(0.199488 -5.91086e-05 0)
(0.199514 0.00106207 0)
(0.199804 -0.000626983 0)
(0.199414 -0.000580307 0)
(0.198568 0.000516595 0)
(0.198085 0.000940384 0)
(0.198083 -0.000419342 0)
(0.198305 0.00157447 0)
(0.198319 -4.87525e-05 0)
(0.197539 0.00173727 0)
(0.196635 -0.00101595 0)
(0.196162 0.00297085 0)
(0.195513 0.00123518 0)
(0.194111 0.00390552 0)
(0.193217 0.000214992 0)
(0.192964 0.00693812 0)
(0.199981 -5.21438e-05 0)
(0.200001 0.000176072 0)
(0.199873 -0.000512873 0)
(0.199665 0.000593414 0)
(0.199515 -6.5261e-05 0)
(0.199581 0.000965865 0)
(0.199797 -0.000536811 0)
(0.199343 -0.000497162 0)
(0.198595 0.000557158 0)
(0.198222 0.00112175 0)
(0.19815 -0.000507424 0)
(0.198284 0.00163573 0)
(0.19825 -0.000105396 0)
(0.197521 0.00200422 0)
(0.19668 -0.00075772 0)
(0.196191 0.00320696 0)
(0.195714 0.00151937 0)
(0.19455 0.00403422 0)
(0.193665 0.00189813 0)
(0.193666 0.00570332 0)
(0.199982 -6.52156e-05 0)
(0.200011 0.00018056 0)
(0.199868 -0.00040014 0)
(0.199653 0.000528769 0)
(0.199559 -4.47378e-05 0)
(0.199644 0.000980762 0)
(0.199762 -0.000477186 0)
(0.199252 -0.000475325 0)
(0.198656 0.00075735 0)
(0.198337 0.00116096 0)
(0.198212 -0.00044164 0)
(0.198357 0.00152288 0)
(0.198212 0.000122064 0)
(0.197449 0.00174062 0)
(0.196686 -0.000726953 0)
(0.196273 0.0033096 0)
(0.19588 0.0020006 0)
(0.195068 0.0047767 0)
(0.194475 -6.5318e-05 0)
(0.193935 0.00730311 0)
(0.199985 -6.06747e-05 0)
(0.200016 0.000193042 0)
(0.199864 -0.000394389 0)
(0.199657 0.00050287 0)
(0.199621 -4.66115e-05 0)
(0.199669 0.000833427 0)
(0.199686 -0.00022558 0)
(0.199183 -0.000384553 0)
(0.198732 0.000834719 0)
(0.198408 0.0012292 0)
(0.198281 -0.000701373 0)
(0.198517 0.00167017 0)
(0.198188 0.000175096 0)
(0.19731 0.00246082 0)
(0.196698 -0.00022301 0)
(0.196469 0.00307126 0)
(0.196059 0.00199411 0)
(0.195558 0.00437493 0)
(0.195041 0.00245712 0)
(0.194259 0.00578332 0)
(0.199989 -6.03637e-05 0)
(0.200018 0.00018994 0)
(0.199863 -0.000307746 0)
(0.199671 0.000471938 0)
(0.199675 7.18388e-06 0)
(0.199678 0.000897513 0)
(0.199595 -0.000278467 0)
(0.199168 -0.000301478 0)
(0.198776 0.000792248 0)
(0.198523 0.00161525 0)
(0.19841 -0.00094785 0)
(0.198559 0.00204011 0)
(0.198179 0.000334943 0)
(0.197262 0.00189389 0)
(0.196722 -6.91962e-05 0)
(0.19665 0.00317653 0)
(0.196272 0.00297812 0)
(0.195796 0.00379491 0)
(0.195446 0.00300051 0)
(0.194838 0.00581803 0)
(0.199995 -6.88507e-05 0)
(0.200009 0.000215882 0)
(0.19985 -0.000299902 0)
(0.199687 0.000540206 0)
(0.19972 -1.40965e-05 0)
(0.199689 0.000848081 0)
(0.199537 -0.00015552 0)
(0.199188 -0.000355922 0)
(0.198789 0.00124433 0)
(0.198662 0.00127312 0)
(0.198548 -0.00109777 0)
(0.198426 0.00207288 0)
(0.19811 0.000744884 0)
(0.197444 0.00211638 0)
(0.196896 0.000406682 0)
(0.196709 0.00279464 0)
(0.196388 0.00314322 0)
(0.19603 0.0036687 0)
(0.195801 0.00343264 0)
(0.195323 0.00558624 0)
(0.2 -6.12616e-05 0)
(0.199998 0.000225081 0)
(0.199831 -0.000255791 0)
(0.199717 0.000513622 0)
(0.199756 7.71876e-07 0)
(0.199668 0.000918906 0)
(0.199488 -9.56222e-05 0)
(0.199221 -0.000176372 0)
(0.198869 0.000932126 0)
(0.198764 0.00137034 0)
(0.198572 -0.000643429 0)
(0.198324 0.00194285 0)
(0.198073 0.000989488 0)
(0.197535 0.00157475 0)
(0.197075 0.000974312 0)
(0.196877 0.00268214 0)
(0.196548 0.00341549 0)
(0.196276 0.0035623 0)
(0.196108 0.0036261 0)
(0.195731 0.00545867 0)
(0.200001 -6.2836e-05 0)
(0.199986 0.000234254 0)
(0.199816 -0.000190546 0)
(0.199761 0.00051458 0)
(0.199763 -1.57715e-05 0)
(0.199627 0.000938653 0)
(0.199445 1.40315e-05 0)
(0.199238 -0.000296844 0)
(0.198997 0.00137918 0)
(0.198846 0.00128259 0)
(0.198546 -0.00071146 0)
(0.198253 0.00173767 0)
(0.198126 0.00170676 0)
(0.197694 0.00113868 0)
(0.197226 0.00133394 0)
(0.196955 0.00292404 0)
(0.196666 0.00376996 0)
(0.196566 0.00349648 0)
(0.19645 0.00379373 0)
(0.196108 0.00547631 0)
(0.2 -6.01896e-05 0)
(0.199973 0.000249135 0)
(0.199809 -0.000169476 0)
(0.199791 0.000477205 0)
(0.199774 7.79842e-05 0)
(0.199613 0.000839536 0)
(0.199424 0.000260898 0)
(0.19923 -0.000401666 0)
(0.199053 0.00131689 0)
(0.198943 0.00130142 0)
(0.198621 -0.000424736 0)
(0.198167 0.00156379 0)
(0.198127 0.0019226 0)
(0.197869 0.00124592 0)
(0.197421 0.00157386 0)
(0.196999 0.00278897 0)
(0.196752 0.00372047 0)
(0.196861 0.00365645 0)
(0.196776 0.00396783 0)
(0.196455 0.00543355 0)
(0.2 -4.70653e-05 0)
(0.199953 0.000224293 0)
(0.19981 -6.03554e-05 0)
(0.199814 0.000391216 0)
(0.199789 0.000161995 0)
(0.199622 0.00085405 0)
(0.199407 0.000314107 0)
(0.199186 -0.000508838 0)
(0.199114 0.0017759 0)
(0.199043 0.00106107 0)
(0.19862 -0.000111738 0)
(0.198158 0.0016406 0)
(0.198176 0.00191323 0)
(0.19801 0.00130568 0)
(0.197517 0.00162541 0)
(0.197045 0.00307981 0)
(0.196974 0.00365362 0)
(0.197175 0.0035552 0)
(0.197047 0.0039462 0)
(0.196744 0.00537401 0)
(0.200002 -3.41884e-05 0)
(0.19993 0.000234199 0)
(0.199821 -7.34069e-05 0)
(0.199844 0.00037072 0)
(0.199802 0.000255247 0)
(0.199587 0.000657385 0)
(0.199493 0.000757409 0)
(0.19925 -0.000926448 0)
(0.19901 0.00201808 0)
(0.199104 0.00128843 0)
(0.198731 4.75484e-05 0)
(0.198159 0.00164761 0)
(0.198191 0.00208888 0)
(0.198101 0.00148221 0)
(0.197598 0.00182575 0)
(0.197206 0.00315834 0)
(0.197229 0.00363248 0)
(0.197427 0.00358893 0)
(0.197238 0.00415516 0)
(0.196996 0.005355 0)
(0.200006 -9.8245e-06 0)
(0.199915 0.000206351 0)
(0.199819 -4.92962e-05 0)
(0.199872 0.00041231 0)
(0.199818 0.000300061 0)
(0.199574 0.000836971 0)
(0.199544 0.000453725 0)
(0.199293 -0.000228483 0)
(0.198976 0.00147548 0)
(0.199123 0.0011808 0)
(0.198805 0.00026509 0)
(0.198185 0.0015566 0)
(0.198225 0.00203889 0)
(0.198204 0.00155612 0)
(0.197744 0.00180781 0)
(0.197394 0.00322508 0)
(0.197446 0.00358729 0)
(0.19759 0.00359921 0)
(0.197371 0.00428461 0)
(0.197238 0.00518068 0)
(0.199999 -1.41594e-05 0)
(0.199919 0.000305472 0)
(0.199849 -8.55073e-05 0)
(0.199872 0.000364182 0)
(0.199787 0.000483996 0)
(0.19961 0.000586552 0)
(0.199527 0.000888951 0)
(0.199291 -0.000682618 0)
(0.199065 0.00185079 0)
(0.199123 0.00132169 0)
(0.198754 0.000428868 0)
(0.198296 0.00160223 0)
(0.19838 0.00207014 0)
(0.198327 0.00161872 0)
(0.197835 0.00197798 0)
(0.197526 0.00327246 0)
(0.197628 0.00354493 0)
(0.197751 0.00361964 0)
(0.197534 0.00434256 0)
(0.197479 0.00505262 0)
(0.199989 2.20906e-05 0)
(0.199937 0.000201854 0)
(0.199888 -1.88013e-05 0)
(0.199845 0.000408782 0)
(0.199767 0.000486934 0)
(0.199614 0.000586945 0)
(0.199566 0.000823133 0)
(0.199341 -0.000292482 0)
(0.199059 0.00174273 0)
(0.199123 0.00138971 0)
(0.198828 0.000431941 0)
(0.198421 0.00171067 0)
(0.198467 0.00221236 0)
(0.198394 0.00171839 0)
(0.197925 0.00214077 0)
(0.197691 0.00331338 0)
(0.197821 0.00354281 0)
(0.19789 0.00365205 0)
(0.197688 0.00442584 0)
(0.197693 0.00489744 0)
(0.199993 2.95098e-05 0)
(0.199944 0.000248408 0)
(0.199876 -3.24126e-05 0)
(0.19983 0.000327391 0)
(0.199787 0.000607416 0)
(0.199649 0.000547256 0)
(0.199558 0.00090122 0)
(0.199346 -0.000253506 0)
(0.199098 0.00158238 0)
(0.199161 0.00150672 0)
(0.198905 0.000609572 0)
(0.198488 0.00167405 0)
(0.198519 0.00218712 0)
(0.198481 0.001778 0)
(0.198063 0.00219137 0)
(0.197861 0.00330187 0)
(0.197993 0.00352888 0)
(0.198014 0.00367484 0)
(0.197841 0.00442585 0)
(0.197922 0.00473039 0)
(0.199991 4.45571e-05 0)
(0.199962 0.000227866 0)
(0.199887 3.88162e-05 0)
(0.199813 0.000360347 0)
(0.199786 0.000653549 0)
(0.199669 0.000607099 0)
(0.199576 0.000870805 0)
(0.199372 -8.32127e-05 0)
(0.19912 0.00156047 0)
(0.199182 0.00162176 0)
(0.198972 0.00067808 0)
(0.198573 0.00170702 0)
(0.198595 0.00223452 0)
(0.198573 0.00193815 0)
(0.198195 0.0022231 0)
(0.197993 0.00335259 0)
(0.198145 0.00355197 0)
(0.198161 0.00366476 0)
(0.198002 0.00448117 0)
(0.198177 0.00449588 0)
(0.199992 5.86895e-05 0)
(0.199971 0.000225032 0)
(0.1999 6.05402e-05 0)
(0.199806 0.000284071 0)
(0.199781 0.000736853 0)
(0.199682 0.00061259 0)
(0.199597 0.000885548 0)
(0.199411 8.77974e-05 0)
(0.199146 0.00147173 0)
(0.199198 0.00170149 0)
(0.199031 0.000814049 0)
(0.198662 0.00173726 0)
(0.198678 0.00227335 0)
(0.19866 0.00198878 0)
(0.198308 0.00236523 0)
(0.198125 0.00327176 0)
(0.198311 0.00354792 0)
(0.198323 0.00370756 0)
(0.198162 0.0044321 0)
(0.198414 0.00441376 0)
(0.199992 6.81295e-05 0)
(0.199978 0.000216555 0)
(0.199917 0.000115235 0)
(0.1998 0.000306334 0)
(0.199776 0.000754909 0)
(0.199695 0.000640115 0)
(0.199613 0.000873504 0)
(0.199447 0.000220875 0)
(0.199183 0.00145033 0)
(0.199224 0.00177711 0)
(0.199089 0.000847402 0)
(0.198738 0.00175123 0)
(0.198752 0.00230159 0)
(0.198751 0.00209649 0)
(0.198429 0.0023993 0)
(0.198261 0.00331727 0)
(0.198456 0.00348595 0)
(0.198428 0.00388631 0)
(0.198359 0.00411075 0)
(0.198693 0.00420391 0)
(0.199992 7.54131e-05 0)
(0.199982 0.000217463 0)
(0.199932 0.000153691 0)
(0.199807 0.000264701 0)
(0.199769 0.000816764 0)
(0.199704 0.000665914 0)
(0.199629 0.00088522 0)
(0.199481 0.000372119 0)
(0.199213 0.00140256 0)
(0.199245 0.00179491 0)
(0.199163 0.000999564 0)
(0.198825 0.00176315 0)
(0.198817 0.00232146 0)
(0.198824 0.00219842 0)
(0.198549 0.00247573 0)
(0.198399 0.00322391 0)
(0.198575 0.0035604 0)
(0.19856 0.00381017 0)
(0.198562 0.00403186 0)
(0.198826 0.00474726 0)
(0.199993 8.37111e-05 0)
(0.199982 0.000216176 0)
(0.199948 0.000182391 0)
(0.199821 0.000290784 0)
(0.19976 0.000831825 0)
(0.199714 0.000701318 0)
(0.199653 0.000854274 0)
(0.199518 0.000525709 0)
(0.199251 0.00140074 0)
(0.199268 0.00179232 0)
(0.199221 0.00114691 0)
(0.198925 0.00175207 0)
(0.198899 0.00233847 0)
(0.198889 0.00228005 0)
(0.198661 0.00253799 0)
(0.198539 0.00322143 0)
(0.198646 0.00346216 0)
(0.198702 0.00389082 0)
(0.198766 0.00397119 0)
(0.198876 0.00435179 0)
(0.199993 8.8736e-05 0)
(0.199982 0.000214233 0)
(0.199957 0.000217043 0)
(0.199838 0.000319288 0)
(0.199762 0.000828116 0)
(0.199726 0.000766916 0)
(0.199683 0.000815122 0)
(0.199565 0.000641971 0)
(0.199297 0.00142895 0)
(0.199288 0.00179149 0)
(0.199269 0.00126237 0)
(0.199026 0.00163465 0)
(0.198971 0.00248086 0)
(0.198965 0.00236505 0)
(0.198778 0.00245509 0)
(0.198653 0.00330675 0)
(0.198724 0.00349904 0)
(0.198821 0.0037014 0)
(0.198952 0.00404015 0)
(0.199005 0.00431157 0)
(0.199995 0.00010236 0)
(0.199983 0.000207392 0)
(0.199961 0.000247799 0)
(0.199857 0.000346797 0)
(0.199783 0.000831046 0)
(0.199752 0.000840393 0)
(0.199714 0.000837795 0)
(0.199634 0.000802082 0)
(0.199401 0.00131411 0)
(0.199299 0.00183648 0)
(0.199316 0.0015513 0)
(0.199173 0.00160022 0)
(0.199064 0.00245809 0)
(0.199088 0.00250477 0)
(0.198965 0.0026267 0)
(0.198832 0.00317353 0)
(0.198915 0.00340478 0)
(0.19905 0.00378094 0)
(0.199109 0.00387737 0)
(0.199141 0.00433221 0)
(0.199997 0.000107737 0)
(0.199989 0.000223208 0)
(0.199951 0.000300806 0)
(0.19988 0.000480802 0)
(0.199871 0.000764156 0)
(0.199832 0.000900116 0)
(0.199696 0.000692192 0)
(0.199607 0.00112171 0)
(0.199553 0.00156408 0)
(0.19949 0.00176477 0)
(0.199471 0.00149143 0)
(0.199311 0.00161075 0)
(0.199158 0.00254565 0)
(0.199204 0.00262912 0)
(0.199169 0.00266249 0)
(0.19908 0.00319808 0)
(0.199139 0.00341051 0)
(0.199229 0.00369928 0)
(0.199213 0.0038104 0)
(0.199268 0.00412248 0)
(0.199998 9.61789e-05 0)
(0.199996 0.000248971 0)
(0.199956 0.000332116 0)
(0.199895 0.000314013 0)
(0.199863 0.000951476 0)
(0.199846 0.000991424 0)
(0.19977 0.00102271 0)
(0.199681 0.000711675 0)
(0.199617 0.00163351 0)
(0.199621 0.00185374 0)
(0.199624 0.00181363 0)
(0.199437 0.00195085 0)
(0.199264 0.00242224 0)
(0.199374 0.00257367 0)
(0.199394 0.00269938 0)
(0.199255 0.0031116 0)
(0.199307 0.0033029 0)
(0.199409 0.00367702 0)
(0.199282 0.00390486 0)
(0.199384 0.00370695 0)
(0.200002 0.000122482 0)
(0.200005 0.00025723 0)
(0.199969 0.000359609 0)
(0.199888 0.000586372 0)
(0.199855 0.00077958 0)
(0.199892 0.00093087 0)
(0.199899 0.000947157 0)
(0.199771 0.00118776 0)
(0.199648 0.00164653 0)
(0.199686 0.00176017 0)
(0.199684 0.00176751 0)
(0.19955 0.00201186 0)
(0.199455 0.00246149 0)
(0.199537 0.00258194 0)
(0.199575 0.00304923 0)
(0.199504 0.00288664 0)
(0.199459 0.00352229 0)
(0.199498 0.00370051 0)
(0.199588 0.00374315 0)
(0.199746 0.00270349 0)
(0.200002 8.61558e-05 0)
(0.199999 0.00033364 0)
(0.199974 0.00032342 0)
(0.199947 0.000576775 0)
(0.199952 0.000813727 0)
(0.199959 0.000973792 0)
(0.199898 0.00113542 0)
(0.199783 0.00127866 0)
(0.199803 0.00148027 0)
(0.199892 0.00179516 0)
(0.199807 0.00196608 0)
(0.199634 0.00224374 0)
(0.19964 0.00243642 0)
(0.199712 0.0022517 0)
(0.199734 0.00288177 0)
(0.199747 0.00320121 0)
(0.199715 0.00337309 0)
(0.199744 0.00347133 0)
(0.199937 0.00358535 0)
(0.199915 0.00361324 0)
(0.199998 0.000110686 0)
(0.199994 0.000293995 0)
(0.2 0.000420309 0)
(0.19999 0.000537419 0)
(0.199966 0.000833803 0)
(0.199962 0.00103118 0)
(0.199957 0.00112451 0)
(0.199952 0.0011914 0)
(0.199949 0.00151391 0)
(0.199942 0.00192385 0)
(0.199911 0.00205645 0)
(0.199895 0.00214272 0)
(0.199945 0.00238184 0)
(0.199957 0.0025659 0)
(0.199916 0.00282506 0)
(0.199899 0.00315608 0)
(0.199925 0.00326904 0)
(0.199957 0.00342719 0)
(0.199954 0.00350245 0)
(0.199928 0.00359261 0)
)
;

boundaryField
{
    top
    {
        type            zeroGradient;
    }
    inlet
    {
        type            fixedValue;
        value           uniform (0.2 0 0);
    }
    outlet
    {
        type            zeroGradient;
    }
    plate
    {
        type            fixedValue;
        value           uniform (0 0 0);
    }
    symmBound
    {
        type            zeroGradient;
    }
    frontAndBack
    {
        type            empty;
    }
}


// ************************************************************************* //
