/*--------------------------------*- C++ -*----------------------------------*\
| =========                 |                                                 |
| \\      /  F ield         | OpenFOAM: The Open Source CFD Toolbox           |
|  \\    /   O peration     | Version:  2.3.0                                 |
|   \\  /    A nd           | Web:      www.OpenFOAM.org                      |
|    \\/     M anipulation  |                                                 |
\*---------------------------------------------------------------------------*/
FoamFile
{
    version     2.0;
    format      ascii;
    class       volVectorField;
    location    "0.5";
    object      U;
}
// * * * * * * * * * * * * * * * * * * * * * * * * * * * * * * * * * * * * * //

dimensions      [0 1 -1 0 0 0 0];

internalField   nonuniform List<vector> 
2000
(
(0.175526 0.00442131 0)
(0.154835 0.00604551 0)
(0.136037 0.00619894 0)
(0.117687 0.00557972 0)
(0.0999778 0.00475249 0)
(0.0837934 0.00383714 0)
(0.0702321 0.00284636 0)
(0.0596796 0.00180368 0)
(0.0519081 0.000897413 0)
(0.0463509 0.000287292 0)
(0.042425 -3.13666e-05 0)
(0.0396468 -0.00015177 0)
(0.0376282 -0.000161856 0)
(0.0360846 -0.000122269 0)
(0.0348137 -6.57988e-05 0)
(0.0336884 -1.18632e-05 0)
(0.0326409 2.96673e-05 0)
(0.0316425 5.66242e-05 0)
(0.0306869 7.11526e-05 0)
(0.0297769 7.67626e-05 0)
(0.0289168 7.67331e-05 0)
(0.0281098 7.35629e-05 0)
(0.0273566 6.89416e-05 0)
(0.0266556 6.39007e-05 0)
(0.026004 5.90076e-05 0)
(0.025398 5.4509e-05 0)
(0.0248334 5.04837e-05 0)
(0.024306 4.69267e-05 0)
(0.0238119 4.37913e-05 0)
(0.0233476 4.10184e-05 0)
(0.0229099 3.85487e-05 0)
(0.022496 3.63239e-05 0)
(0.0221039 3.43123e-05 0)
(0.0217313 3.24779e-05 0)
(0.0213767 3.07995e-05 0)
(0.0210386 2.92513e-05 0)
(0.0207158 2.78099e-05 0)
(0.0204072 2.6462e-05 0)
(0.0201118 2.52054e-05 0)
(0.0198288 2.40253e-05 0)
(0.0195575 2.29212e-05 0)
(0.0192971 2.18749e-05 0)
(0.019047 2.08901e-05 0)
(0.0188067 1.9963e-05 0)
(0.0185756 1.90891e-05 0)
(0.0183533 1.82633e-05 0)
(0.0181391 1.74868e-05 0)
(0.0179329 1.67423e-05 0)
(0.017734 1.60468e-05 0)
(0.0175423 1.53887e-05 0)
(0.0173573 1.47525e-05 0)
(0.0171789 1.41431e-05 0)
(0.0170066 1.35769e-05 0)
(0.0168403 1.30376e-05 0)
(0.0166796 1.25273e-05 0)
(0.0165245 1.20207e-05 0)
(0.0163747 1.15311e-05 0)
(0.0162301 1.10761e-05 0)
(0.0160904 1.0652e-05 0)
(0.0159556 1.02002e-05 0)
(0.0158256 9.76863e-06 0)
(0.0157004 9.37547e-06 0)
(0.0155795 8.99955e-06 0)
(0.0154632 8.6068e-06 0)
(0.0153511 8.24173e-06 0)
(0.0152434 7.88874e-06 0)
(0.0151398 7.52818e-06 0)
(0.0150406 7.16943e-06 0)
(0.0149455 6.82729e-06 0)
(0.0148545 6.50383e-06 0)
(0.0147675 6.18549e-06 0)
(0.0146844 5.88341e-06 0)
(0.0146053 5.57184e-06 0)
(0.01453 5.26601e-06 0)
(0.0144588 4.94653e-06 0)
(0.0143913 4.65456e-06 0)
(0.014328 4.35664e-06 0)
(0.014268 4.09826e-06 0)
(0.0142123 3.8106e-06 0)
(0.0141594 3.56539e-06 0)
(0.0141112 3.26802e-06 0)
(0.0140654 3.03083e-06 0)
(0.0140246 2.73805e-06 0)
(0.0139856 2.5336e-06 0)
(0.013952 2.25651e-06 0)
(0.0139191 2.09162e-06 0)
(0.0138922 1.81802e-06 0)
(0.0138649 1.68354e-06 0)
(0.0138444 1.40264e-06 0)
(0.0138222 1.30292e-06 0)
(0.0138076 1.02784e-06 0)
(0.0137897 9.76024e-07 0)
(0.0137804 7.25798e-07 0)
(0.0137654 7.35736e-07 0)
(0.0137604 5.08565e-07 0)
(0.0137471 5.87128e-07 0)
(0.0137452 3.82543e-07 0)
(0.0137322 5.27788e-07 0)
(0.0137318 3.59198e-07 0)
(0.0137173 7.00755e-07 0)
(0.190921 0.00782993 0)
(0.189232 0.0109756 0)
(0.186862 0.0120924 0)
(0.183192 0.0119538 0)
(0.17796 0.0113242 0)
(0.171351 0.0104229 0)
(0.163984 0.00925623 0)
(0.15631 0.0078224 0)
(0.148683 0.00627488 0)
(0.141315 0.00483448 0)
(0.134338 0.00364603 0)
(0.127858 0.00274252 0)
(0.121924 0.00209121 0)
(0.116562 0.00164588 0)
(0.111738 0.00135381 0)
(0.107393 0.00116424 0)
(0.103464 0.00103625 0)
(0.0998917 0.000942141 0)
(0.0966279 0.000865694 0)
(0.093633 0.000798583 0)
(0.0908746 0.000737083 0)
(0.0883261 0.000679872 0)
(0.085965 0.000626736 0)
(0.0837718 0.000577817 0)
(0.0817295 0.000533285 0)
(0.0798227 0.000493129 0)
(0.078038 0.000457183 0)
(0.0763633 0.000425151 0)
(0.0747879 0.000396634 0)
(0.0733024 0.000371201 0)
(0.0718984 0.000348427 0)
(0.0705686 0.000327899 0)
(0.0693068 0.000309306 0)
(0.0681073 0.000292346 0)
(0.0669652 0.000276802 0)
(0.0658763 0.000262479 0)
(0.0648368 0.000249204 0)
(0.0638432 0.000236839 0)
(0.0628926 0.00022531 0)
(0.0619823 0.000214526 0)
(0.0611096 0.000204447 0)
(0.0602725 0.000194963 0)
(0.0594686 0.000186037 0)
(0.0586964 0.000177637 0)
(0.0579537 0.000169738 0)
(0.0572393 0.000162287 0)
(0.0565514 0.000155249 0)
(0.0558889 0.000148552 0)
(0.0552503 0.000142248 0)
(0.0546347 0.000136277 0)
(0.0540408 0.000130561 0)
(0.0534679 0.000125098 0)
(0.0529148 0.000119938 0)
(0.052381 0.000115012 0)
(0.0518654 0.000110314 0)
(0.0513678 0.000105749 0)
(0.0508872 0.000101357 0)
(0.0504234 9.71772e-05 0)
(0.0499754 9.31955e-05 0)
(0.0495433 8.92103e-05 0)
(0.0491264 8.53782e-05 0)
(0.0487246 8.17382e-05 0)
(0.0483371 7.82302e-05 0)
(0.0479641 7.47279e-05 0)
(0.0476049 7.13824e-05 0)
(0.0472596 6.81236e-05 0)
(0.0469278 6.49022e-05 0)
(0.0466095 6.1728e-05 0)
(0.0463045 5.86653e-05 0)
(0.0460124 5.56977e-05 0)
(0.0457334 5.28008e-05 0)
(0.0454667 4.99839e-05 0)
(0.0452132 4.71892e-05 0)
(0.0449714 4.44381e-05 0)
(0.0447433 4.16996e-05 0)
(0.0445261 3.90734e-05 0)
(0.0443228 3.64873e-05 0)
(0.0441294 3.40489e-05 0)
(0.0439505 3.15796e-05 0)
(0.0437801 2.92671e-05 0)
(0.0436252 2.68585e-05 0)
(0.0434771 2.46669e-05 0)
(0.0433457 2.23782e-05 0)
(0.0432187 2.03981e-05 0)
(0.0431099 1.82744e-05 0)
(0.0430025 1.65368e-05 0)
(0.0429152 1.45503e-05 0)
(0.0428255 1.30418e-05 0)
(0.0427586 1.11764e-05 0)
(0.0426846 9.93432e-06 0)
(0.0426365 8.25409e-06 0)
(0.0425754 7.3451e-06 0)
(0.042544 5.92984e-06 0)
(0.0424922 5.42055e-06 0)
(0.0424746 4.28219e-06 0)
(0.0424284 4.22514e-06 0)
(0.042421 3.3852e-06 0)
(0.0423762 3.83777e-06 0)
(0.0423745 3.25391e-06 0)
(0.0423274 4.39753e-06 0)
(0.192157 0.00753056 0)
(0.192531 0.0100949 0)
(0.193532 0.0116824 0)
(0.194625 0.0122199 0)
(0.195211 0.0121368 0)
(0.19497 0.0117033 0)
(0.193881 0.0109739 0)
(0.192032 0.00998263 0)
(0.18955 0.00883554 0)
(0.186581 0.00769139 0)
(0.183257 0.00667584 0)
(0.179719 0.00583921 0)
(0.176078 0.00516904 0)
(0.172431 0.00463606 0)
(0.168825 0.00420567 0)
(0.165283 0.00384711 0)
(0.161813 0.00353747 0)
(0.158421 0.0032619 0)
(0.15511 0.00301176 0)
(0.151885 0.00278235 0)
(0.148749 0.00257112 0)
(0.145706 0.00237661 0)
(0.14276 0.00219786 0)
(0.139912 0.00203412 0)
(0.137166 0.00188469 0)
(0.134522 0.00174877 0)
(0.131978 0.0016255 0)
(0.129535 0.00151394 0)
(0.12719 0.00141308 0)
(0.124939 0.00132185 0)
(0.122781 0.0012392 0)
(0.120711 0.00116411 0)
(0.118725 0.00109575 0)
(0.11682 0.0010333 0)
(0.114992 0.000976082 0)
(0.113236 0.000923467 0)
(0.11155 0.000874914 0)
(0.10993 0.000829966 0)
(0.108372 0.000788278 0)
(0.106873 0.000749468 0)
(0.105429 0.000713319 0)
(0.10404 0.00067952 0)
(0.1027 0.00064789 0)
(0.101408 0.000618211 0)
(0.100162 0.000590325 0)
(0.0989588 0.000564092 0)
(0.0977971 0.000539414 0)
(0.096675 0.000516029 0)
(0.0955903 0.000493937 0)
(0.0945419 0.000473009 0)
(0.0935278 0.000453106 0)
(0.0925474 0.000434149 0)
(0.0915986 0.000416162 0)
(0.0906809 0.000398966 0)
(0.0897926 0.00038256 0)
(0.0889336 0.000366745 0)
(0.088102 0.000351557 0)
(0.0872978 0.000336996 0)
(0.0865197 0.000323067 0)
(0.0857677 0.000309382 0)
(0.0850404 0.000296214 0)
(0.084338 0.000283559 0)
(0.0836593 0.000271342 0)
(0.0830044 0.000259295 0)
(0.0823726 0.00024772 0)
(0.0817636 0.000236424 0)
(0.0811772 0.000225367 0)
(0.0806128 0.000214497 0)
(0.080071 0.000203983 0)
(0.0795501 0.000193714 0)
(0.0790518 0.000183727 0)
(0.0785732 0.000173945 0)
(0.0781177 0.00016436 0)
(0.0776807 0.000154893 0)
(0.0772677 0.000145613 0)
(0.0768716 0.00013656 0)
(0.0765007 0.000127759 0)
(0.0761443 0.000119236 0)
(0.0758147 0.000110859 0)
(0.0754968 0.000102763 0)
(0.0752081 9.47247e-05 0)
(0.0749275 8.70625e-05 0)
(0.074679 7.94933e-05 0)
(0.0744339 7.24507e-05 0)
(0.0742245 6.54607e-05 0)
(0.0740124 5.91192e-05 0)
(0.0738405 5.26878e-05 0)
(0.0736584 4.70577e-05 0)
(0.0735225 4.1197e-05 0)
(0.0733669 3.63919e-05 0)
(0.0732648 3.12676e-05 0)
(0.0731312 2.74644e-05 0)
(0.0730596 2.3263e-05 0)
(0.0729428 2.06403e-05 0)
(0.0728974 1.73951e-05 0)
(0.0727915 1.61325e-05 0)
(0.0727669 1.38509e-05 0)
(0.0726657 1.41585e-05 0)
(0.0726557 1.28293e-05 0)
(0.0725529 1.4556e-05 0)
(0.193331 0.00709788 0)
(0.193653 0.00885976 0)
(0.194571 0.0102895 0)
(0.195985 0.0110395 0)
(0.197502 0.0112049 0)
(0.198779 0.0109933 0)
(0.199649 0.0105227 0)
(0.200064 0.0098571 0)
(0.20003 0.00906718 0)
(0.199582 0.00824832 0)
(0.198776 0.00749117 0)
(0.197692 0.00684711 0)
(0.196409 0.00632305 0)
(0.194997 0.00589715 0)
(0.193499 0.00554268 0)
(0.191934 0.00523749 0)
(0.190314 0.0049657 0)
(0.188643 0.00471689 0)
(0.186923 0.00448458 0)
(0.185157 0.00426501 0)
(0.18335 0.00405604 0)
(0.181507 0.00385651 0)
(0.179634 0.00366589 0)
(0.177738 0.00348398 0)
(0.175827 0.00331077 0)
(0.173905 0.00314621 0)
(0.171981 0.00299023 0)
(0.170058 0.00284265 0)
(0.168142 0.00270323 0)
(0.166238 0.00257165 0)
(0.164349 0.00244751 0)
(0.162479 0.00233029 0)
(0.16063 0.00221967 0)
(0.158806 0.00211523 0)
(0.157008 0.00201664 0)
(0.155239 0.0019235 0)
(0.153499 0.00183544 0)
(0.151791 0.00175217 0)
(0.150115 0.00167349 0)
(0.148471 0.00159905 0)
(0.146861 0.00152866 0)
(0.145286 0.00146198 0)
(0.143744 0.00139887 0)
(0.142236 0.00133909 0)
(0.140762 0.00128245 0)
(0.139323 0.00122864 0)
(0.137917 0.00117762 0)
(0.136545 0.00112913 0)
(0.135205 0.0010831 0)
(0.133898 0.00103918 0)
(0.132624 0.000997198 0)
(0.131381 0.000957116 0)
(0.13017 0.000918977 0)
(0.12899 0.000882376 0)
(0.127839 0.000847298 0)
(0.12672 0.000813494 0)
(0.125629 0.000781076 0)
(0.124568 0.000749831 0)
(0.123535 0.000719779 0)
(0.122531 0.000690377 0)
(0.121555 0.000662104 0)
(0.120606 0.000634773 0)
(0.119685 0.000608373 0)
(0.118792 0.000582408 0)
(0.117925 0.000557399 0)
(0.117085 0.000532888 0)
(0.116273 0.00050898 0)
(0.115485 0.000485447 0)
(0.114727 0.000462715 0)
(0.113992 0.000440392 0)
(0.113287 0.000418739 0)
(0.112603 0.000397369 0)
(0.111951 0.000376558 0)
(0.111318 0.000355882 0)
(0.11072 0.000335811 0)
(0.110138 0.000315995 0)
(0.109593 0.000296906 0)
(0.109061 0.000278094 0)
(0.108569 0.000259898 0)
(0.108086 0.000241933 0)
(0.107648 0.000224535 0)
(0.107211 0.000207467 0)
(0.106827 0.000191111 0)
(0.106436 0.000175235 0)
(0.106104 0.000160108 0)
(0.105755 0.000145566 0)
(0.105475 0.000131678 0)
(0.105166 0.00011854 0)
(0.104936 0.000105971 0)
(0.104661 9.44688e-05 0)
(0.10448 8.3512e-05 0)
(0.104234 7.39795e-05 0)
(0.104098 6.49363e-05 0)
(0.103876 5.7744e-05 0)
(0.103781 5.06702e-05 0)
(0.103574 4.61377e-05 0)
(0.103515 4.11012e-05 0)
(0.103316 3.93884e-05 0)
(0.103288 3.67166e-05 0)
(0.103087 3.72945e-05 0)
(0.194316 0.00677568 0)
(0.194608 0.00806531 0)
(0.195291 0.00923083 0)
(0.196388 0.00999531 0)
(0.197712 0.0102818 0)
(0.199008 0.0101933 0)
(0.200106 0.00985518 0)
(0.200936 0.00935665 0)
(0.201488 0.00876355 0)
(0.201774 0.00813835 0)
(0.20182 0.00754243 0)
(0.201671 0.00701864 0)
(0.20138 0.00658192 0)
(0.200995 0.00622316 0)
(0.200551 0.00592429 0)
(0.200065 0.0056681 0)
(0.199543 0.00544163 0)
(0.198986 0.00523592 0)
(0.198391 0.00504508 0)
(0.197754 0.00486535 0)
(0.197073 0.00469432 0)
(0.196349 0.00453045 0)
(0.19558 0.00437284 0)
(0.19477 0.00422094 0)
(0.193919 0.00407452 0)
(0.193031 0.00393337 0)
(0.192107 0.00379742 0)
(0.19115 0.00366651 0)
(0.190164 0.0035405 0)
(0.189149 0.00341924 0)
(0.188109 0.00330252 0)
(0.187046 0.00318999 0)
(0.185962 0.00308152 0)
(0.18486 0.00297688 0)
(0.183742 0.00287602 0)
(0.18261 0.00277867 0)
(0.181465 0.00268463 0)
(0.18031 0.0025937 0)
(0.179147 0.00250592 0)
(0.177978 0.00242107 0)
(0.176803 0.00233915 0)
(0.175626 0.00225987 0)
(0.174448 0.00218333 0)
(0.17327 0.00210939 0)
(0.172093 0.00203801 0)
(0.170919 0.0019689 0)
(0.16975 0.00190207 0)
(0.168587 0.00183734 0)
(0.16743 0.00177496 0)
(0.166281 0.00171448 0)
(0.165141 0.0016558 0)
(0.164012 0.00159892 0)
(0.162894 0.00154412 0)
(0.161787 0.00149083 0)
(0.160692 0.0014391 0)
(0.159611 0.00138849 0)
(0.158545 0.00133957 0)
(0.157493 0.00129201 0)
(0.156457 0.00124586 0)
(0.155437 0.00120022 0)
(0.154435 0.00115613 0)
(0.153449 0.00111297 0)
(0.152483 0.00107098 0)
(0.151532 0.00102939 0)
(0.150604 0.000989314 0)
(0.149692 0.000949651 0)
(0.148804 0.000910906 0)
(0.147932 0.00087233 0)
(0.147088 0.000835007 0)
(0.146257 0.000797948 0)
(0.145457 0.00076217 0)
(0.144668 0.000726482 0)
(0.143916 0.0006919 0)
(0.143171 0.000657006 0)
(0.142468 0.000623342 0)
(0.141768 0.00058954 0)
(0.141115 0.000557344 0)
(0.140461 0.000524998 0)
(0.139861 0.000494196 0)
(0.139251 0.000463004 0)
(0.138706 0.000433379 0)
(0.138141 0.000403385 0)
(0.137652 0.000375372 0)
(0.13713 0.000347109 0)
(0.136697 0.000321093 0)
(0.136218 0.000294819 0)
(0.135842 0.000270809 0)
(0.135401 0.000246615 0)
(0.135083 0.000224729 0)
(0.134676 0.000203016 0)
(0.134415 0.000183763 0)
(0.134038 0.000165095 0)
(0.133832 0.000148981 0)
(0.133478 0.000133859 0)
(0.133327 0.000121119 0)
(0.132988 0.000109833 0)
(0.132888 0.000100796 0)
(0.132555 9.33308e-05 0)
(0.132504 8.86902e-05 0)
(0.132165 8.45818e-05 0)
(0.195158 0.00650363 0)
(0.195428 0.00750519 0)
(0.195963 0.00843591 0)
(0.196791 0.00912922 0)
(0.197827 0.00947756 0)
(0.19891 0.0094968 0)
(0.199896 0.009275 0)
(0.200702 0.00890084 0)
(0.201305 0.00844081 0)
(0.201713 0.00794558 0)
(0.201945 0.00745817 0)
(0.202035 0.00701258 0)
(0.20202 0.00662685 0)
(0.201938 0.00630148 0)
(0.201819 0.00602679 0)
(0.201683 0.00579048 0)
(0.201536 0.00558189 0)
(0.201381 0.00539325 0)
(0.201216 0.00521929 0)
(0.201036 0.00505667 0)
(0.200838 0.00490318 0)
(0.200621 0.00475738 0)
(0.200384 0.00461827 0)
(0.200125 0.00448512 0)
(0.199844 0.00435754 0)
(0.199542 0.00423505 0)
(0.199219 0.00411742 0)
(0.198874 0.00400438 0)
(0.198509 0.00389569 0)
(0.198122 0.00379113 0)
(0.197716 0.00369044 0)
(0.197289 0.00359322 0)
(0.196842 0.00349934 0)
(0.196376 0.00340841 0)
(0.195891 0.00332043 0)
(0.195387 0.0032351 0)
(0.194865 0.00315225 0)
(0.194325 0.00307166 0)
(0.193768 0.00299332 0)
(0.193194 0.0029169 0)
(0.192603 0.00284248 0)
(0.191998 0.00276963 0)
(0.191377 0.00269863 0)
(0.190743 0.00262927 0)
(0.190096 0.00256168 0)
(0.189436 0.00249552 0)
(0.188764 0.0024309 0)
(0.188081 0.00236731 0)
(0.187388 0.00230528 0)
(0.186684 0.00224417 0)
(0.185973 0.00218413 0)
(0.185254 0.00212504 0)
(0.18453 0.00206761 0)
(0.183798 0.00201102 0)
(0.183063 0.00195563 0)
(0.182322 0.00190041 0)
(0.181579 0.00184636 0)
(0.18083 0.00179282 0)
(0.180084 0.00174035 0)
(0.179333 0.00168748 0)
(0.178589 0.00163633 0)
(0.17784 0.00158556 0)
(0.177099 0.00153585 0)
(0.176354 0.00148544 0)
(0.17562 0.00143659 0)
(0.174881 0.00138714 0)
(0.174159 0.00133887 0)
(0.173432 0.00129002 0)
(0.172728 0.00124302 0)
(0.172015 0.00119522 0)
(0.171331 0.00114908 0)
(0.170633 0.00110174 0)
(0.16997 0.00105623 0)
(0.169292 0.00100926 0)
(0.168659 0.000964602 0)
(0.168004 0.000918507 0)
(0.167403 0.000875143 0)
(0.166771 0.000830043 0)
(0.166204 0.000787836 0)
(0.165596 0.000743614 0)
(0.165069 0.000702669 0)
(0.164488 0.000659626 0)
(0.164004 0.000620555 0)
(0.16345 0.000579238 0)
(0.163011 0.000542415 0)
(0.162483 0.000503197 0)
(0.162092 0.00046884 0)
(0.161587 0.000432069 0)
(0.161248 0.000400529 0)
(0.160766 0.000366711 0)
(0.16048 0.000338688 0)
(0.160016 0.000308434 0)
(0.159784 0.000284732 0)
(0.159333 0.000258586 0)
(0.159156 0.000239806 0)
(0.158711 0.000218103 0)
(0.158592 0.000204931 0)
(0.158145 0.000187634 0)
(0.158085 0.000180915 0)
(0.157625 0.000167819 0)
(0.195894 0.00625293 0)
(0.196139 0.00704722 0)
(0.196568 0.00778678 0)
(0.197199 0.00837571 0)
(0.197993 0.00873077 0)
(0.198859 0.00883032 0)
(0.199689 0.00871573 0)
(0.200404 0.00845326 0)
(0.200969 0.00810324 0)
(0.201377 0.00771215 0)
(0.201643 0.00731509 0)
(0.201792 0.0069386 0)
(0.201852 0.0065996 0)
(0.201853 0.00630382 0)
(0.201821 0.00604802 0)
(0.201773 0.00582459 0)
(0.201721 0.00562551 0)
(0.201668 0.00544431 0)
(0.201613 0.0052765 0)
(0.201556 0.00511932 0)
(0.201494 0.00497102 0)
(0.201426 0.0048305 0)
(0.201351 0.00469699 0)
(0.201269 0.00456982 0)
(0.20118 0.00444862 0)
(0.201084 0.00433285 0)
(0.20098 0.00422222 0)
(0.200869 0.00411636 0)
(0.200751 0.00401507 0)
(0.200626 0.00391806 0)
(0.200493 0.00382511 0)
(0.200353 0.00373574 0)
(0.200204 0.00364991 0)
(0.200048 0.0035671 0)
(0.199883 0.00348732 0)
(0.199709 0.00341016 0)
(0.199526 0.00333561 0)
(0.199334 0.00326332 0)
(0.199134 0.0031934 0)
(0.198923 0.00312521 0)
(0.198702 0.00305902 0)
(0.198472 0.00299409 0)
(0.198232 0.00293094 0)
(0.197981 0.00286906 0)
(0.197722 0.00280891 0)
(0.197452 0.00274984 0)
(0.197173 0.00269239 0)
(0.196882 0.00263554 0)
(0.196583 0.00258015 0)
(0.196271 0.00252496 0)
(0.195952 0.00247064 0)
(0.195621 0.00241651 0)
(0.195285 0.00236385 0)
(0.194935 0.00231133 0)
(0.194582 0.00226029 0)
(0.194215 0.00220886 0)
(0.193846 0.0021587 0)
(0.193461 0.00210804 0)
(0.193075 0.00205819 0)
(0.192674 0.00200636 0)
(0.192277 0.00195636 0)
(0.191863 0.00190592 0)
(0.191456 0.00185734 0)
(0.191031 0.00180709 0)
(0.190615 0.00175896 0)
(0.190176 0.00170829 0)
(0.189752 0.00165865 0)
(0.189303 0.00160636 0)
(0.188879 0.00155696 0)
(0.188428 0.00150589 0)
(0.188006 0.00145823 0)
(0.187548 0.00140747 0)
(0.187126 0.00135871 0)
(0.18666 0.00130541 0)
(0.186244 0.00125553 0)
(0.185782 0.00120271 0)
(0.185382 0.00115517 0)
(0.184923 0.00110389 0)
(0.184534 0.00105695 0)
(0.184072 0.00100467 0)
(0.183698 0.000957219 0)
(0.183242 0.000904954 0)
(0.182893 0.000859542 0)
(0.182444 0.000809379 0)
(0.182121 0.000766752 0)
(0.181676 0.000718268 0)
(0.18138 0.000677591 0)
(0.180937 0.000630515 0)
(0.180674 0.000592469 0)
(0.180235 0.000548163 0)
(0.180011 0.000514523 0)
(0.179576 0.000474084 0)
(0.179391 0.000445858 0)
(0.178953 0.000409295 0)
(0.178809 0.00038673 0)
(0.178364 0.000354156 0)
(0.178265 0.000338131 0)
(0.17781 0.00031022 0)
(0.177761 0.000301996 0)
(0.177292 0.000279199 0)
(0.196543 0.00600979 0)
(0.19676 0.00664375 0)
(0.197106 0.00723174 0)
(0.19759 0.00771928 0)
(0.198196 0.00805031 0)
(0.198872 0.00819659 0)
(0.199548 0.00816884 0)
(0.200159 0.0080057 0)
(0.200666 0.00775338 0)
(0.201052 0.00745272 0)
(0.201322 0.00713506 0)
(0.201493 0.00682307 0)
(0.201586 0.00653168 0)
(0.201624 0.00626847 0)
(0.201627 0.00603421 0)
(0.201611 0.00582524 0)
(0.201588 0.00563626 0)
(0.201561 0.00546235 0)
(0.201534 0.00529985 0)
(0.201505 0.00514657 0)
(0.201474 0.00500117 0)
(0.20144 0.00486293 0)
(0.201403 0.00473139 0)
(0.201363 0.00460603 0)
(0.20132 0.00448657 0)
(0.201275 0.00437252 0)
(0.201228 0.00426362 0)
(0.20118 0.00415946 0)
(0.20113 0.00405988 0)
(0.201079 0.00396454 0)
(0.201026 0.00387336 0)
(0.200973 0.00378579 0)
(0.200918 0.00370194 0)
(0.200861 0.00362116 0)
(0.200804 0.0035437 0)
(0.200743 0.00346883 0)
(0.200682 0.00339684 0)
(0.200618 0.00332712 0)
(0.200553 0.00326018 0)
(0.200483 0.00319495 0)
(0.200413 0.00313214 0)
(0.200338 0.00307046 0)
(0.200261 0.0030109 0)
(0.200179 0.00295236 0)
(0.200097 0.00289595 0)
(0.200007 0.00284039 0)
(0.199918 0.00278702 0)
(0.19982 0.00273413 0)
(0.199723 0.00268318 0)
(0.199615 0.00263193 0)
(0.199509 0.00258188 0)
(0.199392 0.00253157 0)
(0.199277 0.002483 0)
(0.19915 0.00243389 0)
(0.199026 0.00238684 0)
(0.198889 0.00233917 0)
(0.198757 0.00229353 0)
(0.198609 0.0022467 0)
(0.198465 0.00220125 0)
(0.198304 0.00215258 0)
(0.198153 0.00210597 0)
(0.197981 0.00205745 0)
(0.197822 0.00201196 0)
(0.19764 0.00196405 0)
(0.197475 0.00191999 0)
(0.19728 0.00187213 0)
(0.197104 0.00182619 0)
(0.196895 0.00177493 0)
(0.196713 0.00172653 0)
(0.196496 0.00167446 0)
(0.196315 0.00162842 0)
(0.19609 0.00157947 0)
(0.195903 0.0015346 0)
(0.195662 0.0014818 0)
(0.195467 0.00143156 0)
(0.195217 0.00137511 0)
(0.19503 0.00132655 0)
(0.194779 0.00127409 0)
(0.194595 0.00122907 0)
(0.194331 0.00117613 0)
(0.194144 0.00112838 0)
(0.193869 0.00107191 0)
(0.193691 0.00102403 0)
(0.193414 0.000969179 0)
(0.19325 0.000925663 0)
(0.192967 0.000873771 0)
(0.192813 0.000832943 0)
(0.192518 0.000781333 0)
(0.192376 0.000741503 0)
(0.192072 0.000690768 0)
(0.19195 0.000654803 0)
(0.191642 0.000608006 0)
(0.191543 0.000578931 0)
(0.191226 0.000536794 0)
(0.191148 0.000514055 0)
(0.190816 0.00047555 0)
(0.190759 0.000458261 0)
(0.190416 0.000423841 0)
(0.190384 0.00041394 0)
(0.19003 0.000384852 0)
(0.197089 0.00578434 0)
(0.197278 0.00629782 0)
(0.197559 0.00677393 0)
(0.19794 0.00717877 0)
(0.198409 0.00747654 0)
(0.198937 0.00764307 0)
(0.199479 0.00767532 0)
(0.199989 0.00759137 0)
(0.20043 0.00742165 0)
(0.200783 0.00719843 0)
(0.201045 0.0069492 0)
(0.201223 0.00669448 0)
(0.201334 0.00644798 0)
(0.201394 0.00621768 0)
(0.20142 0.00600648 0)
(0.201424 0.00581354 0)
(0.201416 0.00563594 0)
(0.201403 0.00547038 0)
(0.201387 0.0053141 0)
(0.201368 0.00516543 0)
(0.201347 0.00502339 0)
(0.201323 0.00488755 0)
(0.201297 0.00475771 0)
(0.201267 0.00463354 0)
(0.201236 0.00451494 0)
(0.201204 0.00440144 0)
(0.201171 0.00429291 0)
(0.201136 0.00418885 0)
(0.201103 0.00408929 0)
(0.201068 0.00399368 0)
(0.201035 0.00390223 0)
(0.201001 0.00381424 0)
(0.200969 0.00373007 0)
(0.200936 0.0036488 0)
(0.200905 0.00357106 0)
(0.200873 0.00349578 0)
(0.200842 0.00342364 0)
(0.200811 0.00335362 0)
(0.200782 0.0032867 0)
(0.20075 0.00322129 0)
(0.200722 0.00315873 0)
(0.20069 0.00309717 0)
(0.200662 0.00303814 0)
(0.20063 0.00297984 0)
(0.200602 0.00292408 0)
(0.200569 0.00286889 0)
(0.20054 0.00281637 0)
(0.200505 0.00276422 0)
(0.200476 0.00271449 0)
(0.200439 0.00266423 0)
(0.200407 0.00261553 0)
(0.200368 0.00256633 0)
(0.200335 0.0025192 0)
(0.200292 0.00247109 0)
(0.200256 0.00242536 0)
(0.20021 0.00237886 0)
(0.200173 0.00233518 0)
(0.200123 0.00228985 0)
(0.200082 0.00224673 0)
(0.200026 0.00219977 0)
(0.199983 0.00215536 0)
(0.199921 0.00210743 0)
(0.199874 0.00206352 0)
(0.199808 0.00201654 0)
(0.19976 0.00197506 0)
(0.199687 0.00192905 0)
(0.199635 0.00188629 0)
(0.199553 0.00183688 0)
(0.199496 0.0017902 0)
(0.199407 0.00173768 0)
(0.19935 0.00169199 0)
(0.199259 0.00164409 0)
(0.199201 0.00160311 0)
(0.199099 0.00155356 0)
(0.199032 0.0015057 0)
(0.198918 0.00144816 0)
(0.198853 0.00139854 0)
(0.198739 0.00134537 0)
(0.198677 0.00130258 0)
(0.198556 0.00125218 0)
(0.198487 0.00120729 0)
(0.198352 0.00115091 0)
(0.198283 0.0011029 0)
(0.198142 0.00104579 0)
(0.19808 0.0010025 0)
(0.197934 0.000949818 0)
(0.197877 0.000911281 0)
(0.197719 0.000859787 0)
(0.197663 0.000821487 0)
(0.197492 0.000769074 0)
(0.197442 0.000732668 0)
(0.197265 0.000683124 0)
(0.197227 0.000653837 0)
(0.197043 0.000610389 0)
(0.197013 0.000588471 0)
(0.19682 0.00054997 0)
(0.196793 0.000532718 0)
(0.196589 0.000497245 0)
(0.196571 0.000486383 0)
(0.196357 0.000454455 0)
(0.197561 0.00558436 0)
(0.197723 0.00600913 0)
(0.197953 0.00640304 0)
(0.198254 0.00674334 0)
(0.19862 0.00700696 0)
(0.199032 0.00717579 0)
(0.199462 0.00724296 0)
(0.199878 0.00721534 0)
(0.200252 0.00711074 0)
(0.200565 0.00695209 0)
(0.200808 0.00676155 0)
(0.200985 0.00655721 0)
(0.201104 0.00635185 0)
(0.201178 0.00615349 0)
(0.201219 0.00596605 0)
(0.201237 0.00579044 0)
(0.201242 0.00562559 0)
(0.201239 0.00546964 0)
(0.201231 0.00532082 0)
(0.201219 0.00517791 0)
(0.201205 0.00504033 0)
(0.201187 0.00490779 0)
(0.201167 0.00478034 0)
(0.201144 0.0046578 0)
(0.201119 0.00454035 0)
(0.201092 0.0044275 0)
(0.201065 0.00431934 0)
(0.201036 0.00421526 0)
(0.201009 0.00411556 0)
(0.20098 0.00401946 0)
(0.200953 0.00392747 0)
(0.200925 0.00383868 0)
(0.2009 0.00375378 0)
(0.200873 0.00367157 0)
(0.200849 0.00359303 0)
(0.200824 0.00351671 0)
(0.200802 0.0034438 0)
(0.200779 0.00337277 0)
(0.200759 0.00330513 0)
(0.200737 0.00323875 0)
(0.200719 0.00317552 0)
(0.200699 0.0031131 0)
(0.200683 0.00305359 0)
(0.200664 0.00299458 0)
(0.200649 0.00293848 0)
(0.200631 0.00288271 0)
(0.200618 0.00282979 0)
(0.2006 0.00277713 0)
(0.200589 0.00272715 0)
(0.200572 0.00267669 0)
(0.200561 0.00262802 0)
(0.200545 0.00257874 0)
(0.200535 0.00253162 0)
(0.200518 0.00248346 0)
(0.200508 0.00243778 0)
(0.200491 0.0023912 0)
(0.200483 0.00234786 0)
(0.200466 0.00230247 0)
(0.200457 0.00225997 0)
(0.200438 0.00221343 0)
(0.200431 0.00217012 0)
(0.200409 0.00212215 0)
(0.2004 0.00207882 0)
(0.200377 0.00203172 0)
(0.20037 0.00199095 0)
(0.200345 0.00194531 0)
(0.200338 0.00190392 0)
(0.20031 0.0018559 0)
(0.2003 0.00181062 0)
(0.200268 0.00175834 0)
(0.200257 0.00171213 0)
(0.200224 0.00166393 0)
(0.200215 0.00162442 0)
(0.200179 0.00157747 0)
(0.200166 0.00153208 0)
(0.200123 0.00147519 0)
(0.200107 0.0014247 0)
(0.200062 0.00137078 0)
(0.200049 0.00132842 0)
(0.200003 0.00128016 0)
(0.199987 0.00123792 0)
(0.199933 0.00118314 0)
(0.199913 0.00113615 0)
(0.199852 0.00107808 0)
(0.199836 0.00103511 0)
(0.19977 0.000981934 0)
(0.199758 0.000945237 0)
(0.199685 0.000895034 0)
(0.199672 0.000858816 0)
(0.199589 0.000807208 0)
(0.199575 0.000771069 0)
(0.199487 0.000721015 0)
(0.199476 0.000691059 0)
(0.199386 0.000647897 0)
(0.199377 0.000626065 0)
(0.199283 0.000589429 0)
(0.199272 0.000572944 0)
(0.199169 0.000538406 0)
(0.19916 0.000528169 0)
(0.199047 0.000494828 0)
(0.197992 0.00540112 0)
(0.198127 0.00575653 0)
(0.198312 0.0060861 0)
(0.198548 0.00637441 0)
(0.19883 0.00660618 0)
(0.199148 0.00676853 0)
(0.199482 0.00685472 0)
(0.199813 0.0068663 0)
(0.200119 0.00681261 0)
(0.200385 0.00670833 0)
(0.200602 0.00656957 0)
(0.200768 0.00641105 0)
(0.200888 0.00624419 0)
(0.200968 0.00607682 0)
(0.201018 0.00591346 0)
(0.201047 0.00575618 0)
(0.201061 0.00560526 0)
(0.201066 0.00546006 0)
(0.201064 0.00531978 0)
(0.201059 0.00518367 0)
(0.20105 0.00505154 0)
(0.201038 0.00492323 0)
(0.201023 0.00479902 0)
(0.201006 0.00467878 0)
(0.200986 0.00456297 0)
(0.200964 0.00445114 0)
(0.200942 0.00434363 0)
(0.200918 0.00423975 0)
(0.200895 0.00414008 0)
(0.200871 0.00404364 0)
(0.200848 0.00395123 0)
(0.200825 0.0038617 0)
(0.200803 0.00377609 0)
(0.200781 0.00369294 0)
(0.200761 0.00361362 0)
(0.200739 0.00353627 0)
(0.200721 0.00346255 0)
(0.200701 0.00339039 0)
(0.200685 0.00332184 0)
(0.200667 0.00325437 0)
(0.200652 0.00319032 0)
(0.200635 0.00312695 0)
(0.200623 0.0030667 0)
(0.200608 0.00300677 0)
(0.200597 0.00294995 0)
(0.200583 0.00289347 0)
(0.200574 0.00283983 0)
(0.200562 0.00278648 0)
(0.200555 0.00273566 0)
(0.200543 0.00268462 0)
(0.200537 0.00263541 0)
(0.200527 0.00258584 0)
(0.200522 0.0025382 0)
(0.200513 0.00248973 0)
(0.200508 0.00244368 0)
(0.2005 0.0023967 0)
(0.200498 0.00235294 0)
(0.20049 0.00230684 0)
(0.200488 0.00226418 0)
(0.200481 0.00221748 0)
(0.200482 0.00217465 0)
(0.200473 0.00212646 0)
(0.200472 0.00208334 0)
(0.200463 0.00203585 0)
(0.200465 0.00199484 0)
(0.200456 0.00194885 0)
(0.200459 0.00190738 0)
(0.200451 0.00185999 0)
(0.200453 0.00181543 0)
(0.200442 0.00176418 0)
(0.200442 0.00171777 0)
(0.20043 0.001669 0)
(0.200432 0.00162882 0)
(0.200422 0.00158261 0)
(0.200425 0.00153859 0)
(0.200411 0.00148337 0)
(0.200409 0.00143303 0)
(0.200393 0.00137898 0)
(0.200392 0.00133578 0)
(0.200377 0.00128804 0)
(0.200376 0.00124699 0)
(0.200358 0.00119364 0)
(0.200356 0.00114836 0)
(0.200331 0.00109027 0)
(0.200329 0.00104801 0)
(0.2003 0.000994185 0)
(0.2003 0.000958257 0)
(0.200268 0.000908881 0)
(0.200269 0.000873998 0)
(0.200232 0.000824079 0)
(0.200229 0.0007885 0)
(0.200189 0.000739331 0)
(0.200184 0.000708619 0)
(0.200143 0.000665995 0)
(0.200139 0.000643587 0)
(0.200096 0.000608181 0)
(0.200092 0.000592904 0)
(0.200044 0.000559212 0)
(0.20004 0.000551039 0)
(0.199982 0.000517088 0)
(0.198389 0.00523636 0)
(0.198498 0.00553734 0)
(0.198643 0.00581652 0)
(0.198823 0.00606338 0)
(0.199037 0.00626753 0)
(0.199276 0.00642003 0)
(0.19953 0.00651533 0)
(0.199785 0.00655281 0)
(0.200027 0.00653688 0)
(0.200243 0.00647608 0)
(0.200427 0.00638115 0)
(0.200574 0.006263 0)
(0.200686 0.00613108 0)
(0.200766 0.00599263 0)
(0.20082 0.00585245 0)
(0.200854 0.00571338 0)
(0.200874 0.00557671 0)
(0.200885 0.00544276 0)
(0.200889 0.00531155 0)
(0.200888 0.00518283 0)
(0.200884 0.00505676 0)
(0.200876 0.00493329 0)
(0.200866 0.00481293 0)
(0.200854 0.00469557 0)
(0.200839 0.00458187 0)
(0.200823 0.00447145 0)
(0.200805 0.00436493 0)
(0.200786 0.00426153 0)
(0.200768 0.00416212 0)
(0.200748 0.00406554 0)
(0.20073 0.00397291 0)
(0.20071 0.00388286 0)
(0.200692 0.00379673 0)
(0.200674 0.00371279 0)
(0.200657 0.00363274 0)
(0.200639 0.00355445 0)
(0.200624 0.00347998 0)
(0.200608 0.00340689 0)
(0.200594 0.00333751 0)
(0.200579 0.00326899 0)
(0.200567 0.00320403 0)
(0.200553 0.00313976 0)
(0.200543 0.00307876 0)
(0.20053 0.00301806 0)
(0.200521 0.00296043 0)
(0.20051 0.00290324 0)
(0.200502 0.00284879 0)
(0.200493 0.00279483 0)
(0.200487 0.00274302 0)
(0.200478 0.00269138 0)
(0.200473 0.00264145 0)
(0.200466 0.00259163 0)
(0.200462 0.00254337 0)
(0.200456 0.00249455 0)
(0.200452 0.00244793 0)
(0.200446 0.00240056 0)
(0.200445 0.0023563 0)
(0.200441 0.00230936 0)
(0.200439 0.00226625 0)
(0.200435 0.00221919 0)
(0.200437 0.00217654 0)
(0.200433 0.00212812 0)
(0.200432 0.0020852 0)
(0.200428 0.00203749 0)
(0.20043 0.00199587 0)
(0.200426 0.0019493 0)
(0.200429 0.00190714 0)
(0.200427 0.00185995 0)
(0.20043 0.00181562 0)
(0.200427 0.00176571 0)
(0.200428 0.00171965 0)
(0.200423 0.00167064 0)
(0.200425 0.00162902 0)
(0.200422 0.00158214 0)
(0.200427 0.00153842 0)
(0.200423 0.00148496 0)
(0.200425 0.00143576 0)
(0.200417 0.00138237 0)
(0.200417 0.00133825 0)
(0.200411 0.00128989 0)
(0.200413 0.00124885 0)
(0.200407 0.0011961 0)
(0.200409 0.0011527 0)
(0.200398 0.00109515 0)
(0.200398 0.00105411 0)
(0.200383 0.000999851 0)
(0.200385 0.00096406 0)
(0.200368 0.000914916 0)
(0.20037 0.000880376 0)
(0.200352 0.000832028 0)
(0.200352 0.000797005 0)
(0.200331 0.000749319 0)
(0.200327 0.000718366 0)
(0.200305 0.000676197 0)
(0.200301 0.000653263 0)
(0.200279 0.000617872 0)
(0.200277 0.000603714 0)
(0.20025 0.000570198 0)
(0.20025 0.000564271 0)
(0.200216 0.000530522 0)
(0.198758 0.00509311 0)
(0.198841 0.00535214 0)
(0.198949 0.00559262 0)
(0.199083 0.00580726 0)
(0.199239 0.00598882 0)
(0.199413 0.00613111 0)
(0.199598 0.00622982 0)
(0.199786 0.00628357 0)
(0.199968 0.00629407 0)
(0.200136 0.00626598 0)
(0.200282 0.00620591 0)
(0.200404 0.00612139 0)
(0.200501 0.00601966 0)
(0.200573 0.00590693 0)
(0.200625 0.00578793 0)
(0.20066 0.0056659 0)
(0.200682 0.00554287 0)
(0.200696 0.00541989 0)
(0.200703 0.00529766 0)
(0.200705 0.00517637 0)
(0.200705 0.0050565 0)
(0.200701 0.00493809 0)
(0.200696 0.00482187 0)
(0.200687 0.00470773 0)
(0.200678 0.00459649 0)
(0.200666 0.00448781 0)
(0.200653 0.00438256 0)
(0.200639 0.00427991 0)
(0.200625 0.00418098 0)
(0.20061 0.00408454 0)
(0.200596 0.00399188 0)
(0.200581 0.00390151 0)
(0.200567 0.00381507 0)
(0.200553 0.00373058 0)
(0.20054 0.00364996 0)
(0.200526 0.0035709 0)
(0.200514 0.00349576 0)
(0.200501 0.00342183 0)
(0.20049 0.00335174 0)
(0.200478 0.0032824 0)
(0.200469 0.0032166 0)
(0.200458 0.0031515 0)
(0.20045 0.00308972 0)
(0.20044 0.00302838 0)
(0.200433 0.00296999 0)
(0.200424 0.00291216 0)
(0.200418 0.00285689 0)
(0.20041 0.00280241 0)
(0.200406 0.00274967 0)
(0.200399 0.00269753 0)
(0.200395 0.00264686 0)
(0.20039 0.00259672 0)
(0.200386 0.00254783 0)
(0.200382 0.00249874 0)
(0.200379 0.00245155 0)
(0.200375 0.00240381 0)
(0.200374 0.00235913 0)
(0.200371 0.00231142 0)
(0.200369 0.0022678 0)
(0.200367 0.00222033 0)
(0.200368 0.00217776 0)
(0.200366 0.00212915 0)
(0.200365 0.0020864 0)
(0.200363 0.00203855 0)
(0.200365 0.00199629 0)
(0.200362 0.0019492 0)
(0.200364 0.00190634 0)
(0.200364 0.0018592 0)
(0.200366 0.00181481 0)
(0.200365 0.001766 0)
(0.200366 0.00172054 0)
(0.200364 0.00167163 0)
(0.200365 0.00162883 0)
(0.200364 0.0015808 0)
(0.200367 0.0015369 0)
(0.200367 0.00148468 0)
(0.200368 0.00143697 0)
(0.200364 0.00138455 0)
(0.200364 0.00133997 0)
(0.200361 0.00129065 0)
(0.200362 0.00124918 0)
(0.20036 0.00119649 0)
(0.200362 0.00115468 0)
(0.200355 0.0010979 0)
(0.200356 0.00105824 0)
(0.200346 0.00100396 0)
(0.200347 0.000968096 0)
(0.200337 0.000919062 0)
(0.200338 0.000884316 0)
(0.200327 0.000837199 0)
(0.200326 0.000802649 0)
(0.200313 0.000756333 0)
(0.20031 0.000725652 0)
(0.200295 0.000683626 0)
(0.200292 0.000660576 0)
(0.200276 0.000624384 0)
(0.200276 0.00061118 0)
(0.200258 0.000577417 0)
(0.200259 0.000573363 0)
(0.200236 0.000540377 0)
(0.199105 0.00497642 0)
(0.199164 0.00520439 0)
(0.199239 0.0054163 0)
(0.19933 0.00560695 0)
(0.199436 0.00577113 0)
(0.199555 0.00590439 0)
(0.199681 0.00600338 0)
(0.199811 0.00606656 0)
(0.199938 0.00609429 0)
(0.200057 0.00608893 0)
(0.200164 0.00605442 0)
(0.200255 0.0059957 0)
(0.20033 0.00591808 0)
(0.200388 0.00582659 0)
(0.200432 0.00572553 0)
(0.200463 0.00561826 0)
(0.200484 0.00550725 0)
(0.200498 0.00539409 0)
(0.200506 0.00528 0)
(0.200511 0.00516551 0)
(0.200512 0.00505142 0)
(0.200512 0.00493783 0)
(0.200509 0.00482564 0)
(0.200505 0.00471475 0)
(0.2005 0.00460606 0)
(0.200492 0.00449927 0)
(0.200484 0.00439546 0)
(0.200475 0.00429376 0)
(0.200466 0.00419552 0)
(0.200456 0.00409944 0)
(0.200446 0.004007 0)
(0.200435 0.00391655 0)
(0.200426 0.00382997 0)
(0.200416 0.00374513 0)
(0.200407 0.00366416 0)
(0.200397 0.00358462 0)
(0.200389 0.00350904 0)
(0.20038 0.00343445 0)
(0.200372 0.0033637 0)
(0.200364 0.00329373 0)
(0.200357 0.00322733 0)
(0.200349 0.0031616 0)
(0.200344 0.00309916 0)
(0.200337 0.00303721 0)
(0.200332 0.00297814 0)
(0.200325 0.00291983 0)
(0.200321 0.00286386 0)
(0.200316 0.00280893 0)
(0.200313 0.0027554 0)
(0.200308 0.00270285 0)
(0.200305 0.00265151 0)
(0.200302 0.00260106 0)
(0.200299 0.00255157 0)
(0.200296 0.00250229 0)
(0.200294 0.00245467 0)
(0.200292 0.00240643 0)
(0.200291 0.00236125 0)
(0.200289 0.00231307 0)
(0.200288 0.00226922 0)
(0.200287 0.00222131 0)
(0.200288 0.00217865 0)
(0.200286 0.00212981 0)
(0.200286 0.00208713 0)
(0.200285 0.00203919 0)
(0.200286 0.00199647 0)
(0.200285 0.00194903 0)
(0.200287 0.00190558 0)
(0.200286 0.00185845 0)
(0.200288 0.00181388 0)
(0.200288 0.00176579 0)
(0.200289 0.00172085 0)
(0.200288 0.00167209 0)
(0.200289 0.00162862 0)
(0.200288 0.00157956 0)
(0.200291 0.0015355 0)
(0.200291 0.00148398 0)
(0.200292 0.00143762 0)
(0.20029 0.00138603 0)
(0.20029 0.00134142 0)
(0.200287 0.00129135 0)
(0.200289 0.00124944 0)
(0.200287 0.00119662 0)
(0.200289 0.00115587 0)
(0.200284 0.00109982 0)
(0.200286 0.00106127 0)
(0.200279 0.00100731 0)
(0.200279 0.000971362 0)
(0.200273 0.000922545 0)
(0.200273 0.000887578 0)
(0.200266 0.000841338 0)
(0.200265 0.000807455 0)
(0.200256 0.000762039 0)
(0.200253 0.000732176 0)
(0.200242 0.000689907 0)
(0.200241 0.000667113 0)
(0.200229 0.00062981 0)
(0.20023 0.000617091 0)
(0.200216 0.000582988 0)
(0.200218 0.000579957 0)
(0.200203 0.000547921 0)
(0.199441 0.00489303 0)
(0.199475 0.00509989 0)
(0.199519 0.00529243 0)
(0.199571 0.00546665 0)
(0.199633 0.00561858 0)
(0.199701 0.00574478 0)
(0.199775 0.00584255 0)
(0.199851 0.00591039 0)
(0.199926 0.00594804 0)
(0.199998 0.00595667 0)
(0.200064 0.00593862 0)
(0.200122 0.00589726 0)
(0.20017 0.00583648 0)
(0.200209 0.00576032 0)
(0.20024 0.00567256 0)
(0.200262 0.00557645 0)
(0.200278 0.00547467 0)
(0.200289 0.00536914 0)
(0.200297 0.00526145 0)
(0.200302 0.00515239 0)
(0.200305 0.00504294 0)
(0.200306 0.00493334 0)
(0.200306 0.00482453 0)
(0.200305 0.00471644 0)
(0.200304 0.00461006 0)
(0.200301 0.00450503 0)
(0.200297 0.00440261 0)
(0.200293 0.00430195 0)
(0.200288 0.00420446 0)
(0.200283 0.00410883 0)
(0.200278 0.00401678 0)
(0.200272 0.00392653 0)
(0.200267 0.00384006 0)
(0.200262 0.00375513 0)
(0.200257 0.00367405 0)
(0.200252 0.00359426 0)
(0.200247 0.00351846 0)
(0.200242 0.00344356 0)
(0.200239 0.00337247 0)
(0.200234 0.00330211 0)
(0.20023 0.00323535 0)
(0.200226 0.00316917 0)
(0.200223 0.00310629 0)
(0.200219 0.00304398 0)
(0.200217 0.0029845 0)
(0.200213 0.00292591 0)
(0.200211 0.00286941 0)
(0.200208 0.00281406 0)
(0.200207 0.00276002 0)
(0.200204 0.00270732 0)
(0.200203 0.00265551 0)
(0.200201 0.00260473 0)
(0.2002 0.0025547 0)
(0.200198 0.0025053 0)
(0.200198 0.0024575 0)
(0.200197 0.00240893 0)
(0.200197 0.00236319 0)
(0.200196 0.0023147 0)
(0.200196 0.00227082 0)
(0.200195 0.00222251 0)
(0.200196 0.00217965 0)
(0.200195 0.00213071 0)
(0.200196 0.0020881 0)
(0.200195 0.00204 0)
(0.200197 0.00199691 0)
(0.200196 0.00194922 0)
(0.200197 0.00190538 0)
(0.200197 0.00185828 0)
(0.200199 0.00181358 0)
(0.200199 0.00176586 0)
(0.2002 0.00172119 0)
(0.2002 0.00167248 0)
(0.2002 0.00162874 0)
(0.200201 0.00157903 0)
(0.200202 0.00153497 0)
(0.200202 0.00148372 0)
(0.200204 0.00143826 0)
(0.200202 0.00138712 0)
(0.200203 0.00134263 0)
(0.200201 0.00129215 0)
(0.200203 0.00125001 0)
(0.200201 0.00119711 0)
(0.200203 0.00115698 0)
(0.200201 0.00110147 0)
(0.200202 0.0010636 0)
(0.200198 0.00101007 0)
(0.200198 0.000974119 0)
(0.200195 0.000925662 0)
(0.200195 0.000890606 0)
(0.200191 0.000844959 0)
(0.20019 0.000811659 0)
(0.200185 0.000766686 0)
(0.200183 0.000737614 0)
(0.200176 0.000694968 0)
(0.200175 0.000672524 0)
(0.200167 0.000634354 0)
(0.200168 0.000621917 0)
(0.20016 0.000587632 0)
(0.200162 0.000585168 0)
(0.200154 0.000553948 0)
(0.199778 0.00485006 0)
(0.199788 0.00504575 0)
(0.1998 0.00522796 0)
(0.199816 0.00539324 0)
(0.199836 0.00553824 0)
(0.199857 0.00565999 0)
(0.199881 0.00575618 0)
(0.199905 0.00582534 0)
(0.19993 0.00586703 0)
(0.199955 0.00588187 0)
(0.199977 0.00587153 0)
(0.199998 0.0058386 0)
(0.200016 0.00578625 0)
(0.20003 0.00571799 0)
(0.200042 0.00563722 0)
(0.200052 0.00554708 0)
(0.200059 0.00545028 0)
(0.200064 0.0053489 0)
(0.200069 0.00524471 0)
(0.200072 0.00513868 0)
(0.200075 0.00503182 0)
(0.200077 0.00492449 0)
(0.200079 0.00481761 0)
(0.20008 0.00471118 0)
(0.200081 0.00460623 0)
(0.200082 0.00450229 0)
(0.200082 0.00440073 0)
(0.200082 0.00430078 0)
(0.200082 0.00420387 0)
(0.200082 0.0041086 0)
(0.200081 0.00401688 0)
(0.200081 0.00392686 0)
(0.200081 0.00384054 0)
(0.20008 0.00375563 0)
(0.20008 0.00367468 0)
(0.200079 0.00359488 0)
(0.200079 0.00351904 0)
(0.200078 0.00344405 0)
(0.200078 0.00337287 0)
(0.200077 0.00330238 0)
(0.200078 0.00323558 0)
(0.200077 0.0031693 0)
(0.200077 0.00310622 0)
(0.200077 0.00304379 0)
(0.200077 0.00298412 0)
(0.200077 0.00292552 0)
(0.200077 0.00286882 0)
(0.200077 0.0028133 0)
(0.200078 0.00275898 0)
(0.200078 0.00270635 0)
(0.200078 0.00265431 0)
(0.200079 0.00260346 0)
(0.200079 0.00255311 0)
(0.20008 0.00250372 0)
(0.20008 0.0024559 0)
(0.200081 0.00240721 0)
(0.200082 0.00236112 0)
(0.200082 0.00231249 0)
(0.200083 0.00226878 0)
(0.200084 0.00222029 0)
(0.200085 0.00217733 0)
(0.200086 0.00212836 0)
(0.200087 0.00208587 0)
(0.200087 0.00203772 0)
(0.200089 0.00199442 0)
(0.20009 0.00194667 0)
(0.200091 0.00190255 0)
(0.200092 0.00185551 0)
(0.200093 0.00181071 0)
(0.200094 0.00176326 0)
(0.200095 0.00171877 0)
(0.200096 0.00167009 0)
(0.200097 0.00162628 0)
(0.200098 0.00157613 0)
(0.2001 0.00153217 0)
(0.200101 0.00148107 0)
(0.200102 0.00143631 0)
(0.200103 0.00138554 0)
(0.200104 0.0013412 0)
(0.200104 0.00129049 0)
(0.200105 0.00124802 0)
(0.200106 0.00119505 0)
(0.200107 0.00115505 0)
(0.200108 0.00110001 0)
(0.200109 0.0010624 0)
(0.200109 0.00100943 0)
(0.20011 0.000973313 0)
(0.20011 0.000925333 0)
(0.20011 0.000890241 0)
(0.20011 0.0008451 0)
(0.20011 0.00081255 0)
(0.200109 0.000767824 0)
(0.200108 0.000739772 0)
(0.200107 0.000696593 0)
(0.200107 0.000674369 0)
(0.200105 0.000635257 0)
(0.200106 0.000622328 0)
(0.200104 0.000588033 0)
(0.200106 0.000585235 0)
(0.200104 0.00055542 0)
(0.20416 9.34737e-05 0)
(0.195601 -7.36272e-05 0)
(0.204381 9.14776e-05 0)
(0.195332 -6.65833e-05 0)
(0.204501 9.21045e-05 0)
(0.194953 -5.2176e-05 0)
(0.204621 9.94351e-05 0)
(0.194482 -3.12105e-05 0)
(0.204739 0.000113897 0)
(0.193883 -1.58573e-06 0)
(0.20485 0.000140361 0)
(0.193133 3.77518e-05 0)
(0.204957 0.000168068 0)
(0.192183 8.621e-05 0)
(0.205053 0.000203284 0)
(0.190973 0.000153108 0)
(0.205129 0.000253567 0)
(0.189412 0.000248479 0)
(0.205153 0.000326825 0)
(0.187341 0.000386284 0)
(0.205019 0.000441975 0)
(0.184428 0.000616631 0)
(0.204422 0.000707548 0)
(0.179952 0.00127046 0)
(0.202961 0.00196362 0)
(0.203381 0.000111045 0)
(0.196514 -7.4264e-05 0)
(0.203462 0.000107148 0)
(0.196388 -6.75983e-05 0)
(0.203417 0.000114289 0)
(0.196192 -4.32856e-05 0)
(0.203328 0.000131563 0)
(0.195957 -9.22011e-06 0)
(0.203178 0.000156585 0)
(0.195666 3.97306e-05 0)
(0.20294 0.000196497 0)
(0.19532 0.000102826 0)
(0.202583 0.000238822 0)
(0.194909 0.000183819 0)
(0.202059 0.000292528 0)
(0.194427 0.000297713 0)
(0.201297 0.00036748 0)
(0.193859 0.000464126 0)
(0.200178 0.000478165 0)
(0.193156 0.000719465 0)
(0.198477 0.000671074 0)
(0.192179 0.00119343 0)
(0.195778 0.00121665 0)
(0.190799 0.0026164 0)
(0.191846 0.00370357 0)
(0.202103 0.000109575 0)
(0.19795 -5.92446e-05 0)
(0.202035 0.000103893 0)
(0.19797 -4.47493e-05 0)
(0.201833 0.000115552 0)
(0.197938 -4.17342e-06 0)
(0.201569 0.000138927 0)
(0.19788 4.74776e-05 0)
(0.201231 0.000168148 0)
(0.197779 0.000117522 0)
(0.200798 0.000213653 0)
(0.197625 0.000207426 0)
(0.200251 0.000270949 0)
(0.197396 0.000319194 0)
(0.199563 0.000350737 0)
(0.19706 0.000466674 0)
(0.198695 0.000471607 0)
(0.196564 0.000670496 0)
(0.197588 0.000666077 0)
(0.195807 0.000978688 0)
(0.196126 0.00103155 0)
(0.194617 0.00158093 0)
(0.194193 0.0019897 0)
(0.192998 0.00328784 0)
(0.19232 0.00496266 0)
(0.200957 8.32155e-05 0)
(0.19915 -1.91594e-05 0)
(0.200856 7.78355e-05 0)
(0.199191 4.1814e-06 0)
(0.200642 9.42564e-05 0)
(0.199166 5.80911e-05 0)
(0.20038 0.00012752 0)
(0.199095 0.000122517 0)
(0.200066 0.000170641 0)
(0.198959 0.000203149 0)
(0.199685 0.000235048 0)
(0.198742 0.000305222 0)
(0.199222 0.000322233 0)
(0.19842 0.000431407 0)
(0.198657 0.000444572 0)
(0.19796 0.000597398 0)
(0.197956 0.000625766 0)
(0.197315 0.000831086 0)
(0.197067 0.000910681 0)
(0.19641 0.00120174 0)
(0.195906 0.00143258 0)
(0.195174 0.00195282 0)
(0.19449 0.00263725 0)
(0.193825 0.00376775 0)
(0.193395 0.00536874 0)
(0.200311 5.49009e-05 0)
(0.199761 2.00485e-05 0)
(0.200252 5.93818e-05 0)
(0.199756 4.73751e-05 0)
(0.200099 8.56307e-05 0)
(0.199676 0.000107154 0)
(0.199903 0.000135348 0)
(0.199543 0.000179122 0)
(0.199661 0.00019884 0)
(0.199342 0.000267102 0)
(0.199358 0.000287869 0)
(0.199059 0.000380027 0)
(0.198976 0.000407474 0)
(0.198675 0.000523784 0)
(0.198494 0.000570521 0)
(0.198163 0.000717373 0)
(0.19788 0.000803788 0)
(0.197488 0.00099793 0)
(0.19709 0.00116314 0)
(0.196606 0.00145635 0)
(0.196089 0.00180325 0)
(0.19553 0.00234679 0)
(0.194991 0.0030955 0)
(0.194543 0.00412463 0)
(0.194291 0.00543726 0)
(0.200071 3.64542e-05 0)
(0.199957 4.42195e-05 0)
(0.200045 5.86652e-05 0)
(0.199918 7.55133e-05 0)
(0.199936 9.69446e-05 0)
(0.199807 0.000138999 0)
(0.199779 0.000163815 0)
(0.199646 0.000219405 0)
(0.199573 0.00024799 0)
(0.199424 0.000318583 0)
(0.199304 0.000360229 0)
(0.199126 0.000447851 0)
(0.198955 0.000508635 0)
(0.198736 0.000616603 0)
(0.198506 0.000707585 0)
(0.198232 0.00084673 0)
(0.197932 0.000987779 0)
(0.197588 0.00118304 0)
(0.197208 0.00141538 0)
(0.19679 0.00172838 0)
(0.196349 0.00214484 0)
(0.195908 0.00269943 0)
(0.195508 0.00343579 0)
(0.195209 0.00434626 0)
(0.195076 0.00542863 0)
(0.200012 2.73985e-05 0)
(0.199994 5.45472e-05 0)
(0.199992 6.88604e-05 0)
(0.199944 9.50039e-05 0)
(0.199902 0.000119461 0)
(0.199829 0.00016423 0)
(0.199759 0.000200697 0)
(0.199665 0.000256315 0)
(0.199566 0.000303479 0)
(0.199445 0.000371717 0)
(0.199311 0.000436879 0)
(0.199154 0.000522456 0)
(0.198979 0.000611664 0)
(0.198778 0.000721071 0)
(0.198553 0.000844852 0)
(0.198299 0.000992143 0)
(0.198017 0.00117097 0)
(0.197706 0.00138555 0)
(0.197368 0.00166089 0)
(0.197011 0.00200109 0)
(0.19665 0.00244599 0)
(0.19631 0.0029947 0)
(0.196022 0.00368263 0)
(0.195831 0.00448088 0)
(0.195781 0.00538384 0)
(0.200001 2.37862e-05 0)
(0.199995 5.85145e-05 0)
(0.199978 8.28659e-05 0)
(0.199943 0.000112875 0)
(0.199896 0.000146094 0)
(0.199834 0.000190852 0)
(0.199762 0.000239456 0)
(0.199676 0.000296716 0)
(0.199578 0.000359515 0)
(0.199465 0.000431255 0)
(0.199335 0.000513863 0)
(0.199188 0.000606098 0)
(0.199021 0.000715195 0)
(0.198833 0.00083651 0)
(0.198622 0.000983231 0)
(0.198388 0.00114925 0)
(0.198132 0.00135478 0)
(0.197855 0.00159483 0)
(0.197564 0.00189658 0)
(0.197268 0.00225665 0)
(0.196982 0.00270454 0)
(0.196727 0.00323172 0)
(0.196528 0.0038572 0)
(0.196415 0.00455158 0)
(0.196418 0.00530641 0)
(0.2 2.29091e-05 0)
(0.199992 6.14961e-05 0)
(0.199974 9.60018e-05 0)
(0.199942 0.000130718 0)
(0.199898 0.000171982 0)
(0.199841 0.000219373 0)
(0.199772 0.000276682 0)
(0.199691 0.000339218 0)
(0.199598 0.000413065 0)
(0.199491 0.000493056 0)
(0.199369 0.000588191 0)
(0.199231 0.000691959 0)
(0.199075 0.000815794 0)
(0.198901 0.000952948 0)
(0.198708 0.00111739 0)
(0.198496 0.00130377 0)
(0.198268 0.00152925 0)
(0.198029 0.00179054 0)
(0.197783 0.00210676 0)
(0.197542 0.00247474 0)
(0.197318 0.00291141 0)
(0.19713 0.00340776 0)
(0.196995 0.00397012 0)
(0.196934 0.0045735 0)
(0.196966 0.00520733 0)
(0.2 2.34105e-05 0)
(0.199991 6.5384e-05 0)
(0.199972 0.000107646 0)
(0.199943 0.000148395 0)
(0.199902 0.000196417 0)
(0.19985 0.000248774 0)
(0.199786 0.000312717 0)
(0.199711 0.000382268 0)
(0.199624 0.000464856 0)
(0.199525 0.000554722 0)
(0.199412 0.000660568 0)
(0.199284 0.000776959 0)
(0.199141 0.000913822 0)
(0.198983 0.00106661 0)
(0.198809 0.00124648 0)
(0.198622 0.0014504 0)
(0.198424 0.00169097 0)
(0.19822 0.00196614 0)
(0.198017 0.00228836 0)
(0.197824 0.00265414 0)
(0.197653 0.00307249 0)
(0.197516 0.00353387 0)
(0.197427 0.00403796 0)
(0.1974 0.00456432 0)
(0.197446 0.00510217 0)
(0.2 2.45582e-05 0)
(0.199991 7.0421e-05 0)
(0.199973 0.000118551 0)
(0.199946 0.000165911 0)
(0.199909 0.000220251 0)
(0.199861 0.000278956 0)
(0.199804 0.0003491 0)
(0.199736 0.00042638 0)
(0.199657 0.000517165 0)
(0.199567 0.000617311 0)
(0.199465 0.000733694 0)
(0.19935 0.000862832 0)
(0.199223 0.00101247 0)
(0.199083 0.00118 0)
(0.198931 0.00137386 0)
(0.198771 0.00159223 0)
(0.198604 0.00184395 0)
(0.198436 0.00212699 0)
(0.198273 0.00244908 0)
(0.198124 0.00280589 0)
(0.197996 0.00320148 0)
(0.1979 0.00362588 0)
(0.197845 0.00407601 0)
(0.197839 0.00453537 0)
(0.197891 0.00499463 0)
(0.2 2.60101e-05 0)
(0.199992 7.60928e-05 0)
(0.199975 0.000128971 0)
(0.199951 0.000182663 0)
(0.199918 0.000243038 0)
(0.199877 0.000308613 0)
(0.199826 0.000385054 0)
(0.199767 0.000470199 0)
(0.199698 0.000568985 0)
(0.199619 0.000679177 0)
(0.19953 0.000805861 0)
(0.19943 0.000947268 0)
(0.199321 0.00110901 0)
(0.199202 0.00128984 0)
(0.199075 0.00149562 0)
(0.198942 0.00172522 0)
(0.198807 0.00198411 0)
(0.198674 0.00227024 0)
(0.198548 0.00258747 0)
(0.198436 0.00293129 0)
(0.198344 0.00330201 0)
(0.198279 0.00369038 0)
(0.198247 0.00409236 0)
(0.198254 0.00449482 0)
(0.198303 0.00489016 0)
(0.2 2.7586e-05 0)
(0.199993 8.17314e-05 0)
(0.199979 0.000138808 0)
(0.199958 0.000198063 0)
(0.19993 0.0002641 0)
(0.199896 0.000336305 0)
(0.199854 0.000419157 0)
(0.199805 0.000511855 0)
(0.199747 0.000618476 0)
(0.199682 0.000737995 0)
(0.199608 0.000874444 0)
(0.199527 0.00102695 0)
(0.199437 0.00119966 0)
(0.199341 0.00139174 0)
(0.19924 0.00160718 0)
(0.199136 0.00184474 0)
(0.199031 0.00210756 0)
(0.198931 0.00239307 0)
(0.198838 0.00270271 0)
(0.198758 0.00303149 0)
(0.198695 0.00337771 0)
(0.198653 0.00373326 0)
(0.198636 0.00409401 0)
(0.198647 0.00444957 0)
(0.19869 0.00479398 0)
(0.2 2.90677e-05 0)
(0.199994 8.67716e-05 0)
(0.199983 0.000147486 0)
(0.199967 0.000211385 0)
(0.199946 0.000282358 0)
(0.19992 0.000360437 0)
(0.199888 0.000449288 0)
(0.19985 0.000548874 0)
(0.199807 0.000662687 0)
(0.199757 0.000790451 0)
(0.199701 0.00093549 0)
(0.199639 0.00109742 0)
(0.199573 0.00127929 0)
(0.199501 0.0014803 0)
(0.199427 0.001703 0)
(0.199352 0.00194582 0)
(0.199277 0.00221016 0)
(0.199207 0.00249299 0)
(0.199144 0.00279399 0)
(0.19909 0.00310793 0)
(0.199048 0.00343237 0)
(0.199022 0.00376031 0)
(0.199013 0.00408788 0)
(0.199024 0.00440685 0)
(0.199057 0.0047125 0)
(0.2 3.02385e-05 0)
(0.199996 9.06519e-05 0)
(0.199989 0.000154148 0)
(0.199979 0.000221536 0)
(0.199965 0.000296307 0)
(0.199948 0.000378971 0)
(0.199928 0.000472691 0)
(0.199904 0.000577847 0)
(0.199876 0.000697487 0)
(0.199844 0.000831778 0)
(0.199809 0.000983519 0)
(0.19977 0.00115259 0)
(0.199728 0.00134124 0)
(0.199683 0.00154866 0)
(0.199637 0.0017763 0)
(0.199591 0.00202231 0)
(0.199545 0.00228684 0)
(0.199503 0.00256648 0)
(0.199465 0.00285975 0)
(0.199433 0.00316167 0)
(0.199408 0.00346948 0)
(0.199393 0.00377709 0)
(0.199388 0.00408092 0)
(0.199394 0.00437423 0)
(0.199413 0.00465315 0)
(0.2 3.09071e-05 0)
(0.199999 9.27811e-05 0)
(0.199996 0.000157804 0)
(0.199992 0.000227101 0)
(0.199988 0.000304031 0)
(0.199981 0.000389329 0)
(0.199974 0.000485965 0)
(0.199965 0.000594448 0)
(0.199955 0.000717624 0)
(0.199943 0.000855799 0)
(0.19993 0.00101152 0)
(0.199916 0.00118471 0)
(0.1999 0.00137725 0)
(0.199884 0.00158823 0)
(0.199866 0.00181857 0)
(0.199849 0.00206616 0)
(0.199832 0.00233053 0)
(0.199816 0.00260803 0)
(0.199801 0.00289675 0)
(0.199788 0.00319191 0)
(0.199778 0.00349062 0)
(0.19977 0.00378725 0)
(0.199766 0.00407838 0)
(0.199766 0.00435807 0)
(0.19977 0.00462286 0)
)
;

boundaryField
{
    top
    {
        type            zeroGradient;
    }
    inlet
    {
        type            fixedValue;
        value           uniform (0.2 0 0);
    }
    outlet
    {
        type            zeroGradient;
    }
    plate
    {
        type            fixedValue;
        value           uniform (0 0 0);
    }
    symmBound
    {
        type            zeroGradient;
    }
    frontAndBack
    {
        type            empty;
    }
}


// ************************************************************************* //
