/*--------------------------------*- C++ -*----------------------------------*\
| =========                 |                                                 |
| \\      /  F ield         | OpenFOAM: The Open Source CFD Toolbox           |
|  \\    /   O peration     | Version:  2.3.0                                 |
|   \\  /    A nd           | Web:      www.OpenFOAM.org                      |
|    \\/     M anipulation  |                                                 |
\*---------------------------------------------------------------------------*/
FoamFile
{
    version     2.0;
    format      ascii;
    class       surfaceScalarField;
    location    "0.95";
    object      phi;
}
// * * * * * * * * * * * * * * * * * * * * * * * * * * * * * * * * * * * * * //

dimensions      [0 3 -1 0 0 0 0];

internalField   nonuniform List<scalar> 
6068
(
2.91044e-08
2.73931e-09
-3.18437e-08
2.56759e-08
3.42848e-09
2.22598e-08
3.41608e-09
1.90908e-08
3.16901e-09
1.6203e-08
2.88783e-09
1.36683e-08
2.53466e-09
1.15758e-08
2.0925e-09
9.94496e-09
1.63085e-09
8.74348e-09
1.20148e-09
7.89077e-09
8.5271e-10
7.29206e-09
5.98706e-10
6.86475e-09
4.2731e-10
6.54682e-09
3.17938e-10
6.29521e-09
2.51605e-10
6.08132e-09
2.13891e-10
5.8884e-09
1.92925e-10
5.70824e-09
1.80156e-10
5.53768e-09
1.7056e-10
5.37595e-09
1.6173e-10
5.22312e-09
1.52831e-10
5.07934e-09
1.43778e-10
4.94455e-09
1.34794e-10
4.81842e-09
1.26126e-10
4.70044e-09
1.17984e-10
4.58996e-09
1.10471e-10
4.48633e-09
1.03639e-10
4.38887e-09
9.74547e-11
4.29699e-09
9.18843e-11
4.21014e-09
8.68463e-11
4.12785e-09
8.22923e-11
4.04971e-09
7.81398e-11
3.97535e-09
7.43549e-11
3.90449e-09
7.08671e-11
3.83682e-09
6.76617e-11
3.77215e-09
6.4679e-11
3.71022e-09
6.1921e-11
3.65089e-09
5.93338e-11
3.59396e-09
5.69327e-11
3.53929e-09
5.46655e-11
3.48673e-09
5.25582e-11
3.43618e-09
5.05566e-11
3.38748e-09
4.86965e-11
3.34056e-09
4.69195e-11
3.29529e-09
4.52706e-11
3.25161e-09
4.36853e-11
3.20939e-09
4.22184e-11
3.16859e-09
4.07976e-11
3.1291e-09
3.94888e-11
3.09089e-09
3.82097e-11
3.05385e-09
3.70389e-11
3.01797e-09
3.58821e-11
2.98314e-09
3.48325e-11
2.94936e-09
3.37815e-11
2.91652e-09
3.28391e-11
2.88464e-09
3.18796e-11
2.85361e-09
3.10327e-11
2.82345e-09
3.01527e-11
2.79406e-09
2.93916e-11
2.76548e-09
2.85804e-11
2.73758e-09
2.78971e-11
2.71044e-09
2.7145e-11
2.68391e-09
2.65331e-11
2.65807e-09
2.58315e-11
2.63279e-09
2.52858e-11
2.60816e-09
2.4627e-11
2.58402e-09
2.41435e-11
2.5605e-09
2.35202e-11
2.5374e-09
2.30959e-11
2.5149e-09
2.2501e-11
2.49277e-09
2.21343e-11
2.47121e-09
2.1561e-11
2.44995e-09
2.12514e-11
2.42926e-09
2.06928e-11
2.40882e-09
2.04408e-11
2.38893e-09
1.989e-11
2.36923e-09
1.96975e-11
2.35009e-09
1.9147e-11
2.33107e-09
1.90176e-11
2.31261e-09
1.84591e-11
2.29421e-09
1.83981e-11
2.27639e-09
1.78228e-11
2.25855e-09
1.78374e-11
2.24132e-09
1.72346e-11
2.22398e-09
1.7335e-11
2.20729e-09
1.66924e-11
2.1904e-09
1.68921e-11
2.1742e-09
1.61947e-11
2.15769e-09
1.65117e-11
2.14195e-09
1.57411e-11
2.12575e-09
1.61994e-11
2.11042e-09
1.5332e-11
2.09445e-09
1.59648e-11
2.07948e-09
1.49695e-11
2.06366e-09
1.58233e-11
2.049e-09
1.46578e-11
2.0332e-09
1.58029e-11
2.01879e-09
1.44046e-11
2.00281e-09
1.59802e-11
1.98851e-09
1.42996e-11
1.85199e-11
3.43483e-08
2.45642e-09
-3.40654e-08
3.41823e-08
3.59444e-09
3.35029e-08
4.09554e-09
3.25378e-08
4.13411e-09
3.14016e-08
4.02404e-09
3.01227e-08
3.81355e-09
2.87304e-08
3.48472e-09
2.72982e-08
3.06305e-09
2.58981e-08
2.60167e-09
2.4582e-08
2.16877e-09
2.33733e-08
1.80735e-09
2.2275e-08
1.52563e-09
2.12829e-08
1.31011e-09
2.03922e-08
1.14227e-09
1.95925e-08
1.01362e-09
1.88721e-08
9.13322e-10
1.822e-08
8.32269e-10
1.76264e-08
7.64159e-10
1.7083e-08
7.0505e-10
1.65832e-08
6.52672e-10
1.61213e-08
6.05692e-10
1.56927e-08
5.63364e-10
1.52937e-08
5.2516e-10
1.49209e-08
4.90719e-10
1.45717e-08
4.59675e-10
1.42436e-08
4.31725e-10
1.39346e-08
4.06505e-10
1.36428e-08
3.8373e-10
1.33665e-08
3.63066e-10
1.31045e-08
3.44285e-10
1.28556e-08
3.27107e-10
1.26186e-08
3.11375e-10
1.23926e-08
2.96865e-10
1.21767e-08
2.83482e-10
1.19704e-08
2.71047e-10
1.17728e-08
2.59513e-10
1.15834e-08
2.48727e-10
1.14016e-08
2.38684e-10
1.12271e-08
2.29242e-10
1.10592e-08
2.20427e-10
1.08976e-08
2.12103e-10
1.0742e-08
2.04318e-10
1.0592e-08
1.96934e-10
1.04472e-08
1.90025e-10
1.03075e-08
1.83442e-10
1.01724e-08
1.77283e-10
1.00418e-08
1.71387e-10
9.91545e-09
1.65875e-10
9.79309e-09
1.60572e-10
9.6745e-09
1.55623e-10
9.55955e-09
1.50833e-10
9.44801e-09
1.46376e-10
9.33976e-09
1.42031e-10
9.23459e-09
1.38007e-10
9.13242e-09
1.34052e-10
9.03304e-09
1.30411e-10
8.9364e-09
1.26797e-10
8.84229e-09
1.23497e-10
8.75069e-09
1.20182e-10
8.6614e-09
1.17188e-10
8.57441e-09
1.14136e-10
8.48952e-09
1.11419e-10
8.40676e-09
1.08597e-10
8.32591e-09
1.06131e-10
8.24703e-09
1.03512e-10
8.1699e-09
1.01276e-10
8.09458e-09
9.88331e-11
8.02087e-09
9.6811e-11
7.94885e-09
9.45211e-11
7.87828e-09
9.26992e-11
7.8093e-09
9.05408e-11
7.74165e-09
8.89087e-11
7.67548e-09
8.68615e-11
7.6105e-09
8.54124e-11
7.54694e-09
8.34569e-11
7.48445e-09
8.21875e-11
7.42329e-09
8.03048e-11
7.36309e-09
7.92151e-11
7.30417e-09
7.7386e-11
7.24608e-09
7.64802e-11
7.18922e-09
7.46856e-11
7.13309e-09
7.39721e-11
7.07813e-09
7.21912e-11
7.02378e-09
7.16841e-11
6.97058e-09
6.98948e-11
6.91786e-09
6.96147e-11
6.86626e-09
6.7792e-11
6.815e-09
6.77676e-11
6.76486e-09
6.58838e-11
6.7149e-09
6.61541e-11
6.66606e-09
6.41771e-11
6.61723e-09
6.47953e-11
6.56951e-09
6.26887e-11
6.52161e-09
6.37269e-11
6.47481e-09
6.14509e-11
6.4276e-09
6.30121e-11
6.38148e-09
6.05283e-11
6.33461e-09
6.28552e-11
6.28855e-09
6.03516e-11
6.70425e-11
3.58508e-08
2.32505e-09
-3.57194e-08
3.62371e-08
3.20819e-09
3.64697e-08
3.86293e-09
3.65177e-08
4.08607e-09
3.6446e-08
4.09571e-09
3.62542e-08
4.00536e-09
3.59157e-08
3.82329e-09
3.54344e-08
3.54436e-09
3.48391e-08
3.19691e-09
3.4171e-08
2.83685e-09
3.34653e-08
2.51304e-09
3.27448e-08
2.24615e-09
3.20228e-08
2.03215e-09
3.13066e-08
1.85849e-09
3.06033e-08
1.71685e-09
2.99173e-08
1.59931e-09
2.92508e-08
1.49881e-09
2.86048e-08
1.41013e-09
2.79801e-08
1.32981e-09
2.73769e-08
1.25588e-09
2.67954e-08
1.18719e-09
2.62356e-08
1.12317e-09
2.56973e-08
1.06344e-09
2.51802e-08
1.0078e-09
2.46838e-08
9.56037e-10
2.42076e-08
9.07982e-10
2.37507e-08
8.6336e-10
2.33125e-08
8.2197e-10
2.28921e-08
7.8351e-10
2.24886e-08
7.47785e-10
2.21012e-08
7.14504e-10
2.1729e-08
6.8351e-10
2.13713e-08
6.5454e-10
2.10273e-08
6.27483e-10
2.06963e-08
6.02104e-10
2.03775e-08
5.78336e-10
2.00702e-08
5.55967e-10
1.97739e-08
5.34969e-10
1.9488e-08
5.15144e-10
1.9212e-08
4.96498e-10
1.89452e-08
4.78841e-10
1.86873e-08
4.62208e-10
1.84379e-08
4.46411e-10
1.81964e-08
4.31514e-10
1.79625e-08
4.17324e-10
1.77358e-08
4.03932e-10
1.75161e-08
3.91138e-10
1.73029e-08
3.79058e-10
1.7096e-08
3.67481e-10
1.68951e-08
3.56553e-10
1.66999e-08
3.46042e-10
1.65101e-08
3.36128e-10
1.63256e-08
3.26557e-10
1.6146e-08
3.17541e-10
1.59713e-08
3.08799e-10
1.58011e-08
3.00582e-10
1.56353e-08
2.92576e-10
1.54738e-08
2.85072e-10
1.53162e-08
2.7772e-10
1.51626e-08
2.70857e-10
1.50126e-08
2.64086e-10
1.48662e-08
2.57801e-10
1.47233e-08
2.5155e-10
1.45836e-08
2.45787e-10
1.44471e-08
2.40001e-10
1.43137e-08
2.34713e-10
1.41832e-08
2.29343e-10
1.40555e-08
2.2449e-10
1.39305e-08
2.19491e-10
1.38082e-08
2.15039e-10
1.36884e-08
2.10371e-10
1.3571e-08
2.06291e-10
1.34559e-08
2.0192e-10
1.33432e-08
1.98188e-10
1.32325e-08
1.94082e-10
1.3124e-08
1.90678e-10
1.30175e-08
1.86808e-10
1.2913e-08
1.83719e-10
1.28104e-08
1.80058e-10
1.27096e-08
1.77276e-10
1.26105e-08
1.738e-10
1.25131e-08
1.71322e-10
1.24173e-08
1.68007e-10
1.23231e-08
1.65836e-10
1.22304e-08
1.62664e-10
1.21392e-08
1.6081e-10
1.20492e-08
1.57761e-10
1.19607e-08
1.56243e-10
1.18733e-08
1.53302e-10
1.17873e-08
1.52149e-10
1.17022e-08
1.49306e-10
1.16184e-08
1.48558e-10
1.15353e-08
1.4581e-10
1.14535e-08
1.45529e-10
1.13721e-08
1.42885e-10
1.12919e-08
1.43178e-10
1.12118e-08
1.40648e-10
1.11327e-08
1.41945e-10
1.10532e-08
1.39789e-10
1.46098e-10
3.7387e-08
2.27478e-09
-3.73367e-08
3.76773e-08
2.91782e-09
3.80256e-08
3.51468e-09
3.82938e-08
3.8178e-09
3.84997e-08
3.88989e-09
3.86584e-08
3.8466e-09
3.87494e-08
3.73231e-09
3.87488e-08
3.54495e-09
3.86501e-08
3.29559e-09
3.84676e-08
3.01936e-09
3.82237e-08
2.75699e-09
3.79375e-08
2.53236e-09
3.76202e-08
2.34941e-09
3.72778e-08
2.20088e-09
3.69162e-08
2.07848e-09
3.65399e-08
1.97557e-09
3.61521e-08
1.88661e-09
3.57549e-08
1.80735e-09
3.535e-08
1.73476e-09
3.49389e-08
1.66697e-09
3.45232e-08
1.60287e-09
3.41044e-08
1.54192e-09
3.36841e-08
1.48377e-09
3.32636e-08
1.42833e-09
3.28441e-08
1.37547e-09
3.24269e-08
1.32516e-09
3.2013e-08
1.27726e-09
3.16033e-08
1.23171e-09
3.11985e-08
1.18833e-09
3.07992e-08
1.14704e-09
3.04061e-08
1.10768e-09
3.00194e-08
1.07017e-09
2.96396e-08
1.03436e-09
2.92669e-08
1.0002e-09
2.89014e-08
9.67528e-10
2.85434e-08
9.36341e-10
2.81929e-08
9.06486e-10
2.78499e-08
8.77967e-10
2.75144e-08
8.50643e-10
2.71864e-08
8.24534e-10
2.68657e-08
7.99499e-10
2.65524e-08
7.75571e-10
2.62462e-08
7.52612e-10
2.5947e-08
7.30665e-10
2.56547e-08
7.09589e-10
2.53692e-08
6.89439e-10
2.50903e-08
6.70072e-10
2.48178e-08
6.51555e-10
2.45515e-08
6.3374e-10
2.42914e-08
6.16704e-10
2.40371e-08
6.00297e-10
2.37887e-08
5.84607e-10
2.35457e-08
5.69479e-10
2.33083e-08
5.55012e-10
2.3076e-08
5.41045e-10
2.28489e-08
5.27689e-10
2.26267e-08
5.14779e-10
2.24093e-08
5.02434e-10
2.21966e-08
4.90485e-10
2.19884e-08
4.79062e-10
2.17845e-08
4.67989e-10
2.15849e-08
4.57405e-10
2.13893e-08
4.47132e-10
2.11978e-08
4.37314e-10
2.101e-08
4.27772e-10
2.0826e-08
4.18655e-10
2.06456e-08
4.09782e-10
2.04688e-08
4.01307e-10
2.02952e-08
3.93048e-10
2.01251e-08
3.85161e-10
1.9958e-08
3.77467e-10
1.97942e-08
3.70121e-10
1.96332e-08
3.62951e-10
1.94752e-08
3.56103e-10
1.93199e-08
3.49418e-10
1.91676e-08
3.43031e-10
1.90176e-08
3.368e-10
1.88704e-08
3.30842e-10
1.87255e-08
3.25039e-10
1.85833e-08
3.19483e-10
1.8443e-08
3.14087e-10
1.83054e-08
3.08909e-10
1.81695e-08
3.03907e-10
1.80362e-08
2.99091e-10
1.79044e-08
2.94475e-10
1.77752e-08
2.90009e-10
1.76472e-08
2.85781e-10
1.75218e-08
2.81661e-10
1.73972e-08
2.77833e-10
1.72753e-08
2.74065e-10
1.7154e-08
2.70659e-10
1.70353e-08
2.67267e-10
1.69168e-08
2.64318e-10
1.68009e-08
2.61362e-10
1.66849e-08
2.58903e-10
1.65715e-08
2.56553e-10
1.64576e-08
2.54579e-10
1.6346e-08
2.53521e-10
1.62335e-08
2.52278e-10
2.56043e-10
3.89782e-08
2.22512e-09
-3.89286e-08
3.91777e-08
2.71837e-09
3.94846e-08
3.20774e-09
3.97731e-08
3.52935e-09
4.00145e-08
3.64843e-09
4.02258e-08
3.63537e-09
4.04077e-08
3.55033e-09
4.05429e-08
3.40974e-09
4.0617e-08
3.22154e-09
4.06303e-08
3.00603e-09
4.05956e-08
2.79168e-09
4.0527e-08
2.60103e-09
4.04332e-08
2.44318e-09
4.03188e-08
2.31525e-09
4.0187e-08
2.2103e-09
4.00402e-08
2.12233e-09
3.98801e-08
2.04671e-09
3.97075e-08
1.97994e-09
3.95229e-08
1.9194e-09
3.93266e-08
1.86331e-09
3.91189e-08
1.81049e-09
3.89006e-08
1.76028e-09
3.86721e-08
1.71224e-09
3.84342e-08
1.66618e-09
3.81878e-08
1.62194e-09
3.79335e-08
1.57943e-09
3.76723e-08
1.53853e-09
3.74048e-08
1.49916e-09
3.71319e-08
1.4612e-09
3.68544e-08
1.42458e-09
3.65729e-08
1.38918e-09
3.62881e-08
1.35494e-09
3.60007e-08
1.32176e-09
3.57113e-08
1.2896e-09
3.54205e-08
1.25838e-09
3.51287e-08
1.22808e-09
3.48366e-08
1.19865e-09
3.45445e-08
1.17006e-09
3.42528e-08
1.14227e-09
3.39621e-08
1.11527e-09
3.36726e-08
1.08903e-09
3.33846e-08
1.06353e-09
3.30985e-08
1.03876e-09
3.28144e-08
1.01469e-09
3.25327e-08
9.9132e-10
3.22536e-08
9.68603e-10
3.1977e-08
9.46576e-10
3.17034e-08
9.25154e-10
3.14328e-08
9.04404e-10
3.11653e-08
8.84214e-10
3.09009e-08
8.64682e-10
3.06398e-08
8.45661e-10
3.0382e-08
8.27287e-10
3.01277e-08
8.09374e-10
2.98766e-08
7.92099e-10
2.96291e-08
7.75232e-10
2.93848e-08
7.59001e-10
2.91442e-08
7.43117e-10
2.89068e-08
7.27876e-10
2.86729e-08
7.12915e-10
2.84423e-08
6.9861e-10
2.82152e-08
6.84512e-10
2.79912e-08
6.71093e-10
2.77707e-08
6.57801e-10
2.75533e-08
6.4522e-10
2.73393e-08
6.32677e-10
2.71282e-08
6.20891e-10
2.69204e-08
6.09043e-10
2.67155e-08
5.98012e-10
2.65138e-08
5.86805e-10
2.63148e-08
5.76494e-10
2.6119e-08
5.65878e-10
2.59257e-08
5.56258e-10
2.57356e-08
5.46183e-10
2.55478e-08
5.37229e-10
2.53632e-08
5.2765e-10
2.51807e-08
5.19344e-10
2.50013e-08
5.10215e-10
2.48238e-08
5.02546e-10
2.46494e-08
4.93827e-10
2.44767e-08
4.86792e-10
2.43072e-08
4.78442e-10
2.41391e-08
4.72048e-10
2.39741e-08
4.64032e-10
2.38103e-08
4.58295e-10
2.36497e-08
4.50584e-10
2.349e-08
4.45531e-10
2.33335e-08
4.38104e-10
2.31776e-08
4.33775e-10
2.3025e-08
4.26626e-10
2.28726e-08
4.2307e-10
2.27237e-08
4.16226e-10
2.25745e-08
4.13493e-10
2.24288e-08
4.0705e-10
2.22825e-08
4.05169e-10
2.21397e-08
3.9939e-10
2.19959e-08
3.98348e-10
2.18554e-08
3.94076e-10
2.17135e-08
3.9416e-10
3.9397e-10
4.05973e-08
2.1653e-09
-4.05374e-08
4.07502e-08
2.56544e-09
4.10002e-08
2.95777e-09
4.12674e-08
3.26211e-09
4.15044e-08
3.41145e-09
4.171e-08
3.42977e-09
4.18922e-08
3.36817e-09
4.20449e-08
3.257e-09
4.21575e-08
3.10892e-09
4.22267e-08
2.93682e-09
4.22591e-08
2.75926e-09
4.22655e-08
2.59473e-09
4.22543e-08
2.45436e-09
4.22304e-08
2.33912e-09
4.21963e-08
2.24439e-09
4.21536e-08
2.16501e-09
4.21034e-08
2.09698e-09
4.20459e-08
2.03736e-09
4.19814e-08
1.98397e-09
4.19095e-08
1.93522e-09
4.183e-08
1.88999e-09
4.17427e-08
1.84754e-09
4.16476e-08
1.80739e-09
4.15445e-08
1.7692e-09
4.14337e-08
1.73279e-09
4.13152e-08
1.69795e-09
4.11891e-08
1.66458e-09
4.10558e-08
1.63252e-09
4.09153e-08
1.60166e-09
4.0768e-08
1.57186e-09
4.06142e-08
1.54304e-09
4.04541e-08
1.51505e-09
4.02879e-08
1.48788e-09
4.01162e-08
1.46136e-09
3.9939e-08
1.43553e-09
3.97569e-08
1.41024e-09
3.957e-08
1.38555e-09
3.93787e-08
1.3613e-09
3.91834e-08
1.33761e-09
3.89844e-08
1.31429e-09
3.87819e-08
1.29151e-09
3.85764e-08
1.26904e-09
3.8368e-08
1.24711e-09
3.81573e-08
1.22544e-09
3.79443e-08
1.20433e-09
3.77294e-08
1.18343e-09
3.75129e-08
1.16311e-09
3.72951e-08
1.14296e-09
3.70761e-08
1.12342e-09
3.68563e-08
1.10399e-09
3.66358e-08
1.08522e-09
3.64149e-08
1.06651e-09
3.61937e-08
1.04851e-09
3.59726e-08
1.03049e-09
3.57514e-08
1.01325e-09
3.55308e-08
9.95913e-10
3.53103e-08
9.79416e-10
3.50907e-08
9.62744e-10
3.48716e-08
9.46993e-10
3.46536e-08
9.3096e-10
3.44362e-08
9.15949e-10
3.42202e-08
9.00531e-10
3.4005e-08
8.86252e-10
3.37914e-08
8.71421e-10
3.35788e-08
8.57869e-10
3.33678e-08
8.43595e-10
3.3158e-08
8.30763e-10
3.295e-08
8.17013e-10
3.27431e-08
8.04897e-10
3.25383e-08
7.91636e-10
3.23345e-08
7.80234e-10
3.2133e-08
7.67423e-10
3.19325e-08
7.56737e-10
3.17344e-08
7.44337e-10
3.15372e-08
7.34373e-10
3.13425e-08
7.22343e-10
3.11488e-08
7.1311e-10
3.09576e-08
7.01409e-10
3.07672e-08
6.92926e-10
3.05795e-08
6.8151e-10
3.03925e-08
6.73804e-10
3.02083e-08
6.6263e-10
3.00246e-08
6.55734e-10
2.98439e-08
6.44767e-10
2.96635e-08
6.38724e-10
2.94861e-08
6.27931e-10
2.93089e-08
6.22796e-10
2.91348e-08
6.12159e-10
2.89606e-08
6.07991e-10
2.87897e-08
5.97519e-10
2.86184e-08
5.94383e-10
2.84505e-08
5.8413e-10
2.82819e-08
5.82081e-10
2.81167e-08
5.72195e-10
2.79506e-08
5.71263e-10
2.77879e-08
5.62087e-10
2.7624e-08
5.62303e-10
2.74634e-08
5.54696e-10
2.73011e-08
5.56397e-10
5.51991e-10
4.22499e-08
2.09971e-09
-4.21843e-08
4.23792e-08
2.43612e-09
4.25813e-08
2.75575e-09
4.28171e-08
3.0263e-09
4.30409e-08
3.18763e-09
4.32367e-08
3.23395e-09
4.34074e-08
3.19751e-09
4.35533e-08
3.11104e-09
4.36694e-08
2.99286e-09
4.37521e-08
2.85411e-09
4.38042e-08
2.70713e-09
4.38333e-08
2.56561e-09
4.38475e-08
2.44018e-09
4.38522e-08
2.33448e-09
4.38501e-08
2.24647e-09
4.38429e-08
2.17221e-09
4.38316e-08
2.10829e-09
4.38168e-08
2.05214e-09
4.37987e-08
2.00203e-09
4.37774e-08
1.95657e-09
4.37525e-08
1.91486e-09
4.37239e-08
1.87612e-09
4.36914e-08
1.83993e-09
4.36547e-08
1.80585e-09
4.36138e-08
1.77373e-09
4.35685e-08
1.74325e-09
4.35187e-08
1.71439e-09
4.34644e-08
1.68683e-09
4.34054e-08
1.66062e-09
4.33418e-08
1.63543e-09
4.32735e-08
1.61135e-09
4.32006e-08
1.58803e-09
4.31228e-08
1.56562e-09
4.30404e-08
1.54377e-09
4.29532e-08
1.52269e-09
4.28615e-08
1.502e-09
4.27651e-08
1.48198e-09
4.26641e-08
1.46221e-09
4.25587e-08
1.44307e-09
4.24489e-08
1.42406e-09
4.23348e-08
1.40565e-09
4.22166e-08
1.38727e-09
4.20942e-08
1.3695e-09
4.19679e-08
1.35166e-09
4.18378e-08
1.33446e-09
4.17041e-08
1.31711e-09
4.15668e-08
1.30044e-09
4.14262e-08
1.28352e-09
4.12823e-08
1.26734e-09
4.11355e-08
1.25083e-09
4.09856e-08
1.23514e-09
4.08331e-08
1.219e-09
4.06778e-08
1.20379e-09
4.05203e-08
1.188e-09
4.03603e-08
1.17327e-09
4.01984e-08
1.15783e-09
4.00342e-08
1.14357e-09
3.98685e-08
1.12846e-09
3.97008e-08
1.11469e-09
3.95319e-08
1.09989e-09
3.93612e-08
1.08663e-09
3.91896e-08
1.07213e-09
3.90165e-08
1.05938e-09
3.88427e-08
1.04516e-09
3.86676e-08
1.03295e-09
3.84922e-08
1.01899e-09
3.83157e-08
1.00733e-09
3.81391e-08
9.93617e-10
3.79614e-08
9.82531e-10
3.7784e-08
9.69035e-10
3.76057e-08
9.58548e-10
3.74279e-08
9.45243e-10
3.72493e-08
9.35385e-10
3.70714e-08
9.22242e-10
3.68927e-08
9.13044e-10
3.6715e-08
9.00032e-10
3.65366e-08
8.91533e-10
3.63594e-08
8.78618e-10
3.61814e-08
8.70861e-10
3.60049e-08
8.58011e-10
3.58277e-08
8.51047e-10
3.56521e-08
8.3823e-10
3.54757e-08
8.32115e-10
3.53012e-08
8.19307e-10
3.51258e-08
8.14106e-10
3.49524e-08
8.01292e-10
3.47781e-08
7.97073e-10
3.4606e-08
7.84259e-10
3.44329e-08
7.81094e-10
3.42621e-08
7.6832e-10
3.40902e-08
7.66279e-10
3.39207e-08
7.53643e-10
3.375e-08
7.52787e-10
3.35817e-08
7.40488e-10
3.34121e-08
7.40869e-10
3.32449e-08
7.29297e-10
3.30762e-08
7.31025e-10
3.29099e-08
7.2097e-10
3.27419e-08
7.24373e-10
7.16805e-10
4.39448e-08
2.03335e-09
-4.38784e-08
4.40594e-08
2.32148e-09
4.42265e-08
2.58867e-09
4.44302e-08
2.8226e-09
4.46357e-08
2.98215e-09
4.48212e-08
3.04839e-09
4.4982e-08
3.03676e-09
4.51192e-08
2.97383e-09
4.52318e-08
2.88027e-09
4.53176e-08
2.76828e-09
4.53774e-08
2.64731e-09
4.5416e-08
2.52708e-09
4.54397e-08
2.4164e-09
4.54543e-08
2.31998e-09
4.54627e-08
2.23806e-09
4.54668e-08
2.16808e-09
4.54677e-08
2.10738e-09
4.54662e-08
2.05363e-09
4.54628e-08
2.00548e-09
4.54576e-08
1.96169e-09
4.54508e-08
1.92166e-09
4.54424e-08
1.88456e-09
4.54322e-08
1.85016e-09
4.54201e-08
1.81788e-09
4.54062e-08
1.78769e-09
4.53903e-08
1.75914e-09
4.53723e-08
1.73235e-09
4.53523e-08
1.70685e-09
4.53301e-08
1.68286e-09
4.53056e-08
1.65986e-09
4.52788e-08
1.63816e-09
4.52497e-08
1.61719e-09
4.5218e-08
1.59734e-09
4.51837e-08
1.57798e-09
4.51468e-08
1.55963e-09
4.51072e-08
1.54158e-09
4.50647e-08
1.52445e-09
4.50195e-08
1.50744e-09
4.49713e-08
1.49132e-09
4.49202e-08
1.47516e-09
4.48659e-08
1.45988e-09
4.48088e-08
1.44442e-09
4.47484e-08
1.42985e-09
4.46851e-08
1.41496e-09
4.46186e-08
1.40102e-09
4.45491e-08
1.38661e-09
4.44763e-08
1.37322e-09
4.44006e-08
1.35922e-09
4.43216e-08
1.34632e-09
4.42398e-08
1.33265e-09
4.41547e-08
1.32021e-09
4.40669e-08
1.30683e-09
4.39759e-08
1.29481e-09
4.38822e-08
1.28168e-09
4.37854e-08
1.27007e-09
4.36861e-08
1.25714e-09
4.35837e-08
1.24594e-09
4.3479e-08
1.23317e-09
4.33713e-08
1.22237e-09
4.32614e-08
1.20974e-09
4.31487e-08
1.19934e-09
4.3034e-08
1.18682e-09
4.29166e-08
1.17683e-09
4.27974e-08
1.1644e-09
4.26755e-08
1.15483e-09
4.2552e-08
1.14245e-09
4.2426e-08
1.13333e-09
4.22987e-08
1.12098e-09
4.21689e-08
1.11233e-09
4.20379e-08
1.09997e-09
4.19047e-08
1.09182e-09
4.17705e-08
1.07944e-09
4.1634e-08
1.07182e-09
4.14969e-08
1.05938e-09
4.13576e-08
1.05233e-09
4.12178e-08
1.0398e-09
4.1076e-08
1.03338e-09
4.09339e-08
1.02074e-09
4.07897e-08
1.01498e-09
4.06456e-08
1.0022e-09
4.04994e-08
9.97171e-10
4.03534e-08
9.84237e-10
4.02055e-08
9.79992e-10
4.0058e-08
9.66897e-10
3.99086e-08
9.63504e-10
3.97596e-08
9.50259e-10
3.96089e-08
9.47785e-10
3.94587e-08
9.34426e-10
3.93069e-08
9.32941e-10
3.91556e-08
9.19545e-10
3.90028e-08
9.19114e-10
3.88506e-08
9.05822e-10
3.86969e-08
9.06512e-10
3.85438e-08
8.93561e-10
3.83892e-08
8.95454e-10
3.82353e-08
8.83258e-10
3.80798e-08
8.86534e-10
3.7925e-08
8.75784e-10
3.77686e-08
8.80719e-10
8.72028e-10
4.56882e-08
1.96885e-09
-4.56237e-08
4.57914e-08
2.21825e-09
4.59342e-08
2.44591e-09
4.61093e-08
2.64751e-09
4.62941e-08
2.79732e-09
4.64676e-08
2.87491e-09
4.66198e-08
2.88453e-09
4.67497e-08
2.84394e-09
4.68578e-08
2.77216e-09
4.69437e-08
2.68238e-09
4.70076e-08
2.58344e-09
4.70521e-08
2.48254e-09
4.7082e-08
2.3865e-09
4.71021e-08
2.29989e-09
4.71157e-08
2.22445e-09
4.71249e-08
2.15893e-09
4.71307e-08
2.10157e-09
4.7134e-08
2.05029e-09
4.71354e-08
2.00407e-09
4.71354e-08
1.96174e-09
4.7134e-08
1.92299e-09
4.71316e-08
1.88697e-09
4.71281e-08
1.85366e-09
4.71236e-08
1.82234e-09
4.71182e-08
1.79319e-09
4.71118e-08
1.76554e-09
4.71044e-08
1.73973e-09
4.70961e-08
1.7151e-09
4.70869e-08
1.69209e-09
4.70768e-08
1.66996e-09
4.70657e-08
1.64929e-09
4.70536e-08
1.62924e-09
4.70404e-08
1.6105e-09
4.70263e-08
1.59215e-09
4.70109e-08
1.57502e-09
4.69944e-08
1.55806e-09
4.69766e-08
1.54228e-09
4.69576e-08
1.52648e-09
4.6937e-08
1.51184e-09
4.69152e-08
1.497e-09
4.68917e-08
1.48335e-09
4.68668e-08
1.46932e-09
4.68401e-08
1.45652e-09
4.68119e-08
1.44318e-09
4.67818e-08
1.43114e-09
4.675e-08
1.41837e-09
4.67163e-08
1.40701e-09
4.66807e-08
1.39472e-09
4.66431e-08
1.38398e-09
4.66036e-08
1.3721e-09
4.65619e-08
1.36192e-09
4.65184e-08
1.35039e-09
4.64724e-08
1.34073e-09
4.64247e-08
1.32948e-09
4.63744e-08
1.32031e-09
4.63223e-08
1.30928e-09
4.62676e-08
1.30058e-09
4.62111e-08
1.28972e-09
4.6152e-08
1.28147e-09
4.6091e-08
1.27074e-09
4.60274e-08
1.26294e-09
4.59619e-08
1.25229e-09
4.58938e-08
1.24492e-09
4.58239e-08
1.23431e-09
4.57514e-08
1.22738e-09
4.56771e-08
1.21676e-09
4.56001e-08
1.21028e-09
4.55215e-08
1.19963e-09
4.54402e-08
1.1936e-09
4.53573e-08
1.18287e-09
4.52718e-08
1.17733e-09
4.51847e-08
1.16648e-09
4.50951e-08
1.16143e-09
4.50041e-08
1.15043e-09
4.49105e-08
1.14592e-09
4.48155e-08
1.13475e-09
4.47181e-08
1.13079e-09
4.46195e-08
1.11942e-09
4.45184e-08
1.11606e-09
4.44161e-08
1.10448e-09
4.43115e-08
1.10176e-09
4.42058e-08
1.08995e-09
4.40979e-08
1.08792e-09
4.39889e-08
1.07591e-09
4.38777e-08
1.07461e-09
4.37656e-08
1.06242e-09
4.36515e-08
1.06191e-09
4.35363e-08
1.0496e-09
4.34193e-08
1.04993e-09
4.33013e-08
1.03761e-09
4.31815e-08
1.03883e-09
4.30607e-08
1.02667e-09
4.29383e-08
1.02886e-09
4.28148e-08
1.01712e-09
4.26898e-08
1.02039e-09
4.25636e-08
1.00948e-09
4.24361e-08
1.01404e-09
4.23073e-08
1.00455e-09
4.21774e-08
1.01063e-09
1.00303e-09
4.74847e-08
1.90697e-09
-4.74228e-08
4.75784e-08
2.12458e-09
4.77034e-08
2.32096e-09
4.78549e-08
2.49594e-09
4.80193e-08
2.63298e-09
4.8179e-08
2.71517e-09
4.83226e-08
2.7409e-09
4.84463e-08
2.72024e-09
4.85502e-08
2.66827e-09
4.86349e-08
2.59767e-09
4.87009e-08
2.51747e-09
4.87498e-08
2.43367e-09
4.87846e-08
2.35167e-09
4.88093e-08
2.27523e-09
4.88269e-08
2.20681e-09
4.88396e-08
2.14618e-09
4.88487e-08
2.09251e-09
4.8855e-08
2.04403e-09
4.8859e-08
2.00006e-09
4.88613e-08
1.95942e-09
4.88622e-08
1.92209e-09
4.8862e-08
1.88718e-09
4.88608e-08
1.8549e-09
4.88587e-08
1.82441e-09
4.88558e-08
1.79609e-09
4.88522e-08
1.76909e-09
4.8848e-08
1.74397e-09
4.88433e-08
1.71984e-09
4.88379e-08
1.69741e-09
4.88322e-08
1.67568e-09
4.8826e-08
1.65553e-09
4.88194e-08
1.63582e-09
4.88123e-08
1.61758e-09
4.88049e-08
1.59955e-09
4.8797e-08
1.58294e-09
4.87888e-08
1.56632e-09
4.87799e-08
1.55109e-09
4.87708e-08
1.53566e-09
4.8761e-08
1.52164e-09
4.87507e-08
1.50722e-09
4.87398e-08
1.49426e-09
4.87284e-08
1.48071e-09
4.87163e-08
1.46869e-09
4.87036e-08
1.45589e-09
4.869e-08
1.44472e-09
4.86758e-08
1.43258e-09
4.86606e-08
1.42219e-09
4.86447e-08
1.41061e-09
4.86277e-08
1.40095e-09
4.861e-08
1.38986e-09
4.8591e-08
1.38087e-09
4.85712e-08
1.3702e-09
4.85501e-08
1.36183e-09
4.85281e-08
1.35152e-09
4.85046e-08
1.34376e-09
4.84802e-08
1.33375e-09
4.84542e-08
1.32656e-09
4.84271e-08
1.31679e-09
4.83984e-08
1.31015e-09
4.83686e-08
1.30058e-09
4.83371e-08
1.29446e-09
4.83043e-08
1.28504e-09
4.82698e-08
1.27944e-09
4.8234e-08
1.27011e-09
4.81963e-08
1.26502e-09
4.81574e-08
1.25574e-09
4.81165e-08
1.25115e-09
4.80742e-08
1.24189e-09
4.803e-08
1.2378e-09
4.79844e-08
1.22851e-09
4.79368e-08
1.22493e-09
4.78877e-08
1.21556e-09
4.78366e-08
1.21249e-09
4.77841e-08
1.20303e-09
4.77295e-08
1.20048e-09
4.76733e-08
1.19089e-09
4.76152e-08
1.18888e-09
4.75555e-08
1.17915e-09
4.74939e-08
1.17769e-09
4.74306e-08
1.1678e-09
4.73654e-08
1.16692e-09
4.72985e-08
1.15689e-09
4.72298e-08
1.1566e-09
4.71592e-08
1.14645e-09
4.70871e-08
1.14678e-09
4.70129e-08
1.13655e-09
4.69373e-08
1.13754e-09
4.68596e-08
1.12731e-09
4.67805e-08
1.12899e-09
4.66992e-08
1.11889e-09
4.66168e-08
1.12131e-09
4.65319e-08
1.11151e-09
4.6446e-08
1.11474e-09
4.63577e-08
1.1055e-09
4.62684e-08
1.10968e-09
4.61765e-08
1.1014e-09
4.60837e-08
1.10676e-09
4.59884e-08
1.09993e-09
4.58923e-08
1.10668e-09
1.1017e-09
4.93382e-08
1.8477e-09
-4.92789e-08
4.94237e-08
2.03904e-09
4.95347e-08
2.21001e-09
4.96673e-08
2.36326e-09
4.98129e-08
2.48737e-09
4.99583e-08
2.56978e-09
5.00927e-08
2.60654e-09
5.02105e-08
2.60245e-09
5.03105e-08
2.56823e-09
5.03935e-08
2.51466e-09
5.04603e-08
2.45069e-09
5.05121e-08
2.38188e-09
5.05509e-08
2.31286e-09
5.05796e-08
2.24657e-09
5.06008e-08
2.18559e-09
5.06167e-08
2.13027e-09
5.06286e-08
2.08062e-09
5.06374e-08
2.03527e-09
5.06436e-08
1.99385e-09
5.06478e-08
1.95522e-09
5.06503e-08
1.91956e-09
5.06515e-08
1.88596e-09
5.06516e-08
1.85485e-09
5.06507e-08
1.82528e-09
5.0649e-08
1.79783e-09
5.06466e-08
1.7715e-09
5.06435e-08
1.74705e-09
5.06399e-08
1.72339e-09
5.06359e-08
1.70146e-09
5.06315e-08
1.68006e-09
5.06267e-08
1.66029e-09
5.06217e-08
1.6408e-09
5.06165e-08
1.62286e-09
5.0611e-08
1.60499e-09
5.06053e-08
1.58863e-09
5.05995e-08
1.57211e-09
5.05935e-08
1.55712e-09
5.05874e-08
1.54177e-09
5.05811e-08
1.52798e-09
5.05746e-08
1.51364e-09
5.0568e-08
1.50092e-09
5.05612e-08
1.48746e-09
5.05542e-08
1.47571e-09
5.05471e-08
1.46302e-09
5.05396e-08
1.45216e-09
5.0532e-08
1.44016e-09
5.05241e-08
1.43013e-09
5.0516e-08
1.41872e-09
5.05075e-08
1.40946e-09
5.04987e-08
1.3986e-09
5.04895e-08
1.39007e-09
5.048e-08
1.37968e-09
5.047e-08
1.37184e-09
5.04597e-08
1.36188e-09
5.04487e-08
1.3547e-09
5.04374e-08
1.34511e-09
5.04254e-08
1.33857e-09
5.04129e-08
1.3293e-09
5.03996e-08
1.32337e-09
5.03858e-08
1.31438e-09
5.03713e-08
1.30904e-09
5.0356e-08
1.30027e-09
5.034e-08
1.29551e-09
5.03231e-08
1.28694e-09
5.03054e-08
1.28274e-09
5.02868e-08
1.27431e-09
5.02673e-08
1.27066e-09
5.02469e-08
1.26235e-09
5.02254e-08
1.25924e-09
5.02029e-08
1.251e-09
5.01794e-08
1.24843e-09
5.01548e-08
1.24024e-09
5.01291e-08
1.23819e-09
5.01021e-08
1.23002e-09
5.00741e-08
1.22849e-09
5.00446e-08
1.22032e-09
5.00142e-08
1.21932e-09
4.99822e-08
1.21115e-09
4.99492e-08
1.21067e-09
4.99145e-08
1.20249e-09
4.98789e-08
1.20254e-09
4.98414e-08
1.19437e-09
4.98031e-08
1.19496e-09
4.97627e-08
1.18682e-09
4.97215e-08
1.18796e-09
4.96782e-08
1.17992e-09
4.96341e-08
1.18162e-09
4.95876e-08
1.17377e-09
4.95406e-08
1.17605e-09
4.94909e-08
1.16852e-09
4.94408e-08
1.17144e-09
4.93879e-08
1.16439e-09
4.93346e-08
1.16804e-09
4.92784e-08
1.16172e-09
4.92218e-08
1.16624e-09
4.91622e-08
1.16101e-09
4.91023e-08
1.16666e-09
4.90393e-08
1.16292e-09
4.89761e-08
1.16994e-09
1.16805e-09
5.12519e-08
1.79099e-09
-5.11952e-08
5.13304e-08
1.96054e-09
5.14298e-08
2.1106e-09
5.15472e-08
2.24592e-09
5.16763e-08
2.35821e-09
5.18078e-08
2.43834e-09
5.19323e-08
2.482e-09
5.20439e-08
2.49085e-09
5.21402e-08
2.47193e-09
5.22213e-08
2.43358e-09
5.2288e-08
2.38393e-09
5.23416e-08
2.32832e-09
5.23834e-08
2.27106e-09
5.24155e-08
2.21451e-09
5.24399e-08
2.16112e-09
5.24587e-08
2.11145e-09
5.24732e-08
2.06613e-09
5.24843e-08
2.02417e-09
5.24926e-08
1.98558e-09
5.24986e-08
1.94922e-09
5.25027e-08
1.91548e-09
5.25052e-08
1.88341e-09
5.25064e-08
1.85363e-09
5.25066e-08
1.82513e-09
5.25058e-08
1.79865e-09
5.25042e-08
1.7731e-09
5.25019e-08
1.74937e-09
5.2499e-08
1.72627e-09
5.24956e-08
1.70486e-09
5.24918e-08
1.68383e-09
5.24877e-08
1.66443e-09
5.24833e-08
1.64519e-09
5.24786e-08
1.62751e-09
5.24738e-08
1.60979e-09
5.24688e-08
1.59361e-09
5.24638e-08
1.57719e-09
5.24586e-08
1.56232e-09
5.24533e-08
1.54702e-09
5.2448e-08
1.53332e-09
5.24426e-08
1.51899e-09
5.24372e-08
1.50634e-09
5.24318e-08
1.49287e-09
5.24264e-08
1.48117e-09
5.24209e-08
1.46848e-09
5.24154e-08
1.45766e-09
5.24099e-08
1.44566e-09
5.24044e-08
1.43567e-09
5.23988e-08
1.42428e-09
5.23932e-08
1.41507e-09
5.23875e-08
1.40425e-09
5.23818e-08
1.39578e-09
5.2376e-08
1.38547e-09
5.23702e-08
1.3777e-09
5.23642e-08
1.36786e-09
5.23581e-08
1.36077e-09
5.23519e-08
1.35134e-09
5.23456e-08
1.34491e-09
5.2339e-08
1.33587e-09
5.23323e-08
1.33007e-09
5.23253e-08
1.32136e-09
5.23182e-08
1.31617e-09
5.23107e-08
1.30777e-09
5.2303e-08
1.30318e-09
5.22949e-08
1.29505e-09
5.22866e-08
1.29103e-09
5.22778e-08
1.28315e-09
5.22687e-08
1.2797e-09
5.2259e-08
1.27203e-09
5.22492e-08
1.26912e-09
5.22385e-08
1.26164e-09
5.22277e-08
1.25927e-09
5.2216e-08
1.25195e-09
5.22041e-08
1.2501e-09
5.21911e-08
1.24294e-09
5.2178e-08
1.2416e-09
5.21638e-08
1.23458e-09
5.21494e-08
1.23375e-09
5.21336e-08
1.22686e-09
5.21178e-08
1.22653e-09
5.21005e-08
1.2198e-09
5.2083e-08
1.21997e-09
5.2064e-08
1.21341e-09
5.20449e-08
1.21407e-09
5.2024e-08
1.20773e-09
5.2003e-08
1.20889e-09
5.19801e-08
1.20282e-09
5.19572e-08
1.2045e-09
5.19322e-08
1.19879e-09
5.19073e-08
1.20102e-09
5.188e-08
1.19579e-09
5.18528e-08
1.19864e-09
5.18231e-08
1.19404e-09
5.17936e-08
1.19761e-09
5.17614e-08
1.19388e-09
5.17293e-08
1.19833e-09
5.16946e-08
1.19577e-09
5.16598e-08
1.20137e-09
5.16224e-08
1.20035e-09
5.1585e-08
1.20738e-09
1.20819e-09
5.32292e-08
1.73689e-09
-5.31751e-08
5.33015e-08
1.88826e-09
5.33912e-08
2.02098e-09
5.34957e-08
2.14136e-09
5.36107e-08
2.24321e-09
5.37292e-08
2.31988e-09
5.38438e-08
2.36742e-09
5.39487e-08
2.38587e-09
5.40411e-08
2.37962e-09
5.412e-08
2.35461e-09
5.41862e-08
2.31773e-09
5.42407e-08
2.27387e-09
5.42845e-08
2.22719e-09
5.43193e-08
2.17976e-09
5.43466e-08
2.13383e-09
5.4368e-08
2.08999e-09
5.43849e-08
2.04925e-09
5.43982e-08
2.01092e-09
5.44084e-08
1.97534e-09
5.44162e-08
1.94148e-09
5.44218e-08
1.90986e-09
5.44256e-08
1.87954e-09
5.4428e-08
1.85124e-09
5.44292e-08
1.82398e-09
5.44293e-08
1.79857e-09
5.44285e-08
1.77392e-09
5.44269e-08
1.75096e-09
5.44246e-08
1.72852e-09
5.44218e-08
1.70767e-09
5.44185e-08
1.68711e-09
5.44149e-08
1.6681e-09
5.44109e-08
1.64917e-09
5.44066e-08
1.63176e-09
5.44022e-08
1.61425e-09
5.43976e-08
1.59824e-09
5.43928e-08
1.58195e-09
5.43879e-08
1.56718e-09
5.4383e-08
1.55195e-09
5.4378e-08
1.53829e-09
5.4373e-08
1.52401e-09
5.4368e-08
1.51134e-09
5.4363e-08
1.4979e-09
5.4358e-08
1.48616e-09
5.4353e-08
1.47347e-09
5.43481e-08
1.46258e-09
5.43432e-08
1.45058e-09
5.43383e-08
1.4405e-09
5.43335e-08
1.42912e-09
5.43288e-08
1.4198e-09
5.4324e-08
1.409e-09
5.43194e-08
1.4004e-09
5.43147e-08
1.39014e-09
5.43102e-08
1.38223e-09
5.43056e-08
1.37245e-09
5.43011e-08
1.36522e-09
5.42966e-08
1.3559e-09
5.42922e-08
1.3493e-09
5.42877e-08
1.34041e-09
5.42833e-08
1.33443e-09
5.42787e-08
1.32593e-09
5.42744e-08
1.32055e-09
5.42697e-08
1.31241e-09
5.42653e-08
1.30761e-09
5.42606e-08
1.29981e-09
5.4256e-08
1.29558e-09
5.42511e-08
1.28809e-09
5.42464e-08
1.28441e-09
5.42412e-08
1.27722e-09
5.42362e-08
1.27407e-09
5.42307e-08
1.26715e-09
5.42255e-08
1.26452e-09
5.42195e-08
1.25787e-09
5.42139e-08
1.25574e-09
5.42075e-08
1.24934e-09
5.42014e-08
1.24771e-09
5.41944e-08
1.24156e-09
5.41878e-08
1.24041e-09
5.41801e-08
1.23452e-09
5.41728e-08
1.23384e-09
5.41644e-08
1.22823e-09
5.41563e-08
1.22803e-09
5.4147e-08
1.22271e-09
5.41381e-08
1.22299e-09
5.41278e-08
1.21802e-09
5.41179e-08
1.21879e-09
5.41065e-08
1.21421e-09
5.40955e-08
1.21549e-09
5.40829e-08
1.2114e-09
5.40707e-08
1.21324e-09
5.40568e-08
1.20974e-09
5.40432e-08
1.21222e-09
5.40278e-08
1.20946e-09
5.40127e-08
1.2127e-09
5.39956e-08
1.21088e-09
5.39789e-08
1.21508e-09
5.39602e-08
1.21448e-09
5.39417e-08
1.21989e-09
5.39212e-08
1.22083e-09
5.39008e-08
1.22777e-09
1.23049e-09
5.52732e-08
1.68545e-09
-5.52218e-08
5.53399e-08
1.82158e-09
5.54211e-08
1.9398e-09
5.55148e-08
2.04764e-09
5.56176e-08
2.14041e-09
5.57244e-08
2.21313e-09
5.58293e-08
2.26252e-09
5.59273e-08
2.28781e-09
5.60153e-08
2.29168e-09
5.60918e-08
2.27809e-09
5.6157e-08
2.25251e-09
5.62117e-08
2.21917e-09
5.62569e-08
2.18202e-09
5.62936e-08
2.143e-09
5.63233e-08
2.10422e-09
5.6347e-08
2.06623e-09
5.63661e-08
2.03019e-09
5.63813e-08
1.99568e-09
5.63934e-08
1.96326e-09
5.64028e-08
1.93209e-09
5.64099e-08
1.90274e-09
5.64151e-08
1.87435e-09
5.64186e-08
1.84767e-09
5.64208e-08
1.8218e-09
5.64218e-08
1.79755e-09
5.64218e-08
1.77392e-09
5.6421e-08
1.75182e-09
5.64194e-08
1.73012e-09
5.64172e-08
1.70989e-09
5.64144e-08
1.68988e-09
5.64112e-08
1.67128e-09
5.64076e-08
1.65276e-09
5.64038e-08
1.63562e-09
5.63996e-08
1.61839e-09
5.63953e-08
1.60255e-09
5.63908e-08
1.58646e-09
5.63862e-08
1.57176e-09
5.63815e-08
1.55668e-09
5.63768e-08
1.54302e-09
5.63719e-08
1.52884e-09
5.63671e-08
1.51613e-09
5.63623e-08
1.50276e-09
5.63575e-08
1.49093e-09
5.63527e-08
1.47829e-09
5.6348e-08
1.46728e-09
5.63432e-08
1.45532e-09
5.63386e-08
1.44509e-09
5.6334e-08
1.43375e-09
5.63296e-08
1.42425e-09
5.63251e-08
1.4135e-09
5.63208e-08
1.40469e-09
5.63164e-08
1.39449e-09
5.63123e-08
1.38635e-09
5.63081e-08
1.37666e-09
5.63041e-08
1.36917e-09
5.63001e-08
1.35996e-09
5.62963e-08
1.35309e-09
5.62924e-08
1.34433e-09
5.62887e-08
1.33806e-09
5.62849e-08
1.32973e-09
5.62814e-08
1.32404e-09
5.62777e-08
1.31611e-09
5.62744e-08
1.31098e-09
5.62707e-08
1.30344e-09
5.62675e-08
1.29885e-09
5.62639e-08
1.29168e-09
5.62607e-08
1.28761e-09
5.62571e-08
1.28079e-09
5.62539e-08
1.27724e-09
5.62503e-08
1.27075e-09
5.62472e-08
1.2677e-09
5.62435e-08
1.26154e-09
5.62403e-08
1.25897e-09
5.62365e-08
1.25314e-09
5.62331e-08
1.25104e-09
5.62292e-08
1.24552e-09
5.62257e-08
1.24389e-09
5.62215e-08
1.23872e-09
5.62178e-08
1.23755e-09
5.62133e-08
1.23272e-09
5.62093e-08
1.23202e-09
5.62044e-08
1.22758e-09
5.62001e-08
1.22736e-09
5.61947e-08
1.22333e-09
5.61899e-08
1.2236e-09
5.61841e-08
1.22004e-09
5.61787e-08
1.22085e-09
5.61723e-08
1.21783e-09
5.61663e-08
1.21924e-09
5.61592e-08
1.21687e-09
5.61524e-08
1.21897e-09
5.61445e-08
1.21739e-09
5.61369e-08
1.22032e-09
5.61281e-08
1.21971e-09
5.61195e-08
1.22367e-09
5.61097e-08
1.22428e-09
5.61e-08
1.22954e-09
5.60892e-08
1.23167e-09
5.60784e-08
1.23853e-09
1.24242e-09
5.73869e-08
1.6367e-09
-5.73382e-08
5.74485e-08
1.76e-09
5.75223e-08
1.86603e-09
5.76067e-08
1.96327e-09
5.76989e-08
2.04815e-09
5.77952e-08
2.11686e-09
5.7891e-08
2.16675e-09
5.7982e-08
2.19676e-09
5.80652e-08
2.20847e-09
5.81389e-08
2.20439e-09
5.82027e-08
2.18868e-09
5.82572e-08
2.16475e-09
5.8303e-08
2.13619e-09
5.83411e-08
2.10488e-09
5.83725e-08
2.07282e-09
5.83982e-08
2.04054e-09
5.84192e-08
2.00923e-09
5.84362e-08
1.97866e-09
5.84499e-08
1.94951e-09
5.84609e-08
1.92116e-09
5.84694e-08
1.89419e-09
5.84759e-08
1.86789e-09
5.84806e-08
1.84294e-09
5.84838e-08
1.81859e-09
5.84858e-08
1.7956e-09
5.84866e-08
1.7731e-09
5.84865e-08
1.75192e-09
5.84855e-08
1.73107e-09
5.84839e-08
1.71149e-09
5.84817e-08
1.69211e-09
5.8479e-08
1.67398e-09
5.84758e-08
1.65591e-09
5.84724e-08
1.63908e-09
5.84686e-08
1.62219e-09
5.84646e-08
1.60653e-09
5.84604e-08
1.59068e-09
5.84561e-08
1.57608e-09
5.84516e-08
1.56117e-09
5.8447e-08
1.54754e-09
5.84424e-08
1.53348e-09
5.84378e-08
1.52073e-09
5.84331e-08
1.50746e-09
5.84285e-08
1.49554e-09
5.84238e-08
1.48298e-09
5.84193e-08
1.47184e-09
5.84146e-08
1.45994e-09
5.84102e-08
1.44954e-09
5.84057e-08
1.43827e-09
5.84014e-08
1.42856e-09
5.8397e-08
1.41788e-09
5.83928e-08
1.40885e-09
5.83886e-08
1.39871e-09
5.83846e-08
1.39033e-09
5.83806e-08
1.38072e-09
5.83768e-08
1.37296e-09
5.83729e-08
1.36385e-09
5.83693e-08
1.35669e-09
5.83656e-08
1.34806e-09
5.83622e-08
1.34147e-09
5.83586e-08
1.33329e-09
5.83554e-08
1.32727e-09
5.8352e-08
1.31952e-09
5.83489e-08
1.31403e-09
5.83456e-08
1.3067e-09
5.83427e-08
1.30174e-09
5.83396e-08
1.29481e-09
5.83369e-08
1.29036e-09
5.83338e-08
1.28382e-09
5.83312e-08
1.27987e-09
5.83283e-08
1.27369e-09
5.83257e-08
1.27022e-09
5.83229e-08
1.26442e-09
5.83204e-08
1.26142e-09
5.83176e-08
1.25598e-09
5.83152e-08
1.25345e-09
5.83123e-08
1.24837e-09
5.83099e-08
1.24629e-09
5.8307e-08
1.2416e-09
5.83046e-08
1.23998e-09
5.83016e-08
1.23568e-09
5.82991e-08
1.23454e-09
5.82961e-08
1.23065e-09
5.82934e-08
1.23e-09
5.82902e-08
1.22657e-09
5.82873e-08
1.22644e-09
5.82839e-08
1.2235e-09
5.82808e-08
1.22395e-09
5.8277e-08
1.22158e-09
5.82736e-08
1.22266e-09
5.82695e-08
1.22097e-09
5.82657e-08
1.22279e-09
5.82612e-08
1.2219e-09
5.82569e-08
1.22462e-09
5.82519e-08
1.22471e-09
5.8247e-08
1.22852e-09
5.82415e-08
1.22982e-09
5.8236e-08
1.23499e-09
5.82299e-08
1.23779e-09
5.82238e-08
1.24462e-09
1.24914e-09
5.95733e-08
1.59064e-09
-5.95273e-08
5.96302e-08
1.70312e-09
5.96974e-08
1.79882e-09
5.97736e-08
1.88707e-09
5.98567e-08
1.96508e-09
5.99436e-08
2.02989e-09
6.00309e-08
2.07945e-09
6.01151e-08
2.11261e-09
6.01933e-08
2.13026e-09
6.02638e-08
2.13392e-09
6.03258e-08
2.12664e-09
6.03795e-08
2.11104e-09
6.04255e-08
2.09024e-09
6.04644e-08
2.06597e-09
6.04971e-08
2.04015e-09
6.05243e-08
2.01334e-09
6.05468e-08
1.98668e-09
6.05654e-08
1.96008e-09
6.05806e-08
1.93428e-09
6.0593e-08
1.90883e-09
6.06028e-08
1.88433e-09
6.06105e-08
1.86021e-09
6.06163e-08
1.8371e-09
6.06206e-08
1.81438e-09
6.06234e-08
1.79274e-09
6.06251e-08
1.77145e-09
6.06257e-08
1.75126e-09
6.06255e-08
1.73133e-09
6.06245e-08
1.71248e-09
6.06228e-08
1.69378e-09
6.06206e-08
1.67616e-09
6.06179e-08
1.65861e-09
6.06149e-08
1.64212e-09
6.06115e-08
1.62561e-09
6.06078e-08
1.61016e-09
6.06039e-08
1.5946e-09
6.05999e-08
1.58012e-09
6.05956e-08
1.56541e-09
6.05914e-08
1.55181e-09
6.05869e-08
1.53791e-09
6.05825e-08
1.52513e-09
6.0578e-08
1.51197e-09
6.05736e-08
1.49997e-09
6.05691e-08
1.4875e-09
6.05647e-08
1.47624e-09
6.05602e-08
1.46441e-09
6.05559e-08
1.45386e-09
6.05515e-08
1.44265e-09
6.05473e-08
1.43277e-09
6.0543e-08
1.42214e-09
6.0539e-08
1.4129e-09
6.05349e-08
1.40282e-09
6.0531e-08
1.39422e-09
6.0527e-08
1.38467e-09
6.05233e-08
1.37666e-09
6.05196e-08
1.36763e-09
6.0516e-08
1.3602e-09
6.05124e-08
1.35166e-09
6.05091e-08
1.3448e-09
6.05057e-08
1.33672e-09
6.05025e-08
1.33041e-09
6.04993e-08
1.32278e-09
6.04963e-08
1.31699e-09
6.04932e-08
1.3098e-09
6.04904e-08
1.30453e-09
6.04875e-08
1.29776e-09
6.04849e-08
1.29299e-09
6.04821e-08
1.28662e-09
6.04796e-08
1.28235e-09
6.04769e-08
1.27637e-09
6.04745e-08
1.27258e-09
6.0472e-08
1.267e-09
6.04697e-08
1.26366e-09
6.04672e-08
1.25847e-09
6.04651e-08
1.2556e-09
6.04627e-08
1.25079e-09
6.04606e-08
1.24839e-09
6.04582e-08
1.24398e-09
6.04561e-08
1.24205e-09
6.04538e-08
1.23804e-09
6.04517e-08
1.2366e-09
6.04493e-08
1.23304e-09
6.04472e-08
1.23211e-09
6.04448e-08
1.22901e-09
6.04426e-08
1.22863e-09
6.044e-08
1.22605e-09
6.04377e-08
1.22627e-09
6.0435e-08
1.22427e-09
6.04325e-08
1.22516e-09
6.04296e-08
1.22384e-09
6.04269e-08
1.22553e-09
6.04238e-08
1.22502e-09
6.04208e-08
1.22764e-09
6.04174e-08
1.22811e-09
6.0414e-08
1.23188e-09
6.04103e-08
1.23355e-09
6.04065e-08
1.23872e-09
6.04025e-08
1.24185e-09
6.03984e-08
1.24869e-09
1.25354e-09
6.18354e-08
1.54741e-09
-6.17921e-08
6.1888e-08
1.65054e-09
6.19493e-08
1.73748e-09
6.20183e-08
1.81808e-09
6.20933e-08
1.89008e-09
6.2172e-08
1.95121e-09
6.22515e-08
1.99993e-09
6.2329e-08
2.03511e-09
6.24021e-08
2.05718e-09
6.2469e-08
2.06702e-09
6.25288e-08
2.0668e-09
6.25814e-08
2.05848e-09
6.2627e-08
2.04462e-09
6.26662e-08
2.02677e-09
6.26996e-08
2.00671e-09
6.27279e-08
1.98505e-09
6.27517e-08
1.96288e-09
6.27716e-08
1.9402e-09
6.27881e-08
1.91776e-09
6.28017e-08
1.89525e-09
6.28127e-08
1.87329e-09
6.28215e-08
1.85141e-09
6.28284e-08
1.83022e-09
6.28336e-08
1.8092e-09
6.28373e-08
1.78899e-09
6.28398e-08
1.76899e-09
6.28412e-08
1.74986e-09
6.28416e-08
1.7309e-09
6.28413e-08
1.71284e-09
6.28402e-08
1.69488e-09
6.28385e-08
1.67782e-09
6.28363e-08
1.66082e-09
6.28337e-08
1.64473e-09
6.28307e-08
1.62863e-09
6.28274e-08
1.61344e-09
6.28238e-08
1.59817e-09
6.28201e-08
1.58384e-09
6.28161e-08
1.56936e-09
6.28121e-08
1.55583e-09
6.28079e-08
1.54209e-09
6.28038e-08
1.52932e-09
6.27995e-08
1.51626e-09
6.27952e-08
1.50422e-09
6.27909e-08
1.49183e-09
6.27866e-08
1.48049e-09
6.27823e-08
1.46871e-09
6.27782e-08
1.45804e-09
6.27739e-08
1.44687e-09
6.27699e-08
1.43684e-09
6.27658e-08
1.42625e-09
6.27618e-08
1.41684e-09
6.27578e-08
1.4068e-09
6.2754e-08
1.398e-09
6.27502e-08
1.38848e-09
6.27466e-08
1.38028e-09
6.2743e-08
1.37128e-09
6.27395e-08
1.36364e-09
6.2736e-08
1.35514e-09
6.27328e-08
1.34806e-09
6.27295e-08
1.34003e-09
6.27264e-08
1.33349e-09
6.27233e-08
1.32591e-09
6.27204e-08
1.3199e-09
6.27174e-08
1.31277e-09
6.27147e-08
1.30726e-09
6.27118e-08
1.30057e-09
6.27093e-08
1.29556e-09
6.27066e-08
1.28928e-09
6.27042e-08
1.28477e-09
6.27016e-08
1.2789e-09
6.26994e-08
1.27487e-09
6.26969e-08
1.26941e-09
6.26948e-08
1.26585e-09
6.26924e-08
1.26078e-09
6.26904e-08
1.25769e-09
6.26881e-08
1.25302e-09
6.26861e-08
1.2504e-09
6.2684e-08
1.24614e-09
6.2682e-08
1.24401e-09
6.26799e-08
1.24016e-09
6.26779e-08
1.23854e-09
6.26758e-08
1.23515e-09
6.26739e-08
1.23406e-09
6.26718e-08
1.23114e-09
6.26698e-08
1.23062e-09
6.26676e-08
1.22823e-09
6.26655e-08
1.22834e-09
6.26632e-08
1.22654e-09
6.2661e-08
1.22736e-09
6.26586e-08
1.22625e-09
6.26562e-08
1.22789e-09
6.26537e-08
1.22759e-09
6.26511e-08
1.23022e-09
6.26483e-08
1.2309e-09
6.26455e-08
1.23469e-09
6.26425e-08
1.23657e-09
6.26394e-08
1.24178e-09
6.26362e-08
1.2451e-09
6.26329e-08
1.25198e-09
1.25699e-09
6.4176e-08
1.50716e-09
-6.41358e-08
6.42248e-08
1.60175e-09
6.42808e-08
1.68152e-09
6.43433e-08
1.75551e-09
6.44112e-08
1.82215e-09
6.44825e-08
1.87992e-09
6.45549e-08
1.92756e-09
6.46261e-08
1.96394e-09
6.4694e-08
1.98925e-09
6.47571e-08
2.00394e-09
6.48143e-08
2.00956e-09
6.48653e-08
2.00749e-09
6.49102e-08
1.99977e-09
6.49492e-08
1.98771e-09
6.4983e-08
1.97294e-09
6.5012e-08
1.9561e-09
6.50367e-08
1.93819e-09
6.50575e-08
1.91931e-09
6.50751e-08
1.90019e-09
6.50897e-08
1.88062e-09
6.51018e-08
1.8612e-09
6.51116e-08
1.8416e-09
6.51195e-08
1.82238e-09
6.51256e-08
1.80312e-09
6.51301e-08
1.78441e-09
6.51334e-08
1.76575e-09
6.51355e-08
1.74774e-09
6.51366e-08
1.72981e-09
6.51369e-08
1.71258e-09
6.51363e-08
1.6954e-09
6.51352e-08
1.67896e-09
6.51335e-08
1.66255e-09
6.51313e-08
1.64689e-09
6.51287e-08
1.63122e-09
6.51258e-08
1.61633e-09
6.51226e-08
1.60139e-09
6.51192e-08
1.58725e-09
6.51156e-08
1.57299e-09
6.51118e-08
1.55957e-09
6.51079e-08
1.54599e-09
6.5104e-08
1.53326e-09
6.50999e-08
1.52031e-09
6.50959e-08
1.50826e-09
6.50918e-08
1.49593e-09
6.50877e-08
1.48454e-09
6.50836e-08
1.47281e-09
6.50796e-08
1.46206e-09
6.50756e-08
1.45091e-09
6.50716e-08
1.44078e-09
6.50677e-08
1.43019e-09
6.50639e-08
1.42066e-09
6.50601e-08
1.41061e-09
6.50564e-08
1.40167e-09
6.50527e-08
1.39215e-09
6.50492e-08
1.38379e-09
6.50457e-08
1.37479e-09
6.50424e-08
1.36699e-09
6.5039e-08
1.35848e-09
6.50359e-08
1.35123e-09
6.50327e-08
1.3432e-09
6.50297e-08
1.33649e-09
6.50267e-08
1.32892e-09
6.50238e-08
1.32273e-09
6.5021e-08
1.31561e-09
6.50183e-08
1.30993e-09
6.50156e-08
1.30325e-09
6.50131e-08
1.29808e-09
6.50106e-08
1.29182e-09
6.50082e-08
1.28715e-09
6.50058e-08
1.28131e-09
6.50036e-08
1.27712e-09
6.50013e-08
1.2717e-09
6.49991e-08
1.26798e-09
6.4997e-08
1.26296e-09
6.49949e-08
1.25973e-09
6.49928e-08
1.25511e-09
6.49909e-08
1.25236e-09
6.49888e-08
1.24816e-09
6.49869e-08
1.24591e-09
6.4985e-08
1.24214e-09
6.49831e-08
1.24042e-09
6.49811e-08
1.23711e-09
6.49792e-08
1.23594e-09
6.49773e-08
1.23312e-09
6.49753e-08
1.23254e-09
6.49733e-08
1.23025e-09
6.49713e-08
1.23033e-09
6.49693e-08
1.22864e-09
6.49672e-08
1.22945e-09
6.4965e-08
1.22845e-09
6.49627e-08
1.23011e-09
6.49604e-08
1.22994e-09
6.4958e-08
1.23261e-09
6.49555e-08
1.23343e-09
6.49529e-08
1.23728e-09
6.49502e-08
1.2393e-09
6.49474e-08
1.24456e-09
6.49445e-08
1.24801e-09
6.49415e-08
1.25494e-09
1.26006e-09
6.65989e-08
1.46436e-09
-6.65561e-08
6.66438e-08
1.55683e-09
6.66946e-08
1.63075e-09
6.67516e-08
1.6985e-09
6.68133e-08
1.76047e-09
6.68779e-08
1.8153e-09
6.69437e-08
1.86174e-09
6.70089e-08
1.89874e-09
6.70718e-08
1.92638e-09
6.71309e-08
1.94486e-09
6.71852e-08
1.95523e-09
6.72342e-08
1.95844e-09
6.72779e-08
1.95608e-09
6.73164e-08
1.94922e-09
6.73501e-08
1.93928e-09
6.73793e-08
1.92687e-09
6.74045e-08
1.91297e-09
6.74261e-08
1.89773e-09
6.74445e-08
1.88182e-09
6.74599e-08
1.86514e-09
6.74729e-08
1.84826e-09
6.74836e-08
1.83094e-09
6.74922e-08
1.8137e-09
6.74991e-08
1.79623e-09
6.75045e-08
1.77905e-09
6.75085e-08
1.76177e-09
6.75113e-08
1.74494e-09
6.7513e-08
1.72806e-09
6.75139e-08
1.71172e-09
6.75139e-08
1.69535e-09
6.75133e-08
1.67957e-09
6.75121e-08
1.66377e-09
6.75104e-08
1.6486e-09
6.75082e-08
1.63338e-09
6.75057e-08
1.61883e-09
6.75029e-08
1.60422e-09
6.74998e-08
1.59031e-09
6.74965e-08
1.57629e-09
6.74931e-08
1.56301e-09
6.74895e-08
1.54959e-09
6.74858e-08
1.53693e-09
6.7482e-08
1.52409e-09
6.74782e-08
1.51206e-09
6.74744e-08
1.4998e-09
6.74705e-08
1.48839e-09
6.74666e-08
1.47669e-09
6.74628e-08
1.46588e-09
6.7459e-08
1.45474e-09
6.74552e-08
1.44453e-09
6.74515e-08
1.43394e-09
6.74478e-08
1.42431e-09
6.74442e-08
1.41425e-09
6.74407e-08
1.4052e-09
6.74372e-08
1.39565e-09
6.74338e-08
1.38717e-09
6.74304e-08
1.37813e-09
6.74272e-08
1.37021e-09
6.7424e-08
1.36167e-09
6.7421e-08
1.35429e-09
6.74179e-08
1.34623e-09
6.74151e-08
1.33939e-09
6.74122e-08
1.33179e-09
6.74094e-08
1.32547e-09
6.74067e-08
1.31832e-09
6.74042e-08
1.31251e-09
6.74016e-08
1.30581e-09
6.73992e-08
1.30051e-09
6.73968e-08
1.29424e-09
6.73945e-08
1.28944e-09
6.73922e-08
1.28359e-09
6.739e-08
1.27929e-09
6.73878e-08
1.27386e-09
6.73858e-08
1.27004e-09
6.73837e-08
1.26503e-09
6.73817e-08
1.2617e-09
6.73798e-08
1.25709e-09
6.73779e-08
1.25426e-09
6.7376e-08
1.25007e-09
6.73741e-08
1.24776e-09
6.73723e-08
1.24401e-09
6.73704e-08
1.24223e-09
6.73686e-08
1.23896e-09
6.73668e-08
1.23775e-09
6.73649e-08
1.23498e-09
6.73631e-08
1.23438e-09
6.73612e-08
1.23215e-09
6.73593e-08
1.23223e-09
6.73573e-08
1.23061e-09
6.73553e-08
1.23144e-09
6.73532e-08
1.23053e-09
6.73511e-08
1.23223e-09
6.73489e-08
1.23216e-09
6.73466e-08
1.23488e-09
6.73442e-08
1.2358e-09
6.73418e-08
1.23972e-09
6.73392e-08
1.24185e-09
6.73366e-08
1.24718e-09
6.73339e-08
1.25073e-09
6.73311e-08
1.25771e-09
1.2629e-09
6.91123e-08
1.46795e-09
-6.91159e-08
6.91469e-08
1.52221e-09
6.91939e-08
1.5838e-09
6.92463e-08
1.64605e-09
6.93022e-08
1.70457e-09
6.93607e-08
1.75681e-09
6.94205e-08
1.80192e-09
6.94801e-08
1.83913e-09
6.9538e-08
1.86845e-09
6.9593e-08
1.88985e-09
6.96442e-08
1.90406e-09
6.9691e-08
1.91169e-09
6.97331e-08
1.91396e-09
6.97706e-08
1.91169e-09
6.98038e-08
1.9061e-09
6.98329e-08
1.89777e-09
6.98583e-08
1.8876e-09
6.98802e-08
1.87577e-09
6.98991e-08
1.86294e-09
6.99152e-08
1.84906e-09
6.99288e-08
1.83466e-09
6.99401e-08
1.81958e-09
6.99495e-08
1.80433e-09
6.99571e-08
1.78864e-09
6.99631e-08
1.77302e-09
6.99678e-08
1.75713e-09
6.99712e-08
1.7415e-09
6.99736e-08
1.72571e-09
6.9975e-08
1.71029e-09
6.99756e-08
1.69475e-09
6.99755e-08
1.67967e-09
6.99748e-08
1.6645e-09
6.99735e-08
1.64984e-09
6.99718e-08
1.6351e-09
6.99697e-08
1.62092e-09
6.99673e-08
1.60665e-09
6.99646e-08
1.593e-09
6.99617e-08
1.57923e-09
6.99586e-08
1.56612e-09
6.99553e-08
1.55286e-09
6.99519e-08
1.54031e-09
6.99484e-08
1.52758e-09
6.99449e-08
1.51559e-09
6.99413e-08
1.5034e-09
6.99377e-08
1.49199e-09
6.99341e-08
1.48032e-09
6.99305e-08
1.46948e-09
6.99269e-08
1.45835e-09
6.99233e-08
1.44808e-09
6.99198e-08
1.43747e-09
6.99163e-08
1.42777e-09
6.99129e-08
1.41768e-09
6.99095e-08
1.40855e-09
6.99062e-08
1.39896e-09
6.9903e-08
1.39038e-09
6.98998e-08
1.3813e-09
6.98968e-08
1.37328e-09
6.98937e-08
1.36469e-09
6.98908e-08
1.35721e-09
6.9888e-08
1.3491e-09
6.98852e-08
1.34215e-09
6.98825e-08
1.3345e-09
6.98799e-08
1.32808e-09
6.98773e-08
1.32088e-09
6.98748e-08
1.31497e-09
6.98724e-08
1.30822e-09
6.98701e-08
1.30282e-09
6.98678e-08
1.29651e-09
6.98657e-08
1.29163e-09
6.98635e-08
1.28575e-09
6.98614e-08
1.28136e-09
6.98594e-08
1.2759e-09
6.98574e-08
1.27201e-09
6.98555e-08
1.26697e-09
6.98536e-08
1.26358e-09
6.98517e-08
1.25895e-09
6.98499e-08
1.25606e-09
6.98481e-08
1.25187e-09
6.98464e-08
1.24951e-09
6.98446e-08
1.24577e-09
6.98429e-08
1.24396e-09
6.98412e-08
1.2407e-09
6.98394e-08
1.23948e-09
6.98377e-08
1.23673e-09
6.98359e-08
1.23613e-09
6.98341e-08
1.23395e-09
6.98323e-08
1.23404e-09
6.98305e-08
1.23248e-09
6.98286e-08
1.23334e-09
6.98266e-08
1.2325e-09
6.98246e-08
1.23424e-09
6.98225e-08
1.23425e-09
6.98204e-08
1.23703e-09
6.98181e-08
1.23805e-09
6.98158e-08
1.24204e-09
6.98134e-08
1.24426e-09
6.98109e-08
1.24966e-09
6.98083e-08
1.25329e-09
6.98057e-08
1.26032e-09
1.26556e-09
9.82988e-08
1.36548e-09
-9.81963e-08
9.83707e-08
1.45027e-09
9.84342e-08
1.52032e-09
9.84973e-08
1.58293e-09
9.85643e-08
1.63764e-09
9.86349e-08
1.68621e-09
9.87074e-08
1.72939e-09
9.87799e-08
1.76664e-09
9.88508e-08
1.79754e-09
9.89188e-08
1.82189e-09
9.89827e-08
1.84012e-09
9.90419e-08
1.85252e-09
9.90959e-08
1.85994e-09
9.91447e-08
1.86292e-09
9.91883e-08
1.86245e-09
9.92271e-08
1.85899e-09
9.92613e-08
1.85337e-09
9.92913e-08
1.84577e-09
9.93174e-08
1.83684e-09
9.93399e-08
1.82654e-09
9.93592e-08
1.8154e-09
9.93755e-08
1.80327e-09
9.93892e-08
1.79067e-09
9.94004e-08
1.77737e-09
9.94096e-08
1.76387e-09
9.94168e-08
1.74988e-09
9.94224e-08
1.73591e-09
9.94265e-08
1.7216e-09
9.94294e-08
1.70747e-09
9.9431e-08
1.69308e-09
9.94317e-08
1.67899e-09
9.94315e-08
1.6647e-09
9.94306e-08
1.65079e-09
9.9429e-08
1.63671e-09
9.94268e-08
1.62309e-09
9.94241e-08
1.6093e-09
9.94211e-08
1.59604e-09
9.94177e-08
1.58262e-09
9.9414e-08
1.56978e-09
9.94101e-08
1.55677e-09
9.94061e-08
1.54438e-09
9.94018e-08
1.53181e-09
9.93975e-08
1.51992e-09
9.93931e-08
1.50781e-09
9.93886e-08
1.49644e-09
9.93841e-08
1.48481e-09
9.93797e-08
1.47397e-09
9.93752e-08
1.46284e-09
9.93707e-08
1.45253e-09
9.93663e-08
1.4419e-09
9.93619e-08
1.43213e-09
9.93576e-08
1.42199e-09
9.93534e-08
1.41276e-09
9.93493e-08
1.40312e-09
9.93452e-08
1.39444e-09
9.93412e-08
1.38529e-09
9.93373e-08
1.37715e-09
9.93335e-08
1.36849e-09
9.93298e-08
1.36089e-09
9.93262e-08
1.35271e-09
9.93227e-08
1.34565e-09
9.93193e-08
1.33792e-09
9.9316e-08
1.33138e-09
9.93128e-08
1.32411e-09
9.93097e-08
1.31808e-09
9.93067e-08
1.31126e-09
9.93037e-08
1.30575e-09
9.93009e-08
1.29937e-09
9.92981e-08
1.29438e-09
9.92954e-08
1.28845e-09
9.92928e-08
1.28396e-09
9.92902e-08
1.27846e-09
9.92878e-08
1.27448e-09
9.92853e-08
1.26941e-09
9.9283e-08
1.26593e-09
9.92807e-08
1.26128e-09
9.92784e-08
1.25833e-09
9.92761e-08
1.25412e-09
9.92739e-08
1.25171e-09
9.92717e-08
1.24797e-09
9.92696e-08
1.24612e-09
9.92674e-08
1.24288e-09
9.92652e-08
1.24164e-09
9.9263e-08
1.23893e-09
9.92608e-08
1.23833e-09
9.92586e-08
1.2362e-09
9.92563e-08
1.23632e-09
9.9254e-08
1.23482e-09
9.92516e-08
1.23573e-09
9.92491e-08
1.23497e-09
9.92466e-08
1.23678e-09
9.92439e-08
1.23689e-09
9.92412e-08
1.23975e-09
9.92384e-08
1.24088e-09
9.92354e-08
1.24496e-09
9.92324e-08
1.2473e-09
9.92293e-08
1.25278e-09
9.92261e-08
1.25651e-09
9.92228e-08
1.26359e-09
1.2689e-09
1.10441e-07
1.37653e-09
-1.10452e-07
1.10464e-07
1.42768e-09
1.1051e-07
1.47433e-09
1.10568e-07
1.52434e-09
1.10632e-07
1.57394e-09
1.10698e-07
1.62015e-09
1.10765e-07
1.66214e-09
1.10833e-07
1.69937e-09
1.10899e-07
1.73133e-09
1.10963e-07
1.75779e-09
1.11024e-07
1.77908e-09
1.11081e-07
1.79528e-09
1.11134e-07
1.80698e-09
1.11183e-07
1.8145e-09
1.11226e-07
1.81859e-09
1.11266e-07
1.81958e-09
1.11301e-07
1.81819e-09
1.11332e-07
1.81459e-09
1.1136e-07
1.80939e-09
1.11384e-07
1.80256e-09
1.11404e-07
1.79462e-09
1.11422e-07
1.78544e-09
1.11437e-07
1.77551e-09
1.1145e-07
1.76464e-09
1.11461e-07
1.75332e-09
1.11469e-07
1.74129e-09
1.11476e-07
1.72906e-09
1.11481e-07
1.71631e-09
1.11485e-07
1.70355e-09
1.11488e-07
1.69038e-09
1.1149e-07
1.67736e-09
1.1149e-07
1.66401e-09
1.1149e-07
1.65092e-09
1.11489e-07
1.63756e-09
1.11488e-07
1.62454e-09
1.11486e-07
1.6113e-09
1.11484e-07
1.59848e-09
1.11481e-07
1.58545e-09
1.11478e-07
1.57292e-09
1.11474e-07
1.56018e-09
1.11471e-07
1.54801e-09
1.11467e-07
1.53561e-09
1.11463e-07
1.52385e-09
1.11459e-07
1.51186e-09
1.11455e-07
1.50054e-09
1.11451e-07
1.48898e-09
1.11446e-07
1.47815e-09
1.11442e-07
1.46703e-09
1.11438e-07
1.4567e-09
1.11434e-07
1.44604e-09
1.1143e-07
1.43622e-09
1.11426e-07
1.42604e-09
1.11422e-07
1.41675e-09
1.11418e-07
1.40704e-09
1.11414e-07
1.39828e-09
1.1141e-07
1.38905e-09
1.11406e-07
1.38083e-09
1.11403e-07
1.37209e-09
1.11399e-07
1.36439e-09
1.11396e-07
1.35612e-09
1.11393e-07
1.34896e-09
1.11389e-07
1.34115e-09
1.11386e-07
1.3345e-09
1.11383e-07
1.32715e-09
1.1138e-07
1.32102e-09
1.11377e-07
1.31412e-09
1.11375e-07
1.30851e-09
1.11372e-07
1.30206e-09
1.11369e-07
1.29698e-09
1.11367e-07
1.29098e-09
1.11364e-07
1.28641e-09
1.11362e-07
1.28086e-09
1.1136e-07
1.2768e-09
1.11357e-07
1.27168e-09
1.11355e-07
1.26814e-09
1.11353e-07
1.26346e-09
1.11351e-07
1.26045e-09
1.11349e-07
1.25622e-09
1.11347e-07
1.25376e-09
1.11345e-07
1.25001e-09
1.11343e-07
1.24814e-09
1.11341e-07
1.24491e-09
1.11339e-07
1.24366e-09
1.11337e-07
1.24098e-09
1.11335e-07
1.2404e-09
1.11332e-07
1.23831e-09
1.1133e-07
1.23845e-09
1.11328e-07
1.23703e-09
1.11326e-07
1.23798e-09
1.11324e-07
1.23731e-09
1.11321e-07
1.23918e-09
1.11319e-07
1.23939e-09
1.11316e-07
1.24232e-09
1.11313e-07
1.24357e-09
1.11311e-07
1.24772e-09
1.11308e-07
1.25017e-09
1.11305e-07
1.25572e-09
1.11302e-07
1.25956e-09
1.11299e-07
1.26668e-09
1.27205e-09
1.23947e-07
1.2948e-09
-1.23866e-07
1.24007e-07
1.36804e-09
1.24059e-07
1.42242e-09
1.24112e-07
1.47179e-09
1.24168e-07
1.51782e-09
1.24227e-07
1.56114e-09
1.24287e-07
1.6016e-09
1.24348e-07
1.63851e-09
1.24408e-07
1.67106e-09
1.24467e-07
1.69897e-09
1.24524e-07
1.72249e-09
1.24577e-07
1.7416e-09
1.24628e-07
1.75674e-09
1.24674e-07
1.76802e-09
1.24717e-07
1.77602e-09
1.24755e-07
1.78093e-09
1.2479e-07
1.78335e-09
1.24821e-07
1.7834e-09
1.24849e-07
1.78165e-09
1.24874e-07
1.77805e-09
1.24895e-07
1.77313e-09
1.24914e-07
1.76676e-09
1.2493e-07
1.75941e-09
1.24944e-07
1.75091e-09
1.24955e-07
1.74174e-09
1.24965e-07
1.73166e-09
1.24973e-07
1.72118e-09
1.24979e-07
1.70999e-09
1.24984e-07
1.69862e-09
1.24988e-07
1.6867e-09
1.2499e-07
1.67477e-09
1.24992e-07
1.6624e-09
1.24993e-07
1.65016e-09
1.24993e-07
1.63755e-09
1.24992e-07
1.62518e-09
1.24991e-07
1.6125e-09
1.24989e-07
1.60016e-09
1.24987e-07
1.58754e-09
1.24985e-07
1.57536e-09
1.24982e-07
1.56291e-09
1.24979e-07
1.55097e-09
1.24976e-07
1.53878e-09
1.24972e-07
1.52717e-09
1.24969e-07
1.51531e-09
1.24965e-07
1.50408e-09
1.24962e-07
1.49259e-09
1.24958e-07
1.48179e-09
1.24955e-07
1.4707e-09
1.24951e-07
1.46037e-09
1.24947e-07
1.44971e-09
1.24944e-07
1.43985e-09
1.2494e-07
1.42964e-09
1.24936e-07
1.42029e-09
1.24933e-07
1.41053e-09
1.2493e-07
1.4017e-09
1.24926e-07
1.39241e-09
1.24923e-07
1.3841e-09
1.2492e-07
1.37529e-09
1.24917e-07
1.36751e-09
1.24914e-07
1.35916e-09
1.24911e-07
1.3519e-09
1.24908e-07
1.34402e-09
1.24905e-07
1.33728e-09
1.24902e-07
1.32984e-09
1.249e-07
1.32362e-09
1.24897e-07
1.31665e-09
1.24895e-07
1.31095e-09
1.24892e-07
1.30443e-09
1.2489e-07
1.29927e-09
1.24888e-07
1.29321e-09
1.24886e-07
1.28857e-09
1.24884e-07
1.28295e-09
1.24882e-07
1.27883e-09
1.2488e-07
1.27367e-09
1.24878e-07
1.27007e-09
1.24876e-07
1.26535e-09
1.24874e-07
1.26229e-09
1.24872e-07
1.25804e-09
1.2487e-07
1.25555e-09
1.24868e-07
1.25179e-09
1.24867e-07
1.2499e-09
1.24865e-07
1.24668e-09
1.24863e-07
1.24543e-09
1.24861e-07
1.24277e-09
1.2486e-07
1.2422e-09
1.24858e-07
1.24016e-09
1.24856e-07
1.24033e-09
1.24854e-07
1.23897e-09
1.24852e-07
1.23996e-09
1.2485e-07
1.23937e-09
1.24848e-07
1.2413e-09
1.24846e-07
1.24161e-09
1.24843e-07
1.24461e-09
1.24841e-07
1.24596e-09
1.24838e-07
1.25019e-09
1.24836e-07
1.25274e-09
1.24833e-07
1.25835e-09
1.2483e-07
1.26227e-09
1.24828e-07
1.26945e-09
1.27487e-09
1.39168e-07
1.26849e-09
-1.39141e-07
1.39202e-07
1.33338e-09
1.39246e-07
1.37831e-09
1.39295e-07
1.4236e-09
1.39344e-07
1.46796e-09
1.39395e-07
1.51007e-09
1.39448e-07
1.54953e-09
1.395e-07
1.58577e-09
1.39553e-07
1.61841e-09
1.39605e-07
1.6472e-09
1.39655e-07
1.67227e-09
1.39703e-07
1.69353e-09
1.39748e-07
1.71128e-09
1.39791e-07
1.72552e-09
1.3983e-07
1.73671e-09
1.39866e-07
1.74488e-09
1.39899e-07
1.75056e-09
1.39929e-07
1.75378e-09
1.39955e-07
1.75505e-09
1.39979e-07
1.75433e-09
1.4e-07
1.7521e-09
1.40019e-07
1.74825e-09
1.40035e-07
1.74325e-09
1.40049e-07
1.73691e-09
1.40061e-07
1.72973e-09
1.40071e-07
1.72148e-09
1.40079e-07
1.71264e-09
1.40087e-07
1.70295e-09
1.40092e-07
1.69292e-09
1.40097e-07
1.68219e-09
1.401e-07
1.67132e-09
1.40103e-07
1.65989e-09
1.40104e-07
1.64848e-09
1.40105e-07
1.63661e-09
1.40106e-07
1.62488e-09
1.40105e-07
1.61276e-09
1.40105e-07
1.60091e-09
1.40103e-07
1.58871e-09
1.40102e-07
1.57688e-09
1.401e-07
1.56473e-09
1.40098e-07
1.55305e-09
1.40096e-07
1.54107e-09
1.40093e-07
1.52963e-09
1.40091e-07
1.5179e-09
1.40088e-07
1.50678e-09
1.40085e-07
1.49538e-09
1.40082e-07
1.48464e-09
1.40079e-07
1.47358e-09
1.40077e-07
1.46327e-09
1.40074e-07
1.45261e-09
1.40071e-07
1.44274e-09
1.40068e-07
1.4325e-09
1.40065e-07
1.42311e-09
1.40062e-07
1.41332e-09
1.4006e-07
1.40443e-09
1.40057e-07
1.39509e-09
1.40054e-07
1.38672e-09
1.40052e-07
1.37785e-09
1.40049e-07
1.36999e-09
1.40047e-07
1.36158e-09
1.40044e-07
1.35425e-09
1.40042e-07
1.34629e-09
1.4004e-07
1.33948e-09
1.40038e-07
1.33197e-09
1.40036e-07
1.32567e-09
1.40034e-07
1.31863e-09
1.40032e-07
1.31286e-09
1.4003e-07
1.30628e-09
1.40028e-07
1.30105e-09
1.40027e-07
1.29493e-09
1.40025e-07
1.29023e-09
1.40023e-07
1.28456e-09
1.40022e-07
1.28039e-09
1.4002e-07
1.27518e-09
1.40019e-07
1.27154e-09
1.40017e-07
1.26678e-09
1.40016e-07
1.26369e-09
1.40015e-07
1.25941e-09
1.40013e-07
1.2569e-09
1.40012e-07
1.25313e-09
1.40011e-07
1.25123e-09
1.40009e-07
1.24801e-09
1.40008e-07
1.24677e-09
1.40006e-07
1.24413e-09
1.40005e-07
1.24358e-09
1.40004e-07
1.24158e-09
1.40002e-07
1.24178e-09
1.40001e-07
1.24047e-09
1.39999e-07
1.24151e-09
1.39998e-07
1.24099e-09
1.39996e-07
1.24298e-09
1.39994e-07
1.24336e-09
1.39992e-07
1.24644e-09
1.3999e-07
1.24787e-09
1.39988e-07
1.25218e-09
1.39986e-07
1.2548e-09
1.39984e-07
1.26047e-09
1.39982e-07
1.26442e-09
1.3998e-07
1.27171e-09
1.27715e-09
1.5619e-07
1.22272e-09
-1.56144e-07
1.56237e-07
1.28684e-09
1.56279e-07
1.33646e-09
1.56318e-07
1.38393e-09
1.56358e-07
1.42804e-09
1.56399e-07
1.46903e-09
1.56441e-07
1.50746e-09
1.56484e-07
1.54301e-09
1.56527e-07
1.57557e-09
1.56569e-07
1.60485e-09
1.56611e-07
1.63092e-09
1.5665e-07
1.65363e-09
1.56688e-07
1.67323e-09
1.56724e-07
1.68963e-09
1.56758e-07
1.70319e-09
1.56789e-07
1.71387e-09
1.56817e-07
1.72209e-09
1.56843e-07
1.72783e-09
1.56867e-07
1.73153e-09
1.56888e-07
1.73314e-09
1.56907e-07
1.73311e-09
1.56924e-07
1.73134e-09
1.56939e-07
1.72828e-09
1.56952e-07
1.72376e-09
1.56964e-07
1.71826e-09
1.56973e-07
1.71154e-09
1.56982e-07
1.70413e-09
1.56989e-07
1.69572e-09
1.56995e-07
1.68684e-09
1.57e-07
1.67716e-09
1.57004e-07
1.66723e-09
1.57008e-07
1.65664e-09
1.5701e-07
1.64597e-09
1.57012e-07
1.63475e-09
1.57013e-07
1.6236e-09
1.57014e-07
1.61199e-09
1.57014e-07
1.60058e-09
1.57014e-07
1.58876e-09
1.57014e-07
1.57726e-09
1.57013e-07
1.5654e-09
1.57012e-07
1.55396e-09
1.57011e-07
1.54218e-09
1.5701e-07
1.53091e-09
1.57009e-07
1.51933e-09
1.57007e-07
1.50832e-09
1.57005e-07
1.497e-09
1.57004e-07
1.48632e-09
1.57002e-07
1.47532e-09
1.57e-07
1.46503e-09
1.56998e-07
1.45439e-09
1.56997e-07
1.44453e-09
1.56995e-07
1.43428e-09
1.56993e-07
1.42487e-09
1.56991e-07
1.41505e-09
1.5699e-07
1.40614e-09
1.56988e-07
1.39676e-09
1.56986e-07
1.38835e-09
1.56985e-07
1.37944e-09
1.56983e-07
1.37153e-09
1.56982e-07
1.36307e-09
1.5698e-07
1.35568e-09
1.56979e-07
1.34767e-09
1.56978e-07
1.3408e-09
1.56976e-07
1.33324e-09
1.56975e-07
1.32689e-09
1.56974e-07
1.31979e-09
1.56973e-07
1.31396e-09
1.56972e-07
1.30734e-09
1.56971e-07
1.30205e-09
1.5697e-07
1.29589e-09
1.56969e-07
1.29114e-09
1.56968e-07
1.28544e-09
1.56967e-07
1.28123e-09
1.56966e-07
1.27598e-09
1.56966e-07
1.2723e-09
1.56965e-07
1.26752e-09
1.56964e-07
1.2644e-09
1.56963e-07
1.26011e-09
1.56963e-07
1.25758e-09
1.56962e-07
1.25381e-09
1.56961e-07
1.2519e-09
1.56961e-07
1.24869e-09
1.5696e-07
1.24745e-09
1.56959e-07
1.24484e-09
1.56959e-07
1.24431e-09
1.56958e-07
1.24234e-09
1.56957e-07
1.24257e-09
1.56956e-07
1.2413e-09
1.56955e-07
1.24239e-09
1.56954e-07
1.24192e-09
1.56953e-07
1.24396e-09
1.56952e-07
1.24441e-09
1.56951e-07
1.24755e-09
1.5695e-07
1.24905e-09
1.56949e-07
1.25342e-09
1.56948e-07
1.25612e-09
1.56946e-07
1.26188e-09
1.56945e-07
1.26591e-09
1.56943e-07
1.27292e-09
1.27881e-09
1.75351e-07
1.2243e-09
-1.75352e-07
1.75355e-07
1.28274e-09
1.75372e-07
1.31937e-09
1.75398e-07
1.35822e-09
1.75427e-07
1.39899e-09
1.75456e-07
1.43923e-09
1.75486e-07
1.47761e-09
1.75516e-07
1.51314e-09
1.75546e-07
1.5457e-09
1.75576e-07
1.57519e-09
1.75605e-07
1.60176e-09
1.75633e-07
1.62528e-09
1.7566e-07
1.64596e-09
1.75686e-07
1.66367e-09
1.75711e-07
1.67871e-09
1.75734e-07
1.69099e-09
1.75755e-07
1.70087e-09
1.75774e-07
1.70827e-09
1.75792e-07
1.7136e-09
1.75809e-07
1.71678e-09
1.75824e-07
1.71826e-09
1.75837e-07
1.7179e-09
1.75849e-07
1.71617e-09
1.7586e-07
1.71291e-09
1.7587e-07
1.70857e-09
1.75878e-07
1.70295e-09
1.75886e-07
1.69653e-09
1.75893e-07
1.68904e-09
1.75898e-07
1.68101e-09
1.75903e-07
1.67209e-09
1.75908e-07
1.66284e-09
1.75912e-07
1.65286e-09
1.75915e-07
1.64274e-09
1.75918e-07
1.63201e-09
1.7592e-07
1.62129e-09
1.75922e-07
1.61007e-09
1.75923e-07
1.59899e-09
1.75925e-07
1.58748e-09
1.75926e-07
1.57624e-09
1.75927e-07
1.5646e-09
1.75927e-07
1.55335e-09
1.75928e-07
1.54175e-09
1.75928e-07
1.53062e-09
1.75928e-07
1.51916e-09
1.75928e-07
1.50825e-09
1.75928e-07
1.49701e-09
1.75928e-07
1.4864e-09
1.75928e-07
1.47546e-09
1.75928e-07
1.46521e-09
1.75928e-07
1.4546e-09
1.75927e-07
1.44475e-09
1.75927e-07
1.43452e-09
1.75927e-07
1.42511e-09
1.75927e-07
1.41529e-09
1.75926e-07
1.40636e-09
1.75926e-07
1.39699e-09
1.75926e-07
1.38855e-09
1.75926e-07
1.37963e-09
1.75926e-07
1.3717e-09
1.75925e-07
1.36322e-09
1.75925e-07
1.3558e-09
1.75925e-07
1.34777e-09
1.75925e-07
1.34086e-09
1.75925e-07
1.33328e-09
1.75925e-07
1.32689e-09
1.75925e-07
1.31977e-09
1.75925e-07
1.31391e-09
1.75925e-07
1.30726e-09
1.75925e-07
1.30194e-09
1.75925e-07
1.29577e-09
1.75926e-07
1.29099e-09
1.75926e-07
1.28528e-09
1.75926e-07
1.28103e-09
1.75926e-07
1.27578e-09
1.75926e-07
1.27207e-09
1.75927e-07
1.26729e-09
1.75927e-07
1.26415e-09
1.75927e-07
1.25986e-09
1.75927e-07
1.25731e-09
1.75928e-07
1.25356e-09
1.75928e-07
1.25164e-09
1.75928e-07
1.24846e-09
1.75928e-07
1.24722e-09
1.75929e-07
1.24464e-09
1.75929e-07
1.24411e-09
1.75929e-07
1.24218e-09
1.75929e-07
1.24242e-09
1.75929e-07
1.24121e-09
1.75929e-07
1.2423e-09
1.75929e-07
1.2419e-09
1.75929e-07
1.24396e-09
1.75929e-07
1.24448e-09
1.75929e-07
1.24764e-09
1.75929e-07
1.24922e-09
1.75929e-07
1.25361e-09
1.75929e-07
1.25637e-09
1.75928e-07
1.26209e-09
1.75928e-07
1.26617e-09
1.75927e-07
1.2736e-09
1.27877e-09
1.96731e-07
-1.96699e-07
1.96761e-07
1.9678e-07
1.96792e-07
1.96802e-07
1.96812e-07
1.96824e-07
1.96836e-07
1.96848e-07
1.9686e-07
1.96872e-07
1.96884e-07
1.96895e-07
1.96906e-07
1.96917e-07
1.96927e-07
1.96936e-07
1.96945e-07
1.96953e-07
1.96961e-07
1.96968e-07
1.96975e-07
1.96981e-07
1.96987e-07
1.96992e-07
1.96997e-07
1.97002e-07
1.97006e-07
1.9701e-07
1.97014e-07
1.97017e-07
1.9702e-07
1.97023e-07
1.97026e-07
1.97029e-07
1.97031e-07
1.97034e-07
1.97036e-07
1.97038e-07
1.9704e-07
1.97042e-07
1.97044e-07
1.97046e-07
1.97048e-07
1.97049e-07
1.97051e-07
1.97053e-07
1.97054e-07
1.97056e-07
1.97058e-07
1.97059e-07
1.97061e-07
1.97062e-07
1.97064e-07
1.97066e-07
1.97067e-07
1.97069e-07
1.9707e-07
1.97072e-07
1.97074e-07
1.97075e-07
1.97077e-07
1.97079e-07
1.9708e-07
1.97082e-07
1.97084e-07
1.97085e-07
1.97087e-07
1.97089e-07
1.9709e-07
1.97092e-07
1.97094e-07
1.97096e-07
1.97097e-07
1.97099e-07
1.97101e-07
1.97103e-07
1.97104e-07
1.97106e-07
1.97108e-07
1.9711e-07
1.97112e-07
1.97113e-07
1.97115e-07
1.97117e-07
1.97119e-07
1.9712e-07
1.97122e-07
1.97124e-07
1.97125e-07
1.97127e-07
1.97129e-07
1.9713e-07
1.97132e-07
1.97134e-07
1.97135e-07
1.97137e-07
1.97138e-07
1.9714e-07
3.45413e-08
2.15964e-10
3.45393e-08
-1.14016e-10
3.4516e-08
1.74825e-10
3.45011e-08
-7.36788e-11
3.44569e-08
1.77211e-10
3.4422e-08
-1.90802e-12
3.43558e-08
1.99355e-10
3.43029e-08
8.19107e-11
3.4213e-08
2.34408e-10
3.413e-08
1.84084e-10
3.40005e-08
2.96424e-10
3.38409e-08
3.52157e-10
3.3568e-08
4.99545e-10
3.29839e-08
9.66577e-10
1.67776e-09
3.58686e-08
2.17351e-10
3.58425e-08
-8.78395e-11
3.58363e-08
1.80957e-10
3.57869e-08
-2.41927e-11
3.57727e-08
1.9139e-10
3.56936e-08
7.7139e-11
3.5672e-08
2.20944e-10
3.55596e-08
1.94341e-10
3.55256e-08
2.68462e-10
3.53645e-08
3.45142e-10
3.52952e-08
3.65725e-10
3.50343e-08
6.13055e-10
3.48143e-08
7.1951e-10
3.43609e-08
1.42002e-09
1.97325e-09
3.72438e-08
1.7631e-10
3.71742e-08
-1.81994e-11
3.72041e-08
1.51031e-10
3.71171e-08
6.28433e-11
3.71303e-08
1.78182e-10
3.70256e-08
1.81844e-10
3.70147e-08
2.31876e-10
3.6897e-08
3.11958e-10
3.68458e-08
3.19692e-10
3.67118e-08
4.79194e-10
3.65784e-08
4.99086e-10
3.63973e-08
7.94134e-10
3.61132e-08
1.00364e-09
3.59267e-08
1.60648e-09
2.18055e-09
3.86306e-08
1.30771e-10
3.85633e-08
4.90669e-11
3.85831e-08
1.31248e-10
3.85093e-08
1.36668e-10
3.85005e-08
1.86942e-10
3.84215e-08
2.60855e-10
3.8377e-08
2.76419e-10
3.82937e-08
3.95278e-10
3.82024e-08
4.10911e-10
3.81032e-08
5.78391e-10
3.7938e-08
6.64369e-10
3.77939e-08
9.38227e-10
3.75587e-08
1.23884e-09
3.74496e-08
1.71549e-09
2.2935e-09
4.00502e-08
9.92162e-11
4.00033e-08
9.60552e-11
4.00003e-08
1.34161e-10
3.99491e-08
1.87952e-10
3.99162e-08
2.19759e-10
3.98599e-08
3.17159e-10
3.97938e-08
3.42579e-10
3.97271e-08
4.61977e-10
3.96227e-08
5.15298e-10
3.95289e-08
6.72232e-10
3.93752e-08
8.18017e-10
3.92398e-08
1.07363e-09
3.90738e-08
1.40482e-09
3.89753e-08
1.81406e-09
2.3402e-09
4.15235e-08
8.13343e-11
4.14935e-08
1.26063e-10
4.14739e-08
1.53703e-10
4.1436e-08
2.25851e-10
4.13905e-08
2.6525e-10
4.13433e-08
3.64356e-10
4.12706e-08
4.15297e-10
4.12058e-08
5.26769e-10
4.11033e-08
6.17799e-10
4.10072e-08
7.68377e-10
4.08742e-08
9.5104e-10
4.07501e-08
1.19764e-09
4.06303e-08
1.52468e-09
4.05468e-08
1.89757e-09
2.34951e-09
4.30568e-08
7.22283e-11
4.3037e-08
1.459e-10
4.30087e-08
1.8199e-10
4.29757e-08
2.58905e-10
4.29258e-08
3.15115e-10
4.28795e-08
4.10599e-10
4.28076e-08
4.87265e-10
4.27397e-08
5.94654e-10
4.26439e-08
7.13548e-10
4.25475e-08
8.64787e-10
4.24332e-08
1.06533e-09
4.23245e-08
1.30639e-09
4.22332e-08
1.61598e-09
4.21733e-08
1.95752e-09
2.33844e-09
4.4651e-08
6.84211e-11
4.46365e-08
1.60326e-10
4.46049e-08
2.136e-10
4.45722e-08
2.9165e-10
4.45221e-08
3.65226e-10
4.44737e-08
4.59017e-10
4.4405e-08
5.55958e-10
4.43342e-08
6.65432e-10
4.42459e-08
8.01852e-10
4.41528e-08
9.57866e-10
4.40542e-08
1.16397e-09
4.39617e-08
1.39887e-09
4.38914e-08
1.68624e-09
4.38546e-08
1.99435e-09
2.31463e-09
4.63065e-08
6.79727e-11
4.62945e-08
1.72357e-10
4.62627e-08
2.45318e-10
4.62285e-08
3.25854e-10
4.61798e-08
4.13994e-10
4.61288e-08
5.0994e-10
4.60637e-08
6.21093e-10
4.59922e-08
7.36937e-10
4.59107e-08
8.83355e-10
4.58239e-08
1.0447e-09
4.57386e-08
1.24926e-09
4.5662e-08
1.47548e-09
4.56093e-08
1.73886e-09
4.5591e-08
2.01264e-09
2.28199e-09
4.80248e-08
6.96893e-11
4.80133e-08
1.83927e-10
4.79831e-08
2.75508e-10
4.79472e-08
3.61714e-10
4.79001e-08
4.61136e-10
4.78476e-08
5.62433e-10
4.77855e-08
6.83146e-10
4.77156e-08
8.06863e-10
4.76403e-08
9.58677e-10
4.75614e-08
1.12357e-09
4.7488e-08
1.32263e-09
4.74262e-08
1.5373e-09
4.73887e-08
1.77634e-09
4.73842e-08
2.01722e-09
2.2433e-09
4.98079e-08
7.27583e-11
4.97957e-08
1.96111e-10
4.97675e-08
3.03683e-10
4.97307e-08
3.98588e-10
4.96849e-08
5.06862e-10
4.96321e-08
6.15225e-10
4.95728e-08
7.42539e-10
4.95061e-08
8.73547e-10
4.94368e-08
1.02799e-09
4.93665e-08
1.19377e-09
4.93043e-08
1.38492e-09
4.92557e-08
1.58583e-09
4.92309e-08
1.80116e-09
4.92363e-08
2.01178e-09
2.20074e-09
5.16578e-08
7.66352e-11
5.16447e-08
2.09271e-10
5.16182e-08
3.30096e-10
5.15813e-08
4.35529e-10
5.15368e-08
5.51378e-10
5.14848e-08
6.67181e-10
5.1428e-08
7.99363e-10
5.13655e-08
9.36007e-10
5.13024e-08
1.09117e-09
5.12409e-08
1.25524e-09
5.1189e-08
1.43686e-09
5.1152e-08
1.6228e-09
5.11375e-08
1.81564e-09
5.11504e-08
1.99889e-09
2.15592e-09
5.35768e-08
8.09774e-11
5.35628e-08
2.23315e-10
5.35376e-08
3.55255e-10
5.35015e-08
4.7171e-10
5.34582e-08
5.94659e-10
5.34079e-08
7.17457e-10
5.33539e-08
8.53403e-10
5.32961e-08
9.93736e-10
5.32393e-08
1.14804e-09
5.31863e-08
1.30823e-09
5.31439e-08
1.47919e-09
5.31168e-08
1.64998e-09
5.31107e-08
1.82172e-09
5.31292e-08
1.9804e-09
2.10996e-09
5.55674e-08
8.55799e-11
5.55528e-08
2.37943e-10
5.55284e-08
3.7958e-10
5.54936e-08
5.066e-10
5.54518e-08
6.36448e-10
5.54038e-08
7.6546e-10
5.53529e-08
9.04292e-10
5.53001e-08
1.04649e-09
5.52497e-08
1.1985e-09
5.52047e-08
1.35315e-09
5.51711e-08
1.51287e-09
5.51522e-08
1.66887e-09
5.51529e-08
1.821e-09
5.51755e-08
1.95776e-09
2.06369e-09
5.7632e-08
9.03184e-11
5.76172e-08
2.52814e-10
5.75935e-08
4.03271e-10
5.75601e-08
5.3993e-10
5.75202e-08
6.76381e-10
5.74749e-08
8.10754e-10
5.74276e-08
9.51647e-10
5.73799e-08
1.09417e-09
5.73358e-08
1.24263e-09
5.72984e-08
1.39052e-09
5.72724e-08
1.53889e-09
5.72605e-08
1.68074e-09
5.72666e-08
1.81488e-09
5.72922e-08
1.93214e-09
2.01775e-09
5.97735e-08
9.51072e-11
5.97587e-08
2.67619e-10
5.97356e-08
4.26324e-10
5.9704e-08
5.71569e-10
5.96663e-08
7.14107e-10
5.9624e-08
8.52998e-10
5.95805e-08
9.95158e-10
5.95379e-08
1.13677e-09
5.94999e-08
1.28065e-09
5.94695e-08
1.42093e-09
5.94502e-08
1.5582e-09
5.94443e-08
1.68664e-09
5.94546e-08
1.80451e-09
5.94822e-08
1.90454e-09
1.9727e-09
6.19946e-08
9.98779e-11
6.19801e-08
2.821e-10
6.19578e-08
4.48605e-10
6.1928e-08
6.01405e-10
6.18927e-08
7.4936e-10
6.18538e-08
8.91916e-10
6.18143e-08
1.03464e-09
6.17767e-08
1.17435e-09
6.17445e-08
1.31293e-09
6.17203e-08
1.44512e-09
6.17068e-08
1.57166e-09
6.17061e-08
1.68736e-09
6.17197e-08
1.79088e-09
6.17484e-08
1.8759e-09
1.92894e-09
6.42982e-08
1.04571e-10
6.42843e-08
2.96036e-10
6.4263e-08
4.69914e-10
6.42351e-08
6.29299e-10
6.42025e-08
7.81958e-10
6.41671e-08
9.27305e-10
6.41317e-08
1.07e-09
6.40991e-08
1.20703e-09
6.40721e-08
1.33986e-09
6.40533e-08
1.46394e-09
6.40448e-08
1.58015e-09
6.40487e-08
1.68351e-09
6.40652e-08
1.77439e-09
6.40937e-08
1.84735e-09
1.8869e-09
6.66876e-08
1.09121e-10
6.66743e-08
3.093e-10
6.66543e-08
4.89928e-10
6.66284e-08
6.55185e-10
6.65987e-08
8.1166e-10
6.65668e-08
9.59169e-10
6.65357e-08
1.10115e-09
6.65076e-08
1.23515e-09
6.64857e-08
1.36177e-09
6.64713e-08
1.47825e-09
6.64669e-08
1.58463e-09
6.6474e-08
1.67639e-09
6.64943e-08
1.75406e-09
6.65231e-08
1.81855e-09
1.85391e-09
6.91657e-08
1.13519e-10
6.91532e-08
3.218e-10
6.91345e-08
5.08577e-10
6.91106e-08
6.79059e-10
6.90837e-08
8.38548e-10
6.90553e-08
9.87612e-10
6.90282e-08
1.12827e-09
6.90043e-08
1.25899e-09
6.8987e-08
1.3791e-09
6.89769e-08
1.48837e-09
6.89757e-08
1.58581e-09
6.89839e-08
1.6682e-09
6.90067e-08
1.7312e-09
6.90533e-08
1.77197e-09
1.79137e-09
9.83632e-08
1.1939e-10
9.83462e-08
3.38779e-10
9.83209e-08
5.33919e-10
9.82896e-08
7.10328e-10
9.8255e-08
8.73217e-10
9.82198e-08
1.02274e-09
9.81873e-08
1.16084e-09
9.81607e-08
1.28552e-09
9.81437e-08
1.39613e-09
9.81374e-08
1.4947e-09
9.81431e-08
1.58007e-09
9.81593e-08
1.65206e-09
9.81731e-08
1.7174e-09
9.81671e-08
1.77793e-09
1.76213e-09
1.1041e-07
1.2539e-10
1.10392e-07
3.56207e-10
1.10367e-07
5.59348e-10
1.10336e-07
7.40955e-10
1.10303e-07
9.05916e-10
1.10271e-07
1.05463e-09
1.10243e-07
1.18888e-09
1.10224e-07
1.30531e-09
1.10212e-07
1.40772e-09
1.1021e-07
1.49692e-09
1.10218e-07
1.57161e-09
1.10242e-07
1.62871e-09
1.10292e-07
1.66685e-09
1.10383e-07
1.68746e-09
1.69258e-09
1.23931e-07
1.31354e-10
1.23914e-07
3.73307e-10
1.2389e-07
5.83644e-10
1.23861e-07
7.69665e-10
1.23832e-07
9.35302e-10
1.23804e-07
1.08198e-09
1.23784e-07
1.20984e-09
1.2377e-07
1.31863e-09
1.23764e-07
1.41419e-09
1.23767e-07
1.49391e-09
1.2378e-07
1.55812e-09
1.23801e-07
1.60767e-09
1.23822e-07
1.6457e-09
1.23835e-07
1.67491e-09
1.66179e-09
1.39109e-07
1.37084e-10
1.39093e-07
3.89276e-10
1.3907e-07
6.06385e-10
1.39045e-07
7.95601e-10
1.39019e-07
9.60981e-10
1.38998e-07
1.10285e-09
1.38985e-07
1.22307e-09
1.38975e-07
1.32804e-09
1.38973e-07
1.41676e-09
1.38977e-07
1.48924e-09
1.38989e-07
1.54638e-09
1.39009e-07
1.5877e-09
1.39041e-07
1.61334e-09
1.39092e-07
1.62443e-09
1.61249e-09
1.56146e-07
1.42201e-10
1.56132e-07
4.03655e-10
1.56112e-07
6.26292e-10
1.56089e-07
8.17923e-10
1.56069e-07
9.80977e-10
1.56057e-07
1.1158e-09
1.56045e-07
1.23424e-09
1.56039e-07
1.33405e-09
1.5604e-07
1.41621e-09
1.56047e-07
1.48208e-09
1.5606e-07
1.53305e-09
1.56077e-07
1.57097e-09
1.56093e-07
1.59725e-09
1.56109e-07
1.60896e-09
1.57683e-09
1.7527e-07
1.46226e-10
1.75259e-07
4.14825e-10
1.75243e-07
6.418e-10
1.75226e-07
8.35166e-10
1.75215e-07
9.91687e-10
1.75203e-07
1.12746e-09
1.75195e-07
1.2424e-09
1.75192e-07
1.33781e-09
1.75193e-07
1.41485e-09
1.752e-07
1.47479e-09
1.75215e-07
1.51806e-09
1.75241e-07
1.54559e-09
1.75279e-07
1.55905e-09
1.75325e-07
1.56264e-09
1.5497e-09
1.96736e-07
1.96729e-07
1.9672e-07
1.96711e-07
1.96706e-07
1.96702e-07
1.96701e-07
1.96703e-07
1.96706e-07
1.96712e-07
1.96716e-07
1.96715e-07
1.96705e-07
1.9669e-07
)
;

boundaryField
{
    top
    {
        type            calculated;
        value           nonuniform List<scalar> 
115
(
1.19181e-09
1.25279e-09
1.30046e-09
1.34635e-09
1.38898e-09
1.42869e-09
1.46616e-09
1.50119e-09
1.53361e-09
1.56312e-09
1.58982e-09
1.61356e-09
1.63455e-09
1.65267e-09
1.66818e-09
1.68099e-09
1.69143e-09
1.69939e-09
1.7053e-09
1.70903e-09
1.71103e-09
1.71118e-09
1.70993e-09
1.70711e-09
1.7032e-09
1.69797e-09
1.69192e-09
1.68478e-09
1.67705e-09
1.66841e-09
1.65942e-09
1.64967e-09
1.63976e-09
1.62922e-09
1.61866e-09
1.60759e-09
1.59664e-09
1.58525e-09
1.57411e-09
1.56256e-09
1.55139e-09
1.53985e-09
1.52878e-09
1.51737e-09
1.5065e-09
1.49531e-09
1.48472e-09
1.4738e-09
1.46357e-09
1.45297e-09
1.44313e-09
1.43291e-09
1.4235e-09
1.4137e-09
1.40476e-09
1.39539e-09
1.38695e-09
1.37802e-09
1.37008e-09
1.3616e-09
1.35417e-09
1.34613e-09
1.3392e-09
1.33162e-09
1.32521e-09
1.31809e-09
1.31221e-09
1.30557e-09
1.30023e-09
1.29406e-09
1.28926e-09
1.28355e-09
1.27928e-09
1.27404e-09
1.27031e-09
1.26554e-09
1.26237e-09
1.2581e-09
1.25553e-09
1.2518e-09
1.24986e-09
1.2467e-09
1.24544e-09
1.24289e-09
1.24235e-09
1.24045e-09
1.24068e-09
1.2395e-09
1.24058e-09
1.24022e-09
1.24227e-09
1.24284e-09
1.24598e-09
1.24761e-09
1.25198e-09
1.25479e-09
1.26054e-09
1.26472e-09
1.27182e-09
1.27736e-09
1.48291e-10
4.21538e-10
6.50807e-10
8.4431e-10
9.97115e-10
1.13094e-09
1.24357e-09
1.33643e-09
1.41099e-09
1.46956e-09
1.51389e-09
1.54652e-09
1.56895e-09
1.57793e-09
1.5407e-09
)
;
    }
    inlet
    {
        type            calculated;
        value           nonuniform List<scalar> 
27
(
-9.83691e-08
-1.10416e-07
-1.23937e-07
-1.39115e-07
-1.56151e-07
-1.75274e-07
-1.96738e-07
-3.4585e-08
-3.587e-08
-3.72028e-08
-3.85851e-08
-4.00187e-08
-4.15056e-08
-4.30477e-08
-4.46472e-08
-4.6306e-08
-4.80265e-08
-4.9811e-08
-5.16617e-08
-5.35812e-08
-5.5572e-08
-5.76368e-08
-5.97783e-08
-6.19993e-08
-6.43029e-08
-6.66921e-08
-6.91701e-08
)
;
    }
    outlet
    {
        type            calculated;
        value           nonuniform List<scalar> 
27
(
9.92195e-08
1.11295e-07
1.24825e-07
1.39978e-07
1.56942e-07
1.75927e-07
1.97141e-07
1.96999e-09
6.24003e-09
1.09742e-08
1.61236e-08
2.15756e-08
2.71431e-08
3.25771e-08
3.76134e-08
4.20464e-08
4.57937e-08
4.89097e-08
5.15448e-08
5.38785e-08
5.60665e-08
5.82171e-08
6.0394e-08
6.26294e-08
6.49385e-08
6.73283e-08
6.98031e-08
)
;
    }
    plate
    {
        type            calculated;
        value           uniform 0;
    }
    symmBound
    {
        type            calculated;
        value           nonuniform List<scalar> 
15
(
-1.72249e-10
1.16073e-10
-1.51618e-10
8.86515e-11
-1.33006e-10
3.68058e-11
-1.3315e-10
-2.9041e-11
-1.44492e-10
-1.0111e-10
-1.66947e-10
-1.92559e-10
-2.26611e-10
-3.82441e-10
-5.37574e-10
)
;
    }
    frontAndBack
    {
        type            empty;
        value           nonuniform 0();
    }
}


// ************************************************************************* //
