/*--------------------------------*- C++ -*----------------------------------*\
| =========                 |                                                 |
| \\      /  F ield         | OpenFOAM: The Open Source CFD Toolbox           |
|  \\    /   O peration     | Version:  2.3.0                                 |
|   \\  /    A nd           | Web:      www.OpenFOAM.org                      |
|    \\/     M anipulation  |                                                 |
\*---------------------------------------------------------------------------*/
FoamFile
{
    version     2.0;
    format      ascii;
    class       volVectorField;
    location    "0.95";
    object      U_0;
}
// * * * * * * * * * * * * * * * * * * * * * * * * * * * * * * * * * * * * * //

dimensions      [0 1 -1 0 0 0 0];

internalField   nonuniform List<vector> 
3105
(
(0.176796 0.0043445 0)
(0.156086 0.00594972 0)
(0.137389 0.00612155 0)
(0.119253 0.00553049 0)
(0.101762 0.00473147 0)
(0.0857168 0.00384853 0)
(0.0721542 0.00288943 0)
(0.0614937 0.00187652 0)
(0.0535645 0.000988281 0)
(0.0478415 0.000380515 0)
(0.0437585 5.37409e-05 0)
(0.0408418 -8.07629e-05 0)
(0.0387098 -0.000107106 0)
(0.0370776 -8.23825e-05 0)
(0.0357419 -3.8883e-05 0)
(0.0345733 4.31535e-06 0)
(0.0335008 3.77769e-05 0)
(0.0324914 5.93681e-05 0)
(0.0315341 7.07984e-05 0)
(0.0306272 7.49831e-05 0)
(0.0297717 7.46278e-05 0)
(0.0289679 7.18024e-05 0)
(0.0282151 6.78527e-05 0)
(0.0275105 6.35962e-05 0)
(0.0268512 5.94431e-05 0)
(0.0262331 5.55975e-05 0)
(0.0256527 5.20948e-05 0)
(0.025106 4.89442e-05 0)
(0.0245901 4.60899e-05 0)
(0.0241015 4.35137e-05 0)
(0.0236384 4.11535e-05 0)
(0.0231978 3.90023e-05 0)
(0.0227785 3.70056e-05 0)
(0.0223782 3.51713e-05 0)
(0.0219961 3.34501e-05 0)
(0.0216301 3.18622e-05 0)
(0.02128 3.03593e-05 0)
(0.0209439 2.89717e-05 0)
(0.0206217 2.76491e-05 0)
(0.0203116 2.64301e-05 0)
(0.020014 2.52602e-05 0)
(0.0197268 2.41863e-05 0)
(0.0194509 2.31476e-05 0)
(0.0191841 2.21997e-05 0)
(0.0189275 2.12745e-05 0)
(0.0186787 2.04368e-05 0)
(0.0184394 1.96094e-05 0)
(0.0182068 1.88682e-05 0)
(0.0179828 1.81252e-05 0)
(0.0177647 1.74687e-05 0)
(0.0175547 1.67983e-05 0)
(0.0173495 1.62164e-05 0)
(0.0171521 1.56083e-05 0)
(0.0169586 1.50927e-05 0)
(0.0167726 1.45378e-05 0)
(0.0165896 1.40816e-05 0)
(0.016414 1.35721e-05 0)
(0.0162406 1.31694e-05 0)
(0.0160745 1.26986e-05 0)
(0.0159096 1.23448e-05 0)
(0.0157523 1.19062e-05 0)
(0.0155952 1.15975e-05 0)
(0.0154459 1.11855e-05 0)
(0.015296 1.09192e-05 0)
(0.0151541 1.05285e-05 0)
(0.0150105 1.03026e-05 0)
(0.0148756 9.92825e-06 0)
(0.0147377 9.74147e-06 0)
(0.0146094 9.3784e-06 0)
(0.0144766 9.23037e-06 0)
(0.0143544 8.87383e-06 0)
(0.0142262 8.76489e-06 0)
(0.0141099 8.40981e-06 0)
(0.0139856 8.34117e-06 0)
(0.0138749 7.98232e-06 0)
(0.013754 7.95627e-06 0)
(0.0136488 7.58787e-06 0)
(0.0135308 7.6077e-06 0)
(0.0134309 7.22333e-06 0)
(0.0133151 7.29372e-06 0)
(0.0132205 6.88619e-06 0)
(0.0131064 7.01322e-06 0)
(0.0130172 6.57395e-06 0)
(0.0129039 6.7659e-06 0)
(0.0128202 6.28471e-06 0)
(0.012707 6.55234e-06 0)
(0.0126291 6.01655e-06 0)
(0.0125151 6.37412e-06 0)
(0.0124434 5.768e-06 0)
(0.0123274 6.23443e-06 0)
(0.0122624 5.53723e-06 0)
(0.012143 6.13888e-06 0)
(0.0120858 5.3224e-06 0)
(0.011961 6.09747e-06 0)
(0.0119128 5.11985e-06 0)
(0.0117802 6.13021e-06 0)
(0.0117431 4.92212e-06 0)
(0.0115983 6.28185e-06 0)
(0.011577 4.84626e-06 0)
(0.0114055 8.41199e-06 0)
(0.192274 0.00771249 0)
(0.190396 0.0107982 0)
(0.187819 0.0118839 0)
(0.183959 0.0117273 0)
(0.178521 0.011094 0)
(0.171683 0.0102051 0)
(0.164057 0.00905896 0)
(0.156138 0.00765121 0)
(0.148308 0.00613249 0)
(0.140801 0.00472084 0)
(0.13375 0.00355874 0)
(0.127255 0.00267748 0)
(0.121358 0.002043 0)
(0.116069 0.00160847 0)
(0.111343 0.00132224 0)
(0.107109 0.00113546 0)
(0.103296 0.00100907 0)
(0.0998388 0.000916639 0)
(0.0966844 0.000842501 0)
(0.0937887 0.000778459 0)
(0.0911177 0.000720656 0)
(0.0886429 0.000667641 0)
(0.0863422 0.000618935 0)
(0.0841953 0.000574486 0)
(0.082187 0.000534166 0)
(0.0803019 0.000497836 0)
(0.0785288 0.000465135 0)
(0.0768557 0.000435754 0)
(0.0752746 0.000409236 0)
(0.0737756 0.000385277 0)
(0.0723532 0.000363466 0)
(0.0709993 0.000343591 0)
(0.0697104 0.00032532 0)
(0.0684792 0.000308537 0)
(0.067304 0.000292974 0)
(0.066178 0.000278594 0)
(0.0651008 0.000265166 0)
(0.0640661 0.000252713 0)
(0.0630744 0.00024102 0)
(0.0621193 0.000230153 0)
(0.0612027 0.0002199 0)
(0.0603179 0.000210363 0)
(0.0594676 0.000201323 0)
(0.0586449 0.000192916 0)
(0.0578537 0.000184907 0)
(0.0570863 0.000177467 0)
(0.0563479 0.00017034 0)
(0.0556299 0.000163732 0)
(0.0549389 0.000157363 0)
(0.0542652 0.000151477 0)
(0.0536169 0.00014576 0)
(0.0529831 0.000140502 0)
(0.0523735 0.000135349 0)
(0.0517756 0.000130641 0)
(0.0512013 0.000125977 0)
(0.0506359 0.000121753 0)
(0.0500937 0.000117515 0)
(0.0495577 0.000113721 0)
(0.049045 0.000109852 0)
(0.0485356 0.000106442 0)
(0.0480501 0.000102896 0)
(0.0475648 9.98299e-05 0)
(0.0471044 9.65636e-05 0)
(0.046641 9.38105e-05 0)
(0.0462039 9.07869e-05 0)
(0.0457603 8.83196e-05 0)
(0.0453451 8.55051e-05 0)
(0.0449193 8.33017e-05 0)
(0.0445245 8.06656e-05 0)
(0.0441147 7.8709e-05 0)
(0.0437394 7.62233e-05 0)
(0.0433438 7.45006e-05 0)
(0.042987 7.21387e-05 0)
(0.0426039 7.06411e-05 0)
(0.0422649 6.83775e-05 0)
(0.0418926 6.71007e-05 0)
(0.041571 6.49104e-05 0)
(0.0412076 6.38543e-05 0)
(0.0409031 6.17118e-05 0)
(0.040547 6.08812e-05 0)
(0.0402595 5.87605e-05 0)
(0.0399086 5.81653e-05 0)
(0.0396385 5.60384e-05 0)
(0.0392906 5.56953e-05 0)
(0.0390383 5.35311e-05 0)
(0.0386911 5.34644e-05 0)
(0.0384576 5.12274e-05 0)
(0.0381081 5.14715e-05 0)
(0.0378947 4.91206e-05 0)
(0.0375396 4.97222e-05 0)
(0.0373483 4.72077e-05 0)
(0.0369833 4.8232e-05 0)
(0.0368171 4.54927e-05 0)
(0.0364367 4.70299e-05 0)
(0.0362996 4.39907e-05 0)
(0.0358962 4.61695e-05 0)
(0.035795 4.27496e-05 0)
(0.0353565 4.58355e-05 0)
(0.0353035 4.20658e-05 0)
(0.0348063 5.06859e-05 0)
(0.193243 0.007429 0)
(0.1936 0.0100279 0)
(0.194591 0.0116174 0)
(0.195636 0.0121307 0)
(0.196079 0.0120318 0)
(0.195591 0.0115967 0)
(0.194175 0.0108662 0)
(0.191951 0.00986123 0)
(0.189078 0.00868677 0)
(0.185719 0.00750697 0)
(0.182021 0.00645428 0)
(0.178132 0.0055832 0)
(0.174173 0.00488365 0)
(0.170242 0.00432724 0)
(0.16639 0.00388097 0)
(0.162638 0.00351516 0)
(0.158997 0.0032067 0)
(0.155469 0.00293962 0)
(0.152055 0.00270358 0)
(0.148757 0.0024923 0)
(0.145576 0.00230177 0)
(0.142509 0.00212951 0)
(0.13956 0.00197365 0)
(0.136724 0.00183282 0)
(0.134002 0.00170565 0)
(0.131388 0.00159095 0)
(0.128881 0.00148737 0)
(0.126476 0.00139379 0)
(0.12417 0.00130897 0)
(0.121955 0.00123197 0)
(0.119832 0.00116176 0)
(0.11779 0.00109764 0)
(0.115831 0.00103875 0)
(0.113945 0.000984637 0)
(0.112133 0.000934612 0)
(0.110385 0.000888391 0)
(0.108705 0.000845412 0)
(0.107082 0.000805528 0)
(0.10552 0.000768253 0)
(0.104008 0.000733548 0)
(0.102552 0.000700969 0)
(0.10114 0.000670563 0)
(0.0997795 0.000641906 0)
(0.0984577 0.000615113 0)
(0.0971835 0.000589763 0)
(0.0959429 0.000566037 0)
(0.094747 0.000543501 0)
(0.09358 0.000522399 0)
(0.0924554 0.000502274 0)
(0.0913551 0.000483433 0)
(0.0902956 0.000465386 0)
(0.0892559 0.000448506 0)
(0.088256 0.000432258 0)
(0.0872715 0.000417089 0)
(0.0863263 0.000402407 0)
(0.0853922 0.000388739 0)
(0.0844974 0.000375426 0)
(0.0836092 0.000363081 0)
(0.0827611 0.000350969 0)
(0.0819146 0.000339799 0)
(0.0811099 0.000328743 0)
(0.0803015 0.000318619 0)
(0.0795372 0.000308492 0)
(0.0787635 0.000299306 0)
(0.078037 0.000289999 0)
(0.0772948 0.000281658 0)
(0.0766039 0.000273075 0)
(0.0758901 0.000265501 0)
(0.0752329 0.000257556 0)
(0.0745447 0.000250682 0)
(0.0739197 0.0002433 0)
(0.0732542 0.00023707 0)
(0.0726602 0.000230182 0)
(0.0720147 0.000224552 0)
(0.0714506 0.000218096 0)
(0.0708223 0.000213029 0)
(0.0702877 0.000206948 0)
(0.0696737 0.000202418 0)
(0.0691683 0.000196659 0)
(0.0685656 0.000192649 0)
(0.0680895 0.000187162 0)
(0.0674948 0.000183663 0)
(0.0670487 0.000178401 0)
(0.0664585 0.000175415 0)
(0.0660436 0.000170332 0)
(0.0654537 0.000167872 0)
(0.0650716 0.000162921 0)
(0.0644774 0.000161015 0)
(0.0641307 0.000156152 0)
(0.0635265 0.000154839 0)
(0.0632188 0.000150021 0)
(0.0625976 0.00014936 0)
(0.0623339 0.000144552 0)
(0.0616869 0.000144619 0)
(0.0614741 0.000139808 0)
(0.0607895 0.000140713 0)
(0.0606377 0.000135912 0)
(0.0598994 0.000138125 0)
(0.0598224 0.000133412 0)
(0.0590088 0.000142854 0)
(0.194243 0.00700993 0)
(0.194571 0.0088771 0)
(0.195578 0.0103782 0)
(0.197117 0.0111336 0)
(0.198709 0.011288 0)
(0.199973 0.0110766 0)
(0.200749 0.0106065 0)
(0.201007 0.00992278 0)
(0.200766 0.0090909 0)
(0.200067 0.00821487 0)
(0.198973 0.00739667 0)
(0.19757 0.0066948 0)
(0.195948 0.00611879 0)
(0.194181 0.00564786 0)
(0.192319 0.00525595 0)
(0.190385 0.00492143 0)
(0.188396 0.00462814 0)
(0.186358 0.00436481 0)
(0.184279 0.00412373 0)
(0.182164 0.0039001 0)
(0.180022 0.00369085 0)
(0.177858 0.00349431 0)
(0.175683 0.00330942 0)
(0.173502 0.00313566 0)
(0.171325 0.00297248 0)
(0.169154 0.00281951 0)
(0.167 0.00267614 0)
(0.164863 0.00254193 0)
(0.162752 0.0024162 0)
(0.160666 0.00229849 0)
(0.158614 0.00218812 0)
(0.15659 0.0020847 0)
(0.154605 0.00198758 0)
(0.152653 0.00189647 0)
(0.150742 0.00181077 0)
(0.148864 0.00173027 0)
(0.147031 0.00165442 0)
(0.145231 0.00158309 0)
(0.143475 0.00151576 0)
(0.141752 0.00145237 0)
(0.140075 0.00139243 0)
(0.138428 0.00133594 0)
(0.136827 0.00128242 0)
(0.135254 0.00123194 0)
(0.133726 0.00118402 0)
(0.132224 0.00113879 0)
(0.130767 0.00109575 0)
(0.129332 0.0010551 0)
(0.127943 0.00101635 0)
(0.126571 0.000979725 0)
(0.125247 0.000944726 0)
(0.123935 0.000911642 0)
(0.122671 0.000879947 0)
(0.121416 0.000849989 0)
(0.12021 0.000821212 0)
(0.119008 0.000794022 0)
(0.117857 0.000767827 0)
(0.116704 0.000743098 0)
(0.115605 0.000719196 0)
(0.114497 0.00069666 0)
(0.113448 0.000674799 0)
(0.112382 0.000654224 0)
(0.11138 0.000634182 0)
(0.110353 0.000615367 0)
(0.109396 0.000596953 0)
(0.108405 0.000579721 0)
(0.107491 0.000562766 0)
(0.106533 0.000546964 0)
(0.10566 0.000531318 0)
(0.104732 0.000516812 0)
(0.103899 0.000502343 0)
(0.102997 0.000489018 0)
(0.102204 0.000475612 0)
(0.101325 0.000463365 0)
(0.100571 0.000450919 0)
(0.0997107 0.000439666 0)
(0.0989955 0.000428089 0)
(0.0981516 0.000417756 0)
(0.0974753 0.000406969 0)
(0.0966436 0.000397495 0)
(0.0960071 0.000387431 0)
(0.0951833 0.000378767 0)
(0.0945878 0.000369366 0)
(0.0937672 0.000361475 0)
(0.0932148 0.000352689 0)
(0.0923921 0.000345544 0)
(0.0918856 0.000337335 0)
(0.0910545 0.000330924 0)
(0.0905976 0.000323269 0)
(0.0897507 0.00031759 0)
(0.0893486 0.000310483 0)
(0.0884769 0.000305552 0)
(0.0881361 0.000299011 0)
(0.0872288 0.000294877 0)
(0.086958 0.000288932 0)
(0.0860014 0.000285768 0)
(0.0858114 0.000280378 0)
(0.084789 0.000279035 0)
(0.0846924 0.000274224 0)
(0.083586 0.000280294 0)
(0.195074 0.00671328 0)
(0.195387 0.0081333 0)
(0.196179 0.00942144 0)
(0.197463 0.0102272 0)
(0.19897 0.0105009 0)
(0.20039 0.0103929 0)
(0.201552 0.0100392 0)
(0.202401 0.00951642 0)
(0.202938 0.00887915 0)
(0.203175 0.00819431 0)
(0.203137 0.00753468 0)
(0.202867 0.00695273 0)
(0.202425 0.00646692 0)
(0.20186 0.00606769 0)
(0.201211 0.00573566 0)
(0.200493 0.005453 0)
(0.199718 0.00520598 0)
(0.198883 0.00498479 0)
(0.197992 0.00478237 0)
(0.19704 0.00459396 0)
(0.196033 0.0044163 0)
(0.194967 0.00424749 0)
(0.193852 0.00408631 0)
(0.192684 0.00393217 0)
(0.191475 0.00378457 0)
(0.190221 0.00364333 0)
(0.188934 0.00350807 0)
(0.187609 0.00337864 0)
(0.18626 0.00325463 0)
(0.184881 0.00313589 0)
(0.183486 0.00302204 0)
(0.182067 0.00291293 0)
(0.18064 0.00280823 0)
(0.179194 0.00270784 0)
(0.177747 0.00261144 0)
(0.176287 0.00251899 0)
(0.174832 0.00243019 0)
(0.173366 0.00234503 0)
(0.171912 0.00226324 0)
(0.170451 0.0021848 0)
(0.169007 0.00210947 0)
(0.167557 0.00203725 0)
(0.166129 0.0019679 0)
(0.164696 0.00190143 0)
(0.16329 0.0018376 0)
(0.16188 0.00177642 0)
(0.160501 0.00171769 0)
(0.159116 0.0016614 0)
(0.157767 0.00160735 0)
(0.15641 0.00155555 0)
(0.155094 0.0015058 0)
(0.153766 0.00145811 0)
(0.152485 0.00141231 0)
(0.151189 0.00136838 0)
(0.149944 0.00132619 0)
(0.148679 0.00128571 0)
(0.14747 0.00124682 0)
(0.146237 0.00120947 0)
(0.145066 0.00117361 0)
(0.143863 0.00113912 0)
(0.14273 0.00110602 0)
(0.141556 0.00107415 0)
(0.140462 0.00104357 0)
(0.139316 0.00101407 0)
(0.13826 0.000985809 0)
(0.137141 0.000958482 0)
(0.136123 0.000932336 0)
(0.135028 0.000906984 0)
(0.134049 0.000882783 0)
(0.132977 0.000859231 0)
(0.132037 0.000836822 0)
(0.130985 0.00081491 0)
(0.130084 0.000794156 0)
(0.129049 0.00077374 0)
(0.128188 0.000754521 0)
(0.127168 0.00073547 0)
(0.126348 0.000717682 0)
(0.125338 0.00069988 0)
(0.124561 0.000683436 0)
(0.123558 0.000666774 0)
(0.122825 0.000651606 0)
(0.121825 0.000635989 0)
(0.121139 0.000622043 0)
(0.120136 0.000607386 0)
(0.1195 0.000594626 0)
(0.118488 0.000580857 0)
(0.117906 0.000569267 0)
(0.11688 0.000556326 0)
(0.116356 0.000545911 0)
(0.115306 0.000533759 0)
(0.114848 0.000524541 0)
(0.113765 0.000513176 0)
(0.11338 0.000505186 0)
(0.112252 0.000494696 0)
(0.111949 0.000487924 0)
(0.110764 0.000478632 0)
(0.110552 0.000472949 0)
(0.109294 0.000465963 0)
(0.109185 0.000461523 0)
(0.107839 0.000461262 0)
(0.195756 0.00647524 0)
(0.196068 0.00762421 0)
(0.196726 0.00870577 0)
(0.197762 0.00947848 0)
(0.199033 0.00982189 0)
(0.200308 0.00979843 0)
(0.201426 0.00952984 0)
(0.202318 0.00910814 0)
(0.202981 0.00859122 0)
(0.203428 0.00802828 0)
(0.203682 0.00747152 0)
(0.203771 0.00696513 0)
(0.203737 0.00653146 0)
(0.203618 0.00617042 0)
(0.203449 0.00586968 0)
(0.203242 0.00561482 0)
(0.203009 0.00539374 0)
(0.202745 0.00519755 0)
(0.202453 0.00501978 0)
(0.202124 0.00485594 0)
(0.201763 0.00470281 0)
(0.20136 0.00455828 0)
(0.200924 0.00442091 0)
(0.200444 0.00428981 0)
(0.199931 0.00416433 0)
(0.199375 0.00404402 0)
(0.198789 0.00392849 0)
(0.19816 0.0038174 0)
(0.197504 0.00371039 0)
(0.196806 0.00360717 0)
(0.196084 0.00350745 0)
(0.195323 0.00341095 0)
(0.194541 0.00331749 0)
(0.193721 0.00322683 0)
(0.192886 0.00313887 0)
(0.192014 0.00305339 0)
(0.191131 0.00297037 0)
(0.190212 0.00288961 0)
(0.189288 0.00281115 0)
(0.188329 0.00273477 0)
(0.18737 0.00266057 0)
(0.186377 0.00258833 0)
(0.18539 0.0025182 0)
(0.184369 0.00244989 0)
(0.18336 0.00238365 0)
(0.182315 0.00231911 0)
(0.18129 0.0022566 0)
(0.180228 0.00219568 0)
(0.179192 0.00213676 0)
(0.178116 0.00207929 0)
(0.177074 0.00202381 0)
(0.17599 0.00196965 0)
(0.174947 0.00191746 0)
(0.173857 0.00186645 0)
(0.172817 0.00181742 0)
(0.171725 0.0017694 0)
(0.170692 0.00172337 0)
(0.169599 0.00167819 0)
(0.168577 0.00163502 0)
(0.167486 0.00159251 0)
(0.166477 0.00155207 0)
(0.16539 0.00151206 0)
(0.164397 0.0014742 0)
(0.163314 0.00143655 0)
(0.162341 0.00140113 0)
(0.161263 0.00136567 0)
(0.160311 0.00133258 0)
(0.159238 0.00129915 0)
(0.158309 0.00126826 0)
(0.157241 0.00123673 0)
(0.156339 0.00120792 0)
(0.155274 0.00117813 0)
(0.154401 0.00115132 0)
(0.153337 0.00112313 0)
(0.152496 0.00109823 0)
(0.151433 0.00107151 0)
(0.150625 0.00104844 0)
(0.14956 0.00102305 0)
(0.148789 0.00100177 0)
(0.147718 0.00097759 0)
(0.146988 0.000958043 0)
(0.145908 0.00093496 0)
(0.145222 0.000917126 0)
(0.144128 0.000895033 0)
(0.143491 0.000878904 0)
(0.142378 0.000857708 0)
(0.141795 0.000843295 0)
(0.140657 0.000822923 0)
(0.140133 0.00081025 0)
(0.138962 0.000790665 0)
(0.138504 0.00077976 0)
(0.137292 0.000760995 0)
(0.136907 0.00075187 0)
(0.135644 0.000734091 0)
(0.135342 0.000726699 0)
(0.134015 0.000710351 0)
(0.133805 0.000704583 0)
(0.132403 0.000690819 0)
(0.132295 0.000687025 0)
(0.130804 0.000678966 0)
(0.196341 0.00626066 0)
(0.196645 0.00721819 0)
(0.19721 0.00812265 0)
(0.198059 0.00881838 0)
(0.199115 0.0091893 0)
(0.200217 0.00923907 0)
(0.201226 0.00905174 0)
(0.202063 0.00871486 0)
(0.202713 0.00829 0)
(0.203183 0.00782075 0)
(0.2035 0.00734629 0)
(0.203684 0.00690149 0)
(0.203772 0.00650885 0)
(0.203789 0.00617445 0)
(0.203771 0.0058924 0)
(0.203727 0.00565206 0)
(0.203675 0.00544328 0)
(0.203608 0.00525812 0)
(0.203534 0.00509099 0)
(0.20344 0.00493785 0)
(0.203337 0.00479595 0)
(0.203211 0.00466319 0)
(0.203073 0.00453822 0)
(0.202908 0.0044199 0)
(0.202733 0.00430759 0)
(0.202528 0.00420056 0)
(0.202312 0.00409849 0)
(0.202065 0.00400074 0)
(0.201807 0.00390712 0)
(0.201516 0.00381699 0)
(0.201216 0.00373029 0)
(0.200881 0.0036464 0)
(0.200538 0.00356537 0)
(0.200158 0.00348658 0)
(0.199773 0.00341025 0)
(0.199348 0.00333574 0)
(0.198921 0.0032634 0)
(0.198451 0.00319256 0)
(0.197983 0.0031237 0)
(0.197471 0.00305608 0)
(0.196964 0.00299034 0)
(0.196409 0.00292564 0)
(0.195866 0.00286277 0)
(0.195271 0.00280075 0)
(0.194694 0.00274057 0)
(0.194061 0.00268108 0)
(0.193452 0.00262346 0)
(0.192784 0.00256637 0)
(0.192147 0.00251122 0)
(0.191446 0.00245642 0)
(0.190784 0.00240366 0)
(0.190052 0.00235108 0)
(0.189368 0.00230065 0)
(0.188608 0.00225022 0)
(0.187905 0.00220206 0)
(0.18712 0.00215369 0)
(0.186402 0.00210777 0)
(0.185593 0.00206141 0)
(0.184864 0.00201768 0)
(0.184033 0.00197323 0)
(0.183297 0.00193166 0)
(0.182445 0.00188906 0)
(0.181704 0.0018496 0)
(0.180834 0.00180877 0)
(0.180092 0.00177139 0)
(0.179204 0.00173223 0)
(0.178466 0.00169688 0)
(0.17756 0.00165932 0)
(0.176828 0.00162597 0)
(0.175906 0.00158991 0)
(0.175184 0.00155853 0)
(0.174245 0.00152386 0)
(0.173536 0.00149443 0)
(0.172581 0.00146105 0)
(0.171888 0.00143355 0)
(0.170915 0.00140137 0)
(0.170243 0.00137578 0)
(0.169251 0.00134469 0)
(0.168604 0.00132101 0)
(0.16759 0.00129092 0)
(0.166972 0.00126916 0)
(0.165934 0.00123996 0)
(0.16535 0.00122015 0)
(0.164285 0.00119175 0)
(0.16374 0.00117391 0)
(0.162643 0.00114626 0)
(0.162143 0.00113043 0)
(0.16101 0.00110348 0)
(0.160559 0.00108969 0)
(0.159385 0.00106346 0)
(0.158991 0.00105175 0)
(0.157768 0.00102633 0)
(0.157438 0.0010167 0)
(0.156159 0.000992338 0)
(0.1559 0.000984765 0)
(0.154556 0.000961967 0)
(0.154376 0.000956451 0)
(0.152958 0.000936302 0)
(0.152865 0.000933317 0)
(0.151363 0.000917828 0)
(0.196852 0.00605743 0)
(0.197142 0.0068654 0)
(0.197635 0.00762386 0)
(0.198342 0.00823214 0)
(0.199221 0.00859969 0)
(0.200162 0.00870359 0)
(0.201058 0.00859039 0)
(0.201825 0.0083306 0)
(0.20244 0.00798399 0)
(0.2029 0.00759288 0)
(0.20323 0.00718985 0)
(0.203443 0.00680205 0)
(0.203575 0.00644955 0)
(0.20364 0.00614126 0)
(0.203674 0.00587622 0)
(0.203681 0.00564747 0)
(0.203683 0.00544721 0)
(0.203673 0.00526854 0)
(0.203664 0.00510686 0)
(0.203641 0.00495853 0)
(0.20362 0.00482149 0)
(0.203581 0.00469365 0)
(0.203545 0.00457405 0)
(0.20349 0.00446127 0)
(0.203437 0.00435495 0)
(0.203364 0.00425399 0)
(0.203295 0.00415836 0)
(0.203203 0.00406707 0)
(0.203116 0.00398027 0)
(0.203003 0.00389694 0)
(0.202897 0.00381741 0)
(0.202762 0.00374058 0)
(0.202636 0.003667 0)
(0.202477 0.00359549 0)
(0.20233 0.00352681 0)
(0.202146 0.0034597 0)
(0.201976 0.00339512 0)
(0.201765 0.00333167 0)
(0.201571 0.00327058 0)
(0.201332 0.00321026 0)
(0.201114 0.00315218 0)
(0.200845 0.00309458 0)
(0.200603 0.00303917 0)
(0.200303 0.00298394 0)
(0.200036 0.00293094 0)
(0.199706 0.00287784 0)
(0.199414 0.00282703 0)
(0.199053 0.00277587 0)
(0.198737 0.0027271 0)
(0.198345 0.0026777 0)
(0.198005 0.00263086 0)
(0.197581 0.0025831 0)
(0.19722 0.0025381 0)
(0.196764 0.00249187 0)
(0.196382 0.00244863 0)
(0.195895 0.00240383 0)
(0.195494 0.00236232 0)
(0.194976 0.00231888 0)
(0.194557 0.00227905 0)
(0.194009 0.00223689 0)
(0.193575 0.00219872 0)
(0.192997 0.00215777 0)
(0.19255 0.00212126 0)
(0.191942 0.00208145 0)
(0.191485 0.00204659 0)
(0.190847 0.00200786 0)
(0.190382 0.00197463 0)
(0.189715 0.00193692 0)
(0.189245 0.00190535 0)
(0.188548 0.00186858 0)
(0.188076 0.00183867 0)
(0.18735 0.00180277 0)
(0.186879 0.00177455 0)
(0.186122 0.00173946 0)
(0.185656 0.00171294 0)
(0.184868 0.00167859 0)
(0.18441 0.0016538 0)
(0.183591 0.00162012 0)
(0.183144 0.00159712 0)
(0.182291 0.00156404 0)
(0.181861 0.00154285 0)
(0.180973 0.00151033 0)
(0.180563 0.00149101 0)
(0.179638 0.00145899 0)
(0.179253 0.0014416 0)
(0.178287 0.00141007 0)
(0.177932 0.00139466 0)
(0.176923 0.00136364 0)
(0.176602 0.00135025 0)
(0.175546 0.00131983 0)
(0.175265 0.0013085 0)
(0.174158 0.00127884 0)
(0.173922 0.00126959 0)
(0.172759 0.001241 0)
(0.172575 0.00123385 0)
(0.17135 0.00120688 0)
(0.171222 0.00120197 0)
(0.16993 0.0011776 0)
(0.169865 0.00117542 0)
(0.1685 0.00115484 0)
(0.197301 0.00586144 0)
(0.197574 0.00654806 0)
(0.198007 0.00718884 0)
(0.198604 0.00771616 0)
(0.199342 0.00806397 0)
(0.200143 0.00820253 0)
(0.200929 0.00815185 0)
(0.201624 0.00796168 0)
(0.2022 0.00768442 0)
(0.202642 0.00736061 0)
(0.202973 0.00702001 0)
(0.2032 0.00668478 0)
(0.203355 0.00637199 0)
(0.203447 0.00609093 0)
(0.203507 0.00584396 0)
(0.203537 0.0056272 0)
(0.203563 0.00543543 0)
(0.203571 0.00526284 0)
(0.203584 0.00510586 0)
(0.203581 0.00496114 0)
(0.203584 0.00482731 0)
(0.20357 0.00470224 0)
(0.203564 0.0045855 0)
(0.20354 0.00447535 0)
(0.203526 0.00437186 0)
(0.203491 0.00427351 0)
(0.20347 0.00418073 0)
(0.203427 0.00409204 0)
(0.203399 0.00400816 0)
(0.203347 0.00392751 0)
(0.203312 0.00385105 0)
(0.20325 0.00377708 0)
(0.203209 0.00370681 0)
(0.203135 0.00363837 0)
(0.203087 0.00357329 0)
(0.203002 0.00350949 0)
(0.202945 0.00344879 0)
(0.202847 0.00338891 0)
(0.202781 0.00333198 0)
(0.202669 0.00327544 0)
(0.202593 0.00322179 0)
(0.202465 0.00316814 0)
(0.202379 0.00311739 0)
(0.202234 0.00306625 0)
(0.202136 0.00301808 0)
(0.201973 0.00296915 0)
(0.201863 0.00292331 0)
(0.20168 0.00287634 0)
(0.201557 0.00283262 0)
(0.201353 0.0027874 0)
(0.201218 0.00274564 0)
(0.200991 0.00270197 0)
(0.200843 0.00266204 0)
(0.200593 0.00261977 0)
(0.200432 0.00258155 0)
(0.200157 0.00254054 0)
(0.199983 0.00250395 0)
(0.199683 0.00246406 0)
(0.199497 0.00242904 0)
(0.19917 0.00239017 0)
(0.198973 0.00235667 0)
(0.198618 0.00231871 0)
(0.19841 0.00228668 0)
(0.198027 0.00224956 0)
(0.197809 0.00221898 0)
(0.197397 0.00218259 0)
(0.197171 0.00215344 0)
(0.196729 0.00211772 0)
(0.196495 0.00209 0)
(0.196022 0.00205486 0)
(0.195784 0.00202859 0)
(0.195279 0.00199395 0)
(0.195037 0.00196914 0)
(0.194499 0.00193496 0)
(0.194256 0.00191162 0)
(0.193685 0.00187783 0)
(0.193443 0.001856 0)
(0.192836 0.00182255 0)
(0.192598 0.00180227 0)
(0.191955 0.00176912 0)
(0.191723 0.00175043 0)
(0.191043 0.00171755 0)
(0.19082 0.0017005 0)
(0.1901 0.0016679 0)
(0.189889 0.00165253 0)
(0.189129 0.00162024 0)
(0.188933 0.00160659 0)
(0.18813 0.00157469 0)
(0.187953 0.0015628 0)
(0.187104 0.00153143 0)
(0.186949 0.00152134 0)
(0.186053 0.00149071 0)
(0.185923 0.00148247 0)
(0.184977 0.00145294 0)
(0.184876 0.00144662 0)
(0.183878 0.00141874 0)
(0.183808 0.00141457 0)
(0.182754 0.00138922 0)
(0.18272 0.00138766 0)
(0.181609 0.0013655 0)
(0.197696 0.00567221 0)
(0.197951 0.00625959 0)
(0.198333 0.00680622 0)
(0.198844 0.00726393 0)
(0.199468 0.00758542 0)
(0.200149 0.0077427 0)
(0.200835 0.00774079 0)
(0.201458 0.00761115 0)
(0.201992 0.00739568 0)
(0.202414 0.00713093 0)
(0.202741 0.00684503 0)
(0.202974 0.0065573 0)
(0.203145 0.00628252 0)
(0.203255 0.00602916 0)
(0.203335 0.00580146 0)
(0.203381 0.0055978 0)
(0.203421 0.00541544 0)
(0.203441 0.00524967 0)
(0.203465 0.00509805 0)
(0.203471 0.00495734 0)
(0.203484 0.00482689 0)
(0.203479 0.00470445 0)
(0.203483 0.00459016 0)
(0.203468 0.00448197 0)
(0.203466 0.00438047 0)
(0.203443 0.00428365 0)
(0.203436 0.00419253 0)
(0.203407 0.00410507 0)
(0.203397 0.00402261 0)
(0.203362 0.00394299 0)
(0.20335 0.00386785 0)
(0.203309 0.00379482 0)
(0.203295 0.00372588 0)
(0.20325 0.00365839 0)
(0.203234 0.00359472 0)
(0.203183 0.00353195 0)
(0.203166 0.0034728 0)
(0.203109 0.00341406 0)
(0.20309 0.00335886 0)
(0.203026 0.00330361 0)
(0.203006 0.0032519 0)
(0.202934 0.00319969 0)
(0.202912 0.00315109 0)
(0.202832 0.00310157 0)
(0.202807 0.00305576 0)
(0.202718 0.00300861 0)
(0.20269 0.00296535 0)
(0.20259 0.0029203 0)
(0.202559 0.00287939 0)
(0.202447 0.00283621 0)
(0.202413 0.00279745 0)
(0.202288 0.00275595 0)
(0.202249 0.00271919 0)
(0.20211 0.00267919 0)
(0.202068 0.00264429 0)
(0.201913 0.00260562 0)
(0.201866 0.00257249 0)
(0.201694 0.00253499 0)
(0.201643 0.00250352 0)
(0.201453 0.00246706 0)
(0.201397 0.00243719 0)
(0.201188 0.00240164 0)
(0.201127 0.00237329 0)
(0.200897 0.00233854 0)
(0.200832 0.00231166 0)
(0.20058 0.00227761 0)
(0.200511 0.00225215 0)
(0.200236 0.0022187 0)
(0.200163 0.00219463 0)
(0.199864 0.00216169 0)
(0.199787 0.00213899 0)
(0.199462 0.00210647 0)
(0.199383 0.00208514 0)
(0.199032 0.00205297 0)
(0.198951 0.00203299 0)
(0.198571 0.00200113 0)
(0.19849 0.0019825 0)
(0.198081 0.00195089 0)
(0.198 0.00193362 0)
(0.19756 0.00190225 0)
(0.19748 0.00188635 0)
(0.197009 0.00185521 0)
(0.196932 0.00184069 0)
(0.196427 0.0018098 0)
(0.196354 0.00179669 0)
(0.195816 0.00176611 0)
(0.195748 0.00175442 0)
(0.195174 0.00172427 0)
(0.195113 0.00171401 0)
(0.194503 0.00168446 0)
(0.19445 0.00167568 0)
(0.193802 0.00164696 0)
(0.193758 0.00163971 0)
(0.193071 0.00161219 0)
(0.193038 0.00160659 0)
(0.192312 0.00158081 0)
(0.192289 0.00157716 0)
(0.191523 0.00155388 0)
(0.191513 0.00155256 0)
(0.190706 0.00153214 0)
(0.198044 0.00549036 0)
(0.19828 0.00599666 0)
(0.19862 0.00646733 0)
(0.199059 0.00686663 0)
(0.199592 0.00716041 0)
(0.200174 0.00732503 0)
(0.20077 0.00735856 0)
(0.201323 0.00727905 0)
(0.201813 0.0071177 0)
(0.202211 0.00690516 0)
(0.202531 0.0066675 0)
(0.202766 0.00642229 0)
(0.202947 0.00618295 0)
(0.20307 0.00595689 0)
(0.203165 0.00574927 0)
(0.203225 0.00555985 0)
(0.203278 0.00538801 0)
(0.203307 0.00523005 0)
(0.203339 0.0050847 0)
(0.203352 0.00494881 0)
(0.203372 0.00482241 0)
(0.203372 0.00470307 0)
(0.203382 0.00459153 0)
(0.203372 0.00448544 0)
(0.203375 0.00438594 0)
(0.203357 0.00429061 0)
(0.203356 0.00420097 0)
(0.203331 0.0041145 0)
(0.203328 0.00403314 0)
(0.203298 0.00395416 0)
(0.203293 0.00387986 0)
(0.203259 0.00380723 0)
(0.203253 0.00373896 0)
(0.203216 0.00367175 0)
(0.20321 0.00360867 0)
(0.203169 0.0035461 0)
(0.203164 0.00348754 0)
(0.20312 0.00342897 0)
(0.203116 0.00337439 0)
(0.203068 0.00331933 0)
(0.203065 0.0032683 0)
(0.203014 0.00321634 0)
(0.203012 0.00316851 0)
(0.202956 0.0031193 0)
(0.202956 0.00307437 0)
(0.202895 0.00302762 0)
(0.202896 0.00298538 0)
(0.20283 0.00294083 0)
(0.202832 0.00290106 0)
(0.20276 0.00285851 0)
(0.202763 0.00282103 0)
(0.202685 0.00278028 0)
(0.202689 0.00274494 0)
(0.202603 0.00270581 0)
(0.202608 0.00267249 0)
(0.202513 0.00263482 0)
(0.202518 0.0026034 0)
(0.202414 0.00256702 0)
(0.20242 0.0025374 0)
(0.202306 0.0025022 0)
(0.202312 0.00247427 0)
(0.202186 0.00244011 0)
(0.202193 0.00241381 0)
(0.202054 0.00238057 0)
(0.202061 0.00235582 0)
(0.201908 0.00232339 0)
(0.201915 0.00230012 0)
(0.201748 0.00226842 0)
(0.201754 0.00224657 0)
(0.201572 0.00221549 0)
(0.201578 0.00219503 0)
(0.201379 0.00216448 0)
(0.201385 0.00214535 0)
(0.201167 0.00211528 0)
(0.201173 0.00209745 0)
(0.200937 0.00206781 0)
(0.200942 0.00205124 0)
(0.200686 0.00202199 0)
(0.200692 0.00200667 0)
(0.200415 0.00197778 0)
(0.20042 0.00196368 0)
(0.200122 0.00193518 0)
(0.200127 0.00192228 0)
(0.199806 0.00189419 0)
(0.199811 0.00188248 0)
(0.199466 0.00185488 0)
(0.199472 0.00184435 0)
(0.199103 0.00181736 0)
(0.199109 0.00180802 0)
(0.198715 0.00178181 0)
(0.198721 0.0017737 0)
(0.198301 0.0017485 0)
(0.198307 0.00174169 0)
(0.197862 0.00171785 0)
(0.197868 0.0017125 0)
(0.197396 0.00169052 0)
(0.197401 0.00168695 0)
(0.196904 0.00166746 0)
(0.196907 0.00166601 0)
(0.196384 0.00164924 0)
(0.19835 0.00531665 0)
(0.198568 0.00575642 0)
(0.198871 0.00616504 0)
(0.199252 0.00651548 0)
(0.19971 0.00678262 0)
(0.200209 0.0069473 0)
(0.200726 0.00700506 0)
(0.201216 0.00696532 0)
(0.201661 0.00685013 0)
(0.202033 0.00668355 0)
(0.20234 0.00648873 0)
(0.202575 0.00628162 0)
(0.202761 0.0060749 0)
(0.202893 0.00587513 0)
(0.202999 0.00568786 0)
(0.20307 0.00551357 0)
(0.203133 0.00535323 0)
(0.203171 0.00520405 0)
(0.203211 0.00506582 0)
(0.20323 0.00493557 0)
(0.203255 0.00481389 0)
(0.203261 0.00469825 0)
(0.203275 0.00458991 0)
(0.203269 0.00448632 0)
(0.203276 0.00438907 0)
(0.203262 0.00429545 0)
(0.203264 0.00420742 0)
(0.203243 0.00412211 0)
(0.203242 0.00404188 0)
(0.203216 0.00396363 0)
(0.203213 0.0038901 0)
(0.203183 0.00381789 0)
(0.203179 0.00375016 0)
(0.203147 0.00368316 0)
(0.203143 0.00362044 0)
(0.203107 0.00355794 0)
(0.203104 0.00349963 0)
(0.203066 0.00344105 0)
(0.203064 0.00338666 0)
(0.203024 0.00333152 0)
(0.203023 0.00328065 0)
(0.202981 0.00322859 0)
(0.202982 0.00318091 0)
(0.202938 0.00313161 0)
(0.202941 0.00308685 0)
(0.202894 0.00304003 0)
(0.2029 0.00299798 0)
(0.20285 0.00295341 0)
(0.202858 0.00291388 0)
(0.202805 0.00287136 0)
(0.202816 0.00283417 0)
(0.202759 0.00279354 0)
(0.202773 0.00275855 0)
(0.202712 0.00271963 0)
(0.202728 0.00268672 0)
(0.202663 0.00264936 0)
(0.202682 0.00261841 0)
(0.202612 0.00258248 0)
(0.202633 0.00255338 0)
(0.202558 0.00251875 0)
(0.202581 0.00249141 0)
(0.2025 0.00245796 0)
(0.202526 0.0024323 0)
(0.202438 0.00239992 0)
(0.202466 0.00237585 0)
(0.202371 0.00234445 0)
(0.2024 0.00232189 0)
(0.202298 0.00229139 0)
(0.202329 0.00227027 0)
(0.202218 0.00224056 0)
(0.20225 0.00222083 0)
(0.20213 0.00219186 0)
(0.202164 0.00217345 0)
(0.202034 0.00214515 0)
(0.202068 0.002128 0)
(0.201927 0.00210033 0)
(0.201962 0.0020844 0)
(0.201811 0.00205734 0)
(0.201846 0.00204258 0)
(0.201683 0.00201612 0)
(0.201718 0.00200248 0)
(0.201542 0.00197664 0)
(0.201576 0.00196409 0)
(0.201387 0.0019389 0)
(0.201421 0.00192742 0)
(0.201219 0.00190295 0)
(0.201251 0.00189253 0)
(0.201034 0.00186889 0)
(0.201064 0.00185954 0)
(0.200834 0.00183689 0)
(0.200861 0.00182865 0)
(0.200615 0.00180722 0)
(0.200639 0.00180019 0)
(0.200379 0.00178027 0)
(0.200398 0.00177466 0)
(0.200123 0.00175668 0)
(0.200136 0.00175282 0)
(0.199846 0.00173731 0)
(0.199854 0.00173552 0)
(0.199549 0.00172269 0)
(0.19862 0.00515151 0)
(0.198821 0.00553624 0)
(0.199091 0.00589363 0)
(0.199424 0.00620299 0)
(0.199819 0.00644559 0)
(0.200249 0.00660609 0)
(0.200698 0.0066796 0)
(0.201129 0.00667037 0)
(0.201531 0.00659352 0)
(0.201874 0.00646692 0)
(0.202167 0.00631015 0)
(0.202397 0.00613731 0)
(0.202585 0.00596046 0)
(0.202723 0.0057856 0)
(0.202837 0.00561842 0)
(0.202917 0.00545978 0)
(0.202987 0.00531168 0)
(0.203034 0.00517209 0)
(0.203079 0.00504168 0)
(0.203105 0.00491775 0)
(0.203135 0.00480138 0)
(0.203146 0.00469004 0)
(0.203164 0.00458532 0)
(0.203163 0.00448466 0)
(0.203172 0.00438993 0)
(0.203163 0.00429835 0)
(0.203166 0.0042121 0)
(0.20315 0.00412821 0)
(0.203149 0.00404922 0)
(0.203128 0.0039719 0)
(0.203125 0.0038992 0)
(0.2031 0.00382758 0)
(0.203096 0.00376037 0)
(0.203068 0.00369371 0)
(0.203063 0.0036313 0)
(0.203032 0.00356897 0)
(0.203028 0.00351081 0)
(0.202995 0.00345227 0)
(0.202991 0.00339791 0)
(0.202957 0.00334274 0)
(0.202955 0.00329181 0)
(0.202919 0.00323968 0)
(0.202918 0.00319187 0)
(0.202881 0.00314247 0)
(0.202882 0.00309756 0)
(0.202843 0.00305064 0)
(0.202846 0.0030084 0)
(0.202806 0.00296374 0)
(0.202811 0.002924 0)
(0.202769 0.00288144 0)
(0.202777 0.00284402 0)
(0.202734 0.00280339 0)
(0.202743 0.00276817 0)
(0.202698 0.00272932 0)
(0.20271 0.00269618 0)
(0.202664 0.00265896 0)
(0.202678 0.00262778 0)
(0.202629 0.00259208 0)
(0.202646 0.00256275 0)
(0.202595 0.00252846 0)
(0.202614 0.00250088 0)
(0.20256 0.00246789 0)
(0.202582 0.00244198 0)
(0.202524 0.00241019 0)
(0.202548 0.00238587 0)
(0.202488 0.00235521 0)
(0.202514 0.00233239 0)
(0.20245 0.00230276 0)
(0.202478 0.00228137 0)
(0.20241 0.00225271 0)
(0.20244 0.00223269 0)
(0.202368 0.00220493 0)
(0.202399 0.00218619 0)
(0.202323 0.0021593 0)
(0.202355 0.00214179 0)
(0.202273 0.00211572 0)
(0.202306 0.00209939 0)
(0.20222 0.00207413 0)
(0.202253 0.00205891 0)
(0.202161 0.00203446 0)
(0.202195 0.00202033 0)
(0.202097 0.00199669 0)
(0.20213 0.00198361 0)
(0.202025 0.00196083 0)
(0.202058 0.00194876 0)
(0.201947 0.0019269 0)
(0.201978 0.00191586 0)
(0.20186 0.00189502 0)
(0.201888 0.00188503 0)
(0.201764 0.00186534 0)
(0.201789 0.00185647 0)
(0.201657 0.00183813 0)
(0.201679 0.00183051 0)
(0.201539 0.00181378 0)
(0.201557 0.00180764 0)
(0.20141 0.0017929 0)
(0.201422 0.00178858 0)
(0.201267 0.00177626 0)
(0.201274 0.00177408 0)
(0.201111 0.00176442 0)
(0.198858 0.00499511 0)
(0.199042 0.00533388 0)
(0.199283 0.00564859 0)
(0.199576 0.00592323 0)
(0.199918 0.00614372 0)
(0.20029 0.0062978 0)
(0.20068 0.006381 0)
(0.201059 0.00639462 0)
(0.201419 0.00634888 0)
(0.201734 0.00625647 0)
(0.20201 0.00613329 0)
(0.202232 0.0059913 0)
(0.202418 0.00584173 0)
(0.20256 0.00569021 0)
(0.202678 0.00554247 0)
(0.202766 0.00539957 0)
(0.202841 0.00526413 0)
(0.202895 0.00513472 0)
(0.202945 0.00501265 0)
(0.202977 0.00489563 0)
(0.20301 0.00478501 0)
(0.203027 0.00467848 0)
(0.203047 0.00457777 0)
(0.203052 0.00448045 0)
(0.203063 0.00438852 0)
(0.203058 0.0042993 0)
(0.203063 0.00421502 0)
(0.203051 0.0041328 0)
(0.203051 0.00405517 0)
(0.203034 0.00397902 0)
(0.203031 0.00390722 0)
(0.203011 0.00383639 0)
(0.203005 0.00376973 0)
(0.202982 0.00370358 0)
(0.202976 0.00364147 0)
(0.202951 0.00357944 0)
(0.202944 0.00352139 0)
(0.202917 0.00346303 0)
(0.20291 0.00340863 0)
(0.202882 0.00335355 0)
(0.202876 0.00330247 0)
(0.202847 0.00325036 0)
(0.202842 0.00320232 0)
(0.202812 0.00315291 0)
(0.202808 0.00310769 0)
(0.202777 0.00306075 0)
(0.202775 0.00301815 0)
(0.202743 0.00297348 0)
(0.202742 0.00293333 0)
(0.20271 0.00289078 0)
(0.202711 0.00285291 0)
(0.202678 0.00281233 0)
(0.202681 0.00277662 0)
(0.202647 0.00273786 0)
(0.202652 0.0027042 0)
(0.202617 0.00266713 0)
(0.202624 0.0026354 0)
(0.202589 0.00259993 0)
(0.202597 0.00257001 0)
(0.202561 0.00253602 0)
(0.202571 0.00250784 0)
(0.202534 0.00247523 0)
(0.202546 0.00244869 0)
(0.202508 0.00241738 0)
(0.202522 0.00239239 0)
(0.202483 0.00236232 0)
(0.202498 0.00233879 0)
(0.202458 0.00230987 0)
(0.202475 0.00228776 0)
(0.202433 0.00225992 0)
(0.202451 0.00223913 0)
(0.202408 0.00221232 0)
(0.202427 0.00219279 0)
(0.202382 0.00216698 0)
(0.202402 0.00214864 0)
(0.202355 0.00212379 0)
(0.202376 0.00210661 0)
(0.202327 0.0020827 0)
(0.202349 0.00206662 0)
(0.202298 0.00204366 0)
(0.20232 0.00202864 0)
(0.202266 0.00200663 0)
(0.202288 0.00199266 0)
(0.202231 0.00197164 0)
(0.202253 0.00195869 0)
(0.202194 0.00193871 0)
(0.202214 0.00192681 0)
(0.202152 0.00190795 0)
(0.202171 0.00189716 0)
(0.202106 0.00187954 0)
(0.202123 0.00186993 0)
(0.202054 0.00185373 0)
(0.202068 0.00184547 0)
(0.201996 0.00183093 0)
(0.202008 0.00182426 0)
(0.201932 0.0018117 0)
(0.20194 0.00180695 0)
(0.20186 0.00179674 0)
(0.201864 0.00179425 0)
(0.20178 0.00178668 0)
(0.199067 0.00484741 0)
(0.199236 0.00514757 0)
(0.199451 0.00542645 0)
(0.199708 0.00567161 0)
(0.200007 0.0058724 0)
(0.200329 0.00601906 0)
(0.200668 0.00610773 0)
(0.201002 0.00613817 0)
(0.201322 0.00611718 0)
(0.20161 0.00605351 0)
(0.201866 0.0059596 0)
(0.202079 0.00584523 0)
(0.20226 0.00572051 0)
(0.202403 0.00559072 0)
(0.202523 0.00546147 0)
(0.202616 0.00533407 0)
(0.202695 0.00521137 0)
(0.202755 0.0050925 0)
(0.202808 0.00497913 0)
(0.202846 0.00486944 0)
(0.202882 0.00476495 0)
(0.202903 0.00466365 0)
(0.202926 0.00456727 0)
(0.202935 0.00447368 0)
(0.202948 0.0043848 0)
(0.202948 0.00429824 0)
(0.202953 0.00421612 0)
(0.202947 0.00413582 0)
(0.202947 0.00405969 0)
(0.202935 0.00398491 0)
(0.202931 0.0039141 0)
(0.202915 0.00384423 0)
(0.202909 0.00377819 0)
(0.202891 0.0037127 0)
(0.202883 0.00365092 0)
(0.202863 0.00358934 0)
(0.202854 0.0035314 0)
(0.202832 0.00347333 0)
(0.202823 0.00341888 0)
(0.2028 0.00336398 0)
(0.202792 0.00331273 0)
(0.202768 0.00326073 0)
(0.20276 0.00321241 0)
(0.202735 0.00316308 0)
(0.202728 0.0031175 0)
(0.202703 0.00307061 0)
(0.202696 0.00302759 0)
(0.202671 0.00298297 0)
(0.202666 0.00294234 0)
(0.20264 0.00289986 0)
(0.202636 0.00286146 0)
(0.202611 0.00282096 0)
(0.202608 0.00278469 0)
(0.202582 0.00274605 0)
(0.20258 0.00271179 0)
(0.202555 0.00267488 0)
(0.202554 0.00264251 0)
(0.202529 0.00260726 0)
(0.20253 0.00257667 0)
(0.202504 0.00254295 0)
(0.202506 0.00251407 0)
(0.20248 0.00248179 0)
(0.202484 0.00245452 0)
(0.202458 0.00242361 0)
(0.202463 0.00239786 0)
(0.202436 0.00236826 0)
(0.202442 0.00234395 0)
(0.202416 0.00231557 0)
(0.202423 0.00229265 0)
(0.202396 0.00226543 0)
(0.202404 0.00224382 0)
(0.202377 0.00221771 0)
(0.202386 0.00219733 0)
(0.202358 0.0021723 0)
(0.202368 0.00215311 0)
(0.202339 0.00212911 0)
(0.20235 0.00211106 0)
(0.202321 0.0020881 0)
(0.202332 0.00207115 0)
(0.202302 0.0020492 0)
(0.202313 0.00203333 0)
(0.202283 0.0020124 0)
(0.202294 0.0019976 0)
(0.202262 0.00197773 0)
(0.202273 0.00196399 0)
(0.202241 0.00194521 0)
(0.202251 0.00193258 0)
(0.202217 0.00191496 0)
(0.202227 0.0019035 0)
(0.202192 0.00188716 0)
(0.202201 0.00187697 0)
(0.202163 0.00186207 0)
(0.202171 0.00185334 0)
(0.202132 0.0018401 0)
(0.202138 0.00183306 0)
(0.202097 0.00182177 0)
(0.202101 0.00181676 0)
(0.202058 0.00180775 0)
(0.20206 0.00180509 0)
(0.202014 0.00179868 0)
(0.19925 0.00470832 0)
(0.199404 0.00497589 0)
(0.199597 0.00522454 0)
(0.199824 0.00544457 0)
(0.200084 0.00562791 0)
(0.200365 0.0057668 0)
(0.20066 0.00585806 0)
(0.200953 0.00590064 0)
(0.201238 0.00589906 0)
(0.201499 0.00585915 0)
(0.201734 0.00579041 0)
(0.201936 0.00570056 0)
(0.20211 0.00559834 0)
(0.202251 0.00548862 0)
(0.202371 0.00537679 0)
(0.202467 0.00526434 0)
(0.202549 0.00515423 0)
(0.202613 0.00504602 0)
(0.202669 0.00494155 0)
(0.202711 0.00483948 0)
(0.202749 0.00474139 0)
(0.202775 0.00464564 0)
(0.2028 0.00455388 0)
(0.202814 0.00446433 0)
(0.202828 0.00437874 0)
(0.202832 0.00429512 0)
(0.202838 0.00421535 0)
(0.202836 0.00413718 0)
(0.202836 0.0040627 0)
(0.202828 0.00398947 0)
(0.202825 0.00391979 0)
(0.202813 0.00385103 0)
(0.202807 0.00378569 0)
(0.202792 0.00372098 0)
(0.202784 0.0036596 0)
(0.202768 0.00359856 0)
(0.202758 0.0035408 0)
(0.20274 0.00348309 0)
(0.20273 0.00342863 0)
(0.202711 0.00337398 0)
(0.202701 0.00332257 0)
(0.202681 0.00327074 0)
(0.202671 0.00322217 0)
(0.202651 0.00317294 0)
(0.202641 0.00312702 0)
(0.202621 0.00308021 0)
(0.202612 0.00303679 0)
(0.202591 0.00299223 0)
(0.202583 0.00295114 0)
(0.202563 0.00290872 0)
(0.202555 0.00286982 0)
(0.202535 0.00282939 0)
(0.202528 0.00279258 0)
(0.202508 0.00275403 0)
(0.202502 0.0027192 0)
(0.202483 0.00268241 0)
(0.202478 0.00264945 0)
(0.202458 0.00261434 0)
(0.202455 0.00258313 0)
(0.202435 0.00254961 0)
(0.202432 0.00252008 0)
(0.202413 0.00248804 0)
(0.202412 0.00246011 0)
(0.202393 0.00242948 0)
(0.202392 0.00240305 0)
(0.202373 0.00237377 0)
(0.202373 0.00234878 0)
(0.202355 0.00232076 0)
(0.202355 0.00229715 0)
(0.202337 0.00227034 0)
(0.202338 0.00224803 0)
(0.20232 0.00222239 0)
(0.202322 0.00220131 0)
(0.202304 0.00217678 0)
(0.202307 0.00215689 0)
(0.202288 0.00213344 0)
(0.202292 0.00211471 0)
(0.202273 0.00209232 0)
(0.202277 0.00207471 0)
(0.202258 0.00205338 0)
(0.202262 0.00203688 0)
(0.202243 0.0020166 0)
(0.202248 0.0020012 0)
(0.202228 0.001982 0)
(0.202232 0.00196772 0)
(0.202212 0.00194963 0)
(0.202217 0.00193651 0)
(0.202195 0.0019196 0)
(0.2022 0.00190771 0)
(0.202178 0.0018921 0)
(0.202182 0.00188156 0)
(0.202158 0.00186739 0)
(0.202162 0.00185839 0)
(0.202137 0.00184586 0)
(0.20214 0.00183865 0)
(0.202114 0.00182804 0)
(0.202116 0.00182291 0)
(0.202088 0.00181454 0)
(0.202089 0.00181181 0)
(0.20206 0.00180599 0)
(0.19941 0.00457761 0)
(0.19955 0.00481765 0)
(0.199722 0.00504075 0)
(0.199922 0.00523931 0)
(0.20015 0.00540722 0)
(0.200395 0.00553838 0)
(0.200653 0.00563024 0)
(0.20091 0.00568142 0)
(0.201163 0.00569485 0)
(0.201398 0.00567432 0)
(0.201613 0.00562692 0)
(0.201802 0.00555856 0)
(0.201967 0.00547657 0)
(0.202105 0.00538528 0)
(0.202223 0.0052897 0)
(0.20232 0.00519151 0)
(0.202403 0.00509362 0)
(0.202469 0.00499597 0)
(0.202527 0.00490045 0)
(0.202573 0.00480616 0)
(0.202613 0.00471465 0)
(0.202642 0.00462466 0)
(0.202669 0.00453774 0)
(0.202686 0.00445245 0)
(0.202702 0.00437039 0)
(0.20271 0.0042899 0)
(0.202717 0.00421266 0)
(0.202718 0.00413681 0)
(0.20272 0.00406414 0)
(0.202715 0.00399261 0)
(0.202712 0.00392417 0)
(0.202704 0.00385665 0)
(0.202698 0.00379213 0)
(0.202686 0.0037283 0)
(0.202679 0.00366742 0)
(0.202665 0.00360699 0)
(0.202656 0.00354948 0)
(0.20264 0.00349219 0)
(0.20263 0.0034378 0)
(0.202614 0.00338343 0)
(0.202603 0.00333194 0)
(0.202587 0.00328029 0)
(0.202576 0.00323152 0)
(0.202559 0.00318241 0)
(0.202548 0.00313622 0)
(0.202531 0.00308947 0)
(0.202521 0.0030457 0)
(0.202504 0.0030012 0)
(0.202494 0.0029597 0)
(0.202477 0.00291731 0)
(0.202468 0.00287798 0)
(0.202451 0.00283758 0)
(0.202443 0.0028003 0)
(0.202426 0.00276178 0)
(0.202419 0.00272646 0)
(0.202402 0.00268973 0)
(0.202395 0.00265625 0)
(0.20238 0.00262122 0)
(0.202374 0.00258949 0)
(0.202358 0.00255605 0)
(0.202353 0.002526 0)
(0.202338 0.00249407 0)
(0.202333 0.0024656 0)
(0.202318 0.00243511 0)
(0.202315 0.00240815 0)
(0.2023 0.00237903 0)
(0.202297 0.00235351 0)
(0.202283 0.00232569 0)
(0.202281 0.00230155 0)
(0.202267 0.00227496 0)
(0.202265 0.00225213 0)
(0.202251 0.00222674 0)
(0.20225 0.00220515 0)
(0.202236 0.0021809 0)
(0.202236 0.00216052 0)
(0.202222 0.00213736 0)
(0.202222 0.00211816 0)
(0.202208 0.00209609 0)
(0.202209 0.00207803 0)
(0.202195 0.00205703 0)
(0.202196 0.00204012 0)
(0.202182 0.00202019 0)
(0.202183 0.00200443 0)
(0.202169 0.00198559 0)
(0.20217 0.00197098 0)
(0.202155 0.00195328 0)
(0.202157 0.00193988 0)
(0.202141 0.00192336 0)
(0.202143 0.00191125 0)
(0.202126 0.00189602 0)
(0.202128 0.00188533 0)
(0.20211 0.00187155 0)
(0.202112 0.00186245 0)
(0.202093 0.00185031 0)
(0.202094 0.00184305 0)
(0.202075 0.00183282 0)
(0.202075 0.00182767 0)
(0.202054 0.00181963 0)
(0.202055 0.0018169 0)
(0.202033 0.00181137 0)
(0.19955 0.00445474 0)
(0.199676 0.0046716 0)
(0.199829 0.00487322 0)
(0.200006 0.00505347 0)
(0.200205 0.00520778 0)
(0.200419 0.0053315 0)
(0.200644 0.00542261 0)
(0.200871 0.00547969 0)
(0.201094 0.00550459 0)
(0.201305 0.00549968 0)
(0.2015 0.00547017 0)
(0.201675 0.00542046 0)
(0.20183 0.0053565 0)
(0.201963 0.00528202 0)
(0.202077 0.00520153 0)
(0.202173 0.00511679 0)
(0.202256 0.00503064 0)
(0.202324 0.0049433 0)
(0.202383 0.00485666 0)
(0.202431 0.00477016 0)
(0.202472 0.00468531 0)
(0.202505 0.0046012 0)
(0.202532 0.00451926 0)
(0.202553 0.00443837 0)
(0.20257 0.00435999 0)
(0.202581 0.00428278 0)
(0.20259 0.00420822 0)
(0.202593 0.00413479 0)
(0.202596 0.00406406 0)
(0.202594 0.00399433 0)
(0.202593 0.00392726 0)
(0.202587 0.00386104 0)
(0.202582 0.00379747 0)
(0.202573 0.00373458 0)
(0.202566 0.0036743 0)
(0.202554 0.00361453 0)
(0.202546 0.00355736 0)
(0.202533 0.00350052 0)
(0.202523 0.00344628 0)
(0.202509 0.00339221 0)
(0.202499 0.00334072 0)
(0.202485 0.00328925 0)
(0.202474 0.00324037 0)
(0.202459 0.00319136 0)
(0.202448 0.00314497 0)
(0.202434 0.00309828 0)
(0.202423 0.00305424 0)
(0.202408 0.00300975 0)
(0.202398 0.00296794 0)
(0.202384 0.00292554 0)
(0.202374 0.00288585 0)
(0.20236 0.00284543 0)
(0.202351 0.00280778 0)
(0.202336 0.00276922 0)
(0.202328 0.00273351 0)
(0.202314 0.00269675 0)
(0.202307 0.00266287 0)
(0.202293 0.00262782 0)
(0.202286 0.00259568 0)
(0.202273 0.00256224 0)
(0.202267 0.00253178 0)
(0.202254 0.00249985 0)
(0.202248 0.00247098 0)
(0.202236 0.00244051 0)
(0.202231 0.00241314 0)
(0.202219 0.00238407 0)
(0.202215 0.00235815 0)
(0.202203 0.00233039 0)
(0.202199 0.00230586 0)
(0.202188 0.00227936 0)
(0.202185 0.00225616 0)
(0.202173 0.00223086 0)
(0.202171 0.00220892 0)
(0.20216 0.00218478 0)
(0.202158 0.00216407 0)
(0.202147 0.00214104 0)
(0.202145 0.00212153 0)
(0.202134 0.00209959 0)
(0.202133 0.00208126 0)
(0.202122 0.00206042 0)
(0.202121 0.00204326 0)
(0.20211 0.0020235 0)
(0.202109 0.00200753 0)
(0.202097 0.00198888 0)
(0.202098 0.0019741 0)
(0.202085 0.00195659 0)
(0.202085 0.00194306 0)
(0.202072 0.00192675 0)
(0.202073 0.00191456 0)
(0.202059 0.00189954 0)
(0.202059 0.00188881 0)
(0.202045 0.00187525 0)
(0.202045 0.00186616 0)
(0.20203 0.00185425 0)
(0.20203 0.00184702 0)
(0.202013 0.001837 0)
(0.202013 0.0018319 0)
(0.201996 0.00182405 0)
(0.201996 0.00182136 0)
(0.201977 0.00181597 0)
(0.19967 0.00433846 0)
(0.199784 0.00453607 0)
(0.199919 0.00471982 0)
(0.200074 0.00488454 0)
(0.200248 0.005027 0)
(0.200436 0.00514375 0)
(0.200633 0.00523327 0)
(0.200832 0.00529419 0)
(0.201029 0.00532771 0)
(0.201217 0.00533525 0)
(0.201394 0.00532059 0)
(0.201554 0.0052869 0)
(0.201699 0.00523892 0)
(0.201824 0.00517969 0)
(0.201934 0.0051132 0)
(0.202028 0.00504115 0)
(0.202109 0.00496626 0)
(0.202178 0.00488895 0)
(0.202237 0.00481107 0)
(0.202286 0.00473232 0)
(0.202328 0.0046542 0)
(0.202362 0.00457603 0)
(0.202391 0.0044992 0)
(0.202413 0.00442282 0)
(0.202432 0.00434825 0)
(0.202445 0.0042744 0)
(0.202456 0.00420266 0)
(0.202461 0.00413173 0)
(0.202466 0.00406304 0)
(0.202466 0.00399514 0)
(0.202466 0.00392954 0)
(0.202462 0.00386466 0)
(0.202458 0.0038021 0)
(0.202451 0.00374016 0)
(0.202445 0.00368055 0)
(0.202436 0.00362144 0)
(0.202428 0.00356468 0)
(0.202417 0.00350829 0)
(0.202408 0.00345425 0)
(0.202396 0.00340047 0)
(0.202387 0.00334903 0)
(0.202374 0.00329773 0)
(0.202364 0.0032488 0)
(0.202351 0.00319986 0)
(0.202341 0.00315333 0)
(0.202328 0.00310665 0)
(0.202318 0.00306242 0)
(0.202305 0.0030179 0)
(0.202295 0.00297584 0)
(0.202282 0.00293339 0)
(0.202273 0.00289342 0)
(0.20226 0.00285292 0)
(0.202251 0.00281497 0)
(0.202239 0.00277633 0)
(0.20223 0.0027403 0)
(0.202218 0.00270346 0)
(0.20221 0.00266925 0)
(0.202199 0.00263412 0)
(0.202191 0.00260166 0)
(0.20218 0.00256815 0)
(0.202174 0.00253736 0)
(0.202162 0.00250537 0)
(0.202157 0.00247617 0)
(0.202146 0.00244565 0)
(0.202141 0.00241797 0)
(0.20213 0.00238885 0)
(0.202126 0.00236264 0)
(0.202115 0.00233484 0)
(0.202111 0.00231004 0)
(0.202101 0.00228352 0)
(0.202098 0.00226006 0)
(0.202088 0.00223476 0)
(0.202085 0.00221258 0)
(0.202075 0.00218844 0)
(0.202073 0.00216751 0)
(0.202063 0.0021445 0)
(0.202061 0.00212479 0)
(0.202051 0.0021029 0)
(0.20205 0.00208439 0)
(0.20204 0.0020636 0)
(0.202039 0.0020463 0)
(0.202029 0.00202661 0)
(0.202029 0.00201053 0)
(0.202018 0.00199196 0)
(0.202018 0.00197711 0)
(0.202007 0.00195969 0)
(0.202006 0.00194613 0)
(0.201995 0.00192992 0)
(0.201995 0.00191772 0)
(0.201983 0.00190284 0)
(0.201983 0.00189214 0)
(0.20197 0.00187872 0)
(0.20197 0.00186968 0)
(0.201956 0.00185792 0)
(0.201956 0.00185076 0)
(0.201941 0.0018409 0)
(0.201941 0.00183586 0)
(0.201925 0.00182815 0)
(0.201925 0.00182551 0)
(0.201908 0.00182021 0)
(0.199772 0.00422713 0)
(0.199875 0.00440929 0)
(0.199994 0.00457781 0)
(0.20013 0.00472931 0)
(0.200282 0.00486167 0)
(0.200446 0.0049721 0)
(0.200618 0.00505945 0)
(0.200793 0.00512253 0)
(0.200967 0.00516223 0)
(0.201134 0.00517935 0)
(0.201293 0.00517669 0)
(0.201439 0.00515645 0)
(0.201572 0.00512236 0)
(0.201689 0.0050768 0)
(0.201794 0.00502319 0)
(0.201884 0.00496307 0)
(0.201963 0.00489898 0)
(0.20203 0.00483144 0)
(0.202088 0.00476226 0)
(0.202137 0.00469131 0)
(0.20218 0.00462006 0)
(0.202215 0.00454802 0)
(0.202245 0.00447652 0)
(0.202268 0.00440487 0)
(0.202288 0.00433436 0)
(0.202303 0.00426411 0)
(0.202315 0.0041954 0)
(0.202322 0.00412716 0)
(0.202328 0.00406071 0)
(0.20233 0.0039948 0)
(0.202331 0.00393082 0)
(0.202329 0.00386739 0)
(0.202327 0.00380596 0)
(0.202322 0.00374506 0)
(0.202317 0.00368622 0)
(0.202309 0.00362783 0)
(0.202302 0.00357155 0)
(0.202293 0.00351563 0)
(0.202285 0.00346188 0)
(0.202275 0.00340838 0)
(0.202266 0.00335706 0)
(0.202255 0.00330591 0)
(0.202246 0.00325698 0)
(0.202235 0.0032081 0)
(0.202226 0.00316148 0)
(0.202214 0.00311479 0)
(0.202205 0.0030704 0)
(0.202193 0.00302582 0)
(0.202184 0.00298356 0)
(0.202172 0.00294101 0)
(0.202163 0.00290081 0)
(0.202152 0.0028602 0)
(0.202144 0.00282199 0)
(0.202132 0.00278323 0)
(0.202125 0.00274693 0)
(0.202114 0.00270995 0)
(0.202107 0.00267548 0)
(0.202096 0.00264022 0)
(0.202089 0.00260748 0)
(0.202079 0.00257384 0)
(0.202073 0.00254279 0)
(0.202063 0.00251068 0)
(0.202057 0.00248123 0)
(0.202047 0.00245058 0)
(0.202043 0.00242267 0)
(0.202033 0.00239343 0)
(0.202029 0.00236699 0)
(0.202019 0.0023391 0)
(0.202016 0.00231409 0)
(0.202007 0.00228749 0)
(0.202004 0.00226383 0)
(0.201995 0.00223846 0)
(0.201992 0.00221611 0)
(0.201983 0.00219192 0)
(0.201981 0.00217083 0)
(0.201972 0.00214779 0)
(0.20197 0.00212794 0)
(0.201961 0.00210602 0)
(0.20196 0.0020874 0)
(0.201951 0.0020666 0)
(0.20195 0.00204922 0)
(0.201941 0.00202955 0)
(0.20194 0.0020134 0)
(0.201931 0.00199487 0)
(0.20193 0.00197999 0)
(0.20192 0.00196263 0)
(0.20192 0.00194905 0)
(0.20191 0.00193293 0)
(0.20191 0.00192075 0)
(0.201898 0.00190596 0)
(0.201898 0.0018953 0)
(0.201887 0.00188199 0)
(0.201887 0.00187302 0)
(0.201874 0.00186139 0)
(0.201874 0.00185431 0)
(0.20186 0.00184456 0)
(0.20186 0.00183961 0)
(0.201846 0.001832 0)
(0.201846 0.00182941 0)
(0.20183 0.00182419 0)
(0.199879 0.00411479 0)
(0.199966 0.0042763 0)
(0.200066 0.00442803 0)
(0.200181 0.00456637 0)
(0.200309 0.00468866 0)
(0.200448 0.00479229 0)
(0.200595 0.00487644 0)
(0.200744 0.00494025 0)
(0.200893 0.00498445 0)
(0.201038 0.00500948 0)
(0.201177 0.00501736 0)
(0.201306 0.00500952 0)
(0.201425 0.00498874 0)
(0.201532 0.00495674 0)
(0.201629 0.00491631 0)
(0.201713 0.00486872 0)
(0.201788 0.00481624 0)
(0.201852 0.00475942 0)
(0.201909 0.00469998 0)
(0.201957 0.0046379 0)
(0.201999 0.00457462 0)
(0.202035 0.00450977 0)
(0.202065 0.00444467 0)
(0.20209 0.00437875 0)
(0.20211 0.00431326 0)
(0.202126 0.00424747 0)
(0.202139 0.00418263 0)
(0.202149 0.00411781 0)
(0.202156 0.00405429 0)
(0.20216 0.00399097 0)
(0.202162 0.00392917 0)
(0.202162 0.00386767 0)
(0.202161 0.00380784 0)
(0.202158 0.00374835 0)
(0.202154 0.00369064 0)
(0.202149 0.00363326 0)
(0.202143 0.00357776 0)
(0.202136 0.00352254 0)
(0.202129 0.00346927 0)
(0.202121 0.00341622 0)
(0.202113 0.00336519 0)
(0.202104 0.00331432 0)
(0.202096 0.0032655 0)
(0.202086 0.00321677 0)
(0.202078 0.00317015 0)
(0.202068 0.00312349 0)
(0.20206 0.00307902 0)
(0.20205 0.0030344 0)
(0.202042 0.002992 0)
(0.202031 0.00294936 0)
(0.202024 0.00290896 0)
(0.202014 0.00286822 0)
(0.202006 0.00282979 0)
(0.201996 0.00279088 0)
(0.201989 0.00275433 0)
(0.20198 0.00271719 0)
(0.201973 0.00268247 0)
(0.201964 0.00264704 0)
(0.201958 0.00261405 0)
(0.201949 0.00258024 0)
(0.201943 0.00254893 0)
(0.201934 0.00251665 0)
(0.20193 0.00248696 0)
(0.201921 0.00245615 0)
(0.201917 0.002428 0)
(0.201908 0.00239861 0)
(0.201904 0.00237195 0)
(0.201896 0.00234392 0)
(0.201893 0.0023187 0)
(0.201885 0.00229198 0)
(0.201882 0.00226813 0)
(0.201874 0.00224266 0)
(0.201872 0.00222013 0)
(0.201864 0.00219586 0)
(0.201862 0.00217462 0)
(0.201854 0.0021515 0)
(0.201853 0.00213153 0)
(0.201845 0.00210955 0)
(0.201844 0.00209083 0)
(0.201836 0.00207 0)
(0.201835 0.00205253 0)
(0.201827 0.00203286 0)
(0.201826 0.00201666 0)
(0.201818 0.00199815 0)
(0.201817 0.00198324 0)
(0.201809 0.00196593 0)
(0.201808 0.00195236 0)
(0.201799 0.0019363 0)
(0.201799 0.00192415 0)
(0.201789 0.00190946 0)
(0.201789 0.00189885 0)
(0.201779 0.00188566 0)
(0.201779 0.00187677 0)
(0.201768 0.00186526 0)
(0.201767 0.00185827 0)
(0.201756 0.00184866 0)
(0.201755 0.00184378 0)
(0.201743 0.00183629 0)
(0.201743 0.00183375 0)
(0.201729 0.0018286 0)
(0.199962 0.00398769 0)
(0.200037 0.00413324 0)
(0.200124 0.00427042 0)
(0.200219 0.00439599 0)
(0.200323 0.00450797 0)
(0.200436 0.00460447 0)
(0.200555 0.0046851 0)
(0.200678 0.00474915 0)
(0.200802 0.00479722 0)
(0.200923 0.00482942 0)
(0.20104 0.00484712 0)
(0.201151 0.00485107 0)
(0.201254 0.00484325 0)
(0.201348 0.00482472 0)
(0.201434 0.00479767 0)
(0.20151 0.00476301 0)
(0.201579 0.00472271 0)
(0.201639 0.00467726 0)
(0.201692 0.00462829 0)
(0.201738 0.00457583 0)
(0.201778 0.00452129 0)
(0.201812 0.0044644 0)
(0.201842 0.00440645 0)
(0.201867 0.00434696 0)
(0.201888 0.0042872 0)
(0.201904 0.00422651 0)
(0.201918 0.00416614 0)
(0.201929 0.00410527 0)
(0.201937 0.00404518 0)
(0.201943 0.00398488 0)
(0.201947 0.00392568 0)
(0.201948 0.00386645 0)
(0.201949 0.00380855 0)
(0.201947 0.00375073 0)
(0.201945 0.00369442 0)
(0.201942 0.00363824 0)
(0.201938 0.00358371 0)
(0.201933 0.00352932 0)
(0.201928 0.0034767 0)
(0.201921 0.0034242 0)
(0.201915 0.00337356 0)
(0.201908 0.00332302 0)
(0.201901 0.00327441 0)
(0.201893 0.00322584 0)
(0.201887 0.00317928 0)
(0.201878 0.00313268 0)
(0.201872 0.00308816 0)
(0.201863 0.0030435 0)
(0.201856 0.00300097 0)
(0.201848 0.00295823 0)
(0.201841 0.00291765 0)
(0.201833 0.00287676 0)
(0.201827 0.00283811 0)
(0.201818 0.00279902 0)
(0.201812 0.00276224 0)
(0.201804 0.00272491 0)
(0.201799 0.00268993 0)
(0.201791 0.00265429 0)
(0.201786 0.00262106 0)
(0.201778 0.00258704 0)
(0.201774 0.00255548 0)
(0.201766 0.002523 0)
(0.201762 0.00249305 0)
(0.201755 0.00246205 0)
(0.201751 0.00243366 0)
(0.201744 0.00240409 0)
(0.201741 0.0023772 0)
(0.201734 0.00234901 0)
(0.201731 0.00232358 0)
(0.201724 0.00229671 0)
(0.201722 0.00227267 0)
(0.201715 0.00224708 0)
(0.201713 0.00222438 0)
(0.201707 0.0022 0)
(0.201705 0.00217861 0)
(0.201699 0.0021554 0)
(0.201698 0.0021353 0)
(0.201691 0.00211326 0)
(0.20169 0.00209443 0)
(0.201683 0.00207357 0)
(0.201683 0.00205602 0)
(0.201676 0.00203634 0)
(0.201676 0.00202009 0)
(0.201668 0.00200161 0)
(0.201668 0.00198668 0)
(0.201661 0.00196942 0)
(0.201661 0.00195586 0)
(0.201653 0.00193988 0)
(0.201653 0.00192777 0)
(0.201645 0.00191318 0)
(0.201645 0.00190264 0)
(0.201636 0.00188957 0)
(0.201636 0.00188077 0)
(0.201626 0.0018694 0)
(0.201626 0.00186251 0)
(0.201616 0.00185304 0)
(0.201616 0.00184825 0)
(0.201605 0.00184088 0)
(0.201605 0.00183839 0)
(0.201594 0.00183332 0)
(0.200037 0.00386648 0)
(0.200098 0.00400131 0)
(0.200162 0.00412684 0)
(0.200235 0.00424121 0)
(0.200317 0.00434393 0)
(0.200405 0.00443399 0)
(0.200501 0.00451131 0)
(0.200599 0.00457526 0)
(0.2007 0.00462621 0)
(0.200799 0.00466398 0)
(0.200895 0.00468948 0)
(0.200987 0.00470298 0)
(0.201073 0.00470588 0)
(0.201153 0.00469874 0)
(0.201226 0.00468326 0)
(0.201293 0.00466 0)
(0.201353 0.00463067 0)
(0.201406 0.0045956 0)
(0.201454 0.00455634 0)
(0.201496 0.00451289 0)
(0.201533 0.00446665 0)
(0.201565 0.00441738 0)
(0.201593 0.00436635 0)
(0.201616 0.00431315 0)
(0.201637 0.00425903 0)
(0.201654 0.00420342 0)
(0.201668 0.00414755 0)
(0.201679 0.00409069 0)
(0.201688 0.00403411 0)
(0.201694 0.00397692 0)
(0.201699 0.00392042 0)
(0.201702 0.00386355 0)
(0.201704 0.00380769 0)
(0.201704 0.00375164 0)
(0.201704 0.00369683 0)
(0.201702 0.00364194 0)
(0.2017 0.00358848 0)
(0.201696 0.003535 0)
(0.201693 0.00348311 0)
(0.201688 0.00343122 0)
(0.201684 0.00338106 0)
(0.201679 0.0033309 0)
(0.201674 0.00328256 0)
(0.201668 0.0032342 0)
(0.201663 0.00318775 0)
(0.201656 0.00314124 0)
(0.201651 0.00309671 0)
(0.201644 0.00305203 0)
(0.201639 0.00300942 0)
(0.201632 0.00296658 0)
(0.201627 0.00292586 0)
(0.201621 0.00288483 0)
(0.201616 0.00284598 0)
(0.201609 0.00280672 0)
(0.201604 0.00276972 0)
(0.201598 0.00273219 0)
(0.201594 0.00269699 0)
(0.201587 0.00266115 0)
(0.201583 0.00262768 0)
(0.201577 0.00259345 0)
(0.201574 0.00256165 0)
(0.201568 0.00252897 0)
(0.201564 0.00249878 0)
(0.201559 0.00246758 0)
(0.201556 0.00243896 0)
(0.20155 0.00240921 0)
(0.201548 0.0023821 0)
(0.201542 0.00235375 0)
(0.20154 0.00232811 0)
(0.201535 0.0023011 0)
(0.201533 0.00227688 0)
(0.201528 0.00225116 0)
(0.201526 0.0022283 0)
(0.201521 0.00220381 0)
(0.20152 0.00218227 0)
(0.201515 0.00215898 0)
(0.201514 0.00213875 0)
(0.201509 0.00211664 0)
(0.201508 0.00209772 0)
(0.201503 0.00207681 0)
(0.201502 0.0020592 0)
(0.201497 0.00203951 0)
(0.201497 0.00202323 0)
(0.201491 0.00200476 0)
(0.201491 0.00198982 0)
(0.201485 0.0019726 0)
(0.201485 0.00195906 0)
(0.201479 0.00194316 0)
(0.201479 0.00193108 0)
(0.201473 0.00191659 0)
(0.201473 0.00190612 0)
(0.201466 0.00189318 0)
(0.201466 0.00188446 0)
(0.201458 0.00187323 0)
(0.201458 0.00186643 0)
(0.20145 0.0018571 0)
(0.20145 0.00185239 0)
(0.201442 0.00184513 0)
(0.201442 0.00184269 0)
(0.201432 0.0018377 0)
(0.20008 0.00375944 0)
(0.200127 0.0038803 0)
(0.200174 0.00399396 0)
(0.200227 0.00409876 0)
(0.200286 0.00419428 0)
(0.200353 0.00427962 0)
(0.200426 0.00435471 0)
(0.200503 0.00441882 0)
(0.200581 0.00447214 0)
(0.200659 0.00451428 0)
(0.200735 0.00454587 0)
(0.200808 0.00456686 0)
(0.200877 0.00457831 0)
(0.200942 0.00458042 0)
(0.201002 0.00457455 0)
(0.201057 0.00456097 0)
(0.201107 0.00454113 0)
(0.201152 0.00451522 0)
(0.201193 0.00448464 0)
(0.201229 0.00444937 0)
(0.201261 0.00441074 0)
(0.201289 0.00436853 0)
(0.201314 0.00432399 0)
(0.201335 0.00427675 0)
(0.201354 0.00422803 0)
(0.20137 0.00417731 0)
(0.201383 0.00412585 0)
(0.201394 0.00407294 0)
(0.201403 0.00401987 0)
(0.20141 0.0039658 0)
(0.201416 0.00391205 0)
(0.20142 0.00385761 0)
(0.201423 0.00380386 0)
(0.201424 0.00374967 0)
(0.201425 0.00369645 0)
(0.201425 0.00364295 0)
(0.201424 0.00359066 0)
(0.201423 0.00353819 0)
(0.201421 0.00348713 0)
(0.201418 0.00343595 0)
(0.201416 0.00338636 0)
(0.201412 0.00333667 0)
(0.201409 0.00328869 0)
(0.201405 0.00324062 0)
(0.201401 0.00319438 0)
(0.201397 0.00314801 0)
(0.201393 0.00310356 0)
(0.201389 0.00305894 0)
(0.201385 0.00301631 0)
(0.20138 0.00297343 0)
(0.201377 0.00293263 0)
(0.201372 0.0028915 0)
(0.201368 0.00285252 0)
(0.201364 0.00281313 0)
(0.20136 0.00277597 0)
(0.201356 0.00273828 0)
(0.201353 0.00270289 0)
(0.201348 0.00266688 0)
(0.201345 0.00263322 0)
(0.201341 0.00259881 0)
(0.201338 0.00256681 0)
(0.201334 0.00253395 0)
(0.201332 0.00250356 0)
(0.201328 0.00247219 0)
(0.201326 0.00244336 0)
(0.201322 0.00241345 0)
(0.20132 0.00238615 0)
(0.201316 0.00235765 0)
(0.201315 0.00233184 0)
(0.201311 0.00230469 0)
(0.20131 0.00228032 0)
(0.201306 0.00225447 0)
(0.201305 0.00223147 0)
(0.201302 0.00220688 0)
(0.201301 0.00218522 0)
(0.201298 0.00216184 0)
(0.201297 0.00214151 0)
(0.201293 0.00211935 0)
(0.201293 0.00210034 0)
(0.201289 0.0020794 0)
(0.201289 0.00206173 0)
(0.201286 0.00204203 0)
(0.201286 0.00202572 0)
(0.201282 0.00200727 0)
(0.201282 0.00199232 0)
(0.201278 0.00197516 0)
(0.201278 0.00196163 0)
(0.201273 0.00194581 0)
(0.201274 0.00193377 0)
(0.201269 0.00191938 0)
(0.201269 0.00190896 0)
(0.201264 0.00189615 0)
(0.201264 0.0018875 0)
(0.201259 0.00187642 0)
(0.201259 0.0018697 0)
(0.201253 0.00186051 0)
(0.201253 0.00185586 0)
(0.201247 0.00184874 0)
(0.201247 0.00184632 0)
(0.20124 0.00184143 0)
(0.200096 0.00366201 0)
(0.200127 0.00377064 0)
(0.200157 0.00387419 0)
(0.200192 0.00397169 0)
(0.200233 0.00406243 0)
(0.20028 0.0041451 0)
(0.200332 0.00421929 0)
(0.200388 0.00428408 0)
(0.200445 0.00433954 0)
(0.200502 0.00438512 0)
(0.200558 0.00442134 0)
(0.200612 0.00444799 0)
(0.200663 0.00446594 0)
(0.200711 0.0044752 0)
(0.200757 0.00447689 0)
(0.200798 0.00447107 0)
(0.200837 0.004459 0)
(0.200872 0.0044407 0)
(0.200904 0.00441746 0)
(0.200933 0.00438917 0)
(0.200958 0.00435712 0)
(0.200981 0.00432107 0)
(0.201002 0.00428224 0)
(0.20102 0.00424028 0)
(0.201035 0.00419642 0)
(0.201049 0.00415014 0)
(0.201061 0.0041027 0)
(0.20107 0.00405344 0)
(0.201079 0.00400365 0)
(0.201086 0.00395252 0)
(0.201092 0.00390138 0)
(0.201096 0.00384927 0)
(0.2011 0.00379757 0)
(0.201102 0.00374519 0)
(0.201104 0.00369355 0)
(0.201105 0.00364143 0)
(0.201106 0.00359033 0)
(0.201106 0.0035389 0)
(0.201106 0.00348872 0)
(0.201105 0.00343829 0)
(0.201104 0.00338933 0)
(0.201103 0.00334016 0)
(0.201101 0.00329262 0)
(0.201099 0.00324491 0)
(0.201098 0.00319894 0)
(0.201095 0.00315279 0)
(0.201093 0.00310849 0)
(0.201091 0.00306397 0)
(0.201089 0.0030214 0)
(0.201086 0.00297855 0)
(0.201084 0.00293773 0)
(0.201082 0.00289656 0)
(0.20108 0.00285752 0)
(0.201077 0.00281805 0)
(0.201075 0.00278078 0)
(0.201073 0.00274299 0)
(0.201071 0.00270748 0)
(0.201068 0.00267134 0)
(0.201067 0.00263753 0)
(0.201064 0.00260298 0)
(0.201063 0.00257083 0)
(0.201061 0.00253781 0)
(0.20106 0.00250726 0)
(0.201057 0.00247574 0)
(0.201056 0.00244676 0)
(0.201054 0.00241669 0)
(0.201053 0.00238925 0)
(0.201051 0.00236061 0)
(0.201051 0.00233466 0)
(0.201049 0.00230738 0)
(0.201048 0.00228289 0)
(0.201046 0.00225692 0)
(0.201046 0.00223382 0)
(0.201044 0.00220911 0)
(0.201044 0.00218736 0)
(0.201042 0.00216389 0)
(0.201042 0.00214348 0)
(0.20104 0.00212125 0)
(0.20104 0.00210219 0)
(0.201038 0.0020812 0)
(0.201039 0.0020635 0)
(0.201037 0.00204377 0)
(0.201037 0.00202745 0)
(0.201035 0.00200899 0)
(0.201035 0.00199406 0)
(0.201033 0.00197691 0)
(0.201033 0.00196342 0)
(0.201031 0.00194762 0)
(0.201031 0.00193565 0)
(0.201029 0.00192131 0)
(0.201029 0.00191099 0)
(0.201026 0.00189823 0)
(0.201026 0.0018897 0)
(0.201023 0.00187869 0)
(0.201023 0.00187209 0)
(0.20102 0.00186296 0)
(0.20102 0.00185843 0)
(0.201017 0.00185134 0)
(0.201017 0.00184902 0)
(0.201013 0.00184411 0)
(0.200071 0.0035804 0)
(0.20009 0.00368241 0)
(0.20011 0.00378037 0)
(0.200132 0.00387356 0)
(0.200156 0.00396142 0)
(0.200185 0.00404257 0)
(0.200217 0.00411641 0)
(0.200252 0.00418182 0)
(0.200288 0.00423873 0)
(0.200323 0.00428655 0)
(0.200359 0.00432571 0)
(0.200393 0.00435598 0)
(0.200425 0.00437816 0)
(0.200456 0.00439215 0)
(0.200485 0.00439895 0)
(0.200512 0.00439849 0)
(0.200538 0.00439189 0)
(0.200561 0.00437905 0)
(0.200583 0.00436117 0)
(0.200602 0.00433805 0)
(0.20062 0.00431093 0)
(0.200637 0.00427953 0)
(0.200651 0.00424507 0)
(0.200664 0.00420719 0)
(0.200676 0.00416711 0)
(0.200686 0.00412433 0)
(0.200695 0.0040801 0)
(0.200703 0.00403377 0)
(0.200711 0.00398665 0)
(0.200717 0.00393794 0)
(0.200722 0.00388898 0)
(0.200727 0.00383883 0)
(0.200731 0.00378888 0)
(0.200734 0.00373806 0)
(0.200737 0.0036878 0)
(0.200739 0.00363692 0)
(0.200741 0.00358689 0)
(0.200742 0.00353641 0)
(0.200744 0.00348707 0)
(0.200745 0.00343737 0)
(0.200746 0.00338903 0)
(0.200746 0.00334042 0)
(0.200747 0.00329334 0)
(0.200747 0.00324603 0)
(0.200747 0.0032004 0)
(0.200747 0.00315454 0)
(0.200747 0.00311047 0)
(0.200746 0.00306614 0)
(0.200746 0.00302372 0)
(0.200746 0.00298098 0)
(0.200746 0.00294025 0)
(0.200745 0.00289915 0)
(0.200745 0.00286015 0)
(0.200745 0.0028207 0)
(0.200745 0.00278344 0)
(0.200744 0.00274565 0)
(0.200744 0.00271011 0)
(0.200744 0.00267395 0)
(0.200744 0.0026401 0)
(0.200743 0.0026055 0)
(0.200744 0.00257329 0)
(0.200743 0.00254022 0)
(0.200743 0.00250961 0)
(0.200743 0.00247802 0)
(0.200743 0.00244898 0)
(0.200743 0.00241885 0)
(0.200743 0.00239134 0)
(0.200743 0.00236264 0)
(0.200744 0.00233663 0)
(0.200743 0.0023093 0)
(0.200744 0.00228474 0)
(0.200744 0.00225873 0)
(0.200744 0.00223556 0)
(0.200744 0.00221082 0)
(0.200745 0.00218901 0)
(0.200745 0.00216551 0)
(0.200745 0.00214506 0)
(0.200745 0.00212281 0)
(0.200746 0.00210371 0)
(0.200746 0.00208272 0)
(0.200746 0.002065 0)
(0.200746 0.00204529 0)
(0.200747 0.00202896 0)
(0.200747 0.00201054 0)
(0.200747 0.00199562 0)
(0.200747 0.00197851 0)
(0.200748 0.00196504 0)
(0.200748 0.00194931 0)
(0.200748 0.00193737 0)
(0.200748 0.00192311 0)
(0.200748 0.00191283 0)
(0.200748 0.00190018 0)
(0.200748 0.0018917 0)
(0.200748 0.00188079 0)
(0.200748 0.00187425 0)
(0.200747 0.00186522 0)
(0.200747 0.00186074 0)
(0.200747 0.00185374 0)
(0.200746 0.00185144 0)
(0.200746 0.0018466 0)
(0.200033 0.00353383 0)
(0.200039 0.00363203 0)
(0.200043 0.00372686 0)
(0.200049 0.0038177 0)
(0.200057 0.00390399 0)
(0.200067 0.00398423 0)
(0.200078 0.00405771 0)
(0.200091 0.0041232 0)
(0.200103 0.00418057 0)
(0.200116 0.0042292 0)
(0.200129 0.00426951 0)
(0.200142 0.00430128 0)
(0.200154 0.00432527 0)
(0.200165 0.00434138 0)
(0.200176 0.00435053 0)
(0.200187 0.00435262 0)
(0.200197 0.00434867 0)
(0.200206 0.00433853 0)
(0.200215 0.00432333 0)
(0.200223 0.00430283 0)
(0.200231 0.00427823 0)
(0.200238 0.00424924 0)
(0.200244 0.00421706 0)
(0.20025 0.00418132 0)
(0.200256 0.00414323 0)
(0.200261 0.00410231 0)
(0.200266 0.0040598 0)
(0.200271 0.00401506 0)
(0.200275 0.00396938 0)
(0.200279 0.00392199 0)
(0.200282 0.00387423 0)
(0.200286 0.00382517 0)
(0.200289 0.00377619 0)
(0.200292 0.00372625 0)
(0.200294 0.00367676 0)
(0.200297 0.00362658 0)
(0.200299 0.00357717 0)
(0.200302 0.00352724 0)
(0.200304 0.00347837 0)
(0.200306 0.00342911 0)
(0.200308 0.00338115 0)
(0.20031 0.00333287 0)
(0.200312 0.00328608 0)
(0.200314 0.00323904 0)
(0.200315 0.00319362 0)
(0.200317 0.00314796 0)
(0.200319 0.00310404 0)
(0.200321 0.00305988 0)
(0.200322 0.00301756 0)
(0.200324 0.00297494 0)
(0.200326 0.00293429 0)
(0.200327 0.00289328 0)
(0.200329 0.00285433 0)
(0.200331 0.00281496 0)
(0.200332 0.00277773 0)
(0.200334 0.00274 0)
(0.200335 0.00270448 0)
(0.200337 0.00266837 0)
(0.200339 0.00263452 0)
(0.20034 0.00259997 0)
(0.200342 0.00256776 0)
(0.200344 0.00253473 0)
(0.200345 0.0025041 0)
(0.200347 0.00247255 0)
(0.200349 0.00244349 0)
(0.20035 0.00241341 0)
(0.200352 0.00238588 0)
(0.200354 0.00235723 0)
(0.200355 0.00233121 0)
(0.200357 0.00230393 0)
(0.200359 0.00227936 0)
(0.200361 0.0022534 0)
(0.200362 0.00223022 0)
(0.200364 0.00220553 0)
(0.200366 0.00218371 0)
(0.200368 0.00216028 0)
(0.200369 0.00213981 0)
(0.200372 0.00211764 0)
(0.200373 0.00209854 0)
(0.200375 0.00207764 0)
(0.200377 0.00205992 0)
(0.200379 0.00204031 0)
(0.20038 0.00202399 0)
(0.200383 0.00200568 0)
(0.200384 0.00199077 0)
(0.200386 0.00197379 0)
(0.200387 0.00196033 0)
(0.20039 0.00194473 0)
(0.200391 0.00193281 0)
(0.200393 0.0019187 0)
(0.200394 0.00190844 0)
(0.200397 0.00189595 0)
(0.200397 0.0018875 0)
(0.2004 0.00187676 0)
(0.200401 0.00187024 0)
(0.200403 0.00186139 0)
(0.200404 0.00185692 0)
(0.200407 0.00185009 0)
(0.200407 0.00184779 0)
(0.20041 0.00184313 0)
(0.208233 0.000207316 0)
(0.191249 -0.000139439 0)
(0.208503 0.000195968 0)
(0.190676 -0.000106447 0)
(0.208514 0.000200999 0)
(0.189758 -4.30503e-05 0)
(0.208494 0.00023084 0)
(0.188481 5.48699e-05 0)
(0.208403 0.000285539 0)
(0.186676 0.000199251 0)
(0.208118 0.000380081 0)
(0.184012 0.000441722 0)
(0.207315 0.000627581 0)
(0.179773 0.00111896 0)
(0.205605 0.00188545 0)
(0.206076 0.000243205 0)
(0.193917 -0.000123582 0)
(0.205813 0.0002234 0)
(0.193906 -7.52495e-05 0)
(0.205145 0.000246907 0)
(0.19376 3.90629e-05 0)
(0.20421 0.00030393 0)
(0.193547 0.000208038 0)
(0.202871 0.000391254 0)
(0.193212 0.000463316 0)
(0.20088 0.000548667 0)
(0.192615 0.000938052 0)
(0.197788 0.00104384 0)
(0.1916 0.00237632 0)
(0.193291 0.00353882 0)
(0.203312 0.000219913 0)
(0.197032 -6.15486e-05 0)
(0.20278 0.000197619 0)
(0.19724 2.36576e-05 0)
(0.201891 0.000236249 0)
(0.197264 0.000188304 0)
(0.200806 0.000318885 0)
(0.197115 0.000403295 0)
(0.199473 0.000462048 0)
(0.196661 0.000708658 0)
(0.197777 0.000762825 0)
(0.195685 0.00128574 0)
(0.195574 0.00164341 0)
(0.194108 0.00298307 0)
(0.193399 0.00472708 0)
(0.201361 0.000163347 0)
(0.198962 2.49363e-05 0)
(0.200948 0.000160218 0)
(0.199011 0.000132536 0)
(0.200263 0.000232273 0)
(0.198805 0.000315811 0)
(0.199453 0.000366271 0)
(0.198362 0.000545951 0)
(0.198474 0.000591296 0)
(0.197582 0.000884067 0)
(0.197216 0.00103986 0)
(0.196349 0.00156467 0)
(0.195627 0.00218603 0)
(0.194836 0.00338198 0)
(0.194321 0.00514095 0)
(0.200431 0.000118992 0)
(0.199738 9.08299e-05 0)
(0.200205 0.000152659 0)
(0.199609 0.000209317 0)
(0.199725 0.000264754 0)
(0.199231 0.000403977 0)
(0.199108 0.000452847 0)
(0.198642 0.000654488 0)
(0.198309 0.000749983 0)
(0.197776 0.00104519 0)
(0.197242 0.0013095 0)
(0.196597 0.00184482 0)
(0.195955 0.00257792 0)
(0.195383 0.00369282 0)
(0.19505 0.00521099 0)
(0.200107 9.39758e-05 0)
(0.199949 0.000131216 0)
(0.199976 0.000171039 0)
(0.19974 0.000261213 0)
(0.199591 0.000321033 0)
(0.199308 0.000471149 0)
(0.199047 0.000556674 0)
(0.198695 0.000752818 0)
(0.198316 0.000913938 0)
(0.197858 0.00120599 0)
(0.197356 0.00155919 0)
(0.196813 0.00210274 0)
(0.196291 0.00287177 0)
(0.195871 0.00389893 0)
(0.195665 0.00520749 0)
(0.200021 8.11733e-05 0)
(0.199981 0.000156127 0)
(0.199915 0.000202523 0)
(0.199754 0.000303515 0)
(0.199565 0.000385698 0)
(0.199321 0.000534489 0)
(0.199048 0.000661344 0)
(0.198724 0.000854509 0)
(0.198359 0.00106997 0)
(0.197944 0.00137038 0)
(0.197496 0.00178014 0)
(0.197038 0.00233018 0)
(0.19662 0.00309251 0)
(0.196315 0.00403405 0)
(0.196206 0.00517823 0)
(0.200002 7.5245e-05 0)
(0.199977 0.000173378 0)
(0.199896 0.000239158 0)
(0.199753 0.000344721 0)
(0.199564 0.000451531 0)
(0.199333 0.000600759 0)
(0.199067 0.000761597 0)
(0.198763 0.000961616 0)
(0.198421 0.00121547 0)
(0.198047 0.00153321 0)
(0.197653 0.00197234 0)
(0.197271 0.00252487 0)
(0.196941 0.00325784 0)
(0.196727 0.00412166 0)
(0.196689 0.00512974 0)
(0.199999 7.35527e-05 0)
(0.19997 0.000187297 0)
(0.199887 0.000276547 0)
(0.199753 0.000387559 0)
(0.199571 0.000516063 0)
(0.199352 0.000670663 0)
(0.199097 0.000857206 0)
(0.198813 0.00107116 0)
(0.198497 0.00135128 0)
(0.198163 0.00168764 0)
(0.197821 0.0021392 0)
(0.197507 0.00268722 0)
(0.197251 0.00338133 0)
(0.197109 0.00417258 0)
(0.197123 0.00506307 0)
(0.199999 7.45803e-05 0)
(0.199965 0.000200413 0)
(0.199883 0.000312399 0)
(0.199756 0.000432271 0)
(0.199582 0.000578643 0)
(0.199375 0.000743046 0)
(0.199134 0.000948809 0)
(0.198871 0.00117962 0)
(0.198583 0.00147784 0)
(0.198288 0.00182955 0)
(0.197996 0.00228335 0)
(0.197741 0.00281985 0)
(0.197547 0.00347146 0)
(0.197461 0.00419407 0)
(0.197512 0.00498127 0)
(0.199999 7.73293e-05 0)
(0.199963 0.000214103 0)
(0.199881 0.000346123 0)
(0.199761 0.000478199 0)
(0.199596 0.000639433 0)
(0.199403 0.000816335 0)
(0.199177 0.00103694 0)
(0.198936 0.00128427 0)
(0.198676 0.00159507 0)
(0.198419 0.00195714 0)
(0.198172 0.00240666 0)
(0.197969 0.00292598 0)
(0.197826 0.00353412 0)
(0.197784 0.00419208 0)
(0.197859 0.00488885 0)
(0.199999 8.11233e-05 0)
(0.199962 0.000228901 0)
(0.199881 0.00037798 0)
(0.199768 0.000524371 0)
(0.199614 0.000698687 0)
(0.199434 0.000889026 0)
(0.199225 0.00112172 0)
(0.199005 0.00138334 0)
(0.198773 0.00170264 0)
(0.198552 0.00206996 0)
(0.198346 0.00251067 0)
(0.198187 0.00300879 0)
(0.198087 0.00357388 0)
(0.198079 0.0041718 0)
(0.19817 0.00479 0)
(0.199999 8.55296e-05 0)
(0.199962 0.000244779 0)
(0.199884 0.000408444 0)
(0.199778 0.000569858 0)
(0.199633 0.000756395 0)
(0.199467 0.000959883 0)
(0.199276 0.00120281 0)
(0.199079 0.00147575 0)
(0.198874 0.00180022 0)
(0.198686 0.00216824 0)
(0.198517 0.00259685 0)
(0.198395 0.00307121 0)
(0.19833 0.00359468 0)
(0.198346 0.00413768 0)
(0.198447 0.00468788 0)
(0.199999 9.03057e-05 0)
(0.199963 0.000261386 0)
(0.199889 0.000437931 0)
(0.199789 0.000614021 0)
(0.199655 0.000812293 0)
(0.199503 0.00102799 0)
(0.19933 0.00127969 0)
(0.199154 0.00156094 0)
(0.198977 0.00188764 0)
(0.198817 0.00225258 0)
(0.198681 0.0026667 0)
(0.198591 0.00311598 0)
(0.198553 0.00359999 0)
(0.198587 0.00409337 0)
(0.198693 0.00458478 0)
(0.199999 9.53069e-05 0)
(0.199965 0.000278302 0)
(0.199895 0.000466661 0)
(0.199801 0.000656492 0)
(0.199679 0.000865976 0)
(0.199541 0.00109267 0)
(0.199386 0.00135174 0)
(0.199231 0.00163863 0)
(0.199078 0.00196496 0)
(0.198946 0.00232383 0)
(0.198838 0.00272179 0)
(0.198774 0.00314565 0)
(0.198757 0.00359282 0)
(0.198804 0.00404176 0)
(0.198912 0.00448235 0)
(0.199999 0.000100428 0)
(0.199966 0.000295174 0)
(0.199902 0.000494642 0)
(0.199815 0.000697058 0)
(0.199704 0.000917015 0)
(0.19958 0.00115341 0)
(0.199443 0.00141846 0)
(0.199308 0.00170869 0)
(0.199178 0.00203246 0)
(0.199069 0.00238304 0)
(0.198986 0.0027638 0)
(0.198943 0.00316256 0)
(0.198944 0.00357568 0)
(0.198999 0.00398504 0)
(0.199106 0.00438177 0)
(0.199999 0.00010557 0)
(0.199969 0.000311741 0)
(0.199909 0.000521716 0)
(0.19983 0.000735549 0)
(0.19973 0.000965008 0)
(0.199619 0.00120978 0)
(0.1995 0.00147942 0)
(0.199383 0.00177115 0)
(0.199275 0.00209058 0)
(0.199187 0.00243139 0)
(0.199124 0.00279446 0)
(0.199099 0.00316893 0)
(0.199112 0.00355065 0)
(0.199172 0.00392488 0)
(0.199277 0.00428376 0)
(0.2 0.000110645 0)
(0.199971 0.000327777 0)
(0.199918 0.00054765 0)
(0.199846 0.000771738 0)
(0.199757 0.0010096 0)
(0.199659 0.00126142 0)
(0.199556 0.00153434 0)
(0.199457 0.00182604 0)
(0.199367 0.00213986 0)
(0.199298 0.00246997 0)
(0.199253 0.00281549 0)
(0.19924 0.00316686 0)
(0.199264 0.00351967 0)
(0.199327 0.00386239 0)
(0.199427 0.00418868 0)
(0.2 0.000115769 0)
(0.199974 0.000342934 0)
(0.199926 0.00057242 0)
(0.199862 0.000805135 0)
(0.199784 0.00105076 0)
(0.199699 0.00130763 0)
(0.199611 0.0015833 0)
(0.199528 0.00187294 0)
(0.199455 0.00218117 0)
(0.199401 0.00249926 0)
(0.19937 0.00282891 0)
(0.199368 0.00315771 0)
(0.199398 0.00348547 0)
(0.199463 0.00379806 0)
(0.199558 0.00409673 0)
(0.2 0.000120473 0)
(0.199977 0.000357774 0)
(0.199935 0.00059523 0)
(0.199879 0.000836434 0)
(0.199811 0.00108739 0)
(0.199739 0.00134927 0)
(0.199664 0.00162494 0)
(0.199596 0.00191318 0)
(0.199537 0.00221334 0)
(0.199496 0.00252159 0)
(0.199476 0.00283403 0)
(0.199483 0.00314497 0)
(0.199517 0.00344813 0)
(0.199581 0.00373683 0)
(0.199672 0.00400461 0)
(0.2 0.000125985 0)
(0.19998 0.000374092 0)
(0.199945 0.000620881 0)
(0.199898 0.000870181 0)
(0.199843 0.0011269 0)
(0.199783 0.00139214 0)
(0.199725 0.00166749 0)
(0.199671 0.0019517 0)
(0.199628 0.00224324 0)
(0.1996 0.00253868 0)
(0.199591 0.00283381 0)
(0.199604 0.00312399 0)
(0.19964 0.00340418 0)
(0.199698 0.00367002 0)
(0.199783 0.00391609 0)
(0.2 0.000132553 0)
(0.199984 0.000392426 0)
(0.199956 0.000650388 0)
(0.19992 0.000907508 0)
(0.199878 0.00117051 0)
(0.199834 0.00143722 0)
(0.19979 0.00171157 0)
(0.199752 0.00198876 0)
(0.199723 0.00227043 0)
(0.199707 0.00254967 0)
(0.199707 0.00282644 0)
(0.199725 0.00309286 0)
(0.199761 0.00334886 0)
(0.199818 0.00358735 0)
(0.199889 0.00380968 0)
(0.2 0.000138549 0)
(0.199987 0.000411706 0)
(0.199967 0.000679089 0)
(0.199941 0.000944895 0)
(0.199912 0.0012113 0)
(0.199881 0.00147968 0)
(0.199851 0.00174957 0)
(0.199827 0.0020202 0)
(0.199809 0.00228906 0)
(0.199802 0.00255371 0)
(0.199807 0.00281052 0)
(0.199825 0.00305675 0)
(0.199858 0.00328878 0)
(0.199905 0.00350468 0)
(0.199969 0.00370243 0)
(0.2 0.000144977 0)
(0.199991 0.000429648 0)
(0.199977 0.00070717 0)
(0.199961 0.000979267 0)
(0.199942 0.00124921 0)
(0.199923 0.00151636 0)
(0.199905 0.00178194 0)
(0.199891 0.00204346 0)
(0.199882 0.00230055 0)
(0.199881 0.00254952 0)
(0.199887 0.00278957 0)
(0.199905 0.00301683 0)
(0.199933 0.00323103 0)
(0.199974 0.00342903 0)
(0.200027 0.00361175 0)
(0.2 0.000150549 0)
(0.199994 0.000446408 0)
(0.199986 0.000732298 0)
(0.199977 0.00101034 0)
(0.199967 0.00128196 0)
(0.199957 0.00154768 0)
(0.199948 0.00180741 0)
(0.199941 0.0020604 0)
(0.199938 0.00230537 0)
(0.199939 0.00254099 0)
(0.199947 0.0027657 0)
(0.199961 0.00297823 0)
(0.199983 0.00317712 0)
(0.200013 0.00336113 0)
(0.200054 0.00352842 0)
(0.2 0.00015523 0)
(0.199997 0.000460192 0)
(0.199993 0.000753116 0)
(0.199989 0.00103567 0)
(0.199985 0.00130845 0)
(0.199981 0.00157217 0)
(0.199977 0.00182667 0)
(0.199975 0.00207191 0)
(0.199975 0.00230705 0)
(0.199977 0.00253152 0)
(0.199983 0.00274409 0)
(0.199993 0.00294389 0)
(0.200009 0.00312965 0)
(0.200028 0.00330058 0)
(0.20005 0.00345574 0)
(0.2 0.000158046 0)
(0.199999 0.000468936 0)
(0.199998 0.00076652 0)
(0.199997 0.00105205 0)
(0.199996 0.00132547 0)
(0.199995 0.00158777 0)
(0.199995 0.00183872 0)
(0.199994 0.00207895 0)
(0.199995 0.00230771 0)
(0.199996 0.00252517 0)
(0.199997 0.00273018 0)
(0.2 0.00292254 0)
(0.200004 0.00310096 0)
(0.20001 0.00326518 0)
(0.200021 0.00341403 0)
)
;

boundaryField
{
    top
    {
        type            zeroGradient;
    }
    inlet
    {
        type            fixedValue;
        value           uniform (0.2 0 0);
    }
    outlet
    {
        type            zeroGradient;
    }
    plate
    {
        type            fixedValue;
        value           uniform (0 0 0);
    }
    symmBound
    {
        type            zeroGradient;
    }
    frontAndBack
    {
        type            empty;
    }
}


// ************************************************************************* //
