/*--------------------------------*- C++ -*----------------------------------*\
| =========                 |                                                 |
| \\      /  F ield         | OpenFOAM: The Open Source CFD Toolbox           |
|  \\    /   O peration     | Version:  2.3.0                                 |
|   \\  /    A nd           | Web:      www.OpenFOAM.org                      |
|    \\/     M anipulation  |                                                 |
\*---------------------------------------------------------------------------*/
FoamFile
{
    version     2.0;
    format      ascii;
    class       surfaceScalarField;
    location    "0.2";
    object      phi;
}
// * * * * * * * * * * * * * * * * * * * * * * * * * * * * * * * * * * * * * //

dimensions      [0 3 -1 0 0 0 0];

internalField   nonuniform List<scalar> 
6598
(
2.81759e-08
2.89515e-09
-3.10711e-08
2.53014e-08
2.87451e-09
2.26053e-08
2.69611e-09
2.01214e-08
2.48392e-09
1.78661e-08
2.25531e-09
1.58501e-08
2.01595e-09
1.40759e-08
1.77418e-09
1.2538e-08
1.53793e-09
1.12241e-08
1.31392e-09
1.01165e-08
1.1076e-09
9.19352e-09
9.2298e-10
8.43115e-09
7.62363e-10
7.80483e-09
6.26326e-10
7.29089e-09
5.13939e-10
6.86776e-09
4.23127e-10
6.51666e-09
3.51099e-10
6.22189e-09
2.94768e-10
5.97081e-09
2.51089e-10
5.75351e-09
2.17295e-10
5.56249e-09
1.91019e-10
5.39215e-09
1.70342e-10
5.23838e-09
1.53769e-10
5.0982e-09
1.40179e-10
4.96945e-09
1.28755e-10
4.85053e-09
1.1892e-10
4.74026e-09
1.10268e-10
4.63774e-09
1.02524e-10
4.54224e-09
9.54941e-11
4.4532e-09
8.90468e-11
4.37011e-09
8.30866e-11
4.29257e-09
7.75424e-11
4.22021e-09
7.23588e-11
4.15272e-09
6.749e-11
4.08982e-09
6.28972e-11
4.03127e-09
5.85463e-11
3.97687e-09
5.44075e-11
3.92641e-09
5.04547e-11
3.87975e-09
4.6665e-11
3.83673e-09
4.30173e-11
3.79724e-09
3.94903e-11
3.76118e-09
3.60583e-11
3.7285e-09
3.26852e-11
3.69918e-09
2.93172e-11
3.6733e-09
2.58747e-11
3.65105e-09
2.22494e-11
3.63275e-09
1.83058e-11
3.61889e-09
1.38614e-11
3.61019e-09
8.69812e-12
3.60734e-09
2.85417e-12
3.60952e-09
-2.18098e-12
3.61539e-09
-5.87438e-12
3.62404e-09
-8.65378e-12
3.63471e-09
-1.06658e-11
3.64666e-09
-1.19516e-11
3.65926e-09
-1.2596e-11
3.67197e-09
-1.27169e-11
3.68442e-09
-1.24418e-11
3.69631e-09
-1.18919e-11
3.70748e-09
-1.11696e-11
3.71783e-09
-1.03556e-11
3.72734e-09
-9.50923e-12
3.73601e-09
-8.67092e-12
3.74388e-09
-7.8662e-12
3.75099e-09
-7.10948e-12
3.7574e-09
-6.40748e-12
3.76316e-09
-5.76188e-12
3.76833e-09
-5.17136e-12
3.77296e-09
-4.63295e-12
3.77711e-09
-4.14295e-12
3.7808e-09
-3.69751e-12
3.7841e-09
-3.2929e-12
3.78702e-09
-2.92573e-12
3.78961e-09
-2.59292e-12
3.79191e-09
-2.29175e-12
3.79393e-09
-2.01977e-12
3.7957e-09
-1.77481e-12
3.79726e-09
-1.55487e-12
3.79861e-09
-1.35813e-12
3.7998e-09
-1.18286e-12
3.80082e-09
-1.02744e-12
3.80171e-09
-8.9025e-13
3.80248e-09
-7.69775e-13
3.80315e-09
-6.64509e-13
3.80372e-09
-5.72978e-13
3.80422e-09
-4.93762e-13
3.80464e-09
-4.25484e-13
3.80501e-09
-3.66831e-13
3.80532e-09
-3.16572e-13
3.8056e-09
-2.73557e-13
3.80584e-09
-2.36746e-13
3.80604e-09
-2.05203e-13
3.80622e-09
-1.78109e-13
3.80637e-09
-1.54769e-13
3.80651e-09
-1.34614e-13
3.80662e-09
-1.17222e-13
3.80673e-09
-1.02391e-13
3.80682e-09
-9.0401e-14
3.8069e-09
-8.32636e-14
3.80699e-09
-9.0764e-14
-1.77842e-13
3.385e-08
3.17715e-09
-3.4132e-08
3.32519e-08
3.47259e-09
3.24195e-08
3.52854e-09
3.14297e-08
3.47369e-09
3.03386e-08
3.3465e-09
2.9192e-08
3.16248e-09
2.80275e-08
2.9387e-09
2.68737e-08
2.69176e-09
2.57518e-08
2.43583e-09
2.46767e-08
2.18264e-09
2.36582e-08
1.94147e-09
2.27017e-08
1.71889e-09
2.18092e-08
1.51884e-09
2.09803e-08
1.34283e-09
2.02129e-08
1.19051e-09
1.95038e-08
1.06019e-09
1.88492e-08
9.49415e-10
1.82448e-08
8.55439e-10
1.76866e-08
7.75532e-10
1.71704e-08
7.07201e-10
1.66925e-08
6.48288e-10
1.62492e-08
5.96997e-10
1.58375e-08
5.51882e-10
1.54545e-08
5.11792e-10
1.50976e-08
4.7583e-10
1.47646e-08
4.43294e-10
1.44535e-08
4.13632e-10
1.41625e-08
3.8641e-10
1.38903e-08
3.61275e-10
1.36355e-08
3.3794e-10
1.33968e-08
3.16162e-10
1.31735e-08
2.95735e-10
1.29645e-08
2.76479e-10
1.27691e-08
2.58237e-10
1.25868e-08
2.4087e-10
1.2417e-08
2.24251e-10
1.22591e-08
2.08271e-10
1.2113e-08
1.92827e-10
1.19782e-08
1.77822e-10
1.18545e-08
1.63159e-10
1.17418e-08
1.48731e-10
1.16401e-08
1.34409e-10
1.15494e-08
1.20033e-10
1.14699e-08
1.05405e-10
1.14018e-08
9.02954e-11
1.13457e-08
7.44721e-11
1.13018e-08
5.77502e-11
1.12704e-08
4.00378e-11
1.12521e-08
2.1173e-11
1.12474e-08
2.55571e-12
1.12541e-08
-1.25609e-11
1.12687e-08
-2.32546e-11
1.12888e-08
-3.08076e-11
1.13126e-08
-3.57709e-11
1.13386e-08
-3.8571e-11
1.13655e-08
-3.96301e-11
1.13924e-08
-3.93569e-11
1.14187e-08
-3.8127e-11
1.14437e-08
-3.62595e-11
1.14674e-08
-3.40093e-11
1.14895e-08
-3.15688e-11
1.15099e-08
-2.90746e-11
1.15286e-08
-2.66179e-11
1.15458e-08
-2.42555e-11
1.15614e-08
-2.20197e-11
1.15755e-08
-1.9926e-11
1.15883e-08
-1.79792e-11
1.15999e-08
-1.61776e-11
1.16103e-08
-1.45164e-11
1.16196e-08
-1.29889e-11
1.16279e-08
-1.15878e-11
1.16352e-08
-1.03062e-11
1.16418e-08
-9.13736e-12
1.16476e-08
-8.07475e-12
1.16527e-08
-7.11235e-12
1.16571e-08
-6.2443e-12
1.1661e-08
-5.46487e-12
1.16644e-08
-4.76842e-12
1.16674e-08
-4.14928e-12
1.167e-08
-3.60177e-12
1.16722e-08
-3.12018e-12
1.16741e-08
-2.6988e-12
1.16758e-08
-2.33197e-12
1.16773e-08
-2.01411e-12
1.16785e-08
-1.73983e-12
1.16796e-08
-1.50395e-12
1.16805e-08
-1.30157e-12
1.16813e-08
-1.12816e-12
1.1682e-08
-9.79567e-13
1.16826e-08
-8.52064e-13
1.16832e-08
-7.42363e-13
1.16836e-08
-6.47624e-13
1.16841e-08
-5.65447e-13
1.16844e-08
-4.93886e-13
1.16847e-08
-4.31476e-13
1.1685e-08
-3.7743e-13
1.16853e-08
-3.3232e-13
1.16855e-08
-3.009e-13
1.16857e-08
-3.03905e-13
-4.14777e-13
3.59332e-08
3.02514e-09
-3.57812e-08
3.59972e-08
3.40859e-09
3.59345e-08
3.59125e-09
3.57497e-08
3.65843e-09
3.5453e-08
3.64322e-09
3.50583e-08
3.55723e-09
3.45828e-08
3.41415e-09
3.40446e-08
3.22999e-09
3.34605e-08
3.01994e-09
3.28457e-08
2.79746e-09
3.22132e-08
2.57392e-09
3.15739e-08
2.35821e-09
3.09362e-08
2.15655e-09
3.03065e-08
1.97255e-09
2.96893e-08
1.80763e-09
2.90879e-08
1.66158e-09
2.85043e-08
1.53308e-09
2.79395e-08
1.42021e-09
2.73942e-08
1.32082e-09
2.68686e-08
1.23284e-09
2.63625e-08
1.15434e-09
2.58758e-08
1.08369e-09
2.54082e-08
1.01955e-09
2.49592e-08
9.60798e-10
2.45284e-08
9.06566e-10
2.41156e-08
8.56156e-10
2.37202e-08
8.0901e-10
2.33419e-08
7.64678e-10
2.29804e-08
7.22791e-10
2.26353e-08
6.83037e-10
2.23063e-08
6.45148e-10
2.19932e-08
6.08887e-10
2.16956e-08
5.74044e-10
2.14134e-08
5.40424e-10
2.11464e-08
5.07849e-10
2.08945e-08
4.76155e-10
2.06576e-08
4.45186e-10
2.04356e-08
4.14791e-10
2.02286e-08
3.84821e-10
2.00367e-08
3.55118e-10
1.98599e-08
3.25508e-10
1.96985e-08
2.9579e-10
1.95528e-08
2.65735e-10
1.94231e-08
2.35093e-10
1.93098e-08
2.03622e-10
1.92131e-08
1.7116e-10
1.91331e-08
1.37741e-10
1.90694e-08
1.0381e-10
1.90202e-08
7.03426e-11
1.89847e-08
3.80327e-11
1.89649e-08
7.21501e-12
1.89605e-08
-1.88622e-11
1.89677e-08
-3.79639e-11
1.89834e-08
-5.14394e-11
1.90051e-08
-6.03333e-11
1.9031e-08
-6.55216e-11
1.90595e-08
-6.77968e-11
1.90892e-08
-6.78717e-11
1.91193e-08
-6.63573e-11
1.91491e-08
-6.37553e-11
1.91779e-08
-6.04593e-11
1.92056e-08
-5.67648e-11
1.92319e-08
-5.28845e-11
1.92566e-08
-4.89653e-11
1.92797e-08
-4.51044e-11
1.93011e-08
-4.13637e-11
1.93209e-08
-3.77801e-11
1.93391e-08
-3.43746e-11
1.93558e-08
-3.11579e-11
1.93709e-08
-2.81345e-11
1.93846e-08
-2.53056e-11
1.9397e-08
-2.26701e-11
1.94081e-08
-2.0226e-11
1.9418e-08
-1.79703e-11
1.94268e-08
-1.58994e-11
1.94345e-08
-1.40086e-11
1.94414e-08
-1.22928e-11
1.94473e-08
-1.07453e-11
1.94525e-08
-9.35896e-12
1.94571e-08
-8.12511e-12
1.9461e-08
-7.03438e-12
1.94644e-08
-6.07655e-12
1.94673e-08
-5.24076e-12
1.94698e-08
-4.51582e-12
1.94719e-08
-3.89036e-12
1.94738e-08
-3.35319e-12
1.94754e-08
-2.89345e-12
1.94767e-08
-2.50087e-12
1.94779e-08
-2.16592e-12
1.9479e-08
-1.87993e-12
1.94798e-08
-1.63521e-12
1.94806e-08
-1.42504e-12
1.94813e-08
-1.2437e-12
1.94819e-08
-1.0865e-12
1.94824e-08
-9.49764e-13
1.94829e-08
-8.31094e-13
1.94833e-08
-7.30263e-13
1.94836e-08
-6.52435e-13
1.94839e-08
-6.19694e-13
-6.91735e-13
3.74914e-08
2.83302e-09
-3.72993e-08
3.76894e-08
3.21059e-09
3.78475e-08
3.43313e-09
3.79525e-08
3.55341e-09
3.79972e-08
3.59856e-09
3.79769e-08
3.57747e-09
3.78918e-08
3.49929e-09
3.77455e-08
3.37629e-09
3.75441e-08
3.22131e-09
3.72952e-08
3.0464e-09
3.70068e-08
2.8623e-09
3.6687e-08
2.67799e-09
3.63433e-08
2.50026e-09
3.59822e-08
2.33365e-09
3.56092e-08
2.18065e-09
3.52287e-08
2.04212e-09
3.48441e-08
1.91769e-09
3.4458e-08
1.80627e-09
3.40725e-08
1.70634e-09
3.3689e-08
1.61631e-09
3.33087e-08
1.53461e-09
3.29326e-08
1.45984e-09
3.25613e-08
1.39082e-09
3.21956e-08
1.32653e-09
3.1836e-08
1.26618e-09
3.1483e-08
1.20911e-09
3.11372e-08
1.1548e-09
3.07991e-08
1.10282e-09
3.04691e-08
1.05282e-09
3.01476e-08
1.00449e-09
2.98352e-08
9.5759e-10
2.95322e-08
9.11878e-10
2.92391e-08
8.67147e-10
2.89563e-08
8.23202e-10
2.86843e-08
7.79862e-10
2.84235e-08
7.36951e-10
2.81744e-08
6.943e-10
2.79374e-08
6.51738e-10
2.77132e-08
6.09092e-10
2.75021e-08
5.66174e-10
2.73048e-08
5.22778e-10
2.71219e-08
4.78681e-10
2.6954e-08
4.33644e-10
2.68017e-08
3.87446e-10
2.66654e-08
3.3994e-10
2.65454e-08
2.91149e-10
2.64417e-08
2.41416e-10
2.63539e-08
1.91569e-10
2.62813e-08
1.43005e-10
2.62219e-08
9.74281e-11
2.61732e-08
5.58546e-11
2.61366e-08
1.7765e-11
2.61139e-08
-1.52937e-11
2.61035e-08
-4.09583e-11
2.61029e-08
-5.97644e-11
2.61103e-08
-7.28842e-11
2.61238e-08
-8.13456e-11
2.6142e-08
-8.60937e-11
2.61636e-08
-8.79708e-11
2.61876e-08
-8.76969e-11
2.6213e-08
-8.58628e-11
2.62392e-08
-8.29355e-11
2.62655e-08
-7.92722e-11
2.62917e-08
-7.51391e-11
2.63173e-08
-7.07302e-11
2.63422e-08
-6.61841e-11
2.6366e-08
-6.15991e-11
2.63887e-08
-5.7045e-11
2.64101e-08
-5.25719e-11
2.64302e-08
-4.82167e-11
2.64489e-08
-4.40078e-11
2.64662e-08
-3.99677e-11
2.6482e-08
-3.61152e-11
2.64965e-08
-3.24659e-11
2.65097e-08
-2.90326e-11
2.65215e-08
-2.58259e-11
2.6532e-08
-2.2853e-11
2.65414e-08
-2.01184e-11
2.65497e-08
-1.76232e-11
2.65569e-08
-1.53654e-11
2.65632e-08
-1.33394e-11
2.65687e-08
-1.15366e-11
2.65734e-08
-9.94567e-12
2.65774e-08
-8.55286e-12
2.65809e-08
-7.34265e-12
2.65838e-08
-6.29828e-12
2.65863e-08
-5.4024e-12
2.65885e-08
-4.63762e-12
2.65903e-08
-3.98704e-12
2.65919e-08
-3.43468e-12
2.65932e-08
-2.96582e-12
2.65943e-08
-2.56725e-12
2.65953e-08
-2.2274e-12
2.65962e-08
-1.93644e-12
2.65969e-08
-1.68633e-12
2.65975e-08
-1.47107e-12
2.65981e-08
-1.28747e-12
2.65986e-08
-1.13765e-12
2.6599e-08
-1.03657e-12
-1.01833e-12
3.90093e-08
2.66518e-09
-3.88414e-08
3.92097e-08
3.01016e-09
3.94057e-08
3.2371e-09
3.95838e-08
3.37528e-09
3.97361e-08
3.44633e-09
3.98547e-08
3.45879e-09
3.99345e-08
3.41959e-09
3.99726e-08
3.33811e-09
3.99692e-08
3.22476e-09
3.9926e-08
3.08962e-09
3.98463e-08
2.94194e-09
3.97346e-08
2.78975e-09
3.95954e-08
2.63944e-09
3.94334e-08
2.49562e-09
3.92529e-08
2.36116e-09
3.90576e-08
2.23745e-09
3.88505e-08
2.12477e-09
3.86342e-08
2.0226e-09
3.84105e-08
1.92995e-09
3.81812e-08
1.84563e-09
3.79474e-08
1.76839e-09
3.77102e-08
1.69707e-09
3.74704e-08
1.63063e-09
3.72288e-08
1.56817e-09
3.6986e-08
1.50895e-09
3.67428e-08
1.45235e-09
3.64997e-08
1.39788e-09
3.62574e-08
1.34511e-09
3.60165e-08
1.2937e-09
3.57776e-08
1.24334e-09
3.55415e-08
1.19379e-09
3.53085e-08
1.14479e-09
3.50796e-08
1.09613e-09
3.48551e-08
1.04762e-09
3.46359e-08
9.99061e-10
3.44226e-08
9.50261e-10
3.42159e-08
9.01037e-10
3.40164e-08
8.51203e-10
3.3825e-08
8.00565e-10
3.36422e-08
7.48919e-10
3.34689e-08
6.96049e-10
3.33059e-08
6.41732e-10
3.31538e-08
5.85761e-10
3.30132e-08
5.27987e-10
3.28848e-08
4.68391e-10
3.27687e-08
4.07199e-10
3.26651e-08
3.45012e-10
3.25738e-08
2.82926e-10
3.24942e-08
2.22535e-10
3.2426e-08
1.6568e-10
3.23679e-08
1.13917e-10
3.23176e-08
6.80441e-11
3.22748e-08
2.75294e-11
3.22414e-08
-7.53082e-12
3.22175e-08
-3.58275e-11
3.2202e-08
-5.74025e-11
3.21939e-08
-7.32851e-11
3.21923e-08
-8.44258e-11
3.2196e-08
-9.17066e-11
3.22042e-08
-9.59169e-11
3.22161e-08
-9.77332e-11
3.22309e-08
-9.7714e-11
3.22479e-08
-9.63071e-11
3.22666e-08
-9.38627e-11
3.22865e-08
-9.06505e-11
3.23072e-08
-8.6876e-11
3.23283e-08
-8.26952e-11
3.23495e-08
-7.82277e-11
3.23705e-08
-7.3567e-11
3.23911e-08
-6.87878e-11
3.2411e-08
-6.39528e-11
3.24302e-08
-5.91159e-11
3.24484e-08
-5.43255e-11
3.24655e-08
-4.96254e-11
3.24816e-08
-4.50561e-11
3.24964e-08
-4.06544e-11
3.251e-08
-3.64535e-11
3.25224e-08
-3.24818e-11
3.25335e-08
-2.87631e-11
3.25434e-08
-2.53154e-11
3.25523e-08
-2.21507e-11
3.256e-08
-1.9275e-11
3.25667e-08
-1.66879e-11
3.25726e-08
-1.43836e-11
3.25776e-08
-1.23507e-11
3.25818e-08
-1.05738e-11
3.25855e-08
-9.03388e-12
3.25885e-08
-7.70967e-12
3.25911e-08
-6.57854e-12
3.25933e-08
-5.6175e-12
3.25952e-08
-4.80408e-12
3.25967e-08
-4.11705e-12
3.2598e-08
-3.53695e-12
3.25991e-08
-3.04647e-12
3.26001e-08
-2.63077e-12
3.26009e-08
-2.27775e-12
3.26016e-08
-1.97861e-12
3.26022e-08
-1.72905e-12
3.26027e-08
-1.53134e-12
-1.38337e-12
4.05656e-08
2.52414e-09
-4.04245e-08
4.07446e-08
2.83115e-09
4.09324e-08
3.04929e-09
4.1116e-08
3.19169e-09
4.12884e-08
3.27387e-09
4.14434e-08
3.30387e-09
4.15753e-08
3.28768e-09
4.16806e-08
3.23284e-09
4.17574e-08
3.14795e-09
4.18055e-08
3.04153e-09
4.18259e-08
2.92151e-09
4.18208e-08
2.79488e-09
4.17928e-08
2.66741e-09
4.1745e-08
2.54343e-09
4.16803e-08
2.42584e-09
4.16014e-08
2.3163e-09
4.15108e-08
2.21543e-09
4.14103e-08
2.12311e-09
4.13015e-08
2.03874e-09
4.11857e-08
1.96145e-09
4.10638e-08
1.89027e-09
4.09366e-08
1.82421e-09
4.08049e-08
1.76239e-09
4.0669e-08
1.70401e-09
4.05296e-08
1.64836e-09
4.03871e-08
1.59487e-09
4.02419e-08
1.54305e-09
4.00946e-08
1.49248e-09
3.99455e-08
1.44279e-09
3.97951e-08
1.39368e-09
3.9644e-08
1.34488e-09
3.94927e-08
1.29613e-09
3.93416e-08
1.2472e-09
3.91914e-08
1.19786e-09
3.90425e-08
1.14791e-09
3.88957e-08
1.09714e-09
3.87513e-08
1.04535e-09
3.86102e-08
9.9232e-10
3.84729e-08
9.3785e-10
3.83401e-08
8.81724e-10
3.82125e-08
8.23723e-10
3.80906e-08
7.63645e-10
3.7975e-08
7.01325e-10
3.78663e-08
6.36695e-10
3.77648e-08
5.69854e-10
3.76708e-08
5.01181e-10
3.75844e-08
4.31444e-10
3.75055e-08
3.61867e-10
3.74339e-08
2.94093e-10
3.73696e-08
2.29945e-10
3.73125e-08
1.71036e-10
3.72621e-08
1.18451e-10
3.7217e-08
7.26054e-11
3.71765e-08
3.30397e-11
3.71414e-08
-7.97888e-13
3.71126e-08
-2.85539e-11
3.70897e-08
-5.03756e-11
3.70723e-08
-6.70904e-11
3.70602e-08
-7.95126e-11
3.70526e-08
-8.83901e-11
3.70493e-08
-9.43841e-11
3.70496e-08
-9.80578e-11
3.70532e-08
-9.98758e-11
3.70595e-08
-1.00213e-10
3.70683e-08
-9.93664e-11
3.70789e-08
-9.75694e-11
3.70913e-08
-9.5005e-11
3.71048e-08
-9.18179e-11
3.71194e-08
-8.81247e-11
3.71346e-08
-8.40223e-11
3.71503e-08
-7.95941e-11
3.71661e-08
-7.49148e-11
3.71818e-08
-7.00537e-11
3.71973e-08
-6.50767e-11
3.72123e-08
-6.00475e-11
3.72266e-08
-5.50274e-11
3.72402e-08
-5.00756e-11
3.7253e-08
-4.52475e-11
3.72648e-08
-4.05943e-11
3.72757e-08
-3.61612e-11
3.72855e-08
-3.19867e-11
3.72944e-08
-2.8101e-11
3.73022e-08
-2.45259e-11
3.73091e-08
-2.12744e-11
3.73151e-08
-1.83505e-11
3.73203e-08
-1.57503e-11
3.73247e-08
-1.34622e-11
3.73284e-08
-1.14691e-11
3.73316e-08
-9.74886e-12
3.73343e-08
-8.27632e-12
3.73365e-08
-7.02463e-12
3.73383e-08
-5.96654e-12
3.73399e-08
-5.07555e-12
3.73412e-08
-4.32688e-12
3.73422e-08
-3.69815e-12
3.73431e-08
-3.16995e-12
3.73439e-08
-2.72624e-12
3.73445e-08
-2.35433e-12
3.7345e-08
-2.04186e-12
-1.74811e-12
4.21733e-08
2.40381e-09
-4.20529e-08
4.23301e-08
2.6743e-09
4.25011e-08
2.87832e-09
4.26736e-08
3.01915e-09
4.2841e-08
3.1065e-09
4.29978e-08
3.14712e-09
4.31392e-08
3.14625e-09
4.32619e-08
3.1101e-09
4.3364e-08
3.04584e-09
4.34448e-08
2.96074e-09
4.35046e-08
2.86168e-09
4.35447e-08
2.75479e-09
4.35669e-08
2.64522e-09
4.35734e-08
2.53699e-09
4.35662e-08
2.43295e-09
4.35477e-08
2.33486e-09
4.35195e-08
2.24358e-09
4.34834e-08
2.15929e-09
4.34404e-08
2.08168e-09
4.33917e-08
2.01016e-09
4.3338e-08
1.94399e-09
4.32798e-08
1.88237e-09
4.32177e-08
1.82453e-09
4.31519e-08
1.76977e-09
4.30828e-08
1.71746e-09
4.30107e-08
1.66704e-09
4.29357e-08
1.61803e-09
4.28582e-08
1.57002e-09
4.27783e-08
1.52264e-09
4.26964e-08
1.47558e-09
4.26127e-08
1.42854e-09
4.25276e-08
1.38125e-09
4.24414e-08
1.33346e-09
4.23543e-08
1.28493e-09
4.22668e-08
1.23543e-09
4.21792e-08
1.18474e-09
4.20919e-08
1.13262e-09
4.20054e-08
1.07887e-09
4.19199e-08
1.02326e-09
4.18361e-08
9.65574e-10
4.17542e-08
9.05599e-10
4.16747e-08
8.4316e-10
4.15979e-08
7.78138e-10
4.15241e-08
7.10531e-10
4.14534e-08
6.40528e-10
4.1386e-08
5.68599e-10
4.13218e-08
4.95581e-10
4.1261e-08
4.2272e-10
4.12035e-08
3.51599e-10
4.11495e-08
2.83938e-10
4.10992e-08
2.21281e-10
4.10529e-08
1.64749e-10
4.10106e-08
1.14942e-10
4.09717e-08
7.19366e-11
4.09357e-08
3.52418e-11
4.09029e-08
4.19953e-12
4.0874e-08
-2.14857e-11
4.0849e-08
-4.21006e-11
4.08279e-08
-5.83535e-11
4.08104e-08
-7.09231e-11
4.07964e-08
-8.04209e-11
4.07858e-08
-8.73778e-11
4.07781e-08
-9.22406e-11
4.07733e-08
-9.53756e-11
4.0771e-08
-9.70774e-11
4.0771e-08
-9.75805e-11
4.07731e-08
-9.70707e-11
4.0777e-08
-9.56962e-11
4.07824e-08
-9.35774e-11
4.07892e-08
-9.08147e-11
4.07971e-08
-8.74958e-11
4.08059e-08
-8.37003e-11
4.08153e-08
-7.95035e-11
4.08252e-08
-7.49794e-11
4.08354e-08
-7.02019e-11
4.08456e-08
-6.52453e-11
4.08557e-08
-6.01842e-11
4.08656e-08
-5.50927e-11
4.0875e-08
-5.00425e-11
4.0884e-08
-4.51017e-11
4.08923e-08
-4.03325e-11
4.09e-08
-3.57898e-11
4.0907e-08
-3.15191e-11
4.09133e-08
-2.75559e-11
4.09188e-08
-2.39247e-11
4.09237e-08
-2.06391e-11
4.0928e-08
-1.77021e-11
4.09316e-08
-1.51072e-11
4.09347e-08
-1.28397e-11
4.09373e-08
-1.08786e-11
4.09395e-08
-9.19806e-12
4.09413e-08
-7.76952e-12
4.09428e-08
-6.56317e-12
4.0944e-08
-5.54955e-12
4.0945e-08
-4.70073e-12
4.09458e-08
-3.99123e-12
4.09465e-08
-3.39847e-12
4.0947e-08
-2.90195e-12
4.09475e-08
-2.47691e-12
-2.05536e-12
4.38353e-08
2.29895e-09
-4.37304e-08
4.3973e-08
2.53658e-09
4.41269e-08
2.72442e-09
4.42855e-08
2.86053e-09
4.44421e-08
2.94994e-09
4.45915e-08
2.99772e-09
4.47295e-08
3.00825e-09
4.4853e-08
2.98661e-09
4.49601e-08
2.93874e-09
4.505e-08
2.87083e-09
4.51229e-08
2.78881e-09
4.51796e-08
2.69807e-09
4.52216e-08
2.60323e-09
4.52506e-08
2.50799e-09
4.52684e-08
2.41509e-09
4.52769e-08
2.32636e-09
4.52777e-08
2.24281e-09
4.52721e-08
2.16488e-09
4.52613e-08
2.09249e-09
4.52462e-08
2.0253e-09
4.52274e-08
1.96277e-09
4.52055e-08
1.90428e-09
4.51808e-08
1.84921e-09
4.51536e-08
1.79694e-09
4.51242e-08
1.74691e-09
4.50926e-08
1.69861e-09
4.5059e-08
1.65159e-09
4.50236e-08
1.60545e-09
4.49864e-08
1.55983e-09
4.49476e-08
1.51441e-09
4.49072e-08
1.46889e-09
4.48655e-08
1.42298e-09
4.48225e-08
1.37644e-09
4.47785e-08
1.329e-09
4.47334e-08
1.28044e-09
4.46877e-08
1.2305e-09
4.46413e-08
1.17897e-09
4.45946e-08
1.12561e-09
4.45476e-08
1.07021e-09
4.45007e-08
1.01254e-09
4.44538e-08
9.52429e-10
4.44073e-08
8.89713e-10
4.43611e-08
8.24322e-10
4.43153e-08
7.56305e-10
4.427e-08
6.85905e-10
4.42249e-08
6.13632e-10
4.41802e-08
5.40324e-10
4.41357e-08
4.67168e-10
4.40917e-08
3.95626e-10
4.40484e-08
3.27266e-10
4.40061e-08
2.63508e-10
4.39655e-08
2.05429e-10
4.39267e-08
1.53671e-10
4.38902e-08
1.08442e-10
4.38559e-08
6.95617e-11
4.38236e-08
3.65503e-11
4.37934e-08
8.71972e-12
4.37657e-08
-1.44349e-11
4.37407e-08
-3.33329e-11
4.37183e-08
-4.85624e-11
4.36986e-08
-6.06855e-11
4.36814e-08
-7.0195e-11
4.36667e-08
-7.75113e-11
4.36543e-08
-8.29835e-11
4.36441e-08
-8.68954e-11
4.3636e-08
-8.94744e-11
4.36298e-08
-9.09012e-11
4.36254e-08
-9.13199e-11
4.36227e-08
-9.08471e-11
4.36215e-08
-8.95794e-11
4.36216e-08
-8.76007e-11
4.36229e-08
-8.49873e-11
4.36252e-08
-8.18121e-11
4.36283e-08
-7.81478e-11
4.36322e-08
-7.40687e-11
4.36366e-08
-6.96519e-11
4.36414e-08
-6.49772e-11
4.36464e-08
-6.01266e-11
4.36516e-08
-5.51824e-11
4.36567e-08
-5.02258e-11
4.36617e-08
-4.53345e-11
4.36665e-08
-4.05801e-11
4.3671e-08
-3.60263e-11
4.36752e-08
-3.17268e-11
4.3679e-08
-2.77239e-11
4.36824e-08
-2.40479e-11
4.36854e-08
-2.07166e-11
4.3688e-08
-1.77362e-11
4.36903e-08
-1.51023e-11
4.36922e-08
-1.28014e-11
4.36938e-08
-1.08129e-11
4.36952e-08
-9.11072e-12
4.36963e-08
-7.66594e-12
4.36972e-08
-6.4481e-12
4.36979e-08
-5.42707e-12
4.36985e-08
-4.57417e-12
4.36989e-08
-3.86279e-12
4.36993e-08
-3.26731e-12
4.36996e-08
-2.75588e-12
-2.25424e-12
4.55535e-08
2.20587e-09
-4.54604e-08
4.56752e-08
2.41483e-09
4.58135e-08
2.58613e-09
4.59585e-08
2.71557e-09
4.61035e-08
2.80495e-09
4.62436e-08
2.85758e-09
4.63749e-08
2.87694e-09
4.64944e-08
2.86713e-09
4.66001e-08
2.83299e-09
4.66913e-08
2.7797e-09
4.67677e-08
2.71236e-09
4.68301e-08
2.63565e-09
4.68797e-08
2.55371e-09
4.69178e-08
2.46991e-09
4.6946e-08
2.38684e-09
4.6966e-08
2.30635e-09
4.69792e-08
2.22958e-09
4.6987e-08
2.15712e-09
4.69904e-08
2.08912e-09
4.69902e-08
2.02544e-09
4.69873e-08
1.96574e-09
4.6982e-08
1.90957e-09
4.69748e-08
1.85642e-09
4.69659e-08
1.80579e-09
4.69556e-08
1.75719e-09
4.6944e-08
1.71019e-09
4.69313e-08
1.66437e-09
4.69174e-08
1.61934e-09
4.69024e-08
1.57477e-09
4.68865e-08
1.53035e-09
4.68696e-08
1.48579e-09
4.68518e-08
1.4408e-09
4.68331e-08
1.39514e-09
4.68135e-08
1.34855e-09
4.67932e-08
1.30079e-09
4.67721e-08
1.25163e-09
4.67502e-08
1.20083e-09
4.67276e-08
1.14819e-09
4.67043e-08
1.09348e-09
4.66804e-08
1.03651e-09
4.66557e-08
9.77106e-10
4.66303e-08
9.1516e-10
4.6604e-08
8.5063e-10
4.65767e-08
7.83605e-10
4.65482e-08
7.14356e-10
4.65184e-08
6.43397e-10
4.64872e-08
5.71527e-10
4.64546e-08
4.99833e-10
4.64206e-08
4.29629e-10
4.63855e-08
3.62305e-10
4.63499e-08
2.9914e-10
4.63142e-08
2.4113e-10
4.6279e-08
1.88907e-10
4.62447e-08
1.42737e-10
4.62117e-08
1.02556e-10
4.61802e-08
6.80473e-11
4.61502e-08
3.87138e-11
4.61218e-08
1.39497e-11
4.60952e-08
-6.79047e-12
4.60707e-08
-2.39688e-11
4.6048e-08
-3.80686e-11
4.60274e-08
-4.95472e-11
4.60087e-08
-5.87981e-11
4.59918e-08
-6.61521e-11
4.59768e-08
-7.18808e-11
4.59636e-08
-7.62033e-11
4.5952e-08
-7.92946e-11
4.59419e-08
-8.12943e-11
4.59334e-08
-8.23148e-11
4.59263e-08
-8.24486e-11
4.59204e-08
-8.17754e-11
4.59158e-08
-8.0367e-11
4.59123e-08
-7.82924e-11
4.59098e-08
-7.56206e-11
4.59081e-08
-7.24229e-11
4.59073e-08
-6.8775e-11
4.5907e-08
-6.47564e-11
4.59074e-08
-6.04507e-11
4.59081e-08
-5.59437e-11
4.59092e-08
-5.13221e-11
4.59105e-08
-4.66707e-11
4.5912e-08
-4.20702e-11
4.59136e-08
-3.75945e-11
4.59152e-08
-3.33085e-11
4.59167e-08
-2.92661e-11
4.59182e-08
-2.55094e-11
4.59195e-08
-2.20674e-11
4.59208e-08
-1.89567e-11
4.59218e-08
-1.61821e-11
4.59228e-08
-1.37378e-11
4.59236e-08
-1.16093e-11
4.59242e-08
-9.77547e-12
4.59248e-08
-8.21041e-12
4.59252e-08
-6.88555e-12
4.59256e-08
-5.77144e-12
4.59258e-08
-4.8391e-12
4.5926e-08
-4.06078e-12
4.59262e-08
-3.40903e-12
4.59263e-08
-2.85083e-12
-2.32446e-12
4.733e-08
2.12208e-09
-4.72462e-08
4.74385e-08
2.30633e-09
4.75629e-08
2.46171e-09
4.76951e-08
2.5834e-09
4.78289e-08
2.67117e-09
4.79596e-08
2.72685e-09
4.80835e-08
2.75303e-09
4.81977e-08
2.75293e-09
4.83002e-08
2.73044e-09
4.83901e-08
2.68983e-09
4.84671e-08
2.63542e-09
4.85314e-08
2.57126e-09
4.85842e-08
2.50099e-09
4.86264e-08
2.42766e-09
4.86595e-08
2.35371e-09
4.8685e-08
2.28093e-09
4.8704e-08
2.21054e-09
4.87179e-08
2.14324e-09
4.87276e-08
2.07938e-09
4.87341e-08
2.01896e-09
4.8738e-08
1.96182e-09
4.87399e-08
1.90765e-09
4.87403e-08
1.85609e-09
4.87393e-08
1.80674e-09
4.87373e-08
1.75919e-09
4.87344e-08
1.71305e-09
4.87308e-08
1.66797e-09
4.87266e-08
1.62361e-09
4.87217e-08
1.57965e-09
4.87163e-08
1.53579e-09
4.87103e-08
1.49177e-09
4.87038e-08
1.44731e-09
4.86967e-08
1.40218e-09
4.86891e-08
1.35614e-09
4.8681e-08
1.30895e-09
4.86722e-08
1.26039e-09
4.86628e-08
1.21025e-09
4.86527e-08
1.15832e-09
4.86417e-08
1.1044e-09
4.86299e-08
1.04832e-09
4.86171e-08
9.89952e-10
4.8603e-08
9.29198e-10
4.85876e-08
8.66057e-10
4.85706e-08
8.00648e-10
4.85517e-08
7.33255e-10
4.85307e-08
6.64376e-10
4.85075e-08
5.9475e-10
4.84819e-08
5.25353e-10
4.84542e-08
4.57342e-10
4.84246e-08
3.91935e-10
4.83935e-08
3.30262e-10
4.83614e-08
2.73226e-10
4.83289e-08
2.21429e-10
4.82964e-08
1.75162e-10
4.82646e-08
1.34427e-10
4.82336e-08
9.9004e-11
4.82038e-08
6.85095e-11
4.81753e-08
4.24663e-11
4.81481e-08
2.03579e-11
4.81225e-08
1.68475e-12
4.80984e-08
-1.39933e-11
4.80759e-08
-2.70743e-11
4.80551e-08
-3.79238e-11
4.80358e-08
-4.68536e-11
4.8018e-08
-5.41223e-11
4.80017e-08
-5.99404e-11
4.79869e-08
-6.44772e-11
4.79735e-08
-6.78681e-11
4.79614e-08
-7.02221e-11
4.79506e-08
-7.16291e-11
4.7941e-08
-7.21657e-11
4.79325e-08
-7.19009e-11
4.79251e-08
-7.09005e-11
4.79187e-08
-6.92307e-11
4.79133e-08
-6.69604e-11
4.79087e-08
-6.41627e-11
4.79048e-08
-6.09159e-11
4.79017e-08
-5.73026e-11
4.78991e-08
-5.34089e-11
4.78971e-08
-4.93228e-11
4.78956e-08
-4.51313e-11
4.78944e-08
-4.09187e-11
4.78936e-08
-3.67634e-11
4.7893e-08
-3.27356e-11
4.78927e-08
-2.88955e-11
4.78925e-08
-2.52917e-11
4.78923e-08
-2.19602e-11
4.78923e-08
-1.89247e-11
4.78923e-08
-1.61966e-11
4.78924e-08
-1.37765e-11
4.78924e-08
-1.16555e-11
4.78925e-08
-9.8175e-12
4.78925e-08
-8.2407e-12
4.78925e-08
-6.89987e-12
4.78925e-08
-5.76804e-12
4.78925e-08
-4.81799e-12
4.78924e-08
-4.02302e-12
4.78924e-08
-3.35658e-12
4.78923e-08
-2.7888e-12
-2.27871e-12
4.91672e-08
2.04583e-09
-4.9091e-08
4.92647e-08
2.2089e-09
4.93769e-08
2.3495e-09
4.94973e-08
2.46298e-09
4.96205e-08
2.548e-09
4.9742e-08
2.60529e-09
4.98585e-08
2.6366e-09
4.9967e-08
2.64439e-09
5.00657e-08
2.63173e-09
5.01534e-08
2.60212e-09
5.02297e-08
2.55913e-09
5.02947e-08
2.50625e-09
5.03491e-08
2.44664e-09
5.03937e-08
2.38303e-09
5.04298e-08
2.31767e-09
5.04584e-08
2.25228e-09
5.04809e-08
2.18808e-09
5.04982e-08
2.12589e-09
5.05115e-08
2.06614e-09
5.05214e-08
2.00901e-09
5.05288e-08
1.95446e-09
5.05341e-08
1.90232e-09
5.05378e-08
1.85234e-09
5.05404e-08
1.80421e-09
5.05419e-08
1.75763e-09
5.05427e-08
1.71226e-09
5.05429e-08
1.66779e-09
5.05426e-08
1.62393e-09
5.05418e-08
1.5804e-09
5.05407e-08
1.53692e-09
5.05392e-08
1.49325e-09
5.05374e-08
1.44914e-09
5.05352e-08
1.40437e-09
5.05327e-08
1.3587e-09
5.05297e-08
1.31193e-09
5.05262e-08
1.26386e-09
5.05222e-08
1.21428e-09
5.05175e-08
1.163e-09
5.0512e-08
1.10987e-09
5.05056e-08
1.05472e-09
5.04981e-08
9.97465e-10
5.04893e-08
9.38036e-10
5.04789e-08
8.76462e-10
5.04666e-08
8.12882e-10
5.04523e-08
7.47585e-10
5.04356e-08
6.81042e-10
5.04165e-08
6.13927e-10
5.03947e-08
5.47107e-10
5.03705e-08
4.81592e-10
5.0344e-08
4.18441e-10
5.03156e-08
3.58641e-10
5.02858e-08
3.03001e-10
5.02552e-08
2.52082e-10
5.02241e-08
2.06181e-10
5.01932e-08
1.65349e-10
5.01628e-08
1.29435e-10
5.01332e-08
9.81373e-11
5.01046e-08
7.10647e-11
5.00771e-08
4.77812e-11
5.0051e-08
2.78461e-11
5.00261e-08
1.08359e-11
5.00027e-08
-3.63094e-12
4.99807e-08
-1.58851e-11
4.996e-08
-2.62145e-11
4.99408e-08
-3.48636e-11
4.99229e-08
-4.20332e-11
4.99063e-08
-4.7886e-11
4.98909e-08
-5.25532e-11
4.98769e-08
-5.61407e-11
4.9864e-08
-5.87356e-11
4.98522e-08
-6.04127e-11
4.98416e-08
-6.1239e-11
4.98319e-08
-6.12785e-11
4.98233e-08
-6.05955e-11
4.98156e-08
-5.9257e-11
4.98088e-08
-5.73346e-11
4.98028e-08
-5.49049e-11
4.97975e-08
-5.20494e-11
4.9793e-08
-4.88532e-11
4.9789e-08
-4.54037e-11
4.97857e-08
-4.1788e-11
4.97829e-08
-3.8091e-11
4.97805e-08
-3.43924e-11
4.97785e-08
-3.07643e-11
4.97769e-08
-2.72697e-11
4.97756e-08
-2.39604e-11
4.97745e-08
-2.08765e-11
4.97736e-08
-1.80458e-11
4.97729e-08
-1.54846e-11
4.97723e-08
-1.31983e-11
4.97718e-08
-1.11829e-11
4.97714e-08
-9.42676e-12
4.97711e-08
-7.91255e-12
4.97708e-08
-6.6189e-12
4.97706e-08
-5.52224e-12
4.97704e-08
-4.59821e-12
4.97702e-08
-3.82256e-12
4.977e-08
-3.17129e-12
4.97698e-08
-2.61969e-12
-2.14565e-12
5.10678e-08
1.97589e-09
-5.09979e-08
5.11559e-08
2.12082e-09
5.12574e-08
2.248e-09
5.13671e-08
2.35326e-09
5.14804e-08
2.43477e-09
5.15931e-08
2.49251e-09
5.17022e-08
2.52753e-09
5.1805e-08
2.54163e-09
5.18995e-08
2.53721e-09
5.19846e-08
2.51704e-09
5.20596e-08
2.4841e-09
5.21245e-08
2.44131e-09
5.21798e-08
2.39141e-09
5.2226e-08
2.33681e-09
5.22641e-08
2.27955e-09
5.22952e-08
2.22124e-09
5.23201e-08
2.16311e-09
5.234e-08
2.10599e-09
5.23557e-08
2.05042e-09
5.23681e-08
1.99668e-09
5.23777e-08
1.94485e-09
5.23851e-08
1.89487e-09
5.23909e-08
1.84659e-09
5.23953e-08
1.7998e-09
5.23987e-08
1.75427e-09
5.24012e-08
1.70972e-09
5.24031e-08
1.6659e-09
5.24045e-08
1.62256e-09
5.24054e-08
1.57946e-09
5.2406e-08
1.53634e-09
5.24062e-08
1.49299e-09
5.24062e-08
1.44919e-09
5.24058e-08
1.40473e-09
5.24051e-08
1.3594e-09
5.2404e-08
1.31301e-09
5.24025e-08
1.26538e-09
5.24004e-08
1.21633e-09
5.23977e-08
1.1657e-09
5.23943e-08
1.11334e-09
5.23899e-08
1.05914e-09
5.23843e-08
1.00302e-09
5.23774e-08
9.44947e-10
5.23689e-08
8.84977e-10
5.23585e-08
8.23264e-10
5.2346e-08
7.60094e-10
5.23311e-08
6.95909e-10
5.23137e-08
6.31316e-10
5.22937e-08
5.67083e-10
5.22713e-08
5.04088e-10
5.22464e-08
4.43248e-10
5.22197e-08
3.85423e-10
5.21913e-08
3.3133e-10
5.21619e-08
2.81484e-10
5.21319e-08
2.36181e-10
5.21018e-08
1.95501e-10
5.20719e-08
1.5935e-10
5.20425e-08
1.27493e-10
5.2014e-08
9.96089e-11
5.19864e-08
7.53267e-11
5.196e-08
5.42624e-11
5.19348e-08
3.6042e-11
5.19108e-08
2.03165e-11
5.18882e-08
6.77393e-12
5.18668e-08
-4.85523e-12
5.18468e-08
-1.47979e-11
5.1828e-08
-2.32431e-11
5.18104e-08
-3.0346e-11
5.17941e-08
-3.62322e-11
5.1779e-08
-4.10039e-11
5.1765e-08
-4.47456e-11
5.17521e-08
-4.75299e-11
5.17403e-08
-4.94221e-11
5.17295e-08
-5.04846e-11
5.17197e-08
-5.07803e-11
5.17108e-08
-5.03751e-11
5.17028e-08
-4.9339e-11
5.16956e-08
-4.77474e-11
5.16893e-08
-4.56804e-11
5.16836e-08
-4.32218e-11
5.16787e-08
-4.04578e-11
5.16744e-08
-3.74747e-11
5.16706e-08
-3.43566e-11
5.16674e-08
-3.1183e-11
5.16647e-08
-2.80265e-11
5.16624e-08
-2.49509e-11
5.16604e-08
-2.20097e-11
5.16588e-08
-1.92454e-11
5.16574e-08
-1.66886e-11
5.16563e-08
-1.43592e-11
5.16554e-08
-1.22665e-11
5.16546e-08
-1.04107e-11
5.1654e-08
-8.78459e-12
5.16534e-08
-7.37494e-12
5.1653e-08
-6.16453e-12
5.16526e-08
-5.13354e-12
5.16523e-08
-4.26103e-12
5.1652e-08
-3.52587e-12
5.16517e-08
-2.90738e-12
5.16515e-08
-2.38619e-12
-1.95262e-12
5.30345e-08
1.9114e-09
-5.297e-08
5.31145e-08
2.04077e-09
5.32066e-08
2.1559e-09
5.33066e-08
2.25323e-09
5.34106e-08
2.3308e-09
5.3515e-08
2.38809e-09
5.36169e-08
2.42564e-09
5.37139e-08
2.44469e-09
5.3804e-08
2.44707e-09
5.38861e-08
2.43496e-09
5.39594e-08
2.41077e-09
5.40238e-08
2.37696e-09
5.40793e-08
2.33584e-09
5.41266e-08
2.28953e-09
5.41663e-08
2.23986e-09
5.41992e-08
2.18831e-09
5.42263e-08
2.13606e-09
5.42483e-08
2.08397e-09
5.42661e-08
2.03263e-09
5.42804e-08
1.98238e-09
5.42919e-08
1.9334e-09
5.4301e-08
1.88573e-09
5.43083e-08
1.83931e-09
5.43141e-08
1.79401e-09
5.43187e-08
1.74966e-09
5.43223e-08
1.70606e-09
5.43252e-08
1.663e-09
5.43275e-08
1.62027e-09
5.43293e-08
1.57767e-09
5.43307e-08
1.53498e-09
5.43317e-08
1.492e-09
5.43323e-08
1.44855e-09
5.43326e-08
1.40443e-09
5.43326e-08
1.35947e-09
5.43321e-08
1.31349e-09
5.43311e-08
1.26633e-09
5.43296e-08
1.21783e-09
5.43275e-08
1.16786e-09
5.43245e-08
1.1163e-09
5.43206e-08
1.06306e-09
5.43155e-08
1.00808e-09
5.43091e-08
9.51373e-10
5.43011e-08
8.93002e-10
5.42912e-08
8.33132e-10
5.42793e-08
7.72044e-10
5.4265e-08
7.10146e-10
5.42484e-08
6.47989e-10
5.42292e-08
5.86246e-10
5.42076e-08
5.25681e-10
5.41838e-08
4.67087e-10
5.4158e-08
4.11213e-10
5.41306e-08
3.58689e-10
5.41021e-08
3.09987e-10
5.40729e-08
2.65389e-10
5.40434e-08
2.24999e-10
5.4014e-08
1.88764e-10
5.3985e-08
1.56506e-10
5.39566e-08
1.27963e-10
5.39291e-08
1.02822e-10
5.39027e-08
8.07508e-11
5.38773e-08
6.14182e-11
5.38531e-08
4.45127e-11
5.38301e-08
2.97513e-11
5.38084e-08
1.68851e-11
5.37879e-08
5.70172e-12
5.37686e-08
-3.97626e-12
5.37505e-08
-1.22946e-11
5.37337e-08
-1.93721e-11
5.3718e-08
-2.53063e-11
5.37034e-08
-3.01782e-11
5.36899e-08
-3.40576e-11
5.36775e-08
-3.70079e-11
5.36661e-08
-3.90899e-11
5.36557e-08
-4.0365e-11
5.36462e-08
-4.08976e-11
5.36377e-08
-4.07566e-11
5.36299e-08
-4.00159e-11
5.3623e-08
-3.87541e-11
5.36168e-08
-3.70538e-11
5.36114e-08
-3.49997e-11
5.36066e-08
-3.26767e-11
5.36024e-08
-3.01678e-11
5.35988e-08
-2.75518e-11
5.35956e-08
-2.4901e-11
5.3593e-08
-2.22794e-11
5.35907e-08
-1.97415e-11
5.35888e-08
-1.73312e-11
5.35872e-08
-1.50819e-11
5.35858e-08
-1.3016e-11
5.35847e-08
-1.11464e-11
5.35838e-08
-9.47729e-12
5.3583e-08
-8.00545e-12
5.35823e-08
-6.72193e-12
5.35818e-08
-5.61354e-12
5.35813e-08
-4.66437e-12
5.35809e-08
-3.85705e-12
5.35806e-08
-3.17387e-12
5.35803e-08
-2.59765e-12
5.358e-08
-2.1136e-12
-1.71833e-12
5.50699e-08
1.85169e-09
-5.50102e-08
5.5143e-08
1.96768e-09
5.52268e-08
2.07209e-09
5.5318e-08
2.16196e-09
5.54135e-08
2.23538e-09
5.551e-08
2.29158e-09
5.56049e-08
2.33069e-09
5.56961e-08
2.35354e-09
5.57817e-08
2.36145e-09
5.58605e-08
2.35614e-09
5.59317e-08
2.33953e-09
5.59951e-08
2.31363e-09
5.60505e-08
2.2804e-09
5.60984e-08
2.24166e-09
5.61392e-08
2.19904e-09
5.61736e-08
2.15389e-09
5.62024e-08
2.10731e-09
5.62262e-08
2.06015e-09
5.62458e-08
2.01301e-09
5.62619e-08
1.96632e-09
5.6275e-08
1.9203e-09
5.62856e-08
1.87508e-09
5.62943e-08
1.83067e-09
5.63013e-08
1.787e-09
5.6307e-08
1.74398e-09
5.63116e-08
1.70145e-09
5.63153e-08
1.65928e-09
5.63183e-08
1.61728e-09
5.63207e-08
1.57528e-09
5.63225e-08
1.5331e-09
5.6324e-08
1.49059e-09
5.6325e-08
1.44756e-09
5.63255e-08
1.40385e-09
5.63257e-08
1.35932e-09
5.63254e-08
1.31379e-09
5.63246e-08
1.26715e-09
5.63231e-08
1.21925e-09
5.6321e-08
1.16998e-09
5.63181e-08
1.11925e-09
5.63141e-08
1.067e-09
5.6309e-08
1.01318e-09
5.63026e-08
9.57839e-10
5.62945e-08
9.01046e-10
5.62847e-08
8.42978e-10
5.62728e-08
7.83902e-10
5.62588e-08
7.24197e-10
5.62424e-08
6.64358e-10
5.62237e-08
6.04976e-10
5.62026e-08
5.46716e-10
5.61794e-08
4.90263e-10
5.61544e-08
4.36267e-10
5.61278e-08
3.85285e-10
5.61e-08
3.37739e-10
5.60715e-08
2.93898e-10
5.60427e-08
2.53881e-10
5.60138e-08
2.17665e-10
5.59851e-08
1.85119e-10
5.59571e-08
1.56032e-10
5.59298e-08
1.30142e-10
5.59033e-08
1.07163e-10
5.5878e-08
8.68061e-11
5.58537e-08
6.87944e-11
5.58305e-08
5.28734e-11
5.58086e-08
3.88172e-11
5.57879e-08
2.64312e-11
5.57684e-08
1.55509e-11
5.575e-08
6.04094e-12
5.57329e-08
-2.2105e-12
5.57169e-08
-9.29497e-12
5.5702e-08
-1.52892e-11
5.56882e-08
-2.02594e-11
5.56754e-08
-2.42666e-11
5.56637e-08
-2.73692e-11
5.5653e-08
-2.96271e-11
5.56432e-08
-3.11029e-11
5.56343e-08
-3.1864e-11
5.56262e-08
-3.19829e-11
5.5619e-08
-3.15367e-11
5.56126e-08
-3.06063e-11
5.56069e-08
-2.9275e-11
5.56018e-08
-2.76261e-11
5.55974e-08
-2.57415e-11
5.55935e-08
-2.36988e-11
5.55902e-08
-2.157e-11
5.55873e-08
-1.94191e-11
5.55849e-08
-1.73012e-11
5.55828e-08
-1.52618e-11
5.55811e-08
-1.33361e-11
5.55796e-08
-1.15494e-11
5.55784e-08
-9.91791e-12
5.55774e-08
-8.4494e-12
5.55765e-08
-7.14469e-12
5.55758e-08
-5.99888e-12
5.55752e-08
-5.00285e-12
5.55746e-08
-4.14456e-12
5.55742e-08
-3.4103e-12
5.55738e-08
-2.78579e-12
5.55735e-08
-2.25723e-12
5.55732e-08
-1.81342e-12
-1.45337e-12
5.71769e-08
1.79627e-09
-5.71215e-08
5.72439e-08
1.90073e-09
5.73203e-08
1.99566e-09
5.74037e-08
2.07862e-09
5.74912e-08
2.14786e-09
5.75803e-08
2.2025e-09
5.76685e-08
2.24242e-09
5.7754e-08
2.26808e-09
5.7835e-08
2.28045e-09
5.79103e-08
2.28081e-09
5.79792e-08
2.27069e-09
5.80411e-08
2.25171e-09
5.8096e-08
2.22551e-09
5.8144e-08
2.19365e-09
5.81855e-08
2.15752e-09
5.8221e-08
2.11837e-09
5.82511e-08
2.07719e-09
5.82765e-08
2.03481e-09
5.82977e-08
1.99183e-09
5.83153e-08
1.94871e-09
5.83298e-08
1.90572e-09
5.83419e-08
1.86304e-09
5.83518e-08
1.82075e-09
5.83599e-08
1.77885e-09
5.83666e-08
1.73729e-09
5.83721e-08
1.69598e-09
5.83766e-08
1.6548e-09
5.83802e-08
1.61364e-09
5.83831e-08
1.57235e-09
5.83855e-08
1.53079e-09
5.83872e-08
1.48883e-09
5.83885e-08
1.4463e-09
5.83892e-08
1.40309e-09
5.83895e-08
1.35904e-09
5.83893e-08
1.31405e-09
5.83884e-08
1.26798e-09
5.8387e-08
1.22073e-09
5.83847e-08
1.17221e-09
5.83816e-08
1.12235e-09
5.83775e-08
1.0711e-09
5.83722e-08
1.01847e-09
5.83656e-08
9.64481e-10
5.83574e-08
9.09244e-10
5.83475e-08
8.52928e-10
5.83356e-08
7.95789e-10
5.83216e-08
7.38177e-10
5.83054e-08
6.80533e-10
5.8287e-08
6.2338e-10
5.82664e-08
5.67294e-10
5.82438e-08
5.12868e-10
5.82194e-08
4.60666e-10
5.81935e-08
4.11176e-10
5.81665e-08
3.64777e-10
5.81387e-08
3.21721e-10
5.81104e-08
2.82132e-10
5.80821e-08
2.46012e-10
5.80539e-08
2.13269e-10
5.80262e-08
1.83733e-10
5.79992e-08
1.57187e-10
5.7973e-08
1.33388e-10
5.79477e-08
1.12086e-10
5.79234e-08
9.30369e-11
5.79003e-08
7.60145e-11
5.78783e-08
6.08158e-11
5.78575e-08
4.72646e-11
5.78378e-08
3.52113e-11
5.78193e-08
2.45314e-11
5.7802e-08
1.51221e-11
5.77858e-08
6.89881e-12
5.77707e-08
-2.10103e-13
5.77567e-08
-6.26706e-12
5.77438e-08
-1.13295e-11
5.77319e-08
-1.54534e-11
5.77209e-08
-1.86961e-11
5.77109e-08
-2.11186e-11
5.77019e-08
-2.27864e-11
5.76937e-08
-2.37702e-11
5.76863e-08
-2.41455e-11
5.76796e-08
-2.39916e-11
5.76738e-08
-2.33899e-11
5.76686e-08
-2.24225e-11
5.7664e-08
-2.11699e-11
5.766e-08
-1.97087e-11
5.76565e-08
-1.81102e-11
5.76536e-08
-1.64386e-11
5.7651e-08
-1.47497e-11
5.76488e-08
-1.309e-11
5.7647e-08
-1.14969e-11
5.76454e-08
-9.9984e-12
5.76441e-08
-8.61367e-12
5.7643e-08
-7.35416e-12
5.76421e-08
-6.22453e-12
5.76413e-08
-5.22389e-12
5.76407e-08
-4.34705e-12
5.76401e-08
-3.5858e-12
5.76397e-08
-2.93006e-12
5.76392e-08
-2.36891e-12
5.76389e-08
-1.8917e-12
5.76385e-08
-1.48996e-12
-1.16332e-12
5.93585e-08
1.74478e-09
-5.9307e-08
5.942e-08
1.83925e-09
5.94898e-08
1.92582e-09
5.9566e-08
2.00245e-09
5.96462e-08
2.06762e-09
5.97283e-08
2.12041e-09
5.98102e-08
2.16053e-09
5.98901e-08
2.18821e-09
5.99664e-08
2.2041e-09
6.00381e-08
2.20914e-09
6.01043e-08
2.20453e-09
6.01644e-08
2.19156e-09
6.02184e-08
2.17158e-09
6.02661e-08
2.14589e-09
6.03079e-08
2.11571e-09
6.03442e-08
2.08213e-09
6.03753e-08
2.04606e-09
6.04019e-08
2.00826e-09
6.04243e-08
1.96934e-09
6.04433e-08
1.92976e-09
6.04592e-08
1.88982e-09
6.04725e-08
1.84976e-09
6.04836e-08
1.80968e-09
6.04928e-08
1.76965e-09
6.05004e-08
1.72966e-09
6.05067e-08
1.68967e-09
6.05119e-08
1.64961e-09
6.05162e-08
1.60939e-09
6.05196e-08
1.56892e-09
6.05223e-08
1.52807e-09
6.05244e-08
1.48674e-09
6.05259e-08
1.4448e-09
6.05268e-08
1.40215e-09
6.05272e-08
1.35867e-09
6.0527e-08
1.31426e-09
6.05261e-08
1.26883e-09
6.05246e-08
1.22228e-09
6.05223e-08
1.17455e-09
6.0519e-08
1.12559e-09
6.05147e-08
1.07538e-09
6.05093e-08
1.02393e-09
6.05024e-08
9.71299e-10
6.04941e-08
9.17588e-10
6.04841e-08
8.62972e-10
6.04722e-08
8.07694e-10
6.04583e-08
7.52074e-10
6.04423e-08
6.96508e-10
6.04242e-08
6.41454e-10
6.04041e-08
5.87415e-10
6.0382e-08
5.34904e-10
6.03583e-08
4.84408e-10
6.03331e-08
4.36355e-10
6.03068e-08
3.91084e-10
6.02797e-08
3.48827e-10
6.02521e-08
3.09707e-10
6.02244e-08
2.73748e-10
6.01968e-08
2.40883e-10
6.01695e-08
2.10982e-10
6.01429e-08
1.83865e-10
6.01169e-08
1.59328e-10
6.00919e-08
1.37156e-10
6.00678e-08
1.17136e-10
6.00447e-08
9.90705e-11
6.00227e-08
8.27783e-11
6.00019e-08
6.81022e-11
5.99822e-08
5.49081e-11
5.99636e-08
4.30837e-11
5.99462e-08
3.25361e-11
5.99299e-08
2.31883e-11
5.99148e-08
1.49748e-11
5.99007e-08
7.83831e-12
5.98876e-08
1.72529e-12
5.98756e-08
-3.41716e-12
5.98645e-08
-7.6438e-12
5.98544e-08
-1.10132e-11
5.98452e-08
-1.35887e-11
5.98369e-08
-1.54391e-11
5.98294e-08
-1.66383e-11
5.98226e-08
-1.72634e-11
5.98166e-08
-1.73944e-11
5.98113e-08
-1.71119e-11
5.98067e-08
-1.64947e-11
5.98026e-08
-1.56189e-11
5.9799e-08
-1.4555e-11
5.97959e-08
-1.33674e-11
5.97933e-08
-1.21124e-11
5.97911e-08
-1.08379e-11
5.97891e-08
-9.58311e-12
5.97875e-08
-8.37857e-12
5.97862e-08
-7.24663e-12
5.9785e-08
-6.20216e-12
5.9784e-08
-5.25356e-12
5.97832e-08
-4.4038e-12
5.97825e-08
-3.65157e-12
5.97819e-08
-2.99237e-12
5.97814e-08
-2.41963e-12
5.9781e-08
-1.92576e-12
5.97806e-08
-1.50291e-12
5.97802e-08
-1.14486e-12
-8.51263e-13
6.16176e-08
1.6969e-09
-6.15697e-08
6.16741e-08
1.78273e-09
6.1738e-08
1.86192e-09
6.18077e-08
1.93281e-09
6.18812e-08
1.99409e-09
6.19568e-08
2.04486e-09
6.20325e-08
2.08474e-09
6.2107e-08
2.11378e-09
6.21787e-08
2.13239e-09
6.22466e-08
2.14126e-09
6.23098e-08
2.14128e-09
6.23679e-08
2.13349e-09
6.24205e-08
2.11896e-09
6.24676e-08
2.09878e-09
6.25093e-08
2.074e-09
6.25459e-08
2.04554e-09
6.25777e-08
2.01425e-09
6.26052e-08
1.98081e-09
6.26287e-08
1.94581e-09
6.26487e-08
1.9097e-09
6.26658e-08
1.8728e-09
6.26801e-08
1.83537e-09
6.26923e-08
1.79757e-09
6.27024e-08
1.75948e-09
6.27109e-08
1.72115e-09
6.2718e-08
1.68258e-09
6.27239e-08
1.64373e-09
6.27287e-08
1.60456e-09
6.27327e-08
1.56499e-09
6.27358e-08
1.52494e-09
6.27382e-08
1.48432e-09
6.274e-08
1.44305e-09
6.27411e-08
1.40104e-09
6.27415e-08
1.35819e-09
6.27414e-08
1.31443e-09
6.27405e-08
1.26968e-09
6.27389e-08
1.22388e-09
6.27365e-08
1.17699e-09
6.27331e-08
1.12896e-09
6.27287e-08
1.0798e-09
6.27231e-08
1.02954e-09
6.27161e-08
9.78244e-10
6.27077e-08
9.26026e-10
6.26976e-08
8.73054e-10
6.26857e-08
8.19559e-10
6.2672e-08
7.65834e-10
6.26563e-08
7.12231e-10
6.26386e-08
6.59155e-10
6.26189e-08
6.07041e-10
6.25975e-08
5.56336e-10
6.25745e-08
5.0746e-10
6.255e-08
4.60788e-10
6.25245e-08
4.16618e-10
6.24982e-08
3.75164e-10
6.24713e-08
3.36546e-10
6.24443e-08
3.00799e-10
6.24173e-08
2.67881e-10
6.23906e-08
2.3769e-10
6.23643e-08
2.10082e-10
6.23388e-08
1.84884e-10
6.2314e-08
1.61915e-10
6.22902e-08
1.40992e-10
6.22673e-08
1.21942e-10
6.22455e-08
1.04607e-10
6.22247e-08
8.88499e-11
6.22051e-08
7.45513e-11
6.21865e-08
6.16121e-11
6.21691e-08
4.99502e-11
6.21528e-08
3.94968e-11
6.21376e-08
3.01939e-11
6.21235e-08
2.19894e-11
6.21103e-08
1.48344e-11
6.20982e-08
8.67997e-12
6.20871e-08
3.47451e-12
6.2077e-08
-8.37893e-13
6.20677e-08
-4.31838e-12
6.20593e-08
-7.03344e-12
6.20517e-08
-9.05499e-12
6.20449e-08
-1.04582e-11
6.20388e-08
-1.13215e-11
6.20334e-08
-1.17235e-11
6.20287e-08
-1.17423e-11
6.20245e-08
-1.14526e-11
6.20209e-08
-1.09247e-11
6.20177e-08
-1.02231e-11
6.2015e-08
-9.4045e-12
6.20127e-08
-8.51818e-12
6.20107e-08
-7.60527e-12
6.20091e-08
-6.69879e-12
6.20076e-08
-5.82404e-12
6.20064e-08
-4.99926e-12
6.20054e-08
-4.23646e-12
6.20045e-08
-3.54235e-12
6.20038e-08
-2.91934e-12
6.20032e-08
-2.36654e-12
6.20027e-08
-1.88077e-12
6.20022e-08
-1.45766e-12
6.20018e-08
-1.09192e-12
6.20014e-08
-7.79196e-13
-5.19525e-13
6.39573e-08
1.65242e-09
-6.39128e-08
6.40093e-08
1.73073e-09
6.40678e-08
1.80343e-09
6.41314e-08
1.86915e-09
6.41988e-08
1.92676e-09
6.42682e-08
1.97544e-09
6.43382e-08
2.01475e-09
6.44073e-08
2.04464e-09
6.44744e-08
2.06532e-09
6.45384e-08
2.07727e-09
6.45985e-08
2.08115e-09
6.46542e-08
2.07777e-09
6.47052e-08
2.06798e-09
6.47513e-08
2.05269e-09
6.47925e-08
2.03275e-09
6.48291e-08
2.00899e-09
6.48612e-08
1.98212e-09
6.48892e-08
1.95279e-09
6.49135e-08
1.92153e-09
6.49344e-08
1.88878e-09
6.49524e-08
1.85487e-09
6.49677e-08
1.82007e-09
6.49807e-08
1.78456e-09
6.49917e-08
1.74846e-09
6.5001e-08
1.71186e-09
6.50088e-08
1.67478e-09
6.50153e-08
1.63723e-09
6.50207e-08
1.59918e-09
6.50251e-08
1.56059e-09
6.50286e-08
1.52142e-09
6.50313e-08
1.48159e-09
6.50333e-08
1.44106e-09
6.50346e-08
1.39975e-09
6.50352e-08
1.35759e-09
6.50351e-08
1.31454e-09
6.50342e-08
1.27053e-09
6.50326e-08
1.22552e-09
6.50301e-08
1.17948e-09
6.50267e-08
1.13241e-09
6.50222e-08
1.08431e-09
6.50165e-08
1.03524e-09
6.50095e-08
9.85256e-10
6.5001e-08
9.34491e-10
6.49909e-08
8.83106e-10
6.49792e-08
8.31315e-10
6.49656e-08
7.79387e-10
6.49502e-08
7.27637e-10
6.4933e-08
6.76421e-10
6.49139e-08
6.26118e-10
6.48931e-08
5.77114e-10
6.48708e-08
5.29774e-10
6.48472e-08
4.84423e-10
6.48225e-08
4.41324e-10
6.47969e-08
4.00671e-10
6.47709e-08
3.62579e-10
6.47446e-08
3.27088e-10
6.47183e-08
2.94176e-10
6.46923e-08
2.63764e-10
6.46666e-08
2.35737e-10
6.46415e-08
2.09953e-10
6.46172e-08
1.86259e-10
6.45937e-08
1.64499e-10
6.45711e-08
1.44525e-10
6.45495e-08
1.26202e-10
6.45289e-08
1.0941e-10
6.45094e-08
9.40473e-11
6.4491e-08
8.00276e-11
6.44737e-08
6.72799e-11
6.44575e-08
5.57452e-11
6.44423e-08
4.53726e-11
6.44281e-08
3.61166e-11
6.4415e-08
2.79335e-11
6.44029e-08
2.07786e-11
6.43918e-08
1.46038e-11
6.43816e-08
9.35633e-12
6.43723e-08
4.9778e-12
6.43639e-08
1.4044e-12
6.43563e-08
-1.43431e-12
6.43494e-08
-3.611e-12
6.43433e-08
-5.2023e-12
6.43379e-08
-6.28563e-12
6.43331e-08
-6.93752e-12
6.43288e-08
-7.23188e-12
6.43252e-08
-7.23846e-12
6.4322e-08
-7.02223e-12
6.43192e-08
-6.64024e-12
6.43168e-08
-6.14308e-12
6.43148e-08
-5.57378e-12
6.43131e-08
-4.96774e-12
6.43116e-08
-4.35315e-12
6.43103e-08
-3.75145e-12
6.43093e-08
-3.17815e-12
6.43084e-08
-2.64353e-12
6.43076e-08
-2.15359e-12
6.4307e-08
-1.71092e-12
6.43064e-08
-1.31552e-12
6.43059e-08
-9.66311e-13
6.43055e-08
-6.60153e-13
6.43051e-08
-3.94417e-13
-1.69802e-13
6.63807e-08
1.61116e-09
-6.63394e-08
6.64285e-08
1.68293e-09
6.6482e-08
1.74991e-09
6.65402e-08
1.81099e-09
6.66017e-08
1.8652e-09
6.66654e-08
1.91178e-09
6.67298e-08
1.9503e-09
6.67938e-08
1.98062e-09
6.68563e-08
2.00282e-09
6.69164e-08
2.01722e-09
6.69733e-08
2.02429e-09
6.70264e-08
2.02464e-09
6.70754e-08
2.01895e-09
6.71202e-08
2.00794e-09
6.71606e-08
1.99234e-09
6.71967e-08
1.97282e-09
6.72288e-08
1.95003e-09
6.72571e-08
1.92452e-09
6.72818e-08
1.89679e-09
6.73034e-08
1.86726e-09
6.7322e-08
1.83626e-09
6.7338e-08
1.80404e-09
6.73517e-08
1.77082e-09
6.73635e-08
1.73674e-09
6.73734e-08
1.70191e-09
6.73818e-08
1.66637e-09
6.73889e-08
1.63017e-09
6.73948e-08
1.5933e-09
6.73996e-08
1.55577e-09
6.74035e-08
1.51753e-09
6.74065e-08
1.47857e-09
6.74087e-08
1.43883e-09
6.74102e-08
1.39828e-09
6.74109e-08
1.35687e-09
6.74109e-08
1.31457e-09
6.74101e-08
1.27133e-09
6.74084e-08
1.22714e-09
6.74059e-08
1.18199e-09
6.74024e-08
1.13589e-09
6.73979e-08
1.08886e-09
6.73922e-08
1.04096e-09
6.73852e-08
9.92269e-10
6.73767e-08
9.42914e-10
6.73668e-08
8.93052e-10
6.73552e-08
8.42886e-10
6.73419e-08
7.9266e-10
6.73269e-08
7.42656e-10
6.73102e-08
6.93187e-10
6.72917e-08
6.44585e-10
6.72716e-08
5.97181e-10
6.72501e-08
5.51294e-10
6.72273e-08
5.07203e-10
6.72035e-08
4.65141e-10
6.71789e-08
4.2528e-10
6.71538e-08
3.87728e-10
6.71283e-08
3.52529e-10
6.71028e-08
3.19674e-10
6.70775e-08
2.89103e-10
6.70525e-08
2.60726e-10
6.7028e-08
2.34425e-10
6.70042e-08
2.10074e-10
6.69812e-08
1.87543e-10
6.6959e-08
1.66707e-10
6.69377e-08
1.47452e-10
6.69175e-08
1.29676e-10
6.68982e-08
1.13293e-10
6.688e-08
9.82315e-11
6.68629e-08
8.44319e-11
6.68468e-08
7.18447e-11
6.68317e-08
6.04277e-11
6.68177e-08
5.01419e-11
6.68047e-08
4.09495e-11
6.67926e-08
3.28105e-11
6.67816e-08
2.56809e-11
6.67714e-08
1.95114e-11
6.67621e-08
1.42466e-11
6.67537e-08
9.82492e-12
6.67461e-08
6.17896e-12
6.67392e-08
3.23741e-12
6.67331e-08
9.25992e-13
6.67277e-08
-8.3149e-13
6.67228e-08
-2.11023e-12
6.67186e-08
-2.9833e-12
6.67149e-08
-3.51974e-12
6.67116e-08
-3.78581e-12
6.67088e-08
-3.83795e-12
6.67064e-08
-3.72854e-12
6.67043e-08
-3.50241e-12
6.67026e-08
-3.19726e-12
6.67011e-08
-2.84404e-12
6.66998e-08
-2.46726e-12
6.66987e-08
-2.08582e-12
6.66978e-08
-1.71335e-12
6.6697e-08
-1.35934e-12
6.66963e-08
-1.02971e-12
6.66957e-08
-7.27275e-13
6.66952e-08
-4.54648e-13
6.66947e-08
-2.1012e-13
6.66943e-08
7.14884e-15
1.94523e-13
6.88911e-08
1.57296e-09
-6.88529e-08
6.8935e-08
1.63904e-09
6.89839e-08
1.70101e-09
6.9037e-08
1.75794e-09
6.90932e-08
1.80901e-09
6.91514e-08
1.85356e-09
6.92105e-08
1.89114e-09
6.92696e-08
1.92158e-09
6.93275e-08
1.94486e-09
6.93836e-08
1.96117e-09
6.9437e-08
1.97084e-09
6.94874e-08
1.97432e-09
6.95342e-08
1.97214e-09
6.95772e-08
1.96487e-09
6.96165e-08
1.95309e-09
6.96519e-08
1.93739e-09
6.96836e-08
1.9183e-09
6.97118e-08
1.89633e-09
6.97367e-08
1.87191e-09
6.97585e-08
1.84543e-09
6.97776e-08
1.81722e-09
6.97941e-08
1.78752e-09
6.98084e-08
1.75655e-09
6.98206e-08
1.72448e-09
6.98311e-08
1.69142e-09
6.984e-08
1.65746e-09
6.98476e-08
1.62265e-09
6.98538e-08
1.58702e-09
6.9859e-08
1.55058e-09
6.98632e-08
1.51335e-09
6.98665e-08
1.47529e-09
6.98689e-08
1.4364e-09
6.98706e-08
1.39666e-09
6.98714e-08
1.35603e-09
6.98714e-08
1.31452e-09
6.98707e-08
1.27209e-09
6.98691e-08
1.22875e-09
6.98666e-08
1.1845e-09
6.98631e-08
1.13938e-09
6.98585e-08
1.0934e-09
6.98528e-08
1.04666e-09
6.98459e-08
9.99225e-10
6.98376e-08
9.51229e-10
6.98278e-08
9.02825e-10
6.98165e-08
8.54201e-10
6.98036e-08
8.05581e-10
6.9789e-08
7.57217e-10
6.97728e-08
7.09386e-10
6.9755e-08
6.62375e-10
6.97357e-08
6.16473e-10
6.97151e-08
5.71953e-10
6.96932e-08
5.2906e-10
6.96704e-08
4.87994e-10
6.96467e-08
4.48909e-10
6.96225e-08
4.11904e-10
6.95981e-08
3.77024e-10
6.95735e-08
3.44267e-10
6.9549e-08
3.13591e-10
6.95248e-08
2.84925e-10
6.9501e-08
2.58173e-10
6.94779e-08
2.33232e-10
6.94554e-08
2.09995e-10
6.94338e-08
1.88359e-10
6.9413e-08
1.68228e-10
6.93931e-08
1.49521e-10
6.93743e-08
1.32166e-10
6.93564e-08
1.16106e-10
6.93395e-08
1.01293e-10
6.93237e-08
8.76879e-11
6.93089e-08
7.52571e-11
6.9295e-08
6.39691e-11
6.92822e-08
5.37922e-11
6.92703e-08
4.46914e-11
6.92594e-08
3.66274e-11
6.92493e-08
2.95545e-11
6.92401e-08
2.34204e-11
6.92318e-08
1.81665e-11
6.92243e-08
1.37279e-11
6.92175e-08
1.00354e-11
6.92114e-08
7.01635e-12
6.92059e-08
4.5963e-12
6.92011e-08
2.70112e-12
6.91969e-08
1.25851e-12
6.91932e-08
2.0097e-13
6.91899e-08
-5.41085e-13
6.91871e-08
-1.02154e-12
6.91847e-08
-1.29556e-12
6.91826e-08
-1.40947e-12
6.91808e-08
-1.40319e-12
6.91792e-08
-1.31035e-12
6.91779e-08
-1.15833e-12
6.91768e-08
-9.69369e-13
6.91759e-08
-7.60172e-13
6.91751e-08
-5.43601e-13
6.91744e-08
-3.28848e-13
6.91737e-08
-1.20741e-13
6.91732e-08
7.30326e-14
6.91728e-08
2.54827e-13
6.91723e-08
4.22239e-13
5.72687e-13
9.80407e-08
1.52574e-09
-9.79935e-08
9.80945e-08
1.58527e-09
9.81541e-08
1.64142e-09
9.82185e-08
1.69347e-09
9.82868e-08
1.74074e-09
9.83577e-08
1.78268e-09
9.84299e-08
1.81889e-09
9.85024e-08
1.84913e-09
9.85739e-08
1.87333e-09
9.86435e-08
1.89155e-09
9.87104e-08
1.90397e-09
9.87738e-08
1.91087e-09
9.88334e-08
1.91261e-09
9.88886e-08
1.90961e-09
9.89394e-08
1.90229e-09
9.89857e-08
1.8911e-09
9.90276e-08
1.87647e-09
9.90651e-08
1.85881e-09
9.90985e-08
1.83849e-09
9.91281e-08
1.81585e-09
9.91541e-08
1.79119e-09
9.91769e-08
1.76475e-09
9.91967e-08
1.73673e-09
9.92139e-08
1.70732e-09
9.92286e-08
1.67665e-09
9.92413e-08
1.64483e-09
9.9252e-08
1.61193e-09
9.9261e-08
1.57802e-09
9.92684e-08
1.54313e-09
9.92745e-08
1.50729e-09
9.92792e-08
1.47053e-09
9.92828e-08
1.43285e-09
9.92852e-08
1.39425e-09
9.92865e-08
1.35474e-09
9.92867e-08
1.31434e-09
9.92857e-08
1.27304e-09
9.92836e-08
1.23087e-09
9.92802e-08
1.18786e-09
9.92756e-08
1.14405e-09
9.92695e-08
1.09949e-09
9.92619e-08
1.05426e-09
9.92526e-08
1.00847e-09
9.92416e-08
9.62224e-10
9.92288e-08
9.15682e-10
9.9214e-08
8.69014e-10
9.91971e-08
8.22417e-10
9.91782e-08
7.76109e-10
9.91573e-08
7.30324e-10
9.91344e-08
6.85302e-10
9.91096e-08
6.4128e-10
9.9083e-08
5.98483e-10
9.9055e-08
5.57109e-10
9.90257e-08
5.17325e-10
9.89953e-08
4.79258e-10
9.89642e-08
4.42994e-10
9.89327e-08
4.08575e-10
9.89009e-08
3.76009e-10
9.88693e-08
3.45266e-10
9.88379e-08
3.16297e-10
9.8807e-08
2.89032e-10
9.87769e-08
2.63393e-10
9.87476e-08
2.39302e-10
9.87192e-08
2.1668e-10
9.8692e-08
1.95459e-10
9.8666e-08
1.75579e-10
9.86411e-08
1.5699e-10
9.86176e-08
1.39652e-10
9.85953e-08
1.23535e-10
9.85744e-08
1.08614e-10
9.85548e-08
9.48676e-11
9.85365e-08
8.22741e-11
9.85195e-08
7.08111e-11
9.85037e-08
6.04512e-11
9.84892e-08
5.11615e-11
9.84758e-08
4.29019e-11
9.84636e-08
3.56248e-11
9.84525e-08
2.92755e-11
9.84425e-08
2.3793e-11
9.84334e-08
1.91108e-11
9.84252e-08
1.51588e-11
9.8418e-08
1.18649e-11
9.84115e-08
9.15634e-12
9.84058e-08
6.96184e-12
9.84008e-08
5.21284e-12
9.83964e-08
3.84315e-12
9.83926e-08
2.7942e-12
9.83893e-08
2.01081e-12
9.83864e-08
1.4441e-12
9.8384e-08
1.05124e-12
9.83819e-08
7.95266e-13
9.83801e-08
6.44894e-13
9.83785e-08
5.74074e-13
9.83772e-08
5.61702e-13
9.83761e-08
5.90869e-13
9.83751e-08
6.4849e-13
9.83743e-08
7.24974e-13
9.83735e-08
8.12119e-13
9.83729e-08
9.0634e-13
9.83723e-08
1.00402e-12
1.1011e-12
1.10122e-07
1.4813e-09
-1.10077e-07
1.10172e-07
1.5351e-09
1.10227e-07
1.58609e-09
1.10287e-07
1.63373e-09
1.1035e-07
1.67749e-09
1.10416e-07
1.71689e-09
1.10483e-07
1.75158e-09
1.10551e-07
1.78131e-09
1.10619e-07
1.80597e-09
1.10685e-07
1.82552e-09
1.10749e-07
1.84005e-09
1.1081e-07
1.84971e-09
1.10868e-07
1.85472e-09
1.10922e-07
1.85535e-09
1.10972e-07
1.85192e-09
1.11019e-07
1.84474e-09
1.11061e-07
1.83415e-09
1.11099e-07
1.82046e-09
1.11134e-07
1.80398e-09
1.11165e-07
1.785e-09
1.11192e-07
1.76377e-09
1.11216e-07
1.74053e-09
1.11238e-07
1.71546e-09
1.11256e-07
1.68875e-09
1.11272e-07
1.66053e-09
1.11286e-07
1.63093e-09
1.11298e-07
1.60004e-09
1.11308e-07
1.56795e-09
1.11316e-07
1.53473e-09
1.11323e-07
1.50042e-09
1.11329e-07
1.46506e-09
1.11333e-07
1.4287e-09
1.11336e-07
1.39136e-09
1.11338e-07
1.35308e-09
1.11338e-07
1.31389e-09
1.11337e-07
1.27381e-09
1.11335e-07
1.23289e-09
1.11332e-07
1.19118e-09
1.11327e-07
1.14874e-09
1.11321e-07
1.10563e-09
1.11313e-07
1.06195e-09
1.11304e-07
1.0178e-09
1.11293e-07
9.73302e-10
1.1128e-07
9.28592e-10
1.11265e-07
8.83832e-10
1.11248e-07
8.39196e-10
1.1123e-07
7.94872e-10
1.11209e-07
7.51056e-10
1.11186e-07
7.07946e-10
1.11162e-07
6.65735e-10
1.11136e-07
6.24605e-10
1.11108e-07
5.84715e-10
1.11079e-07
5.46199e-10
1.11049e-07
5.0916e-10
1.11019e-07
4.73669e-10
1.10987e-07
4.39762e-10
1.10956e-07
4.07449e-10
1.10925e-07
3.76714e-10
1.10893e-07
3.47521e-10
1.10863e-07
3.19823e-10
1.10832e-07
2.93564e-10
1.10803e-07
2.6869e-10
1.10775e-07
2.45148e-10
1.10747e-07
2.22893e-10
1.10721e-07
2.01886e-10
1.10696e-07
1.82101e-10
1.10672e-07
1.63515e-10
1.10649e-07
1.46116e-10
1.10628e-07
1.29893e-10
1.10608e-07
1.14838e-10
1.10589e-07
1.00942e-10
1.10572e-07
8.81916e-11
1.10556e-07
7.65681e-11
1.10541e-07
6.60457e-11
1.10527e-07
5.65906e-11
1.10515e-07
4.81605e-11
1.10503e-07
4.07052e-11
1.10493e-07
3.41675e-11
1.10484e-07
2.84842e-11
1.10475e-07
2.35878e-11
1.10468e-07
1.94083e-11
1.10461e-07
1.58744e-11
1.10455e-07
1.29159e-11
1.1045e-07
1.04641e-11
1.10445e-07
8.45363e-12
1.10441e-07
6.82359e-12
1.10437e-07
5.51771e-12
1.10434e-07
4.48482e-12
1.10432e-07
3.67926e-12
1.1043e-07
3.06081e-12
1.10428e-07
2.59453e-12
1.10426e-07
2.25054e-12
1.10424e-07
2.00367e-12
1.10423e-07
1.83307e-12
1.10422e-07
1.72184e-12
1.10421e-07
1.65653e-12
1.1042e-07
1.62661e-12
1.1042e-07
1.62484e-12
1.10419e-07
1.64633e-12
1.68937e-12
1.23684e-07
1.44072e-09
-1.23644e-07
1.2373e-07
1.48962e-09
1.2378e-07
1.53619e-09
1.23833e-07
1.57999e-09
1.2389e-07
1.6206e-09
1.2395e-07
1.65763e-09
1.2401e-07
1.69078e-09
1.24072e-07
1.7198e-09
1.24133e-07
1.74454e-09
1.24194e-07
1.76494e-09
1.24253e-07
1.781e-09
1.2431e-07
1.79276e-09
1.24364e-07
1.80037e-09
1.24416e-07
1.80398e-09
1.24464e-07
1.80379e-09
1.24508e-07
1.80003e-09
1.2455e-07
1.79294e-09
1.24587e-07
1.78277e-09
1.24622e-07
1.76974e-09
1.24652e-07
1.7541e-09
1.2468e-07
1.73606e-09
1.24705e-07
1.71581e-09
1.24727e-07
1.69356e-09
1.24746e-07
1.66945e-09
1.24763e-07
1.64364e-09
1.24778e-07
1.61624e-09
1.2479e-07
1.58738e-09
1.24801e-07
1.55715e-09
1.2481e-07
1.52563e-09
1.24818e-07
1.4929e-09
1.24824e-07
1.45901e-09
1.24828e-07
1.42403e-09
1.24832e-07
1.38802e-09
1.24834e-07
1.35102e-09
1.24835e-07
1.31308e-09
1.24834e-07
1.27427e-09
1.24832e-07
1.23464e-09
1.24829e-07
1.19425e-09
1.24825e-07
1.15319e-09
1.24819e-07
1.11153e-09
1.24812e-07
1.06937e-09
1.24803e-07
1.02682e-09
1.24792e-07
9.84002e-10
1.24779e-07
9.41045e-10
1.24765e-07
8.98096e-10
1.24749e-07
8.5531e-10
1.24731e-07
8.12849e-10
1.24711e-07
7.70878e-10
1.2469e-07
7.29559e-10
1.24666e-07
6.89049e-10
1.24641e-07
6.49492e-10
1.24615e-07
6.11014e-10
1.24588e-07
5.73718e-10
1.24559e-07
5.37687e-10
1.2453e-07
5.02973e-10
1.245e-07
4.69609e-10
1.2447e-07
4.37602e-10
1.2444e-07
4.06943e-10
1.2441e-07
3.77608e-10
1.2438e-07
3.49565e-10
1.24351e-07
3.2278e-10
1.24322e-07
2.97218e-10
1.24294e-07
2.72848e-10
1.24268e-07
2.49647e-10
1.24242e-07
2.27598e-10
1.24217e-07
2.06693e-10
1.24194e-07
1.86931e-10
1.24172e-07
1.68314e-10
1.24151e-07
1.50847e-10
1.24131e-07
1.34537e-10
1.24113e-07
1.19386e-10
1.24095e-07
1.05391e-10
1.24079e-07
9.25426e-11
1.24065e-07
8.08229e-11
1.24051e-07
7.02044e-11
1.24039e-07
6.06506e-11
1.24027e-07
5.21161e-11
1.24017e-07
4.45476e-11
1.24007e-07
3.78853e-11
1.23999e-07
3.20643e-11
1.23991e-07
2.70165e-11
1.23984e-07
2.26724e-11
1.23978e-07
1.89624e-11
1.23973e-07
1.58181e-11
1.23968e-07
1.3174e-11
1.23964e-07
1.09679e-11
1.23961e-07
9.14206e-12
1.23957e-07
7.64328e-12
1.23955e-07
6.42327e-12
1.23952e-07
5.43879e-12
1.2395e-07
4.65157e-12
1.23948e-07
4.02817e-12
1.23947e-07
3.53975e-12
1.23946e-07
3.16183e-12
1.23944e-07
2.87393e-12
1.23943e-07
2.65928e-12
1.23943e-07
2.50451e-12
1.23942e-07
2.3994e-12
1.23941e-07
2.33602e-12
2.30625e-12
1.38907e-07
1.40528e-09
-1.38872e-07
1.38947e-07
1.45016e-09
1.3899e-07
1.49305e-09
1.39036e-07
1.53363e-09
1.39085e-07
1.57155e-09
1.39136e-07
1.60649e-09
1.39189e-07
1.63818e-09
1.39242e-07
1.6664e-09
1.39296e-07
1.69099e-09
1.39349e-07
1.71185e-09
1.39401e-07
1.72892e-09
1.39452e-07
1.74221e-09
1.395e-07
1.75177e-09
1.39546e-07
1.75769e-09
1.3959e-07
1.76008e-09
1.39631e-07
1.75909e-09
1.39669e-07
1.75489e-09
1.39704e-07
1.74766e-09
1.39736e-07
1.73757e-09
1.39766e-07
1.72481e-09
1.39792e-07
1.70956e-09
1.39816e-07
1.69199e-09
1.39837e-07
1.67226e-09
1.39856e-07
1.65053e-09
1.39873e-07
1.62694e-09
1.39888e-07
1.60161e-09
1.399e-07
1.57466e-09
1.39911e-07
1.5462e-09
1.39921e-07
1.51632e-09
1.39928e-07
1.48512e-09
1.39935e-07
1.45267e-09
1.3994e-07
1.41905e-09
1.39943e-07
1.38434e-09
1.39946e-07
1.3486e-09
1.39947e-07
1.3119e-09
1.39947e-07
1.27433e-09
1.39946e-07
1.23594e-09
1.39943e-07
1.19683e-09
1.39939e-07
1.15709e-09
1.39934e-07
1.1168e-09
1.39927e-07
1.07607e-09
1.39919e-07
1.03501e-09
1.39909e-07
9.93739e-10
1.39898e-07
9.52387e-10
1.39885e-07
9.11086e-10
1.3987e-07
8.69975e-10
1.39854e-07
8.29195e-10
1.39836e-07
7.88885e-10
1.39816e-07
7.49179e-10
1.39795e-07
7.10204e-10
1.39773e-07
6.72072e-10
1.39749e-07
6.34883e-10
1.39724e-07
5.98715e-10
1.39698e-07
5.63628e-10
1.39671e-07
5.29663e-10
1.39644e-07
4.96842e-10
1.39616e-07
4.65171e-10
1.39589e-07
4.34642e-10
1.39561e-07
4.05242e-10
1.39533e-07
3.7695e-10
1.39507e-07
3.49745e-10
1.3948e-07
3.23611e-10
1.39454e-07
2.98536e-10
1.3943e-07
2.74514e-10
1.39406e-07
2.51549e-10
1.39383e-07
2.2965e-10
1.39361e-07
2.08833e-10
1.3934e-07
1.89117e-10
1.3932e-07
1.70522e-10
1.39302e-07
1.53068e-10
1.39284e-07
1.36768e-10
1.39268e-07
1.2163e-10
1.39253e-07
1.07654e-10
1.39239e-07
9.48297e-11
1.39226e-07
8.31359e-11
1.39214e-07
7.2542e-11
1.39203e-07
6.30072e-11
1.39193e-07
5.4482e-11
1.39184e-07
4.69099e-11
1.39176e-07
4.02284e-11
1.39169e-07
3.43715e-11
1.39162e-07
2.92708e-11
1.39156e-07
2.48573e-11
1.39151e-07
2.10631e-11
1.39146e-07
1.78221e-11
1.39142e-07
1.50714e-11
1.39139e-07
1.27517e-11
1.39136e-07
1.0808e-11
1.39133e-07
9.18973e-12
1.3913e-07
7.85115e-12
1.39128e-07
6.75109e-12
1.39126e-07
5.85306e-12
1.39125e-07
5.1251e-12
1.39123e-07
4.53956e-12
1.39122e-07
4.07293e-12
1.39121e-07
3.70558e-12
1.3912e-07
3.42169e-12
1.3912e-07
3.20916e-12
1.39119e-07
3.05995e-12
2.97236e-12
1.55992e-07
1.37665e-09
-1.55963e-07
1.56024e-07
1.41842e-09
1.56058e-07
1.45847e-09
1.56096e-07
1.49652e-09
1.56135e-07
1.5323e-09
1.56176e-07
1.56553e-09
1.56218e-07
1.59596e-09
1.56261e-07
1.6234e-09
1.56304e-07
1.64769e-09
1.56347e-07
1.66872e-09
1.5639e-07
1.6864e-09
1.56431e-07
1.70069e-09
1.56472e-07
1.7116e-09
1.5651e-07
1.71916e-09
1.56547e-07
1.72343e-09
1.56581e-07
1.7245e-09
1.56614e-07
1.72249e-09
1.56644e-07
1.71752e-09
1.56672e-07
1.70973e-09
1.56697e-07
1.69925e-09
1.56721e-07
1.68625e-09
1.56742e-07
1.67085e-09
1.56761e-07
1.65321e-09
1.56778e-07
1.63346e-09
1.56793e-07
1.61173e-09
1.56807e-07
1.58816e-09
1.56818e-07
1.56286e-09
1.56829e-07
1.53594e-09
1.56837e-07
1.50751e-09
1.56845e-07
1.47766e-09
1.56851e-07
1.44649e-09
1.56856e-07
1.41409e-09
1.5686e-07
1.38054e-09
1.56863e-07
1.34593e-09
1.56864e-07
1.31035e-09
1.56865e-07
1.27388e-09
1.56864e-07
1.23662e-09
1.56862e-07
1.19864e-09
1.56859e-07
1.16006e-09
1.56855e-07
1.12097e-09
1.56849e-07
1.08148e-09
1.56843e-07
1.04171e-09
1.56835e-07
1.00177e-09
1.56825e-07
9.61787e-10
1.56815e-07
9.21884e-10
1.56802e-07
8.82189e-10
1.56789e-07
8.42826e-10
1.56774e-07
8.03914e-10
1.56757e-07
7.65567e-10
1.5674e-07
7.27887e-10
1.56721e-07
6.90965e-10
1.56701e-07
6.54875e-10
1.5668e-07
6.19679e-10
1.56658e-07
5.85418e-10
1.56635e-07
5.52122e-10
1.56613e-07
5.19804e-10
1.56589e-07
4.88466e-10
1.56566e-07
4.58102e-10
1.56542e-07
4.28702e-10
1.56519e-07
4.00254e-10
1.56496e-07
3.72748e-10
1.56473e-07
3.46181e-10
1.56451e-07
3.20555e-10
1.5643e-07
2.9588e-10
1.56409e-07
2.72175e-10
1.5639e-07
2.49464e-10
1.56371e-07
2.27779e-10
1.56353e-07
2.07152e-10
1.56336e-07
1.87616e-10
1.56319e-07
1.69202e-10
1.56304e-07
1.51935e-10
1.5629e-07
1.35832e-10
1.56277e-07
1.20902e-10
1.56264e-07
1.07139e-10
1.56253e-07
9.45307e-11
1.56243e-07
8.30503e-11
1.56233e-07
7.26614e-11
1.56224e-07
6.33182e-11
1.56216e-07
5.49667e-11
1.56209e-07
4.75468e-11
1.56202e-07
4.0994e-11
1.56196e-07
3.52409e-11
1.56191e-07
3.02193e-11
1.56186e-07
2.58613e-11
1.56182e-07
2.21005e-11
1.56178e-07
1.88733e-11
1.56175e-07
1.61192e-11
1.56172e-07
1.37819e-11
1.56169e-07
1.1809e-11
1.56167e-07
1.01527e-11
1.56165e-07
8.7696e-12
1.56163e-07
7.62087e-12
1.56161e-07
6.67207e-12
1.5616e-07
5.89308e-12
1.56159e-07
5.25791e-12
1.56158e-07
4.7446e-12
1.56157e-07
4.33502e-12
1.56156e-07
4.0147e-12
1.56155e-07
3.77232e-12
3.59795e-12
1.75167e-07
1.35717e-09
-1.75147e-07
1.75188e-07
1.39687e-09
1.75212e-07
1.43501e-09
1.75237e-07
1.47134e-09
1.75264e-07
1.50564e-09
1.75292e-07
1.53764e-09
1.7532e-07
1.56714e-09
1.7535e-07
1.59396e-09
1.7538e-07
1.61792e-09
1.75409e-07
1.63892e-09
1.75439e-07
1.65685e-09
1.75468e-07
1.67167e-09
1.75496e-07
1.68333e-09
1.75524e-07
1.69186e-09
1.7555e-07
1.69727e-09
1.75575e-07
1.69962e-09
1.75598e-07
1.69899e-09
1.7562e-07
1.69547e-09
1.75641e-07
1.68917e-09
1.7566e-07
1.6802e-09
1.75677e-07
1.66869e-09
1.75693e-07
1.65475e-09
1.75708e-07
1.63854e-09
1.75721e-07
1.62016e-09
1.75733e-07
1.59974e-09
1.75744e-07
1.57741e-09
1.75754e-07
1.55328e-09
1.75762e-07
1.52747e-09
1.7577e-07
1.50009e-09
1.75776e-07
1.47124e-09
1.75781e-07
1.44101e-09
1.75786e-07
1.40952e-09
1.7579e-07
1.37685e-09
1.75793e-07
1.3431e-09
1.75795e-07
1.30836e-09
1.75796e-07
1.27273e-09
1.75796e-07
1.2363e-09
1.75795e-07
1.19919e-09
1.75794e-07
1.16148e-09
1.75792e-07
1.12329e-09
1.75788e-07
1.08473e-09
1.75784e-07
1.04592e-09
1.75779e-07
1.00696e-09
1.75773e-07
9.67991e-10
1.75766e-07
9.29121e-10
1.75757e-07
8.90468e-10
1.75748e-07
8.52148e-10
1.75738e-07
8.14267e-10
1.75726e-07
7.76923e-10
1.75714e-07
7.40205e-10
1.75701e-07
7.04185e-10
1.75687e-07
6.68926e-10
1.75672e-07
6.34472e-10
1.75657e-07
6.00856e-10
1.75641e-07
5.68095e-10
1.75624e-07
5.36196e-10
1.75607e-07
5.05158e-10
1.75591e-07
4.74975e-10
1.75574e-07
4.45637e-10
1.75557e-07
4.17137e-10
1.7554e-07
3.89473e-10
1.75524e-07
3.62648e-10
1.75507e-07
3.36675e-10
1.75492e-07
3.11575e-10
1.75477e-07
2.87376e-10
1.75462e-07
2.64115e-10
1.75448e-07
2.41834e-10
1.75434e-07
2.20576e-10
1.75422e-07
2.00384e-10
1.7541e-07
1.81298e-10
1.75398e-07
1.63351e-10
1.75387e-07
1.46567e-10
1.75377e-07
1.3096e-10
1.75368e-07
1.16533e-10
1.75359e-07
1.03275e-10
1.75351e-07
9.11648e-11
1.75344e-07
8.01683e-11
1.75337e-07
7.0242e-11
1.7533e-07
6.13339e-11
1.75324e-07
5.33849e-11
1.75319e-07
4.63315e-11
1.75314e-07
4.01068e-11
1.7531e-07
3.46425e-11
1.75306e-07
2.98708e-11
1.75302e-07
2.57249e-11
1.75299e-07
2.21406e-11
1.75296e-07
1.90568e-11
1.75293e-07
1.64161e-11
1.75291e-07
1.41654e-11
1.75289e-07
1.22555e-11
1.75287e-07
1.06421e-11
1.75285e-07
9.28497e-12
1.75284e-07
8.14838e-12
1.75283e-07
7.20085e-12
1.75281e-07
6.41506e-12
1.7528e-07
5.76767e-12
1.7528e-07
5.23942e-12
1.75279e-07
4.81561e-12
1.75278e-07
4.48807e-12
4.26416e-12
1.96684e-07
-1.96677e-07
1.96693e-07
1.96701e-07
1.96711e-07
1.96722e-07
1.96732e-07
1.96744e-07
1.96756e-07
1.96768e-07
1.9678e-07
1.96793e-07
1.96805e-07
1.96817e-07
1.96829e-07
1.96841e-07
1.96852e-07
1.96863e-07
1.96874e-07
1.96884e-07
1.96894e-07
1.96903e-07
1.96911e-07
1.96919e-07
1.96927e-07
1.96934e-07
1.96941e-07
1.96947e-07
1.96953e-07
1.96958e-07
1.96963e-07
1.96968e-07
1.96972e-07
1.96976e-07
1.96979e-07
1.96982e-07
1.96985e-07
1.96987e-07
1.96989e-07
1.9699e-07
1.96991e-07
1.96992e-07
1.96992e-07
1.96991e-07
1.9699e-07
1.96988e-07
1.96986e-07
1.96984e-07
1.96981e-07
1.96977e-07
1.96973e-07
1.96968e-07
1.96963e-07
1.96957e-07
1.96951e-07
1.96944e-07
1.96938e-07
1.96931e-07
1.96923e-07
1.96916e-07
1.96909e-07
1.96901e-07
1.96894e-07
1.96886e-07
1.96879e-07
1.96871e-07
1.96864e-07
1.96857e-07
1.96851e-07
1.96844e-07
1.96838e-07
1.96832e-07
1.96826e-07
1.9682e-07
1.96815e-07
1.9681e-07
1.96805e-07
1.96801e-07
1.96796e-07
1.96792e-07
1.96788e-07
1.96784e-07
1.96781e-07
1.96778e-07
1.96774e-07
1.96771e-07
1.96769e-07
1.96766e-07
1.96764e-07
1.96761e-07
1.96759e-07
1.96757e-07
1.96755e-07
1.96754e-07
1.96752e-07
1.96751e-07
1.96749e-07
1.96748e-07
1.96747e-07
1.96746e-07
3.45812e-08
6.86721e-12
3.45742e-08
1.47638e-11
3.45641e-08
2.35809e-11
3.45513e-08
3.32473e-11
3.45356e-08
4.37245e-11
3.45173e-08
5.50018e-11
3.44961e-08
6.70993e-11
3.4472e-08
8.00635e-11
3.44449e-08
9.39696e-11
3.44146e-08
1.08927e-10
3.43808e-08
1.2509e-10
3.43431e-08
1.4267e-10
3.43009e-08
1.61957e-10
3.42537e-08
1.83353e-10
3.42005e-08
2.07419e-10
3.414e-08
2.34959e-10
3.40704e-08
2.67157e-10
3.39892e-08
3.05832e-10
3.38923e-08
3.5393e-10
3.37732e-08
4.16568e-10
3.36207e-08
5.03549e-10
3.34121e-08
6.36268e-10
3.30948e-08
8.71232e-10
3.2504e-08
1.41412e-09
3.03016e-09
3.58661e-08
1.07608e-11
3.58589e-08
2.19706e-11
3.58486e-08
3.38915e-11
3.58354e-08
4.65111e-11
3.58192e-08
5.98564e-11
3.58003e-08
7.39805e-11
3.57784e-08
8.89589e-11
3.57536e-08
1.04892e-10
3.57256e-08
1.21911e-10
3.56944e-08
1.4019e-10
3.56595e-08
1.59962e-10
3.56206e-08
1.81534e-10
3.55773e-08
2.05325e-10
3.55287e-08
2.31903e-10
3.54741e-08
2.62066e-10
3.54121e-08
2.96949e-10
3.5341e-08
3.38233e-10
3.52583e-08
3.88495e-10
3.51604e-08
4.51907e-10
3.50412e-08
5.35669e-10
3.48915e-08
6.53275e-10
3.4695e-08
8.32744e-10
3.44272e-08
1.13907e-09
3.41041e-08
1.73719e-09
3.00226e-09
3.71988e-08
1.47064e-11
3.71914e-08
2.93677e-11
3.71809e-08
4.44862e-11
3.71672e-08
6.01545e-11
3.71506e-08
7.64606e-11
3.71311e-08
9.35198e-11
3.71086e-08
1.11465e-10
3.7083e-08
1.30449e-10
3.70543e-08
1.50662e-10
3.70221e-08
1.72342e-10
3.69863e-08
1.95797e-10
3.69464e-08
2.21431e-10
3.69019e-08
2.49784e-10
3.68522e-08
2.81586e-10
3.67964e-08
3.17853e-10
3.67334e-08
3.60027e-10
3.66614e-08
4.10223e-10
3.65782e-08
4.71662e-10
3.64806e-08
5.49472e-10
3.6364e-08
6.52271e-10
3.62219e-08
7.95449e-10
3.60464e-08
1.00823e-09
3.58373e-08
1.34811e-09
3.56527e-08
1.92181e-09
2.87381e-09
3.85811e-08
1.87162e-11
3.85735e-08
3.69472e-11
3.85626e-08
5.53589e-11
3.85486e-08
7.41666e-11
3.85315e-08
9.35216e-11
3.85114e-08
1.136e-10
3.84883e-08
1.3459e-10
3.84621e-08
1.567e-10
3.84326e-08
1.80177e-10
3.83996e-08
2.05321e-10
3.83629e-08
2.32515e-10
3.8322e-08
2.62253e-10
3.82766e-08
2.95189e-10
3.8226e-08
3.32202e-10
3.81694e-08
3.74501e-10
3.81056e-08
4.23791e-10
3.80333e-08
4.82542e-10
3.79505e-08
5.54455e-10
3.78547e-08
6.45272e-10
3.77427e-08
7.64274e-10
3.76111e-08
9.27013e-10
3.74593e-08
1.1601e-09
3.72997e-08
1.50768e-09
3.71907e-08
2.03082e-09
2.76522e-09
4.00146e-08
2.27944e-11
4.00069e-08
4.47014e-11
3.99957e-08
6.65019e-11
3.99813e-08
8.85363e-11
3.99638e-08
1.11024e-10
3.99432e-08
1.34199e-10
3.99195e-08
1.58307e-10
3.98926e-08
1.83609e-10
3.98624e-08
2.10408e-10
3.98286e-08
2.39064e-10
3.97911e-08
2.70031e-10
3.97495e-08
3.03885e-10
3.97033e-08
3.41383e-10
3.9652e-08
3.83534e-10
3.95948e-08
4.31708e-10
3.95307e-08
4.87818e-10
3.94587e-08
5.54586e-10
3.93771e-08
6.35999e-10
3.92844e-08
7.38049e-10
3.91787e-08
8.69954e-10
3.90596e-08
1.04607e-09
3.89314e-08
1.28835e-09
3.88118e-08
1.62723e-09
3.87501e-08
2.09251e-09
2.67394e-09
4.15014e-08
2.6943e-11
4.14935e-08
5.26233e-11
4.14821e-08
7.79052e-11
4.14674e-08
1.0325e-10
4.14495e-08
1.28948e-10
4.14284e-08
1.55292e-10
4.14041e-08
1.82582e-10
4.13766e-08
2.11133e-10
4.13457e-08
2.41298e-10
4.13113e-08
2.73497e-10
4.1273e-08
3.08245e-10
4.12307e-08
3.46194e-10
4.11839e-08
3.88189e-10
4.11321e-08
4.35343e-10
4.10747e-08
4.8915e-10
4.10108e-08
5.5166e-10
4.09397e-08
6.25737e-10
4.08602e-08
7.15454e-10
4.07716e-08
8.26697e-10
4.06735e-08
9.68029e-10
4.05678e-08
1.15173e-09
4.04618e-08
1.39442e-09
4.03742e-08
1.71484e-09
4.03435e-08
2.12315e-09
2.59295e-09
4.30435e-08
3.11623e-11
4.30354e-08
6.07048e-11
4.30238e-08
8.95554e-11
4.30087e-08
1.18288e-10
4.29904e-08
1.4727e-10
4.29689e-08
1.76848e-10
4.29441e-08
2.07375e-10
4.2916e-08
2.39218e-10
4.28845e-08
2.72779e-10
4.28495e-08
3.0853e-10
4.28107e-08
3.47042e-10
4.27678e-08
3.89031e-10
4.27206e-08
4.3541e-10
4.26686e-08
4.87367e-10
4.26113e-08
5.46478e-10
4.25481e-08
6.14858e-10
4.24784e-08
6.95391e-10
4.24018e-08
7.92045e-10
4.23182e-08
9.10303e-10
4.22286e-08
1.05765e-09
4.21365e-08
1.24387e-09
4.20504e-08
1.48046e-09
4.1988e-08
1.77722e-09
4.19782e-08
2.13296e-09
2.51824e-09
4.46429e-08
3.54505e-11
4.46346e-08
6.89358e-11
4.46228e-08
1.01436e-10
4.46074e-08
1.3363e-10
4.45887e-08
1.65959e-10
4.45668e-08
1.98827e-10
4.45415e-08
2.32636e-10
4.45129e-08
2.67802e-10
4.44809e-08
3.04772e-10
4.44454e-08
3.44062e-10
4.44061e-08
3.86293e-10
4.43629e-08
4.32228e-10
4.43155e-08
4.82828e-10
4.42636e-08
5.39328e-10
4.42067e-08
6.03332e-10
4.41446e-08
6.76948e-10
4.4077e-08
7.62968e-10
4.4004e-08
8.6509e-10
4.39261e-08
9.88163e-10
4.38454e-08
1.13835e-09
4.37664e-08
1.32289e-09
4.3698e-08
1.54888e-09
4.36555e-08
1.81977e-09
4.36599e-08
2.12848e-09
2.44775e-09
4.63017e-08
3.9804e-11
4.62933e-08
7.73045e-11
4.62812e-08
1.13527e-10
4.62656e-08
1.49248e-10
4.62466e-08
1.8498e-10
4.62242e-08
2.21183e-10
4.61986e-08
2.58308e-10
4.61695e-08
2.96812e-10
4.61371e-08
3.37184e-10
4.61012e-08
3.79979e-10
4.60617e-08
4.25853e-10
4.60183e-08
4.75601e-10
4.59709e-08
5.30212e-10
4.59193e-08
5.90931e-10
4.58633e-08
6.59343e-10
4.58028e-08
7.3748e-10
4.57378e-08
8.27939e-10
4.56689e-08
9.34019e-10
4.55972e-08
1.05979e-09
4.55256e-08
1.21001e-09
4.54589e-08
1.38956e-09
4.54057e-08
1.60204e-09
4.53788e-08
1.84674e-09
4.53932e-08
2.11404e-09
2.38056e-09
4.80221e-08
4.42171e-11
4.80136e-08
8.57961e-11
4.80014e-08
1.25805e-10
4.79855e-08
1.65108e-10
4.79662e-08
2.0429e-10
4.79435e-08
2.43863e-10
4.79175e-08
2.84322e-10
4.78881e-08
3.26163e-10
4.78554e-08
3.69911e-10
4.78192e-08
4.1615e-10
4.77795e-08
4.65559e-10
4.77362e-08
5.18951e-10
4.76891e-08
5.77315e-10
4.76381e-08
6.41875e-10
4.75833e-08
7.1415e-10
4.75248e-08
7.96029e-10
4.74629e-08
8.89841e-10
4.73985e-08
9.98388e-10
4.73334e-08
1.1249e-09
4.72706e-08
1.27277e-09
4.72153e-08
1.44488e-09
4.71752e-08
1.64218e-09
4.71604e-08
1.86149e-09
4.71819e-08
2.0926e-09
2.31623e-09
4.98065e-08
4.86822e-11
4.97979e-08
9.43935e-11
4.97855e-08
1.38242e-10
4.97694e-08
1.81173e-10
4.97499e-08
2.2384e-10
4.97269e-08
2.66805e-10
4.97006e-08
3.10602e-10
4.9671e-08
3.55763e-10
4.96381e-08
4.02839e-10
4.96018e-08
4.52435e-10
4.95621e-08
5.05241e-10
4.9519e-08
5.62068e-10
4.94725e-08
6.23884e-10
4.94225e-08
6.91858e-10
4.93692e-08
7.67402e-10
4.9313e-08
8.52211e-10
4.92546e-08
9.48282e-10
4.91951e-08
1.05788e-09
4.91366e-08
1.1834e-09
4.90824e-08
1.327e-09
4.90373e-08
1.48991e-09
4.90082e-08
1.67131e-09
4.9003e-08
1.86668e-09
4.90293e-08
2.06628e-09
2.25458e-09
5.16572e-08
5.319e-11
5.16485e-08
1.03076e-10
5.16359e-08
1.50806e-10
5.16197e-08
1.974e-10
5.16e-08
2.43574e-10
5.15768e-08
2.89937e-10
5.15504e-08
3.37061e-10
5.15206e-08
3.85504e-10
5.14876e-08
4.35839e-10
5.14514e-08
4.88679e-10
5.14119e-08
5.44714e-10
5.13693e-08
6.04734e-10
5.13235e-08
6.69663e-10
5.12748e-08
7.40587e-10
5.12234e-08
8.18773e-10
5.11699e-08
9.05686e-10
5.11152e-08
1.00296e-09
5.10608e-08
1.11231e-09
5.10089e-08
1.23534e-09
5.09627e-08
1.37317e-09
5.09268e-08
1.52579e-09
5.09069e-08
1.69121e-09
5.09092e-08
1.86441e-09
5.09389e-08
2.03662e-09
2.19552e-09
5.35766e-08
5.77289e-11
5.35679e-08
1.1182e-10
5.35553e-08
1.6346e-10
5.35389e-08
2.13737e-10
5.35191e-08
2.63427e-10
5.34958e-08
3.13181e-10
5.34693e-08
3.63602e-10
5.34395e-08
4.15271e-10
5.34066e-08
4.68772e-10
5.33705e-08
5.24719e-10
5.33315e-08
5.83786e-10
5.32895e-08
6.46726e-10
5.32447e-08
7.14398e-10
5.31975e-08
7.87778e-10
5.31484e-08
8.67968e-10
5.30979e-08
9.56172e-10
5.30472e-08
1.05365e-09
5.29979e-08
1.16159e-09
5.29523e-08
1.28091e-09
5.29136e-08
1.41187e-09
5.28858e-08
1.5536e-09
5.28736e-08
1.70343e-09
5.28816e-08
1.85636e-09
5.29135e-08
2.00478e-09
2.13901e-09
5.55674e-08
6.22855e-11
5.55587e-08
1.20599e-10
5.5546e-08
1.76162e-10
5.55296e-08
2.30128e-10
5.55097e-08
2.83327e-10
5.54864e-08
3.36448e-10
5.54599e-08
3.9012e-10
5.54302e-08
4.44939e-10
5.53975e-08
5.01492e-10
5.53618e-08
5.60383e-10
5.53234e-08
6.22258e-10
5.52823e-08
6.87819e-10
5.52388e-08
7.57841e-10
5.51934e-08
8.33172e-10
5.51467e-08
9.14727e-10
5.50994e-08
1.00345e-09
5.50528e-08
1.10022e-09
5.50087e-08
1.20577e-09
5.49692e-08
1.3204e-09
5.49373e-08
1.44376e-09
5.49165e-08
1.57438e-09
5.49106e-08
1.70933e-09
5.49231e-08
1.84388e-09
5.49562e-08
1.97165e-09
2.08505e-09
5.76322e-08
6.68443e-11
5.76234e-08
1.2938e-10
5.76107e-08
1.88865e-10
5.75944e-08
2.4651e-10
5.75745e-08
3.03195e-10
5.75513e-08
3.59642e-10
5.75249e-08
4.16499e-10
5.74955e-08
4.74371e-10
5.74631e-08
5.33841e-10
5.7428e-08
5.95493e-10
5.73903e-08
6.59931e-10
5.73504e-08
7.27794e-10
5.73085e-08
7.99758e-10
5.72651e-08
8.76533e-10
5.7221e-08
9.58836e-10
5.71771e-08
1.04735e-09
5.71347e-08
1.14261e-09
5.70955e-08
1.24494e-09
5.70617e-08
1.35418e-09
5.7036e-08
1.4695e-09
5.70213e-08
1.58912e-09
5.70205e-08
1.71006e-09
5.70363e-08
1.82808e-09
5.70701e-08
1.93789e-09
2.03362e-09
5.97737e-08
7.13878e-11
5.9765e-08
1.38129e-10
5.97523e-08
2.01516e-10
5.9736e-08
2.62814e-10
5.97163e-08
3.22944e-10
5.96933e-08
3.82656e-10
5.96671e-08
4.42614e-10
5.96381e-08
5.03424e-10
5.96063e-08
5.65657e-10
5.95719e-08
6.29865e-10
5.95352e-08
6.96605e-10
5.94966e-08
7.66438e-10
5.94564e-08
8.39935e-10
5.94153e-08
9.17656e-10
5.9374e-08
1.00013e-09
5.93336e-08
1.08777e-09
5.92953e-08
1.18085e-09
5.9261e-08
1.27931e-09
5.92325e-08
1.38266e-09
5.92122e-08
1.48977e-09
5.92026e-08
1.5987e-09
5.92061e-08
1.70663e-09
5.92243e-08
1.80986e-09
5.92581e-08
1.90406e-09
1.98473e-09
6.19948e-08
7.58965e-11
6.19862e-08
1.46808e-10
6.19736e-08
2.14058e-10
6.19575e-08
2.78963e-10
6.19379e-08
3.42479e-10
6.19152e-08
4.05379e-10
6.18895e-08
4.68335e-10
6.1861e-08
5.31949e-10
6.18298e-08
5.96771e-10
6.17964e-08
6.63318e-10
6.17609e-08
7.32085e-10
6.17238e-08
8.03552e-10
6.16856e-08
8.78175e-10
6.16468e-08
9.5637e-10
6.16085e-08
1.03847e-09
6.15716e-08
1.12469e-09
6.15374e-08
1.21501e-09
6.15076e-08
1.30913e-09
6.1484e-08
1.4063e-09
6.14685e-08
1.50522e-09
6.14633e-08
1.60395e-09
6.147e-08
1.69991e-09
6.14899e-08
1.78994e-09
6.15234e-08
1.87058e-09
1.93838e-09
6.42985e-08
8.03491e-11
6.42899e-08
1.55373e-10
6.42775e-08
2.26428e-10
6.42616e-08
2.94873e-10
6.42424e-08
3.61697e-10
6.42201e-08
4.27687e-10
6.41949e-08
4.93521e-10
6.41671e-08
5.59789e-10
6.41368e-08
6.27014e-10
6.41045e-08
6.95668e-10
6.40704e-08
7.66183e-10
6.4035e-08
8.38949e-10
6.39989e-08
9.14311e-10
6.39627e-08
9.92539e-10
6.39274e-08
1.0738e-09
6.38939e-08
1.15811e-09
6.38637e-08
1.24524e-09
6.38381e-08
1.33469e-09
6.38189e-08
1.42556e-09
6.38076e-08
1.51648e-09
6.3806e-08
1.60561e-09
6.38152e-08
1.69065e-09
6.38362e-08
1.76896e-09
6.3869e-08
1.8378e-09
1.89457e-09
6.66877e-08
8.47228e-11
6.66793e-08
1.63776e-10
6.66672e-08
2.38555e-10
6.66516e-08
3.10455e-10
6.66328e-08
3.80487e-10
6.66111e-08
4.49454e-10
6.65866e-08
5.18028e-10
6.65596e-08
5.86785e-10
6.65304e-08
6.56213e-10
6.64993e-08
7.26737e-10
6.64668e-08
7.98719e-10
6.64332e-08
8.72462e-10
6.63994e-08
9.48198e-10
6.63658e-08
1.02607e-09
6.63335e-08
1.10608e-09
6.63036e-08
1.18809e-09
6.62771e-08
1.27172e-09
6.62554e-08
1.35633e-09
6.62401e-08
1.44092e-09
6.62324e-08
1.52415e-09
6.62337e-08
1.60434e-09
6.62448e-08
1.67948e-09
6.62664e-08
1.74742e-09
6.62982e-08
1.80602e-09
1.85333e-09
6.91658e-08
8.89928e-11
6.91576e-08
1.71968e-10
6.91458e-08
2.50367e-10
6.91306e-08
3.25612e-10
6.91124e-08
3.98735e-10
6.90913e-08
4.70543e-10
6.90676e-08
5.41705e-10
6.90416e-08
6.12771e-10
6.90136e-08
6.84196e-10
6.8984e-08
7.5635e-10
6.89532e-08
8.29527e-10
6.89217e-08
9.03941e-10
6.88902e-08
9.79721e-10
6.88594e-08
1.05689e-09
6.88302e-08
1.13532e-09
6.88035e-08
1.21475e-09
6.87806e-08
1.29468e-09
6.87625e-08
1.37437e-09
6.87506e-08
1.45284e-09
6.87459e-08
1.5288e-09
6.87495e-08
1.60074e-09
6.8762e-08
1.66698e-09
6.87837e-08
1.72576e-09
6.88143e-08
1.77547e-09
1.81465e-09
9.83635e-08
9.45839e-11
9.83528e-08
1.82691e-10
9.83373e-08
2.65804e-10
9.83176e-08
3.45386e-10
9.82938e-08
4.22487e-10
9.82664e-08
4.97917e-10
9.82358e-08
5.72324e-10
9.82024e-08
6.46225e-10
9.81665e-08
7.20019e-10
9.81289e-08
7.94002e-10
9.809e-08
8.68374e-10
9.80507e-08
9.43238e-10
9.80119e-08
1.0186e-09
9.79744e-08
1.09433e-09
9.79396e-08
1.17019e-09
9.79085e-08
1.24577e-09
9.78827e-08
1.32049e-09
9.78635e-08
1.39359e-09
9.78522e-08
1.46412e-09
9.78501e-08
1.53095e-09
9.7858e-08
1.59283e-09
9.78765e-08
1.64847e-09
9.79056e-08
1.69661e-09
9.7945e-08
1.73614e-09
1.76613e-09
1.1041e-07
1.00177e-10
1.10399e-07
1.93403e-10
1.10384e-07
2.81206e-10
1.10364e-07
3.65078e-10
1.10341e-07
4.4608e-10
1.10313e-07
5.25016e-10
1.10283e-07
6.02508e-10
1.1025e-07
6.79031e-10
1.10216e-07
7.54923e-10
1.10179e-07
8.30404e-10
1.10142e-07
9.05581e-10
1.10105e-07
9.80452e-10
1.10068e-07
1.05491e-09
1.10034e-07
1.12872e-09
1.10003e-07
1.20155e-09
1.09976e-07
1.2729e-09
1.09954e-07
1.34218e-09
1.09939e-07
1.40864e-09
1.09932e-07
1.47144e-09
1.09933e-07
1.52964e-09
1.09943e-07
1.58227e-09
1.09963e-07
1.62839e-09
1.09993e-07
1.66715e-09
1.10031e-07
1.69784e-09
1.71994e-09
1.23932e-07
1.05587e-10
1.23922e-07
2.03747e-10
1.23907e-07
2.96057e-10
1.23888e-07
3.84024e-10
1.23865e-07
4.68716e-10
1.23839e-07
5.50922e-10
1.2381e-07
6.31234e-10
1.23779e-07
7.10079e-10
1.23747e-07
7.87734e-10
1.23713e-07
8.64344e-10
1.23678e-07
9.39932e-10
1.23644e-07
1.01441e-09
1.23612e-07
1.08757e-09
1.23581e-07
1.15912e-09
1.23554e-07
1.22864e-09
1.23531e-07
1.29563e-09
1.23514e-07
1.35951e-09
1.23503e-07
1.4196e-09
1.23499e-07
1.47519e-09
1.23504e-07
1.52555e-09
1.23516e-07
1.56998e-09
1.23536e-07
1.60782e-09
1.23565e-07
1.63855e-09
1.23601e-07
1.66179e-09
1.6773e-09
1.3911e-07
1.10564e-10
1.391e-07
2.13242e-10
1.39087e-07
3.09663e-10
1.3907e-07
4.01345e-10
1.39049e-07
4.89351e-10
1.39025e-07
5.74453e-10
1.38999e-07
6.57208e-10
1.38971e-07
7.37998e-10
1.38942e-07
8.17043e-10
1.38912e-07
8.94419e-10
1.38882e-07
9.70079e-10
1.38852e-07
1.04386e-09
1.38825e-07
1.1155e-09
1.38799e-07
1.18466e-09
1.38777e-07
1.25089e-09
1.38759e-07
1.3137e-09
1.38746e-07
1.37256e-09
1.38738e-07
1.42689e-09
1.38737e-07
1.47613e-09
1.38743e-07
1.51973e-09
1.38756e-07
1.55721e-09
1.38776e-07
1.58817e-09
1.38802e-07
1.61232e-09
1.38834e-07
1.62952e-09
1.63971e-09
1.56147e-07
1.14774e-10
1.56139e-07
2.21246e-10
1.56128e-07
3.21111e-10
1.56113e-07
4.15888e-10
1.56096e-07
5.06633e-10
1.56076e-07
5.94095e-10
1.56054e-07
6.78803e-10
1.56031e-07
7.61096e-10
1.56007e-07
8.41144e-10
1.55983e-07
9.18974e-10
1.55958e-07
9.94481e-10
1.55935e-07
1.06746e-09
1.55913e-07
1.1376e-09
1.55893e-07
1.20454e-09
1.55876e-07
1.26785e-09
1.55862e-07
1.32705e-09
1.55853e-07
1.38169e-09
1.55849e-07
1.43127e-09
1.5585e-07
1.47536e-09
1.55856e-07
1.51358e-09
1.55867e-07
1.54561e-09
1.55884e-07
1.57124e-09
1.55906e-07
1.59036e-09
1.55933e-07
1.60296e-09
1.60914e-09
1.75271e-07
1.17772e-10
1.75265e-07
2.26915e-10
1.75257e-07
3.29203e-10
1.75247e-07
4.26151e-10
1.75235e-07
5.18804e-10
1.75221e-07
6.07896e-10
1.75206e-07
6.93932e-10
1.7519e-07
7.77222e-10
1.75173e-07
8.57902e-10
1.75156e-07
9.3596e-10
1.75139e-07
1.01126e-09
1.75123e-07
1.08357e-09
1.75108e-07
1.15256e-09
1.75095e-07
1.21785e-09
1.75083e-07
1.27904e-09
1.75075e-07
1.33568e-09
1.75069e-07
1.38735e-09
1.75067e-07
1.43365e-09
1.75068e-07
1.47424e-09
1.75073e-07
1.50883e-09
1.75081e-07
1.53722e-09
1.75093e-07
1.55932e-09
1.75108e-07
1.57511e-09
1.75126e-07
1.58471e-09
1.58826e-09
1.96737e-07
1.96735e-07
1.96732e-07
1.96727e-07
1.96723e-07
1.96717e-07
1.96711e-07
1.96704e-07
1.96697e-07
1.9669e-07
1.96683e-07
1.96676e-07
1.9667e-07
1.96664e-07
1.96659e-07
1.96655e-07
1.96652e-07
1.9665e-07
1.9665e-07
1.96651e-07
1.96654e-07
1.96658e-07
1.96663e-07
1.9667e-07
)
;

boundaryField
{
    top
    {
        type            calculated;
        value           nonuniform List<scalar> 
125
(
1.34995e-09
1.38879e-09
1.4261e-09
1.46167e-09
1.49528e-09
1.52669e-09
1.55569e-09
1.58211e-09
1.60579e-09
1.62661e-09
1.64447e-09
1.65931e-09
1.6711e-09
1.67984e-09
1.68553e-09
1.68823e-09
1.688e-09
1.68491e-09
1.67908e-09
1.67059e-09
1.65958e-09
1.64614e-09
1.63042e-09
1.61253e-09
1.59259e-09
1.57072e-09
1.54705e-09
1.52167e-09
1.49471e-09
1.46626e-09
1.43644e-09
1.40534e-09
1.37306e-09
1.33969e-09
1.30534e-09
1.27011e-09
1.23409e-09
1.19739e-09
1.16011e-09
1.12237e-09
1.08427e-09
1.04594e-09
1.00748e-09
9.69028e-10
9.30685e-10
8.9257e-10
8.54793e-10
8.17455e-10
7.80648e-10
7.44453e-10
7.08938e-10
6.74156e-10
6.40146e-10
6.06934e-10
5.74532e-10
5.42945e-10
5.12167e-10
4.82191e-10
4.53006e-10
4.24607e-10
3.96992e-10
3.70168e-10
3.44151e-10
3.18965e-10
2.94645e-10
2.71231e-10
2.48771e-10
2.27312e-10
2.06901e-10
1.87584e-10
1.69398e-10
1.5237e-10
1.36517e-10
1.21844e-10
1.08343e-10
9.59941e-11
8.47642e-11
7.46106e-11
6.54815e-11
5.73184e-11
5.00574e-11
4.36315e-11
3.79723e-11
3.30115e-11
2.86823e-11
2.49201e-11
2.16639e-11
1.88561e-11
1.64435e-11
1.43774e-11
1.26132e-11
1.11112e-11
9.83573e-12
8.7554e-12
7.84276e-12
7.0738e-12
6.42718e-12
5.88252e-12
5.41576e-12
4.99097e-12
1.18969e-10
2.29164e-10
3.32424e-10
4.30255e-10
5.23696e-10
6.13474e-10
7.00082e-10
7.83818e-10
8.64803e-10
9.4301e-10
1.01829e-09
1.09039e-09
1.15898e-09
1.22368e-09
1.28407e-09
1.33974e-09
1.39028e-09
1.43532e-09
1.47454e-09
1.50771e-09
1.53467e-09
1.55535e-09
1.56981e-09
1.57817e-09
1.58063e-09
)
;
    }
    inlet
    {
        type            calculated;
        value           nonuniform List<scalar> 
27
(
-9.83691e-08
-1.10416e-07
-1.23937e-07
-1.39115e-07
-1.56151e-07
-1.75274e-07
-1.96738e-07
-3.4585e-08
-3.587e-08
-3.72028e-08
-3.85851e-08
-4.00187e-08
-4.15056e-08
-4.30477e-08
-4.46472e-08
-4.6306e-08
-4.80265e-08
-4.9811e-08
-5.16617e-08
-5.35812e-08
-5.5572e-08
-5.76368e-08
-5.97783e-08
-6.19993e-08
-6.43029e-08
-6.66921e-08
-6.91701e-08
)
;
    }
    outlet
    {
        type            calculated;
        value           nonuniform List<scalar> 
27
(
9.83718e-08
1.10418e-07
1.2394e-07
1.39118e-07
1.56155e-07
1.75277e-07
1.96746e-07
3.80717e-09
1.16859e-08
1.94842e-08
2.65993e-08
3.2603e-08
3.73454e-08
4.09478e-08
4.36998e-08
4.59263e-08
4.78923e-08
4.97697e-08
5.16513e-08
5.35798e-08
5.55729e-08
5.76383e-08
5.97799e-08
6.20011e-08
6.43047e-08
6.6694e-08
6.9172e-08
)
;
    }
    plate
    {
        type            calculated;
        value           uniform 0;
    }
    symmBound
    {
        type            calculated;
        value           nonuniform List<scalar> 
25
(
-3.0354e-12
-7.72837e-12
-1.35655e-11
-2.03866e-11
-2.80896e-11
-3.66114e-11
-4.59186e-11
-5.60046e-11
-6.68883e-11
-7.86154e-11
-9.12625e-11
-1.04944e-10
-1.19824e-10
-1.36131e-10
-1.54188e-10
-1.74451e-10
-1.97585e-10
-2.24586e-10
-2.57026e-10
-2.97548e-10
-3.51023e-10
-4.27698e-10
-5.53888e-10
-8.23329e-10
-1.59723e-09
)
;
    }
    frontAndBack
    {
        type            empty;
        value           nonuniform 0();
    }
}


// ************************************************************************* //
