/*--------------------------------*- C++ -*----------------------------------*\
| =========                 |                                                 |
| \\      /  F ield         | OpenFOAM: The Open Source CFD Toolbox           |
|  \\    /   O peration     | Version:  2.3.0                                 |
|   \\  /    A nd           | Web:      www.OpenFOAM.org                      |
|    \\/     M anipulation  |                                                 |
\*---------------------------------------------------------------------------*/
FoamFile
{
    version     2.0;
    format      ascii;
    class       volVectorField;
    location    "0.4";
    object      U;
}
// * * * * * * * * * * * * * * * * * * * * * * * * * * * * * * * * * * * * * //

dimensions      [0 1 -1 0 0 0 0];

internalField   nonuniform List<vector> 
2889
(
(0.17358 0.00566371 0)
(0.156968 0.00590232 0)
(0.141238 0.0055767 0)
(0.126272 0.00501853 0)
(0.112443 0.00437975 0)
(0.0999739 0.00372341 0)
(0.0889049 0.00308784 0)
(0.0792083 0.00249987 0)
(0.0708309 0.0019764 0)
(0.063693 0.0015264 0)
(0.0576865 0.00115249 0)
(0.0526832 0.000852075 0)
(0.048545 0.00061851 0)
(0.0451342 0.000442616 0)
(0.042321 0.000314188 0)
(0.0399889 0.000223225 0)
(0.0380373 0.000160725 0)
(0.0363833 0.00011908 0)
(0.0349601 9.21685e-05 0)
(0.0337157 7.52759e-05 0)
(0.0326107 6.49123e-05 0)
(0.0316157 5.86011e-05 0)
(0.0307091 5.46613e-05 0)
(0.029875 5.20073e-05 0)
(0.029102 4.9978e-05 0)
(0.0283813 4.81994e-05 0)
(0.0277067 4.64813e-05 0)
(0.027073 4.47443e-05 0)
(0.0264763 4.297e-05 0)
(0.0259131 4.11696e-05 0)
(0.0253807 3.93662e-05 0)
(0.0248767 3.75837e-05 0)
(0.0243987 3.5843e-05 0)
(0.0239448 3.41594e-05 0)
(0.0235133 3.25432e-05 0)
(0.0231026 3.10005e-05 0)
(0.0227111 2.95335e-05 0)
(0.0223377 2.81422e-05 0)
(0.0219811 2.68246e-05 0)
(0.0216403 2.55777e-05 0)
(0.0213143 2.43981e-05 0)
(0.0210021 2.32817e-05 0)
(0.020703 2.22245e-05 0)
(0.0204163 2.12227e-05 0)
(0.0201413 2.02724e-05 0)
(0.0198773 1.93701e-05 0)
(0.0196239 1.85124e-05 0)
(0.0193805 1.76962e-05 0)
(0.0191466 1.69186e-05 0)
(0.0189219 1.61768e-05 0)
(0.0187059 1.54684e-05 0)
(0.0184983 1.47911e-05 0)
(0.0182988 1.41427e-05 0)
(0.018107 1.35212e-05 0)
(0.0179228 1.29248e-05 0)
(0.0177457 1.23517e-05 0)
(0.0175757 1.18004e-05 0)
(0.0174125 1.12694e-05 0)
(0.0172559 1.07574e-05 0)
(0.0171057 1.0263e-05 0)
(0.0169618 9.78502e-06 0)
(0.0168241 9.32239e-06 0)
(0.0166924 8.87404e-06 0)
(0.0165666 8.43893e-06 0)
(0.0164466 8.01613e-06 0)
(0.0163323 7.60476e-06 0)
(0.0162237 7.20407e-06 0)
(0.0161207 6.81347e-06 0)
(0.0160232 6.43264e-06 0)
(0.0159312 6.06157e-06 0)
(0.0158447 5.70055e-06 0)
(0.0157635 5.35011e-06 0)
(0.0156877 5.01066e-06 0)
(0.0156172 4.68195e-06 0)
(0.015552 4.36223e-06 0)
(0.0154921 4.04701e-06 0)
(0.0154376 3.72782e-06 0)
(0.0153886 3.39084e-06 0)
(0.0153453 3.01608e-06 0)
(0.015308 2.57776e-06 0)
(0.0152774 2.05034e-06 0)
(0.0152538 1.43313e-06 0)
(0.015238 7.99949e-07 0)
(0.0152307 2.85025e-07 0)
(0.0152316 -2.80368e-07 0)
(0.0152384 -7.42627e-07 0)
(0.0152497 -1.13356e-06 0)
(0.0152644 -1.42709e-06 0)
(0.0152814 -1.61521e-06 0)
(0.0152997 -1.69674e-06 0)
(0.0153185 -1.70128e-06 0)
(0.0153372 -1.65385e-06 0)
(0.0153551 -1.55639e-06 0)
(0.0153718 -1.42173e-06 0)
(0.015387 -1.26592e-06 0)
(0.0154005 -1.09605e-06 0)
(0.0154121 -9.0916e-07 0)
(0.0154216 -6.90684e-07 0)
(0.0154287 -3.91846e-07 0)
(0.0154306 1.16849e-07 0)
(0.192748 0.00906148 0)
(0.190453 0.00979683 0)
(0.186694 0.00969066 0)
(0.181684 0.0092354 0)
(0.175874 0.00862638 0)
(0.16963 0.00792439 0)
(0.163187 0.00716713 0)
(0.156716 0.0063892 0)
(0.150349 0.00562037 0)
(0.144188 0.00488506 0)
(0.138305 0.00420249 0)
(0.132741 0.00358624 0)
(0.127518 0.00304393 0)
(0.122643 0.00257762 0)
(0.118109 0.00218468 0)
(0.113903 0.00185908 0)
(0.110005 0.00159273 0)
(0.106395 0.00137667 0)
(0.103048 0.00120204 0)
(0.0999437 0.00106073 0)
(0.0970586 0.000945695 0)
(0.0943726 0.000851134 0)
(0.0918667 0.000772408 0)
(0.0895239 0.000705929 0)
(0.0873286 0.000648974 0)
(0.0852671 0.000599511 0)
(0.0833272 0.000556033 0)
(0.0814981 0.000517424 0)
(0.0797702 0.000482852 0)
(0.0781349 0.000451685 0)
(0.0765847 0.000423434 0)
(0.0751128 0.000397712 0)
(0.0737132 0.000374204 0)
(0.0723807 0.00035265 0)
(0.0711104 0.000332827 0)
(0.0698979 0.000314547 0)
(0.0687394 0.000297645 0)
(0.0676314 0.000281976 0)
(0.0665707 0.000267416 0)
(0.0655544 0.000253852 0)
(0.06458 0.000241188 0)
(0.0636451 0.000229337 0)
(0.0627475 0.000218223 0)
(0.0618852 0.000207778 0)
(0.0610565 0.000197941 0)
(0.0602598 0.00018866 0)
(0.0594934 0.000179886 0)
(0.058756 0.000171576 0)
(0.0580465 0.000163692 0)
(0.0573635 0.000156198 0)
(0.0567061 0.000149063 0)
(0.0560733 0.000142258 0)
(0.0554642 0.000135757 0)
(0.054878 0.000129536 0)
(0.054314 0.000123574 0)
(0.0537714 0.00011785 0)
(0.0532496 0.000112345 0)
(0.0527482 0.000107043 0)
(0.0522665 0.000101928 0)
(0.0518042 9.69847e-05 0)
(0.0513609 9.22005e-05 0)
(0.0509361 8.75625e-05 0)
(0.0505296 8.3059e-05 0)
(0.050141 7.86793e-05 0)
(0.0497703 7.44133e-05 0)
(0.0494171 7.0252e-05 0)
(0.0490812 6.61871e-05 0)
(0.0487627 6.22114e-05 0)
(0.0484612 5.8319e-05 0)
(0.0481768 5.45047e-05 0)
(0.0479094 5.07645e-05 0)
(0.047659 4.70944e-05 0)
(0.0474254 4.34891e-05 0)
(0.0472089 3.99404e-05 0)
(0.0470093 3.64346e-05 0)
(0.0468269 3.29497e-05 0)
(0.0466618 2.94539e-05 0)
(0.0465145 2.59041e-05 0)
(0.0463853 2.22482e-05 0)
(0.0462747 1.84296e-05 0)
(0.0461834 1.43981e-05 0)
(0.0461119 1.01385e-05 0)
(0.0460603 5.72539e-06 0)
(0.0460284 1.37361e-06 0)
(0.0460169 -2.54468e-06 0)
(0.0460231 -5.34924e-06 0)
(0.0460416 -7.17e-06 0)
(0.0460688 -8.37286e-06 0)
(0.0461019 -9.1114e-06 0)
(0.0461385 -9.4087e-06 0)
(0.0461768 -9.34863e-06 0)
(0.0462151 -9.01775e-06 0)
(0.0462521 -8.44545e-06 0)
(0.046287 -7.69503e-06 0)
(0.0463189 -6.83586e-06 0)
(0.0463473 -5.90259e-06 0)
(0.0463718 -4.8857e-06 0)
(0.0463919 -3.72324e-06 0)
(0.0464068 -2.23699e-06 0)
(0.0464123 3.18623e-08 0)
(0.195708 0.00869807 0)
(0.19651 0.00980587 0)
(0.196758 0.0102424 0)
(0.196237 0.0102954 0)
(0.19502 0.0101069 0)
(0.193227 0.00972754 0)
(0.190954 0.00919957 0)
(0.188288 0.00857067 0)
(0.185318 0.00788597 0)
(0.182131 0.00718419 0)
(0.178802 0.00649659 0)
(0.175396 0.00584655 0)
(0.171964 0.00524944 0)
(0.168547 0.00471321 0)
(0.165175 0.00423978 0)
(0.161868 0.00382663 0)
(0.158641 0.00346844 0)
(0.155502 0.00315854 0)
(0.152457 0.00288996 0)
(0.149507 0.00265612 0)
(0.146652 0.00245122 0)
(0.143892 0.00227036 0)
(0.141223 0.0021095 0)
(0.138646 0.00196544 0)
(0.136155 0.0018356 0)
(0.13375 0.00171794 0)
(0.131428 0.00161083 0)
(0.129185 0.00151296 0)
(0.12702 0.00142324 0)
(0.124929 0.00134077 0)
(0.122909 0.00126478 0)
(0.120959 0.00119461 0)
(0.119076 0.00112969 0)
(0.117257 0.0010695 0)
(0.1155 0.00101359 0)
(0.113803 0.00096157 0)
(0.112163 0.000913074 0)
(0.110577 0.000867782 0)
(0.109045 0.000825407 0)
(0.107564 0.000785688 0)
(0.106132 0.000748393 0)
(0.104747 0.000713314 0)
(0.103408 0.000680262 0)
(0.102112 0.000649066 0)
(0.100859 0.000619572 0)
(0.0996468 0.000591642 0)
(0.0984741 0.000565149 0)
(0.0973396 0.000539979 0)
(0.0962421 0.000516027 0)
(0.0951806 0.000493197 0)
(0.0941539 0.000471402 0)
(0.0931611 0.000450562 0)
(0.0922013 0.000430603 0)
(0.0912737 0.000411458 0)
(0.0903774 0.000393064 0)
(0.0895119 0.000375363 0)
(0.0886765 0.000358301 0)
(0.0878705 0.000341829 0)
(0.0870935 0.0003259 0)
(0.086345 0.000310472 0)
(0.0856247 0.000295504 0)
(0.0849321 0.00028096 0)
(0.084267 0.000266804 0)
(0.0836292 0.000253004 0)
(0.0830184 0.000239531 0)
(0.0824344 0.000226356 0)
(0.0818773 0.000213455 0)
(0.0813468 0.000200806 0)
(0.080843 0.000188388 0)
(0.0803659 0.000176184 0)
(0.0799155 0.000164177 0)
(0.079492 0.00015235 0)
(0.0790953 0.000140684 0)
(0.0787257 0.000129154 0)
(0.0783834 0.000117725 0)
(0.0780687 0.000106351 0)
(0.0777819 9.49751e-05 0)
(0.0775234 8.35305e-05 0)
(0.0772936 7.19555e-05 0)
(0.0770929 6.02102e-05 0)
(0.0769215 4.83033e-05 0)
(0.0767791 3.63185e-05 0)
(0.076665 2.44217e-05 0)
(0.0765773 1.28281e-05 0)
(0.0765127 2.03349e-06 0)
(0.0764731 -7.14563e-06 0)
(0.0764593 -1.38319e-05 0)
(0.0764637 -1.80328e-05 0)
(0.0764811 -2.04567e-05 0)
(0.0765076 -2.15755e-05 0)
(0.07654 -2.17538e-05 0)
(0.0765755 -2.1236e-05 0)
(0.0766122 -2.0111e-05 0)
(0.0766483 -1.85161e-05 0)
(0.0766826 -1.66025e-05 0)
(0.076714 -1.44566e-05 0)
(0.0767417 -1.20711e-05 0)
(0.0767648 -9.31605e-06 0)
(0.0767822 -5.79618e-06 0)
(0.0767888 -5.34848e-07 0)
(0.196734 0.00806161 0)
(0.197889 0.00920696 0)
(0.198991 0.00984885 0)
(0.199804 0.010142 0)
(0.200279 0.0101909 0)
(0.200419 0.0100394 0)
(0.200223 0.00972199 0)
(0.199698 0.0092795 0)
(0.198865 0.0087531 0)
(0.197758 0.00818003 0)
(0.196417 0.00759206 0)
(0.194884 0.00701466 0)
(0.193199 0.00646638 0)
(0.191397 0.00595904 0)
(0.18951 0.0054985 0)
(0.187563 0.00508599 0)
(0.185577 0.00471947 0)
(0.183567 0.00439494 0)
(0.181545 0.00410744 0)
(0.17952 0.00385184 0)
(0.177498 0.00362329 0)
(0.175485 0.00341751 0)
(0.173483 0.00323084 0)
(0.171497 0.00306028 0)
(0.169528 0.00290342 0)
(0.167579 0.00275832 0)
(0.165651 0.00262346 0)
(0.163747 0.00249762 0)
(0.161867 0.00237983 0)
(0.160014 0.00226929 0)
(0.158188 0.00216534 0)
(0.15639 0.00206741 0)
(0.154621 0.00197504 0)
(0.152882 0.00188778 0)
(0.151174 0.00180526 0)
(0.149497 0.00172713 0)
(0.147851 0.00165309 0)
(0.146237 0.00158285 0)
(0.144655 0.00151615 0)
(0.143104 0.00145274 0)
(0.141586 0.0013924 0)
(0.1401 0.00133492 0)
(0.138646 0.00128012 0)
(0.137224 0.00122781 0)
(0.135834 0.00117783 0)
(0.134476 0.00113003 0)
(0.133149 0.00108425 0)
(0.131853 0.00104037 0)
(0.130589 0.000998262 0)
(0.129355 0.000957805 0)
(0.128152 0.00091889 0)
(0.12698 0.000881412 0)
(0.125838 0.000845273 0)
(0.124727 0.000810383 0)
(0.123645 0.000776654 0)
(0.122594 0.000744004 0)
(0.121572 0.000712355 0)
(0.12058 0.000681636 0)
(0.119618 0.000651776 0)
(0.118685 0.000622712 0)
(0.117782 0.000594379 0)
(0.116909 0.000566722 0)
(0.116065 0.000539684 0)
(0.115251 0.000513215 0)
(0.114468 0.000487265 0)
(0.113714 0.000461789 0)
(0.112991 0.000436747 0)
(0.112298 0.0004121 0)
(0.111637 0.000387813 0)
(0.111006 0.000363854 0)
(0.110407 0.000340195 0)
(0.10984 0.000316803 0)
(0.109304 0.000293646 0)
(0.108802 0.000270684 0)
(0.108332 0.000247868 0)
(0.107896 0.000225139 0)
(0.107495 0.000202433 0)
(0.107127 0.000179688 0)
(0.106795 0.000156869 0)
(0.106497 0.000133997 0)
(0.106235 0.000111186 0)
(0.106007 8.86983e-05 0)
(0.105812 6.69711e-05 0)
(0.105649 4.65629e-05 0)
(0.105514 2.78736e-05 0)
(0.105403 1.11633e-05 0)
(0.105312 -3.0755e-06 0)
(0.105248 -1.43753e-05 0)
(0.105209 -2.23513e-05 0)
(0.105188 -2.71344e-05 0)
(0.105181 -2.94998e-05 0)
(0.105184 -3.01364e-05 0)
(0.105194 -2.94537e-05 0)
(0.105209 -2.7784e-05 0)
(0.105225 -2.54112e-05 0)
(0.105242 -2.25047e-05 0)
(0.105259 -1.90776e-05 0)
(0.105273 -1.49383e-05 0)
(0.105284 -9.44551e-06 0)
(0.105284 -7.70654e-07 0)
(0.197454 0.00755432 0)
(0.198477 0.00860473 0)
(0.199589 0.00926893 0)
(0.200625 0.00963472 0)
(0.201525 0.00978231 0)
(0.202267 0.00975122 0)
(0.202829 0.00956873 0)
(0.20319 0.00926559 0)
(0.203339 0.00887458 0)
(0.203281 0.00842683 0)
(0.203028 0.00795013 0)
(0.202598 0.00746791 0)
(0.202012 0.00699843 0)
(0.201295 0.00655446 0)
(0.200468 0.00614362 0)
(0.19955 0.00576924 0)
(0.198559 0.00543142 0)
(0.197508 0.00512806 0)
(0.196409 0.00485585 0)
(0.195269 0.00461096 0)
(0.194096 0.00438952 0)
(0.192894 0.00418799 0)
(0.191668 0.00400327 0)
(0.190422 0.00383273 0)
(0.189157 0.00367425 0)
(0.187877 0.0035261 0)
(0.186583 0.00338693 0)
(0.185279 0.00325565 0)
(0.183965 0.00313138 0)
(0.182645 0.00301343 0)
(0.18132 0.00290123 0)
(0.179992 0.00279429 0)
(0.178662 0.00269219 0)
(0.177332 0.0025946 0)
(0.176004 0.00250118 0)
(0.174679 0.00241167 0)
(0.173359 0.00232581 0)
(0.172045 0.00224337 0)
(0.170738 0.00216413 0)
(0.16944 0.00208792 0)
(0.168151 0.00201454 0)
(0.166873 0.00194384 0)
(0.165606 0.00187566 0)
(0.164351 0.00180985 0)
(0.16311 0.00174629 0)
(0.161883 0.00168484 0)
(0.160671 0.00162538 0)
(0.159475 0.0015678 0)
(0.158295 0.001512 0)
(0.157132 0.00145787 0)
(0.155986 0.00140531 0)
(0.154859 0.00135423 0)
(0.153751 0.00130454 0)
(0.152662 0.00125616 0)
(0.151594 0.00120899 0)
(0.150545 0.00116297 0)
(0.149519 0.00111801 0)
(0.148513 0.00107404 0)
(0.14753 0.00103099 0)
(0.14657 0.000988784 0)
(0.145633 0.000947367 0)
(0.14472 0.00090667 0)
(0.143832 0.000866633 0)
(0.142969 0.000827197 0)
(0.142131 0.000788308 0)
(0.14132 0.000749915 0)
(0.140535 0.000711967 0)
(0.139779 0.000674422 0)
(0.13905 0.000637238 0)
(0.138351 0.000600376 0)
(0.137681 0.000563799 0)
(0.137042 0.00052747 0)
(0.136434 0.00049135 0)
(0.135857 0.000455392 0)
(0.135314 0.000419548 0)
(0.134803 0.000383761 0)
(0.134327 0.000347984 0)
(0.133886 0.000312191 0)
(0.133479 0.000276403 0)
(0.133108 0.000240734 0)
(0.132773 0.000205425 0)
(0.132472 0.000170898 0)
(0.132204 0.000137764 0)
(0.131969 0.000106781 0)
(0.131763 7.87117e-05 0)
(0.131586 5.40275e-05 0)
(0.131433 3.25675e-05 0)
(0.131299 1.42602e-05 0)
(0.131182 -4.81691e-07 0)
(0.131085 -1.18044e-05 0)
(0.13101 -1.99737e-05 0)
(0.130953 -2.50436e-05 0)
(0.13091 -2.74569e-05 0)
(0.130878 -2.78298e-05 0)
(0.130855 -2.668e-05 0)
(0.130837 -2.43674e-05 0)
(0.130824 -2.10393e-05 0)
(0.130814 -1.65422e-05 0)
(0.130804 -1.01556e-05 0)
(0.130787 9.56464e-07 0)
(0.198057 0.00710827 0)
(0.198912 0.0080398 0)
(0.199886 0.00867826 0)
(0.20086 0.00906723 0)
(0.201782 0.00926261 0)
(0.202628 0.00929811 0)
(0.203374 0.00919702 0)
(0.204 0.00898425 0)
(0.204492 0.00868693 0)
(0.204842 0.00833148 0)
(0.205054 0.00794196 0)
(0.205133 0.00753911 0)
(0.205091 0.00713962 0)
(0.204942 0.00675578 0)
(0.2047 0.00639558 0)
(0.204377 0.00606326 0)
(0.203988 0.00576013 0)
(0.203541 0.00548538 0)
(0.203045 0.00523691 0)
(0.202507 0.00501191 0)
(0.201932 0.00480738 0)
(0.201323 0.0046204 0)
(0.200684 0.00444835 0)
(0.200017 0.00428894 0)
(0.199324 0.00414026 0)
(0.198607 0.00400073 0)
(0.197866 0.00386909 0)
(0.197104 0.00374431 0)
(0.196321 0.00362558 0)
(0.195519 0.00351222 0)
(0.1947 0.0034037 0)
(0.193864 0.00329957 0)
(0.193013 0.00319946 0)
(0.192148 0.00310303 0)
(0.191271 0.00301002 0)
(0.190382 0.00292019 0)
(0.189483 0.0028333 0)
(0.188575 0.00274918 0)
(0.187659 0.00266765 0)
(0.186736 0.00258854 0)
(0.185808 0.00251172 0)
(0.184875 0.00243705 0)
(0.183939 0.00236441 0)
(0.183001 0.00229368 0)
(0.182061 0.00222475 0)
(0.181122 0.00215753 0)
(0.180183 0.00209191 0)
(0.179245 0.00202781 0)
(0.178311 0.00196515 0)
(0.17738 0.00190382 0)
(0.176453 0.00184377 0)
(0.175532 0.00178491 0)
(0.174618 0.00172716 0)
(0.173711 0.00167046 0)
(0.172812 0.00161473 0)
(0.171922 0.00155991 0)
(0.171042 0.00150592 0)
(0.170173 0.0014527 0)
(0.169316 0.00140019 0)
(0.168472 0.00134832 0)
(0.167641 0.00129704 0)
(0.166825 0.00124628 0)
(0.166024 0.00119599 0)
(0.165239 0.00114611 0)
(0.164472 0.00109659 0)
(0.163722 0.00104738 0)
(0.162992 0.000998442 0)
(0.162282 0.000949721 0)
(0.161593 0.000901181 0)
(0.160927 0.000852786 0)
(0.160283 0.000804501 0)
(0.159663 0.000756289 0)
(0.159068 0.000708115 0)
(0.158499 0.00065994 0)
(0.157957 0.000611724 0)
(0.157443 0.000563435 0)
(0.156958 0.000515057 0)
(0.156502 0.000466617 0)
(0.156076 0.000418215 0)
(0.155681 0.000370062 0)
(0.155316 0.00032253 0)
(0.154981 0.000276172 0)
(0.154675 0.000231726 0)
(0.154398 0.000190049 0)
(0.154148 0.000151969 0)
(0.153923 0.00011806 0)
(0.153722 8.85998e-05 0)
(0.153543 6.36747e-05 0)
(0.153384 4.29345e-05 0)
(0.153242 2.57535e-05 0)
(0.153113 1.19998e-05 0)
(0.152997 1.74607e-06 0)
(0.152895 -5.40641e-06 0)
(0.152806 -1.00422e-05 0)
(0.152731 -1.25651e-05 0)
(0.152668 -1.31602e-05 0)
(0.152613 -1.19517e-05 0)
(0.152566 -8.96517e-06 0)
(0.152526 -3.6514e-06 0)
(0.152481 7.30764e-06 0)
(0.19857 0.00671846 0)
(0.199291 0.00753933 0)
(0.200124 0.0081385 0)
(0.200988 0.00853076 0)
(0.201837 0.0087512 0)
(0.202642 0.00882686 0)
(0.203385 0.00877827 0)
(0.204046 0.00862675 0)
(0.204615 0.00839539 0)
(0.205082 0.00810706 0)
(0.205449 0.00778278 0)
(0.205717 0.00744089 0)
(0.205895 0.00709647 0)
(0.20599 0.00676099 0)
(0.206014 0.00644235 0)
(0.205976 0.00614525 0)
(0.205885 0.00587175 0)
(0.205749 0.00562196 0)
(0.205576 0.0053947 0)
(0.205369 0.00518799 0)
(0.205133 0.0049995 0)
(0.204872 0.00482688 0)
(0.204586 0.00466788 0)
(0.204279 0.00452051 0)
(0.20395 0.00438303 0)
(0.2036 0.004254 0)
(0.203231 0.00413222 0)
(0.202842 0.00401671 0)
(0.202435 0.00390666 0)
(0.20201 0.00380143 0)
(0.201568 0.00370047 0)
(0.201108 0.00360335 0)
(0.200632 0.00350969 0)
(0.20014 0.00341917 0)
(0.199633 0.00333151 0)
(0.199112 0.00324649 0)
(0.198577 0.00316389 0)
(0.198028 0.00308353 0)
(0.197467 0.00300525 0)
(0.196894 0.00292888 0)
(0.19631 0.00285431 0)
(0.195716 0.00278139 0)
(0.195112 0.00271004 0)
(0.194499 0.00264012 0)
(0.193878 0.00257156 0)
(0.193249 0.00250426 0)
(0.192614 0.00243813 0)
(0.191973 0.0023731 0)
(0.191326 0.00230908 0)
(0.190675 0.002246 0)
(0.190021 0.0021838 0)
(0.189364 0.0021224 0)
(0.188705 0.00206173 0)
(0.188045 0.00200174 0)
(0.187385 0.00194235 0)
(0.186725 0.00188351 0)
(0.186066 0.00182516 0)
(0.18541 0.00176722 0)
(0.184757 0.00170966 0)
(0.184108 0.0016524 0)
(0.183464 0.00159539 0)
(0.182826 0.00153857 0)
(0.182194 0.0014819 0)
(0.18157 0.00142532 0)
(0.180955 0.00136878 0)
(0.18035 0.00131223 0)
(0.179755 0.00125564 0)
(0.179172 0.00119897 0)
(0.178602 0.00114217 0)
(0.178045 0.00108521 0)
(0.177503 0.00102807 0)
(0.176977 0.000970718 0)
(0.176468 0.000913122 0)
(0.175977 0.000855258 0)
(0.175504 0.000797109 0)
(0.175051 0.000738669 0)
(0.174619 0.000679967 0)
(0.174209 0.000621089 0)
(0.17382 0.00056221 0)
(0.173454 0.000503638 0)
(0.17311 0.000445847 0)
(0.172789 0.000389494 0)
(0.17249 0.000335401 0)
(0.172212 0.000284476 0)
(0.171955 0.000237571 0)
(0.171719 0.000195316 0)
(0.171502 0.000158067 0)
(0.171304 0.000125893 0)
(0.171123 9.85876e-05 0)
(0.170958 7.59158e-05 0)
(0.170807 5.75544e-05 0)
(0.170669 4.29585e-05 0)
(0.170544 3.15517e-05 0)
(0.17043 2.28524e-05 0)
(0.170325 1.6559e-05 0)
(0.170228 1.25362e-05 0)
(0.17014 1.0664e-05 0)
(0.170061 1.08692e-05 0)
(0.16999 1.35953e-05 0)
(0.169912 2.13242e-05 0)
(0.199008 0.00637571 0)
(0.199623 0.00709794 0)
(0.200337 0.00765155 0)
(0.201095 0.00803518 0)
(0.201855 0.0082685 0)
(0.202591 0.00837168 0)
(0.203282 0.00836219 0)
(0.203913 0.00825806 0)
(0.204472 0.00807884 0)
(0.204953 0.0078442 0)
(0.205353 0.00757252 0)
(0.205677 0.00728007 0)
(0.205927 0.00698049 0)
(0.206112 0.00668447 0)
(0.20624 0.00639971 0)
(0.206318 0.00613117 0)
(0.206355 0.0058815 0)
(0.206357 0.00565154 0)
(0.20633 0.00544084 0)
(0.206278 0.00524816 0)
(0.206206 0.00507179 0)
(0.206116 0.00490988 0)
(0.206009 0.00476056 0)
(0.205888 0.00462214 0)
(0.205752 0.00449308 0)
(0.205603 0.00437208 0)
(0.205441 0.00425801 0)
(0.205266 0.00414995 0)
(0.205078 0.00404713 0)
(0.204878 0.00394889 0)
(0.204666 0.0038547 0)
(0.204441 0.00376411 0)
(0.204205 0.00367675 0)
(0.203956 0.00359228 0)
(0.203696 0.00351042 0)
(0.203424 0.00343093 0)
(0.203141 0.00335359 0)
(0.202846 0.00327821 0)
(0.202541 0.00320462 0)
(0.202225 0.00313266 0)
(0.201899 0.0030622 0)
(0.201562 0.0029931 0)
(0.201216 0.00292525 0)
(0.200861 0.00285854 0)
(0.200497 0.00279287 0)
(0.200123 0.00272814 0)
(0.199742 0.00266428 0)
(0.199353 0.0026012 0)
(0.198957 0.00253881 0)
(0.198553 0.00247704 0)
(0.198144 0.00241583 0)
(0.197728 0.00235509 0)
(0.197307 0.00229477 0)
(0.196881 0.00223479 0)
(0.196451 0.00217509 0)
(0.196017 0.00211561 0)
(0.19558 0.00205629 0)
(0.195141 0.00199706 0)
(0.194699 0.00193786 0)
(0.194257 0.00187863 0)
(0.193814 0.00181933 0)
(0.193372 0.00175988 0)
(0.19293 0.00170024 0)
(0.19249 0.00164036 0)
(0.192053 0.00158018 0)
(0.191619 0.00151966 0)
(0.191189 0.00145876 0)
(0.190764 0.00139744 0)
(0.190345 0.00133567 0)
(0.189933 0.00127342 0)
(0.189528 0.00121065 0)
(0.189132 0.00114736 0)
(0.188745 0.00108351 0)
(0.188368 0.0010191 0)
(0.188002 0.000954141 0)
(0.187648 0.000888649 0)
(0.187307 0.000822696 0)
(0.186979 0.000756424 0)
(0.186665 0.000690074 0)
(0.186364 0.000624026 0)
(0.186078 0.000558827 0)
(0.185806 0.000495199 0)
(0.185548 0.000434006 0)
(0.185304 0.000376173 0)
(0.185074 0.000322557 0)
(0.184858 0.00027381 0)
(0.184656 0.000230312 0)
(0.184467 0.00019218 0)
(0.184291 0.000159307 0)
(0.184128 0.000131461 0)
(0.183976 0.000108253 0)
(0.183836 8.91855e-05 0)
(0.183706 7.37932e-05 0)
(0.183585 6.16577e-05 0)
(0.183472 5.23937e-05 0)
(0.183367 4.56364e-05 0)
(0.183269 4.11031e-05 0)
(0.183179 3.86987e-05 0)
(0.183095 3.86685e-05 0)
(0.183004 4.16386e-05 0)
(0.199379 0.00606858 0)
(0.199911 0.00670449 0)
(0.200527 0.00721106 0)
(0.201189 0.00757925 0)
(0.201867 0.00781809 0)
(0.202532 0.00794136 0)
(0.203164 0.00796308 0)
(0.203749 0.00789817 0)
(0.204276 0.00776295 0)
(0.204738 0.00757413 0)
(0.205135 0.0073477 0)
(0.205466 0.00709804 0)
(0.205736 0.00683743 0)
(0.20595 0.00657579 0)
(0.206115 0.00632055 0)
(0.206237 0.0060768 0)
(0.206324 0.00584758 0)
(0.206382 0.00563434 0)
(0.206415 0.00543727 0)
(0.206429 0.00525574 0)
(0.206426 0.00508863 0)
(0.20641 0.00493456 0)
(0.206383 0.00479205 0)
(0.206345 0.00465971 0)
(0.206298 0.00453622 0)
(0.206243 0.00442044 0)
(0.20618 0.00431136 0)
(0.206109 0.00420812 0)
(0.206031 0.00410998 0)
(0.205946 0.00401634 0)
(0.205853 0.00392667 0)
(0.205753 0.00384053 0)
(0.205646 0.00375753 0)
(0.205531 0.00367736 0)
(0.20541 0.00359972 0)
(0.205281 0.00352437 0)
(0.205145 0.00345108 0)
(0.205002 0.00337965 0)
(0.204851 0.0033099 0)
(0.204694 0.00324168 0)
(0.20453 0.00317484 0)
(0.204358 0.00310924 0)
(0.20418 0.00304476 0)
(0.203994 0.00298127 0)
(0.203802 0.00291868 0)
(0.203603 0.00285689 0)
(0.203398 0.00279579 0)
(0.203187 0.0027353 0)
(0.202969 0.00267534 0)
(0.202745 0.00261581 0)
(0.202515 0.00255665 0)
(0.20228 0.00249777 0)
(0.20204 0.00243909 0)
(0.201794 0.00238056 0)
(0.201544 0.00232208 0)
(0.201289 0.00226361 0)
(0.201029 0.00220505 0)
(0.200767 0.00214636 0)
(0.2005 0.00208746 0)
(0.200231 0.00202829 0)
(0.199959 0.00196878 0)
(0.199684 0.00190888 0)
(0.199409 0.00184852 0)
(0.199131 0.00178766 0)
(0.198853 0.00172623 0)
(0.198575 0.00166419 0)
(0.198297 0.00160149 0)
(0.19802 0.00153809 0)
(0.197745 0.00147397 0)
(0.197471 0.00140908 0)
(0.197201 0.00134341 0)
(0.196933 0.00127694 0)
(0.196669 0.00120965 0)
(0.19641 0.00114156 0)
(0.196156 0.00107268 0)
(0.195908 0.00100307 0)
(0.195666 0.000932831 0)
(0.19543 0.00086215 0)
(0.195201 0.000791315 0)
(0.194979 0.000720753 0)
(0.194764 0.000651052 0)
(0.194556 0.000582957 0)
(0.194356 0.000517338 0)
(0.194163 0.000455107 0)
(0.193978 0.000397104 0)
(0.1938 0.000343981 0)
(0.193631 0.000296142 0)
(0.193471 0.000253745 0)
(0.193318 0.000216726 0)
(0.193175 0.000184875 0)
(0.193039 0.000157854 0)
(0.192912 0.000135228 0)
(0.192793 0.00011655 0)
(0.19268 0.000101379 0)
(0.192575 8.93013e-05 0)
(0.192475 7.99417e-05 0)
(0.192382 7.30053e-05 0)
(0.192294 6.82967e-05 0)
(0.192213 6.56595e-05 0)
(0.192122 6.40678e-05 0)
(0.199691 0.00578916 0)
(0.200157 0.0063507 0)
(0.200691 0.00681191 0)
(0.201272 0.00716095 0)
(0.201873 0.00739997 0)
(0.202471 0.00753751 0)
(0.203046 0.00758419 0)
(0.203584 0.00755209 0)
(0.204074 0.00745465 0)
(0.204511 0.00730591 0)
(0.204893 0.00711962 0)
(0.205217 0.00690836 0)
(0.205489 0.00668313 0)
(0.205711 0.00645302 0)
(0.205889 0.00622507 0)
(0.206029 0.00600436 0)
(0.206137 0.00579423 0)
(0.206217 0.00559654 0)
(0.206276 0.00541202 0)
(0.206317 0.00524057 0)
(0.206344 0.00508157 0)
(0.206359 0.00493409 0)
(0.206364 0.00479703 0)
(0.206361 0.00466927 0)
(0.206351 0.00454976 0)
(0.206335 0.0044375 0)
(0.206314 0.00433162 0)
(0.206289 0.00423136 0)
(0.206259 0.00413604 0)
(0.206224 0.00404511 0)
(0.206185 0.00395806 0)
(0.206143 0.00387449 0)
(0.206097 0.00379401 0)
(0.206046 0.00371633 0)
(0.205992 0.00364115 0)
(0.205934 0.00356823 0)
(0.205873 0.00349736 0)
(0.205807 0.00342832 0)
(0.205738 0.00336095 0)
(0.205664 0.00329508 0)
(0.205587 0.00323056 0)
(0.205506 0.00316726 0)
(0.205421 0.00310504 0)
(0.205332 0.00304379 0)
(0.20524 0.00298339 0)
(0.205143 0.00292373 0)
(0.205042 0.00286473 0)
(0.204937 0.00280627 0)
(0.204829 0.00274827 0)
(0.204716 0.00269064 0)
(0.2046 0.00263329 0)
(0.20448 0.00257615 0)
(0.204356 0.00251912 0)
(0.204228 0.00246213 0)
(0.204097 0.0024051 0)
(0.203963 0.00234795 0)
(0.203825 0.00229061 0)
(0.203684 0.002233 0)
(0.203539 0.00217505 0)
(0.203392 0.00211669 0)
(0.203243 0.00205785 0)
(0.20309 0.00199847 0)
(0.202936 0.00193847 0)
(0.202779 0.0018778 0)
(0.202621 0.00181639 0)
(0.202461 0.00175421 0)
(0.2023 0.00169118 0)
(0.202138 0.00162728 0)
(0.201975 0.00156246 0)
(0.201812 0.0014967 0)
(0.201649 0.00142997 0)
(0.201486 0.00136226 0)
(0.201324 0.00129356 0)
(0.201163 0.00122388 0)
(0.201004 0.00115328 0)
(0.200845 0.00108182 0)
(0.200689 0.00100963 0)
(0.200534 0.000936921 0)
(0.200382 0.000864019 0)
(0.200231 0.000791371 0)
(0.200083 0.000719575 0)
(0.199937 0.000649369 0)
(0.199793 0.000581598 0)
(0.199651 0.000517135 0)
(0.199513 0.000456785 0)
(0.199378 0.000401187 0)
(0.199247 0.000350753 0)
(0.199121 0.000305671 0)
(0.198999 0.000265921 0)
(0.198882 0.000231334 0)
(0.198771 0.000201614 0)
(0.198665 0.000176371 0)
(0.198564 0.000155184 0)
(0.198469 0.000137636 0)
(0.198378 0.00012333 0)
(0.198292 0.000111895 0)
(0.19821 0.000103001 0)
(0.198133 9.63355e-05 0)
(0.198061 9.14044e-05 0)
(0.197978 8.63056e-05 0)
(0.19995 0.00553202 0)
(0.200362 0.00603004 0)
(0.200829 0.00644913 0)
(0.201339 0.00677723 0)
(0.201873 0.00701251 0)
(0.202409 0.0071595 0)
(0.20293 0.00722587 0)
(0.203422 0.00722111 0)
(0.203876 0.00715613 0)
(0.204286 0.0070426 0)
(0.204649 0.00689217 0)
(0.204962 0.00671576 0)
(0.205229 0.0065231 0)
(0.205452 0.00632241 0)
(0.205635 0.0061203 0)
(0.205783 0.00592172 0)
(0.205901 0.00573015 0)
(0.205994 0.00554774 0)
(0.206066 0.00537563 0)
(0.20612 0.00521419 0)
(0.20616 0.00506321 0)
(0.206189 0.00492215 0)
(0.206209 0.00479026 0)
(0.206221 0.00466671 0)
(0.206227 0.00455066 0)
(0.206228 0.00444131 0)
(0.206224 0.00433791 0)
(0.206217 0.0042398 0)
(0.206207 0.00414641 0)
(0.206193 0.00405721 0)
(0.206177 0.00397175 0)
(0.206158 0.00388966 0)
(0.206137 0.00381059 0)
(0.206114 0.00373424 0)
(0.20609 0.00366035 0)
(0.206063 0.00358869 0)
(0.206034 0.00351903 0)
(0.206003 0.0034512 0)
(0.205971 0.00338502 0)
(0.205937 0.00332033 0)
(0.205901 0.00325699 0)
(0.205863 0.00319485 0)
(0.205824 0.0031338 0)
(0.205783 0.00307371 0)
(0.20574 0.00301447 0)
(0.205695 0.00295598 0)
(0.205648 0.00289813 0)
(0.2056 0.00284082 0)
(0.205549 0.00278397 0)
(0.205497 0.00272747 0)
(0.205442 0.00267124 0)
(0.205386 0.0026152 0)
(0.205328 0.00255925 0)
(0.205267 0.00250331 0)
(0.205205 0.0024473 0)
(0.205141 0.00239115 0)
(0.205074 0.00233476 0)
(0.205006 0.00227805 0)
(0.204936 0.00222096 0)
(0.204864 0.00216341 0)
(0.20479 0.00210532 0)
(0.204714 0.00204662 0)
(0.204637 0.00198724 0)
(0.204557 0.00192711 0)
(0.204476 0.00186617 0)
(0.204394 0.00180437 0)
(0.20431 0.00174166 0)
(0.204225 0.00167797 0)
(0.204139 0.00161329 0)
(0.204051 0.00154757 0)
(0.203962 0.00148079 0)
(0.203873 0.00141295 0)
(0.203782 0.00134404 0)
(0.203691 0.00127409 0)
(0.203599 0.00120315 0)
(0.203506 0.0011313 0)
(0.203413 0.00105871 0)
(0.203319 0.00098559 0)
(0.203224 0.000912282 0)
(0.203128 0.000839236 0)
(0.203032 0.000767038 0)
(0.202934 0.000696399 0)
(0.202836 0.000628116 0)
(0.202737 0.000563009 0)
(0.202638 0.000501833 0)
(0.20254 0.0004452 0)
(0.202443 0.000393521 0)
(0.202347 0.000347005 0)
(0.202253 0.000305669 0)
(0.202163 0.000269383 0)
(0.202075 0.000237896 0)
(0.20199 0.000210866 0)
(0.201909 0.000187911 0)
(0.201831 0.000168645 0)
(0.201757 0.000152687 0)
(0.201686 0.000139669 0)
(0.201618 0.000129238 0)
(0.201553 0.000121001 0)
(0.201493 0.00011428 0)
(0.201421 0.000107016 0)
(0.200164 0.00529335 0)
(0.20053 0.00573727 0)
(0.200941 0.00611814 0)
(0.20139 0.00642494 0)
(0.201864 0.00665378 0)
(0.202344 0.0068064 0)
(0.202815 0.00688798 0)
(0.203264 0.0069058 0)
(0.203683 0.00686854 0)
(0.204065 0.00678578 0)
(0.204407 0.00666728 0)
(0.204708 0.00652241 0)
(0.204967 0.00635969 0)
(0.205187 0.00618651 0)
(0.205372 0.00600893 0)
(0.205524 0.00583172 0)
(0.205649 0.00565835 0)
(0.205749 0.00549119 0)
(0.205829 0.00533168 0)
(0.205891 0.00518051 0)
(0.20594 0.00503786 0)
(0.205978 0.00490352 0)
(0.206006 0.00477706 0)
(0.206026 0.00465789 0)
(0.20604 0.0045454 0)
(0.206049 0.00443895 0)
(0.206053 0.00433795 0)
(0.206054 0.00424184 0)
(0.206052 0.00415012 0)
(0.206048 0.00406235 0)
(0.206041 0.00397812 0)
(0.206032 0.00389709 0)
(0.206021 0.00381894 0)
(0.20601 0.00374341 0)
(0.205997 0.00367025 0)
(0.205982 0.00359924 0)
(0.205967 0.00353019 0)
(0.205951 0.00346291 0)
(0.205934 0.00339725 0)
(0.205916 0.00333305 0)
(0.205898 0.00327017 0)
(0.205879 0.00320849 0)
(0.205859 0.00314788 0)
(0.205839 0.00308823 0)
(0.205818 0.00302943 0)
(0.205797 0.00297138 0)
(0.205775 0.00291397 0)
(0.205752 0.00285711 0)
(0.205729 0.00280071 0)
(0.205705 0.00274468 0)
(0.20568 0.00268892 0)
(0.205655 0.00263335 0)
(0.205629 0.00257788 0)
(0.205602 0.00252244 0)
(0.205575 0.00246692 0)
(0.205546 0.00241126 0)
(0.205517 0.00235538 0)
(0.205487 0.00229918 0)
(0.205456 0.00224259 0)
(0.205424 0.00218554 0)
(0.205392 0.00212794 0)
(0.205358 0.00206973 0)
(0.205323 0.00201083 0)
(0.205287 0.00195118 0)
(0.20525 0.0018907 0)
(0.205213 0.00182935 0)
(0.205173 0.00176707 0)
(0.205133 0.00170381 0)
(0.205092 0.00163953 0)
(0.205049 0.00157421 0)
(0.205005 0.00150782 0)
(0.20496 0.00144035 0)
(0.204914 0.00137181 0)
(0.204866 0.00130224 0)
(0.204817 0.00123169 0)
(0.204765 0.00116027 0)
(0.204713 0.00108814 0)
(0.204658 0.00101554 0)
(0.204601 0.000942794 0)
(0.204541 0.000870351 0)
(0.20448 0.000798771 0)
(0.204415 0.000728721 0)
(0.204349 0.000660941 0)
(0.20428 0.000596189 0)
(0.20421 0.000535164 0)
(0.204138 0.000478441 0)
(0.204065 0.000426421 0)
(0.203993 0.000379325 0)
(0.203921 0.000337202 0)
(0.203851 0.000299957 0)
(0.203782 0.000267382 0)
(0.203715 0.000239183 0)
(0.20365 0.00021502 0)
(0.203587 0.000194536 0)
(0.203526 0.000177374 0)
(0.203468 0.000163176 0)
(0.203412 0.000151579 0)
(0.203359 0.000142153 0)
(0.203308 0.000134175 0)
(0.203246 0.000125878 0)
(0.200336 0.0050704 0)
(0.200664 0.00546827 0)
(0.201027 0.00581503 0)
(0.201424 0.00610113 0)
(0.201845 0.00632185 0)
(0.202275 0.00647712 0)
(0.202699 0.00657017 0)
(0.203108 0.00660639 0)
(0.203493 0.0065926 0)
(0.203848 0.00653653 0)
(0.204169 0.00644629 0)
(0.204455 0.00632981 0)
(0.204705 0.00619449 0)
(0.204921 0.00604686 0)
(0.205104 0.00589248 0)
(0.205258 0.00573579 0)
(0.205386 0.00558023 0)
(0.205492 0.00542824 0)
(0.205577 0.00528147 0)
(0.205647 0.00514089 0)
(0.205702 0.00500696 0)
(0.205745 0.00487975 0)
(0.205779 0.00475911 0)
(0.205806 0.00464469 0)
(0.205825 0.00453607 0)
(0.205839 0.00443279 0)
(0.205849 0.00433438 0)
(0.205854 0.00424041 0)
(0.205857 0.00415045 0)
(0.205857 0.00406414 0)
(0.205855 0.00398111 0)
(0.205851 0.00390108 0)
(0.205845 0.00382376 0)
(0.205838 0.0037489 0)
(0.20583 0.0036763 0)
(0.205821 0.00360575 0)
(0.205812 0.00353706 0)
(0.205801 0.00347008 0)
(0.205791 0.00340465 0)
(0.20578 0.00334063 0)
(0.205768 0.0032779 0)
(0.205757 0.00321633 0)
(0.205745 0.00315581 0)
(0.205734 0.00309623 0)
(0.205722 0.00303748 0)
(0.20571 0.00297947 0)
(0.205698 0.0029221 0)
(0.205687 0.00286528 0)
(0.205675 0.00280892 0)
(0.205663 0.00275293 0)
(0.205651 0.00269723 0)
(0.205639 0.00264172 0)
(0.205628 0.00258633 0)
(0.205616 0.00253097 0)
(0.205604 0.00247556 0)
(0.205592 0.00242002 0)
(0.20558 0.00236427 0)
(0.205568 0.00230823 0)
(0.205555 0.00225182 0)
(0.205542 0.00219496 0)
(0.205529 0.00213758 0)
(0.205516 0.00207961 0)
(0.205502 0.00202097 0)
(0.205488 0.0019616 0)
(0.205473 0.00190144 0)
(0.205457 0.00184042 0)
(0.205441 0.0017785 0)
(0.205424 0.00171563 0)
(0.205406 0.00165178 0)
(0.205387 0.00158691 0)
(0.205367 0.00152102 0)
(0.205346 0.00145408 0)
(0.205323 0.00138614 0)
(0.205299 0.00131721 0)
(0.205273 0.00124737 0)
(0.205245 0.00117674 0)
(0.205215 0.00110548 0)
(0.205183 0.00103383 0)
(0.205148 0.000962123 0)
(0.20511 0.00089078 0)
(0.205069 0.00082033 0)
(0.205025 0.000751394 0)
(0.204978 0.000684649 0)
(0.204928 0.000620788 0)
(0.204875 0.000560451 0)
(0.204821 0.000504174 0)
(0.204765 0.000452342 0)
(0.204708 0.000405181 0)
(0.204651 0.000362762 0)
(0.204594 0.000325024 0)
(0.204538 0.000291799 0)
(0.204484 0.000262837 0)
(0.20443 0.000237836 0)
(0.204378 0.000216474 0)
(0.204327 0.000198417 0)
(0.204278 0.000183325 0)
(0.204231 0.000170839 0)
(0.204186 0.000160524 0)
(0.204142 0.000151711 0)
(0.204088 0.000143104 0)
(0.200472 0.00486123 0)
(0.200767 0.00521987 0)
(0.20109 0.00553648 0)
(0.201441 0.00580305 0)
(0.201816 0.00601476 0)
(0.2022 0.00617044 0)
(0.202582 0.00627187 0)
(0.202953 0.00632291 0)
(0.203305 0.00632881 0)
(0.203634 0.00629574 0)
(0.203934 0.00623032 0)
(0.204204 0.00613924 0)
(0.204443 0.00602882 0)
(0.204653 0.00590481 0)
(0.204833 0.00577218 0)
(0.204987 0.00563508 0)
(0.205117 0.00549678 0)
(0.205226 0.00535975 0)
(0.205316 0.00522576 0)
(0.20539 0.00509598 0)
(0.20545 0.00497108 0)
(0.205499 0.00485139 0)
(0.205538 0.00473697 0)
(0.205569 0.00462768 0)
(0.205593 0.0045233 0)
(0.205611 0.00442351 0)
(0.205624 0.00432799 0)
(0.205634 0.0042364 0)
(0.20564 0.00414841 0)
(0.205643 0.00406371 0)
(0.205644 0.00398202 0)
(0.205643 0.00390308 0)
(0.20564 0.00382665 0)
(0.205636 0.00375251 0)
(0.205631 0.00368048 0)
(0.205625 0.00361037 0)
(0.205618 0.00354202 0)
(0.205611 0.00347528 0)
(0.205603 0.00341001 0)
(0.205595 0.0033461 0)
(0.205587 0.00328341 0)
(0.205579 0.00322183 0)
(0.20557 0.00316127 0)
(0.205562 0.00310161 0)
(0.205554 0.00304276 0)
(0.205546 0.00298463 0)
(0.205539 0.00292712 0)
(0.205531 0.00287016 0)
(0.205524 0.00281365 0)
(0.205517 0.0027575 0)
(0.20551 0.00270164 0)
(0.205504 0.00264599 0)
(0.205498 0.00259046 0)
(0.205492 0.00253498 0)
(0.205487 0.00247945 0)
(0.205482 0.00242382 0)
(0.205476 0.00236799 0)
(0.205472 0.00231189 0)
(0.205467 0.00225545 0)
(0.205462 0.00219858 0)
(0.205458 0.00214123 0)
(0.205453 0.00208331 0)
(0.205448 0.00202477 0)
(0.205443 0.00196553 0)
(0.205438 0.00190554 0)
(0.205433 0.00184473 0)
(0.205427 0.00178308 0)
(0.20542 0.00172052 0)
(0.205413 0.00165703 0)
(0.205405 0.00159259 0)
(0.205396 0.00152718 0)
(0.205386 0.0014608 0)
(0.205375 0.00139349 0)
(0.205362 0.00132528 0)
(0.205348 0.00125626 0)
(0.205332 0.00118654 0)
(0.205313 0.0011163 0)
(0.205292 0.00104577 0)
(0.205268 0.00097528 0)
(0.205242 0.000905231 0)
(0.205212 0.000836115 0)
(0.205179 0.000768503 0)
(0.205143 0.000703015 0)
(0.205104 0.000640279 0)
(0.205062 0.000580878 0)
(0.205018 0.000525308 0)
(0.204972 0.000473933 0)
(0.204925 0.000426981 0)
(0.204877 0.000384539 0)
(0.204829 0.000346576 0)
(0.204781 0.000312958 0)
(0.204734 0.000283474 0)
(0.204688 0.000257862 0)
(0.204643 0.000235832 0)
(0.204599 0.000217076 0)
(0.204556 0.000201275 0)
(0.204515 0.000188084 0)
(0.204474 0.000177093 0)
(0.204435 0.000167737 0)
(0.204387 0.000159167 0)
(0.200577 0.00466441 0)
(0.200842 0.00498958 0)
(0.20113 0.00527972 0)
(0.201442 0.00552826 0)
(0.201775 0.00573064 0)
(0.202118 0.00588511 0)
(0.202462 0.00599244 0)
(0.202798 0.00605527 0)
(0.20312 0.00607755 0)
(0.203422 0.00606414 0)
(0.203701 0.0060204 0)
(0.203955 0.00595188 0)
(0.204183 0.00586394 0)
(0.204384 0.00576159 0)
(0.20456 0.00564924 0)
(0.204712 0.00553066 0)
(0.204843 0.00540895 0)
(0.204953 0.00528654 0)
(0.205046 0.00516523 0)
(0.205123 0.00504632 0)
(0.205188 0.00493067 0)
(0.20524 0.00481878 0)
(0.205284 0.00471091 0)
(0.205318 0.00460711 0)
(0.205346 0.0045073 0)
(0.205368 0.00441133 0)
(0.205385 0.00431898 0)
(0.205397 0.00423003 0)
(0.205406 0.00414424 0)
(0.205412 0.00406136 0)
(0.205416 0.00398118 0)
(0.205417 0.00390347 0)
(0.205417 0.00382805 0)
(0.205415 0.00375474 0)
(0.205412 0.00368336 0)
(0.205408 0.00361375 0)
(0.205403 0.00354579 0)
(0.205397 0.00347933 0)
(0.205391 0.00341426 0)
(0.205385 0.00335045 0)
(0.205379 0.00328781 0)
(0.205372 0.00322622 0)
(0.205366 0.00316559 0)
(0.20536 0.00310582 0)
(0.205353 0.00304684 0)
(0.205347 0.00298854 0)
(0.205341 0.00293085 0)
(0.205336 0.00287368 0)
(0.205331 0.00281695 0)
(0.205326 0.00276058 0)
(0.205321 0.00270449 0)
(0.205317 0.00264861 0)
(0.205313 0.00259286 0)
(0.20531 0.00253716 0)
(0.205307 0.00248143 0)
(0.205304 0.0024256 0)
(0.205302 0.0023696 0)
(0.2053 0.00231335 0)
(0.205298 0.00225678 0)
(0.205297 0.00219981 0)
(0.205295 0.00214239 0)
(0.205294 0.00208444 0)
(0.205293 0.00202589 0)
(0.205292 0.0019667 0)
(0.205291 0.0019068 0)
(0.205289 0.00184613 0)
(0.205287 0.00178467 0)
(0.205285 0.00172236 0)
(0.205282 0.00165919 0)
(0.205279 0.00159513 0)
(0.205275 0.00153018 0)
(0.20527 0.00146434 0)
(0.205263 0.00139766 0)
(0.205255 0.00133017 0)
(0.205246 0.00126198 0)
(0.205235 0.0011932 0)
(0.205221 0.00112401 0)
(0.205206 0.00105465 0)
(0.205187 0.000985417 0)
(0.205166 0.000916703 0)
(0.205142 0.000848966 0)
(0.205115 0.000782728 0)
(0.205085 0.000718553 0)
(0.205051 0.00065701 0)
(0.205016 0.000598631 0)
(0.204977 0.00054387 0)
(0.204938 0.000493072 0)
(0.204896 0.000446461 0)
(0.204854 0.000404137 0)
(0.204812 0.000366093 0)
(0.204769 0.000332227 0)
(0.204727 0.000302363 0)
(0.204685 0.000276275 0)
(0.204644 0.000253704 0)
(0.204605 0.00023437 0)
(0.204566 0.000217977 0)
(0.204528 0.000204204 0)
(0.204491 0.000192682 0)
(0.204455 0.000182958 0)
(0.20441 0.000174518 0)
(0.200653 0.00447891 0)
(0.200893 0.00477547 0)
(0.20115 0.00504249 0)
(0.201427 0.00527462 0)
(0.201724 0.00546776 0)
(0.20203 0.00561992 0)
(0.202339 0.00573117 0)
(0.202642 0.00580324 0)
(0.202935 0.00583904 0)
(0.203212 0.00584232 0)
(0.203471 0.00581738 0)
(0.203708 0.00576878 0)
(0.203923 0.00570102 0)
(0.204116 0.00561839 0)
(0.204286 0.00552479 0)
(0.204435 0.00542361 0)
(0.204564 0.00531771 0)
(0.204674 0.00520943 0)
(0.204769 0.00510057 0)
(0.204849 0.00499251 0)
(0.204916 0.00488621 0)
(0.204972 0.00478232 0)
(0.205018 0.00468125 0)
(0.205056 0.00458322 0)
(0.205087 0.00448827 0)
(0.205112 0.0043964 0)
(0.205132 0.0043075 0)
(0.205147 0.00422145 0)
(0.205159 0.00413808 0)
(0.205167 0.00405723 0)
(0.205173 0.00397873 0)
(0.205177 0.00390243 0)
(0.205178 0.00382816 0)
(0.205178 0.00375578 0)
(0.205177 0.00368516 0)
(0.205175 0.00361616 0)
(0.205171 0.00354866 0)
(0.205168 0.00348254 0)
(0.205163 0.00341771 0)
(0.205158 0.00335406 0)
(0.205153 0.0032915 0)
(0.205148 0.00322992 0)
(0.205143 0.00316925 0)
(0.205138 0.0031094 0)
(0.205133 0.00305029 0)
(0.205128 0.00299183 0)
(0.205123 0.00293395 0)
(0.205118 0.00287657 0)
(0.205114 0.00281962 0)
(0.205111 0.00276301 0)
(0.205107 0.00270668 0)
(0.205104 0.00265056 0)
(0.205101 0.00259456 0)
(0.205099 0.00253862 0)
(0.205097 0.00248266 0)
(0.205095 0.00242661 0)
(0.205094 0.00237041 0)
(0.205093 0.00231397 0)
(0.205093 0.00225724 0)
(0.205092 0.00220014 0)
(0.205092 0.00214262 0)
(0.205092 0.00208459 0)
(0.205092 0.00202602 0)
(0.205093 0.00196683 0)
(0.205093 0.00190699 0)
(0.205093 0.00184643 0)
(0.205092 0.00178513 0)
(0.205092 0.00172305 0)
(0.205091 0.00166017 0)
(0.205089 0.00159647 0)
(0.205086 0.00153196 0)
(0.205083 0.00146665 0)
(0.205078 0.00140058 0)
(0.205072 0.00133382 0)
(0.205065 0.00126645 0)
(0.205056 0.0011986 0)
(0.205045 0.00113045 0)
(0.205032 0.00106223 0)
(0.205016 0.000994248 0)
(0.204997 0.00092685 0)
(0.204976 0.000860468 0)
(0.204952 0.00079558 0)
(0.204925 0.0007327 0)
(0.204895 0.000672344 0)
(0.204863 0.000614994 0)
(0.204829 0.000561068 0)
(0.204792 0.000510891 0)
(0.204755 0.00046468 0)
(0.204716 0.000422546 0)
(0.204677 0.000384502 0)
(0.204638 0.000350472 0)
(0.204599 0.000320314 0)
(0.204561 0.000293834 0)
(0.204523 0.000270804 0)
(0.204486 0.000250971 0)
(0.204449 0.000234066 0)
(0.204414 0.000219796 0)
(0.204379 0.000207838 0)
(0.204345 0.000197841 0)
(0.204302 0.000189501 0)
(0.200704 0.00430398 0)
(0.200921 0.00457604 0)
(0.201151 0.00482291 0)
(0.201398 0.00504029 0)
(0.201662 0.00522455 0)
(0.201936 0.00537369 0)
(0.202212 0.00548735 0)
(0.202486 0.00556656 0)
(0.202751 0.00561342 0)
(0.203005 0.00563078 0)
(0.203243 0.00562205 0)
(0.203464 0.00559092 0)
(0.203666 0.00554114 0)
(0.203848 0.00547635 0)
(0.204011 0.00539995 0)
(0.204155 0.00531496 0)
(0.204281 0.00522399 0)
(0.204391 0.00512924 0)
(0.204486 0.00503247 0)
(0.204567 0.00493508 0)
(0.204636 0.0048381 0)
(0.204694 0.0047423 0)
(0.204743 0.00464819 0)
(0.204784 0.00455612 0)
(0.204817 0.00446627 0)
(0.204845 0.00437873 0)
(0.204867 0.00429351 0)
(0.204885 0.00421057 0)
(0.204899 0.00412983 0)
(0.20491 0.00405119 0)
(0.204918 0.00397456 0)
(0.204923 0.00389981 0)
(0.204927 0.00382683 0)
(0.204928 0.00375552 0)
(0.204929 0.00368576 0)
(0.204928 0.00361746 0)
(0.204926 0.00355051 0)
(0.204924 0.00348483 0)
(0.20492 0.00342031 0)
(0.204917 0.00335688 0)
(0.204913 0.00329445 0)
(0.204909 0.00323294 0)
(0.204905 0.00317227 0)
(0.204901 0.00311237 0)
(0.204896 0.00305316 0)
(0.204892 0.00299457 0)
(0.204889 0.00293653 0)
(0.204885 0.00287897 0)
(0.204882 0.00282181 0)
(0.204878 0.00276498 0)
(0.204876 0.00270843 0)
(0.204873 0.00265207 0)
(0.204871 0.00259583 0)
(0.20487 0.00253966 0)
(0.204868 0.00248347 0)
(0.204867 0.00242721 0)
(0.204866 0.00237081 0)
(0.204866 0.00231419 0)
(0.204866 0.00225729 0)
(0.204866 0.00220006 0)
(0.204866 0.00214243 0)
(0.204867 0.00208433 0)
(0.204868 0.00202572 0)
(0.204868 0.00196654 0)
(0.204869 0.00190675 0)
(0.204869 0.0018463 0)
(0.204869 0.00178515 0)
(0.204869 0.00172329 0)
(0.204869 0.0016607 0)
(0.204867 0.00159736 0)
(0.204865 0.00153328 0)
(0.204863 0.00146849 0)
(0.204859 0.00140304 0)
(0.204854 0.00133698 0)
(0.204847 0.00127042 0)
(0.204839 0.00120349 0)
(0.204829 0.00113636 0)
(0.204817 0.00106927 0)
(0.204802 0.00100249 0)
(0.204785 0.000936368 0)
(0.204766 0.000871293 0)
(0.204743 0.000807707 0)
(0.204718 0.000746076 0)
(0.204691 0.00068687 0)
(0.204661 0.000630526 0)
(0.20463 0.00057743 0)
(0.204596 0.000527884 0)
(0.204561 0.000482101 0)
(0.204525 0.000440198 0)
(0.204489 0.000402204 0)
(0.204453 0.000368069 0)
(0.204416 0.000337679 0)
(0.20438 0.000310869 0)
(0.204344 0.000287442 0)
(0.204309 0.000267172 0)
(0.204275 0.000249817 0)
(0.204241 0.000235116 0)
(0.204208 0.000222793 0)
(0.204175 0.000212572 0)
(0.204134 0.000204268 0)
(0.200733 0.0041391 0)
(0.200929 0.00439016 0)
(0.201135 0.00461951 0)
(0.201356 0.00482369 0)
(0.201591 0.0049996 0)
(0.201835 0.00514531 0)
(0.202082 0.00526021 0)
(0.202328 0.00534486 0)
(0.202568 0.0054007 0)
(0.202799 0.00542987 0)
(0.203018 0.00543504 0)
(0.203222 0.00541916 0)
(0.20341 0.00538533 0)
(0.203582 0.00533661 0)
(0.203736 0.00527591 0)
(0.203875 0.00520591 0)
(0.203997 0.00512895 0)
(0.204105 0.00504707 0)
(0.204198 0.00496196 0)
(0.204279 0.00487498 0)
(0.204349 0.00478723 0)
(0.204409 0.00469952 0)
(0.204459 0.00461246 0)
(0.204502 0.00452649 0)
(0.204538 0.0044419 0)
(0.204567 0.00435888 0)
(0.204592 0.00427752 0)
(0.204612 0.00419787 0)
(0.204628 0.00411994 0)
(0.20464 0.00404368 0)
(0.20465 0.00396905 0)
(0.204657 0.00389599 0)
(0.204662 0.00382443 0)
(0.204666 0.00375429 0)
(0.204668 0.00368549 0)
(0.204668 0.00361798 0)
(0.204668 0.00355166 0)
(0.204667 0.00348646 0)
(0.204665 0.00342232 0)
(0.204662 0.00335916 0)
(0.20466 0.00329691 0)
(0.204656 0.00323551 0)
(0.204653 0.00317488 0)
(0.20465 0.00311496 0)
(0.204647 0.00305569 0)
(0.204643 0.002997 0)
(0.20464 0.00293883 0)
(0.204637 0.0028811 0)
(0.204635 0.00282375 0)
(0.204632 0.00276673 0)
(0.20463 0.00270996 0)
(0.204628 0.00265338 0)
(0.204627 0.00259693 0)
(0.204625 0.00254054 0)
(0.204625 0.00248414 0)
(0.204624 0.00242768 0)
(0.204624 0.00237108 0)
(0.204623 0.00231429 0)
(0.204624 0.00225725 0)
(0.204624 0.00219989 0)
(0.204625 0.00214216 0)
(0.204625 0.002084 0)
(0.204626 0.00202536 0)
(0.204627 0.00196619 0)
(0.204628 0.00190646 0)
(0.204628 0.00184612 0)
(0.204628 0.00178514 0)
(0.204628 0.0017235 0)
(0.204628 0.0016612 0)
(0.204627 0.00159822 0)
(0.204625 0.00153458 0)
(0.204623 0.00147031 0)
(0.204619 0.00140547 0)
(0.204614 0.00134011 0)
(0.204608 0.00127435 0)
(0.2046 0.00120831 0)
(0.204591 0.00114218 0)
(0.204579 0.00107618 0)
(0.204566 0.00101056 0)
(0.20455 0.000945663 0)
(0.204531 0.000881839 0)
(0.204511 0.000819497 0)
(0.204487 0.000759061 0)
(0.204462 0.000700957 0)
(0.204434 0.000645584 0)
(0.204405 0.000593297 0)
(0.204373 0.000544378 0)
(0.204341 0.000499034 0)
(0.204307 0.000457386 0)
(0.204273 0.000419478 0)
(0.204239 0.00038528 0)
(0.204205 0.000354704 0)
(0.204171 0.000327614 0)
(0.204137 0.000303839 0)
(0.204104 0.000283182 0)
(0.204071 0.000265428 0)
(0.204039 0.000250348 0)
(0.204007 0.000237707 0)
(0.203976 0.000227288 0)
(0.203936 0.000218957 0)
(0.200744 0.0039839 0)
(0.200921 0.00421695 0)
(0.201105 0.00443111 0)
(0.201301 0.00462362 0)
(0.201511 0.00479182 0)
(0.201728 0.00493393 0)
(0.201949 0.00504922 0)
(0.202169 0.00513789 0)
(0.202386 0.00520093 0)
(0.202595 0.00523989 0)
(0.202794 0.00525684 0)
(0.202982 0.00525412 0)
(0.203156 0.00523426 0)
(0.203317 0.00519982 0)
(0.203463 0.00515328 0)
(0.203594 0.00509697 0)
(0.203712 0.00503298 0)
(0.203816 0.00496317 0)
(0.203908 0.00488913 0)
(0.203988 0.00481218 0)
(0.204057 0.00473341 0)
(0.204117 0.00465368 0)
(0.204169 0.00457366 0)
(0.204212 0.00449385 0)
(0.20425 0.00441462 0)
(0.204281 0.00433625 0)
(0.204307 0.00425892 0)
(0.204328 0.00418273 0)
(0.204346 0.00410777 0)
(0.20436 0.00403405 0)
(0.204372 0.00396158 0)
(0.20438 0.00389036 0)
(0.204387 0.00382034 0)
(0.204392 0.0037515 0)
(0.204395 0.00368379 0)
(0.204397 0.00361716 0)
(0.204398 0.00355157 0)
(0.204398 0.00348695 0)
(0.204397 0.00342326 0)
(0.204395 0.00336045 0)
(0.204394 0.00329845 0)
(0.204391 0.00323721 0)
(0.204389 0.00317668 0)
(0.204387 0.0031168 0)
(0.204384 0.00305751 0)
(0.204382 0.00299876 0)
(0.204379 0.00294048 0)
(0.204377 0.00288263 0)
(0.204375 0.00282513 0)
(0.204373 0.00276794 0)
(0.204371 0.00271099 0)
(0.20437 0.00265422 0)
(0.204369 0.00259757 0)
(0.204368 0.00254098 0)
(0.204367 0.0024844 0)
(0.204367 0.00242775 0)
(0.204367 0.00237099 0)
(0.204367 0.00231404 0)
(0.204368 0.00225687 0)
(0.204368 0.0021994 0)
(0.204369 0.00214159 0)
(0.20437 0.00208338 0)
(0.20437 0.00202473 0)
(0.204371 0.00196559 0)
(0.204372 0.00190592 0)
(0.204373 0.0018457 0)
(0.204373 0.0017849 0)
(0.204373 0.0017235 0)
(0.204372 0.00166149 0)
(0.204371 0.00159888 0)
(0.20437 0.00153568 0)
(0.204367 0.00147193 0)
(0.204364 0.00140769 0)
(0.204359 0.00134303 0)
(0.204353 0.00127806 0)
(0.204346 0.0012129 0)
(0.204337 0.00114774 0)
(0.204326 0.00108279 0)
(0.204313 0.0010183 0)
(0.204298 0.000954566 0)
(0.204281 0.000891937 0)
(0.204261 0.000830781 0)
(0.20424 0.000771484 0)
(0.204216 0.000714433 0)
(0.20419 0.000659995 0)
(0.204162 0.000608494 0)
(0.204133 0.000560197 0)
(0.204103 0.000515301 0)
(0.204072 0.000473931 0)
(0.20404 0.000436143 0)
(0.204008 0.000401925 0)
(0.203975 0.000371212 0)
(0.203943 0.000343893 0)
(0.203911 0.000319824 0)
(0.20388 0.000298834 0)
(0.203849 0.000280736 0)
(0.203818 0.00026533 0)
(0.203788 0.00025242 0)
(0.203758 0.000241829 0)
(0.20372 0.000233434 0)
(0.200738 0.00383804 0)
(0.200897 0.00405554 0)
(0.201062 0.0042565 0)
(0.201237 0.0044387 0)
(0.201422 0.00459989 0)
(0.201616 0.00473846 0)
(0.201812 0.00485362 0)
(0.202009 0.00494536 0)
(0.202203 0.00501428 0)
(0.202392 0.0050615 0)
(0.202573 0.00508857 0)
(0.202744 0.00509735 0)
(0.202905 0.00508986 0)
(0.203054 0.00506821 0)
(0.20319 0.00503451 0)
(0.203314 0.00499074 0)
(0.203426 0.00493876 0)
(0.203525 0.00488025 0)
(0.203614 0.00481668 0)
(0.203692 0.00474931 0)
(0.20376 0.00467921 0)
(0.20382 0.00460723 0)
(0.203871 0.00453411 0)
(0.203916 0.00446039 0)
(0.203953 0.00438651 0)
(0.203986 0.0043128 0)
(0.204013 0.00423952 0)
(0.204035 0.00416685 0)
(0.204054 0.00409491 0)
(0.20407 0.00402379 0)
(0.204082 0.00395355 0)
(0.204092 0.00388422 0)
(0.2041 0.00381581 0)
(0.204106 0.00374833 0)
(0.20411 0.00368175 0)
(0.204113 0.00361606 0)
(0.204115 0.00355123 0)
(0.204116 0.00348724 0)
(0.204116 0.00342404 0)
(0.204115 0.0033616 0)
(0.204114 0.00329989 0)
(0.204113 0.00323885 0)
(0.204112 0.00317845 0)
(0.20411 0.00311863 0)
(0.204108 0.00305935 0)
(0.204106 0.00300056 0)
(0.204104 0.00294222 0)
(0.204103 0.00288426 0)
(0.204101 0.00282664 0)
(0.2041 0.0027693 0)
(0.204098 0.00271218 0)
(0.204097 0.00265524 0)
(0.204097 0.00259842 0)
(0.204096 0.00254166 0)
(0.204096 0.0024849 0)
(0.204096 0.00242809 0)
(0.204096 0.00237118 0)
(0.204096 0.0023141 0)
(0.204096 0.0022568 0)
(0.204097 0.00219924 0)
(0.204098 0.00214136 0)
(0.204099 0.00208311 0)
(0.2041 0.00202446 0)
(0.2041 0.00196536 0)
(0.204101 0.00190578 0)
(0.204102 0.00184569 0)
(0.204102 0.00178507 0)
(0.204102 0.0017239 0)
(0.204102 0.00166219 0)
(0.204101 0.00159995 0)
(0.204099 0.00153719 0)
(0.204096 0.00147396 0)
(0.204093 0.00141032 0)
(0.204089 0.00134634 0)
(0.204083 0.00128213 0)
(0.204076 0.00121782 0)
(0.204067 0.0011536 0)
(0.204057 0.00108965 0)
(0.204045 0.00102623 0)
(0.204031 0.000963614 0)
(0.204015 0.000902117 0)
(0.203997 0.000842081 0)
(0.203976 0.000783858 0)
(0.203954 0.000727804 0)
(0.20393 0.000674252 0)
(0.203905 0.000623501 0)
(0.203878 0.000575801 0)
(0.203849 0.000531344 0)
(0.20382 0.000490254 0)
(0.203791 0.000452598 0)
(0.203761 0.00041838 0)
(0.203731 0.000387555 0)
(0.203701 0.000360036 0)
(0.203671 0.000335703 0)
(0.203641 0.000314411 0)
(0.203612 0.000295999 0)
(0.203583 0.000280298 0)
(0.203554 0.000267141 0)
(0.203526 0.000256384 0)
(0.20349 0.00024789 0)
(0.200714 0.00367685 0)
(0.200854 0.0038785 0)
(0.200997 0.00406582 0)
(0.201148 0.00423709 0)
(0.201308 0.00439048 0)
(0.201475 0.00452462 0)
(0.201645 0.00463874 0)
(0.201816 0.00473267 0)
(0.201985 0.00480671 0)
(0.20215 0.00486161 0)
(0.20231 0.00489846 0)
(0.202462 0.00491862 0)
(0.202605 0.00492365 0)
(0.202739 0.0049152 0)
(0.202863 0.00489496 0)
(0.202977 0.00486458 0)
(0.20308 0.00482563 0)
(0.203173 0.00477956 0)
(0.203256 0.00472768 0)
(0.20333 0.00467116 0)
(0.203395 0.004611 0)
(0.203453 0.00454806 0)
(0.203503 0.00448305 0)
(0.203547 0.00441659 0)
(0.203584 0.00434914 0)
(0.203616 0.00428111 0)
(0.203644 0.00421282 0)
(0.203667 0.00414449 0)
(0.203686 0.00407634 0)
(0.203703 0.0040085 0)
(0.203716 0.00394108 0)
(0.203727 0.00387417 0)
(0.203736 0.00380783 0)
(0.203743 0.0037421 0)
(0.203748 0.003677 0)
(0.203752 0.00361255 0)
(0.203755 0.00354875 0)
(0.203756 0.00348559 0)
(0.203758 0.00342307 0)
(0.203758 0.00336117 0)
(0.203758 0.00329987 0)
(0.203757 0.00323913 0)
(0.203757 0.00317894 0)
(0.203756 0.00311925 0)
(0.203755 0.00306004 0)
(0.203754 0.00300126 0)
(0.203752 0.00294287 0)
(0.203751 0.00288482 0)
(0.20375 0.00282709 0)
(0.20375 0.00276961 0)
(0.203749 0.00271233 0)
(0.203748 0.00265522 0)
(0.203748 0.00259822 0)
(0.203748 0.00254128 0)
(0.203748 0.00248434 0)
(0.203748 0.00242736 0)
(0.203749 0.00237029 0)
(0.203749 0.00231307 0)
(0.20375 0.00225566 0)
(0.203751 0.002198 0)
(0.203752 0.00214006 0)
(0.203753 0.0020818 0)
(0.203754 0.00202316 0)
(0.203755 0.00196412 0)
(0.203756 0.00190465 0)
(0.203756 0.00184473 0)
(0.203757 0.00178433 0)
(0.203757 0.00172346 0)
(0.203757 0.00166212 0)
(0.203756 0.00160032 0)
(0.203755 0.00153808 0)
(0.203752 0.00147546 0)
(0.203749 0.00141252 0)
(0.203745 0.00134933 0)
(0.20374 0.00128601 0)
(0.203734 0.00122269 0)
(0.203726 0.00115953 0)
(0.203717 0.00109674 0)
(0.203706 0.00103453 0)
(0.203693 0.000973179 0)
(0.203679 0.000912961 0)
(0.203662 0.00085419 0)
(0.203644 0.000797185 0)
(0.203624 0.000742263 0)
(0.203603 0.000689727 0)
(0.20358 0.00063985 0)
(0.203556 0.000592862 0)
(0.20353 0.000548944 0)
(0.203504 0.000508224 0)
(0.203478 0.000470776 0)
(0.20345 0.000436621 0)
(0.203423 0.000405735 0)
(0.203396 0.000378055 0)
(0.203369 0.000353489 0)
(0.203342 0.00033192 0)
(0.203315 0.000313215 0)
(0.203288 0.000297239 0)
(0.203262 0.000283856 0)
(0.203235 0.000272953 0)
(0.203203 0.000264428 0)
(0.200663 0.00350338 0)
(0.200782 0.00369001 0)
(0.200902 0.00386438 0)
(0.201029 0.00402526 0)
(0.201163 0.00417119 0)
(0.201303 0.004301 0)
(0.201446 0.004414 0)
(0.201589 0.00450987 0)
(0.201732 0.00458872 0)
(0.201873 0.00465093 0)
(0.202009 0.00469721 0)
(0.20214 0.00472849 0)
(0.202264 0.00474587 0)
(0.202382 0.00475058 0)
(0.202491 0.00474392 0)
(0.202592 0.00472719 0)
(0.202685 0.00470166 0)
(0.20277 0.00466856 0)
(0.202846 0.004629 0)
(0.202915 0.00458403 0)
(0.202976 0.00453457 0)
(0.203031 0.00448145 0)
(0.203079 0.00442536 0)
(0.203121 0.00436694 0)
(0.203157 0.0043067 0)
(0.203189 0.00424508 0)
(0.203217 0.00418245 0)
(0.20324 0.00411912 0)
(0.20326 0.00405533 0)
(0.203277 0.00399129 0)
(0.203292 0.00392717 0)
(0.203304 0.00386312 0)
(0.203313 0.00379922 0)
(0.203321 0.00373558 0)
(0.203328 0.00367225 0)
(0.203333 0.00360929 0)
(0.203337 0.00354673 0)
(0.20334 0.0034846 0)
(0.203342 0.00342292 0)
(0.203344 0.00336168 0)
(0.203345 0.0033009 0)
(0.203345 0.00324056 0)
(0.203345 0.00318065 0)
(0.203345 0.00312116 0)
(0.203345 0.00306205 0)
(0.203345 0.00300331 0)
(0.203344 0.0029449 0)
(0.203344 0.00288679 0)
(0.203344 0.00282895 0)
(0.203344 0.00277133 0)
(0.203343 0.0027139 0)
(0.203343 0.00265661 0)
(0.203343 0.00259942 0)
(0.203344 0.00254229 0)
(0.203344 0.00248517 0)
(0.203345 0.00242801 0)
(0.203345 0.00237077 0)
(0.203346 0.0023134 0)
(0.203347 0.00225587 0)
(0.203348 0.00219812 0)
(0.203349 0.00214012 0)
(0.20335 0.00208183 0)
(0.203351 0.00202322 0)
(0.203352 0.00196425 0)
(0.203353 0.00190491 0)
(0.203354 0.00184518 0)
(0.203354 0.00178505 0)
(0.203355 0.00172451 0)
(0.203354 0.00166357 0)
(0.203354 0.00160226 0)
(0.203352 0.00154061 0)
(0.20335 0.00147867 0)
(0.203347 0.00141649 0)
(0.203344 0.00135418 0)
(0.203339 0.00129183 0)
(0.203333 0.00122958 0)
(0.203326 0.00116759 0)
(0.203318 0.00110603 0)
(0.203308 0.00104513 0)
(0.203297 0.000985126 0)
(0.203284 0.000926268 0)
(0.203269 0.000868838 0)
(0.203253 0.000813119 0)
(0.203235 0.000759395 0)
(0.203216 0.000707934 0)
(0.203196 0.000658982 0)
(0.203175 0.000612752 0)
(0.203152 0.000569413 0)
(0.203129 0.000529094 0)
(0.203105 0.000491876 0)
(0.203081 0.000457797 0)
(0.203057 0.000426853 0)
(0.203032 0.000399007 0)
(0.203008 0.000374195 0)
(0.202983 0.000352331 0)
(0.202959 0.000333313 0)
(0.202935 0.000317037 0)
(0.202911 0.000303402 0)
(0.202887 0.000292322 0)
(0.202857 0.000283756 0)
(0.200589 0.00333912 0)
(0.200686 0.00351285 0)
(0.200785 0.00367597 0)
(0.200889 0.00382759 0)
(0.200998 0.00396658 0)
(0.201111 0.00409197 0)
(0.201228 0.00420314 0)
(0.201345 0.00429977 0)
(0.201462 0.00438179 0)
(0.201577 0.00444939 0)
(0.20169 0.00450298 0)
(0.201799 0.00454319 0)
(0.201904 0.00457076 0)
(0.202003 0.00458658 0)
(0.202096 0.00459161 0)
(0.202183 0.00458686 0)
(0.202264 0.00457332 0)
(0.202338 0.004552 0)
(0.202406 0.00452383 0)
(0.202467 0.0044897 0)
(0.202522 0.00445046 0)
(0.202572 0.00440683 0)
(0.202616 0.00435952 0)
(0.202655 0.0043091 0)
(0.20269 0.00425613 0)
(0.20272 0.00420105 0)
(0.202746 0.00414428 0)
(0.202769 0.00408615 0)
(0.202789 0.00402698 0)
(0.202806 0.00396701 0)
(0.202821 0.00390645 0)
(0.202833 0.0038455 0)
(0.202844 0.00378429 0)
(0.202853 0.00372297 0)
(0.20286 0.00366164 0)
(0.202866 0.00360037 0)
(0.202871 0.00353925 0)
(0.202875 0.00347833 0)
(0.202878 0.00341765 0)
(0.202881 0.00335723 0)
(0.202883 0.00329712 0)
(0.202885 0.00323731 0)
(0.202886 0.0031778 0)
(0.202887 0.00311861 0)
(0.202888 0.00305972 0)
(0.202888 0.00300112 0)
(0.202889 0.00294279 0)
(0.202889 0.00288471 0)
(0.20289 0.00282684 0)
(0.20289 0.00276917 0)
(0.202891 0.00271166 0)
(0.202892 0.00265427 0)
(0.202892 0.00259697 0)
(0.202893 0.00253972 0)
(0.202894 0.00248248 0)
(0.202895 0.00242521 0)
(0.202896 0.00236788 0)
(0.202897 0.00231043 0)
(0.202899 0.00225284 0)
(0.2029 0.00219506 0)
(0.202901 0.00213707 0)
(0.202903 0.00207882 0)
(0.202904 0.0020203 0)
(0.202905 0.00196148 0)
(0.202906 0.00190233 0)
(0.202907 0.00184286 0)
(0.202907 0.00178305 0)
(0.202908 0.0017229 0)
(0.202908 0.00166244 0)
(0.202907 0.00160168 0)
(0.202906 0.00154067 0)
(0.202905 0.00147946 0)
(0.202902 0.00141811 0)
(0.202899 0.00135672 0)
(0.202895 0.00129539 0)
(0.20289 0.00123424 0)
(0.202884 0.00117344 0)
(0.202877 0.00111315 0)
(0.202868 0.00105356 0)
(0.202858 0.000994909 0)
(0.202847 0.000937416 0)
(0.202835 0.000881332 0)
(0.202821 0.000826911 0)
(0.202806 0.000774403 0)
(0.20279 0.000724049 0)
(0.202773 0.00067607 0)
(0.202754 0.000630662 0)
(0.202735 0.000587984 0)
(0.202715 0.000548164 0)
(0.202695 0.000511288 0)
(0.202674 0.000477406 0)
(0.202653 0.000446535 0)
(0.202632 0.000418659 0)
(0.20261 0.000393739 0)
(0.202589 0.000371716 0)
(0.202568 0.000352519 0)
(0.202547 0.000336072 0)
(0.202526 0.000322301 0)
(0.202505 0.000311146 0)
(0.202478 0.000302597 0)
(0.200493 0.00318991 0)
(0.20057 0.00335307 0)
(0.200647 0.00350695 0)
(0.200728 0.00365093 0)
(0.200813 0.00378411 0)
(0.200901 0.00390571 0)
(0.200992 0.00401518 0)
(0.201084 0.00411219 0)
(0.201175 0.0041966 0)
(0.201266 0.00426846 0)
(0.201355 0.00432798 0)
(0.201442 0.00437552 0)
(0.201526 0.0044116 0)
(0.201606 0.00443681 0)
(0.201682 0.00445187 0)
(0.201753 0.00445751 0)
(0.201819 0.0044545 0)
(0.201881 0.00444365 0)
(0.201938 0.00442572 0)
(0.20199 0.00440147 0)
(0.202037 0.00437162 0)
(0.20208 0.00433684 0)
(0.202119 0.00429776 0)
(0.202153 0.00425496 0)
(0.202184 0.00420896 0)
(0.202211 0.00416022 0)
(0.202235 0.00410918 0)
(0.202256 0.0040562 0)
(0.202275 0.00400161 0)
(0.202291 0.00394571 0)
(0.202305 0.00388875 0)
(0.202317 0.00383096 0)
(0.202328 0.00377251 0)
(0.202337 0.00371359 0)
(0.202345 0.00365432 0)
(0.202351 0.00359483 0)
(0.202357 0.00353522 0)
(0.202362 0.00347558 0)
(0.202366 0.00341597 0)
(0.202369 0.00335644 0)
(0.202372 0.00329705 0)
(0.202375 0.00323782 0)
(0.202377 0.00317878 0)
(0.202379 0.00311994 0)
(0.202381 0.00306131 0)
(0.202382 0.00300289 0)
(0.202384 0.00294467 0)
(0.202385 0.00288664 0)
(0.202387 0.00282878 0)
(0.202388 0.00277107 0)
(0.202389 0.0027135 0)
(0.202391 0.00265603 0)
(0.202392 0.00259862 0)
(0.202394 0.00254126 0)
(0.202395 0.00248391 0)
(0.202397 0.00242654 0)
(0.202398 0.0023691 0)
(0.2024 0.00231157 0)
(0.202401 0.00225391 0)
(0.202403 0.0021961 0)
(0.202405 0.0021381 0)
(0.202406 0.00207988 0)
(0.202408 0.00202142 0)
(0.202409 0.00196271 0)
(0.202411 0.00190374 0)
(0.202412 0.00184448 0)
(0.202413 0.00178495 0)
(0.202413 0.00172516 0)
(0.202414 0.00166511 0)
(0.202413 0.00160485 0)
(0.202413 0.00154441 0)
(0.202412 0.00148385 0)
(0.20241 0.00142324 0)
(0.202408 0.00136267 0)
(0.202405 0.00130224 0)
(0.202401 0.00124208 0)
(0.202396 0.00118233 0)
(0.20239 0.00112315 0)
(0.202383 0.00106472 0)
(0.202375 0.00100725 0)
(0.202366 0.000950938 0)
(0.202356 0.000896018 0)
(0.202345 0.000842713 0)
(0.202333 0.000791246 0)
(0.20232 0.000741835 0)
(0.202306 0.000694679 0)
(0.202291 0.000649957 0)
(0.202275 0.000607823 0)
(0.202259 0.0005684 0)
(0.202242 0.000531779 0)
(0.202225 0.000498021 0)
(0.202207 0.000467158 0)
(0.20219 0.000439194 0)
(0.202172 0.000414112 0)
(0.202155 0.000391877 0)
(0.202137 0.000372444 0)
(0.202119 0.000355761 0)
(0.202102 0.00034178 0)
(0.202084 0.000330462 0)
(0.202062 0.000321821 0)
(0.200376 0.00306137 0)
(0.200433 0.00321604 0)
(0.200489 0.00336244 0)
(0.200548 0.00350011 0)
(0.200609 0.00362834 0)
(0.200673 0.00374649 0)
(0.200739 0.00385407 0)
(0.200805 0.00395077 0)
(0.200872 0.0040364 0)
(0.200939 0.00411094 0)
(0.201004 0.00417446 0)
(0.201068 0.00422718 0)
(0.20113 0.00426941 0)
(0.20119 0.00430158 0)
(0.201247 0.00432419 0)
(0.201301 0.00433778 0)
(0.201352 0.00434295 0)
(0.2014 0.00434034 0)
(0.201444 0.00433058 0)
(0.201484 0.0043143 0)
(0.201522 0.00429213 0)
(0.201556 0.00426466 0)
(0.201587 0.00423246 0)
(0.201615 0.00419609 0)
(0.20164 0.00415602 0)
(0.201663 0.00411274 0)
(0.201684 0.00406667 0)
(0.201702 0.00401819 0)
(0.201718 0.00396766 0)
(0.201732 0.00391539 0)
(0.201745 0.00386166 0)
(0.201756 0.00380673 0)
(0.201766 0.00375081 0)
(0.201774 0.00369409 0)
(0.201782 0.00363676 0)
(0.201789 0.00357895 0)
(0.201795 0.00352079 0)
(0.2018 0.00346239 0)
(0.201805 0.00340385 0)
(0.201809 0.00334523 0)
(0.201813 0.0032866 0)
(0.201816 0.00322801 0)
(0.201819 0.0031695 0)
(0.201822 0.00311109 0)
(0.201824 0.00305282 0)
(0.201827 0.00299468 0)
(0.201829 0.00293668 0)
(0.201831 0.00287882 0)
(0.201834 0.0028211 0)
(0.201836 0.00276349 0)
(0.201838 0.00270599 0)
(0.20184 0.00264857 0)
(0.201842 0.00259121 0)
(0.201844 0.00253389 0)
(0.201846 0.00247658 0)
(0.201848 0.00241924 0)
(0.201851 0.00236185 0)
(0.201853 0.00230439 0)
(0.201855 0.00224681 0)
(0.201857 0.00218911 0)
(0.201859 0.00213124 0)
(0.201861 0.0020732 0)
(0.201863 0.00201495 0)
(0.201864 0.00195649 0)
(0.201866 0.00189781 0)
(0.201868 0.00183891 0)
(0.201869 0.00177978 0)
(0.20187 0.00172045 0)
(0.201871 0.00166094 0)
(0.201871 0.00160128 0)
(0.201871 0.00154151 0)
(0.201871 0.00148169 0)
(0.20187 0.0014219 0)
(0.201868 0.00136222 0)
(0.201866 0.00130275 0)
(0.201864 0.00124362 0)
(0.20186 0.00118496 0)
(0.201856 0.00112693 0)
(0.201851 0.00106968 0)
(0.201845 0.00101342 0)
(0.201839 0.000958322 0)
(0.201831 0.000904598 0)
(0.201823 0.000852452 0)
(0.201814 0.000802085 0)
(0.201804 0.000753694 0)
(0.201793 0.000707463 0)
(0.201782 0.000663557 0)
(0.20177 0.000622121 0)
(0.201758 0.000583275 0)
(0.201745 0.000547115 0)
(0.201732 0.000513707 0)
(0.201719 0.000483095 0)
(0.201706 0.000455299 0)
(0.201692 0.000430318 0)
(0.201678 0.000408138 0)
(0.201665 0.000388732 0)
(0.201651 0.000372068 0)
(0.201637 0.000358116 0)
(0.201623 0.000346849 0)
(0.201606 0.000338291 0)
(0.20024 0.00296291 0)
(0.200275 0.00311167 0)
(0.20031 0.00325288 0)
(0.200347 0.0033862 0)
(0.200385 0.00351103 0)
(0.200424 0.00362682 0)
(0.200465 0.00373315 0)
(0.200507 0.00382971 0)
(0.200548 0.00391632 0)
(0.20059 0.00399288 0)
(0.200631 0.00405941 0)
(0.200672 0.00411601 0)
(0.200711 0.00416289 0)
(0.20075 0.00420033 0)
(0.200787 0.00422871 0)
(0.200822 0.00424843 0)
(0.200855 0.00425996 0)
(0.200887 0.00426382 0)
(0.200917 0.00426052 0)
(0.200944 0.00425061 0)
(0.20097 0.00423462 0)
(0.200994 0.0042131 0)
(0.201016 0.00418656 0)
(0.201036 0.0041555 0)
(0.201054 0.0041204 0)
(0.201071 0.00408171 0)
(0.201086 0.00403986 0)
(0.2011 0.00399523 0)
(0.201113 0.00394819 0)
(0.201124 0.00389905 0)
(0.201135 0.00384814 0)
(0.201144 0.0037957 0)
(0.201153 0.00374199 0)
(0.201161 0.00368722 0)
(0.201168 0.00363159 0)
(0.201175 0.00357526 0)
(0.201181 0.00351837 0)
(0.201186 0.00346107 0)
(0.201191 0.00340345 0)
(0.201196 0.00334561 0)
(0.2012 0.00328764 0)
(0.201205 0.00322958 0)
(0.201209 0.00317151 0)
(0.201212 0.00311345 0)
(0.201216 0.00305544 0)
(0.201219 0.0029975 0)
(0.201223 0.00293965 0)
(0.201226 0.00288189 0)
(0.201229 0.00282422 0)
(0.201232 0.00276664 0)
(0.201235 0.00270914 0)
(0.201238 0.00265169 0)
(0.201241 0.0025943 0)
(0.201244 0.00253693 0)
(0.201247 0.00247956 0)
(0.20125 0.00242217 0)
(0.201253 0.00236474 0)
(0.201256 0.00230724 0)
(0.201259 0.00224964 0)
(0.201261 0.00219193 0)
(0.201264 0.00213408 0)
(0.201267 0.00207607 0)
(0.201269 0.00201789 0)
(0.201272 0.00195953 0)
(0.201274 0.00190099 0)
(0.201276 0.00184226 0)
(0.201278 0.00178335 0)
(0.20128 0.00172428 0)
(0.201281 0.00166508 0)
(0.201283 0.00160578 0)
(0.201284 0.00154642 0)
(0.201284 0.00148707 0)
(0.201284 0.0014278 0)
(0.201284 0.00136869 0)
(0.201284 0.00130984 0)
(0.201283 0.00125138 0)
(0.201281 0.00119343 0)
(0.201279 0.00113613 0)
(0.201277 0.00107965 0)
(0.201274 0.00102416 0)
(0.20127 0.000969836 0)
(0.201266 0.000916865 0)
(0.201261 0.000865435 0)
(0.201255 0.000815735 0)
(0.201249 0.000767946 0)
(0.201243 0.00072224 0)
(0.201236 0.000678772 0)
(0.201229 0.000637682 0)
(0.201221 0.000599088 0)
(0.201213 0.000563087 0)
(0.201205 0.000529751 0)
(0.201196 0.000499133 0)
(0.201188 0.000471264 0)
(0.201179 0.000446157 0)
(0.20117 0.00042381 0)
(0.201161 0.000404214 0)
(0.201152 0.000387349 0)
(0.201143 0.000373198 0)
(0.201134 0.000361747 0)
(0.201122 0.000353039 0)
(0.200089 0.00290255 0)
(0.200102 0.0030473 0)
(0.200115 0.00318484 0)
(0.200129 0.00331492 0)
(0.200143 0.00343698 0)
(0.200158 0.00355052 0)
(0.200174 0.00365516 0)
(0.20019 0.00375062 0)
(0.200207 0.00383669 0)
(0.200223 0.0039133 0)
(0.20024 0.0039804 0)
(0.200257 0.00403808 0)
(0.200273 0.00408648 0)
(0.20029 0.00412585 0)
(0.200306 0.00415647 0)
(0.200322 0.0041787 0)
(0.200337 0.00419295 0)
(0.200352 0.00419965 0)
(0.200366 0.00419929 0)
(0.20038 0.00419234 0)
(0.200393 0.0041793 0)
(0.200405 0.00416066 0)
(0.200417 0.00413693 0)
(0.200429 0.00410857 0)
(0.20044 0.00407604 0)
(0.200451 0.00403978 0)
(0.200461 0.0040002 0)
(0.20047 0.00395769 0)
(0.200479 0.00391262 0)
(0.200488 0.00386531 0)
(0.200496 0.00381606 0)
(0.200505 0.00376516 0)
(0.200512 0.00371285 0)
(0.20052 0.00365936 0)
(0.200527 0.00360489 0)
(0.200534 0.00354961 0)
(0.200541 0.00349369 0)
(0.200547 0.00343725 0)
(0.200554 0.00338043 0)
(0.20056 0.00332331 0)
(0.200566 0.00326599 0)
(0.200572 0.00320853 0)
(0.200578 0.003151 0)
(0.200583 0.00309345 0)
(0.200589 0.0030359 0)
(0.200594 0.00297839 0)
(0.2006 0.00292093 0)
(0.200605 0.00286354 0)
(0.20061 0.00280623 0)
(0.200616 0.00274898 0)
(0.200621 0.00269179 0)
(0.200626 0.00263466 0)
(0.200631 0.00257757 0)
(0.200636 0.0025205 0)
(0.200641 0.00246343 0)
(0.200645 0.00240634 0)
(0.20065 0.00234921 0)
(0.200655 0.00229202 0)
(0.200659 0.00223474 0)
(0.200664 0.00217736 0)
(0.200668 0.00211986 0)
(0.200673 0.00206222 0)
(0.200677 0.00200443 0)
(0.200681 0.00194648 0)
(0.200685 0.00188837 0)
(0.200689 0.0018301 0)
(0.200693 0.00177169 0)
(0.200697 0.00171314 0)
(0.2007 0.0016545 0)
(0.200704 0.00159579 0)
(0.200707 0.00153706 0)
(0.20071 0.00147838 0)
(0.200713 0.00141982 0)
(0.200715 0.00136145 0)
(0.200717 0.00130339 0)
(0.200719 0.00124574 0)
(0.200721 0.00118864 0)
(0.200723 0.00113221 0)
(0.200724 0.00107662 0)
(0.200725 0.00102203 0)
(0.200725 0.000968611 0)
(0.200725 0.000916535 0)
(0.200725 0.000865984 0)
(0.200725 0.000817136 0)
(0.200724 0.000770163 0)
(0.200723 0.000725227 0)
(0.200722 0.000682478 0)
(0.200721 0.000642052 0)
(0.200719 0.000604062 0)
(0.200717 0.000568606 0)
(0.200715 0.000535759 0)
(0.200713 0.000505576 0)
(0.20071 0.000478093 0)
(0.200707 0.000453331 0)
(0.200705 0.000431294 0)
(0.200702 0.000411978 0)
(0.200699 0.000395369 0)
(0.200695 0.000381452 0)
(0.200692 0.000370201 0)
(0.200688 0.000361634 0)
(0.199867 6.36554e-05 0)
(0.199459 0.000156963 0)
(0.198758 0.000293623 0)
(0.197721 0.000505118 0)
(0.196147 0.000877372 0)
(0.193423 0.00175611 0)
(0.192422 0.00464603 0)
(0.199872 0.000131982 0)
(0.199476 0.000298683 0)
(0.198799 0.000533175 0)
(0.197817 0.000896776 0)
(0.19642 0.00154474 0)
(0.194444 0.00300031 0)
(0.193814 0.00708049 0)
(0.199877 0.000189759 0)
(0.199499 0.000413088 0)
(0.198857 0.000720157 0)
(0.197954 0.00118916 0)
(0.196764 0.0019937 0)
(0.195373 0.00356101 0)
(0.195015 0.00681334 0)
(0.199884 0.000245081 0)
(0.199526 0.000523307 0)
(0.198929 0.000897764 0)
(0.198119 0.00145459 0)
(0.197132 0.0023566 0)
(0.196151 0.00390069 0)
(0.195992 0.00642622 0)
(0.199891 0.00029927 0)
(0.199558 0.000631118 0)
(0.199012 0.00106704 0)
(0.198302 0.00169364 0)
(0.197503 0.002648 0)
(0.196824 0.00411572 0)
(0.196814 0.00616606 0)
(0.199899 0.000351533 0)
(0.199594 0.000733981 0)
(0.199104 0.00122327 0)
(0.198494 0.00190077 0)
(0.197864 0.00287209 0)
(0.19741 0.00423682 0)
(0.197505 0.00594102 0)
(0.199908 0.000401198 0)
(0.199633 0.000830357 0)
(0.199201 0.00136444 0)
(0.198689 0.00207578 0)
(0.198205 0.00303877 0)
(0.19792 0.00429176 0)
(0.198085 0.00573136 0)
(0.199918 0.000447692 0)
(0.199673 0.000919075 0)
(0.1993 0.00148933 0)
(0.198881 0.00221975 0)
(0.198521 0.00315719 0)
(0.198363 0.00429984 0)
(0.198574 0.00553272 0)
(0.199928 0.000490499 0)
(0.199715 0.000999177 0)
(0.1994 0.00159726 0)
(0.199065 0.00233447 0)
(0.19881 0.00323533 0)
(0.198747 0.00427406 0)
(0.198986 0.00534186 0)
(0.199937 0.000529187 0)
(0.199756 0.00106997 0)
(0.199496 0.00168809 0)
(0.199238 0.00242224 0)
(0.199069 0.0032801 0)
(0.199077 0.0042235 0)
(0.199332 0.00515707 0)
(0.199947 0.000563419 0)
(0.199797 0.00113103 0)
(0.199588 0.00176213 0)
(0.199397 0.00248563 0)
(0.1993 0.00329742 0)
(0.19936 0.00415474 0)
(0.199622 0.00497762 0)
(0.199957 0.000592972 0)
(0.199835 0.00118219 0)
(0.199674 0.00182006 0)
(0.199542 0.0025273 0)
(0.199501 0.0032923 0)
(0.199599 0.00407262 0)
(0.199862 0.00480325 0)
(0.199965 0.000617737 0)
(0.199871 0.00122353 0)
(0.199753 0.00186285 0)
(0.19967 0.0025499 0)
(0.199675 0.00326896 0)
(0.1998 0.00398085 0)
(0.200059 0.00463395 0)
(0.199974 0.000637719 0)
(0.199904 0.00125535 0)
(0.199824 0.00189168 0)
(0.199783 0.00255597 0)
(0.199823 0.00323098 0)
(0.199966 0.00388231 0)
(0.200217 0.00446982 0)
(0.199981 0.000653035 0)
(0.199934 0.00127814 0)
(0.199886 0.00190786 0)
(0.19988 0.00254794 0)
(0.199947 0.00318143 0)
(0.2001 0.00377928 0)
(0.200342 0.00431103 0)
(0.199988 0.000663899 0)
(0.199959 0.00129254 0)
(0.199939 0.00191278 0)
(0.199961 0.00252806 0)
(0.200048 0.0031229 0)
(0.200207 0.00367365 0)
(0.200437 0.00415779 0)
(0.199994 0.000670613 0)
(0.199982 0.0012993 0)
(0.199984 0.0019079 0)
(0.200027 0.00249845 0)
(0.200128 0.00305765 0)
(0.200288 0.00356697 0)
(0.200506 0.00401032 0)
(0.199998 0.000673549 0)
(0.2 0.00129928 0)
(0.200021 0.00189466 0)
(0.20008 0.00246105 0)
(0.20019 0.00298765 0)
(0.200348 0.00346057 0)
(0.200553 0.0038689 0)
(0.200002 0.000673138 0)
(0.200015 0.0012934 0)
(0.20005 0.00187449 0)
(0.200121 0.0024176 0)
(0.200235 0.00291455 0)
(0.200388 0.00335552 0)
(0.200579 0.00373374 0)
(0.200005 0.000669842 0)
(0.200026 0.00128267 0)
(0.200071 0.00184893 0)
(0.20015 0.00236997 0)
(0.200265 0.00284008 0)
(0.200412 0.00325296 0)
(0.200588 0.00360515 0)
(0.200008 0.000662687 0)
(0.200036 0.00126462 0)
(0.200089 0.0018131 0)
(0.200172 0.00230979 0)
(0.200285 0.00275162 0)
(0.200422 0.00313568 0)
(0.200581 0.00346147 0)
(0.20001 0.000651105 0)
(0.200042 0.00123818 0)
(0.2001 0.00176575 0)
(0.200182 0.0022361 0)
(0.200288 0.00264892 0)
(0.200411 0.00300445 0)
(0.200549 0.00330471 0)
(0.200011 0.000636407 0)
(0.200044 0.00120661 0)
(0.2001 0.00171304 0)
(0.200177 0.0021587 0)
(0.200271 0.00254556 0)
(0.200378 0.00287629 0)
(0.200494 0.00315471 0)
(0.20001 0.000619945 0)
(0.200041 0.00117259 0)
(0.200091 0.00165886 0)
(0.200158 0.0020824 0)
(0.200237 0.00244692 0)
(0.200324 0.00275685 0)
(0.200418 0.00301722 0)
(0.200008 0.000603579 0)
(0.200034 0.00113959 0)
(0.200074 0.00160792 0)
(0.200126 0.0020127 0)
(0.200187 0.00235888 0)
(0.200252 0.00265206 0)
(0.200321 0.00289804 0)
(0.200006 0.000589689 0)
(0.200023 0.00111197 0)
(0.200049 0.00156613 0)
(0.200083 0.00195666 0)
(0.200122 0.00228931 0)
(0.200163 0.00257039 0)
(0.200206 0.00280614 0)
(0.200002 0.000581182 0)
(0.200008 0.00109506 0)
(0.200018 0.00154062 0)
(0.200031 0.00192256 0)
(0.200045 0.00224703 0)
(0.20006 0.00252072 0)
(0.200076 0.00275006 0)
)
;

boundaryField
{
    top
    {
        type            zeroGradient;
    }
    inlet
    {
        type            fixedValue;
        value           uniform (0.2 0 0);
    }
    outlet
    {
        type            zeroGradient;
    }
    plate
    {
        type            fixedValue;
        value           uniform (0 0 0);
    }
    symmBound
    {
        type            zeroGradient;
    }
    frontAndBack
    {
        type            empty;
    }
}


// ************************************************************************* //
