/*--------------------------------*- C++ -*----------------------------------*\
| =========                 |                                                 |
| \\      /  F ield         | OpenFOAM: The Open Source CFD Toolbox           |
|  \\    /   O peration     | Version:  2.3.0                                 |
|   \\  /    A nd           | Web:      www.OpenFOAM.org                      |
|    \\/     M anipulation  |                                                 |
\*---------------------------------------------------------------------------*/
FoamFile
{
    version     2.0;
    format      ascii;
    class       surfaceScalarField;
    location    "0.15";
    object      phi;
}
// * * * * * * * * * * * * * * * * * * * * * * * * * * * * * * * * * * * * * //

dimensions      [0 3 -1 0 0 0 0];

internalField   nonuniform List<scalar> 
6598
(
2.86419e-08
2.9016e-09
-3.15435e-08
2.57766e-08
2.86528e-09
2.3091e-08
2.68566e-09
2.06158e-08
2.47517e-09
1.83673e-08
2.24852e-09
1.63559e-08
2.01137e-09
1.45838e-08
1.77206e-09
1.30457e-08
1.53818e-09
1.17295e-08
1.31617e-09
1.06182e-08
1.11127e-09
9.69087e-09
9.27352e-10
8.92417e-09
7.66699e-10
8.29421e-09
6.29953e-10
7.77789e-09
5.16321e-10
7.35399e-09
4.23905e-10
7.00388e-09
3.50102e-10
6.7119e-09
2.91989e-10
6.46525e-09
2.46647e-10
6.25386e-09
2.11387e-10
6.06998e-09
1.83881e-10
5.90777e-09
1.6221e-10
5.76291e-09
1.44858e-10
5.63225e-09
1.30665e-10
5.51347e-09
1.18772e-10
5.40492e-09
1.08557e-10
5.30534e-09
9.95765e-11
5.21382e-09
9.15188e-11
5.12965e-09
8.41663e-11
5.05229e-09
7.73658e-11
4.98128e-09
7.10067e-11
4.91628e-09
6.50044e-11
4.85699e-09
5.92857e-11
4.80322e-09
5.37765e-11
4.75483e-09
4.83895e-11
4.71181e-09
4.30148e-11
4.6743e-09
3.75143e-11
4.64257e-09
3.17304e-11
4.61708e-09
2.54871e-11
4.59854e-09
1.85383e-11
4.5878e-09
1.07378e-11
4.58536e-09
2.44436e-12
4.58941e-09
-4.04643e-12
4.59782e-09
-8.4124e-12
4.60915e-09
-1.13303e-11
4.62221e-09
-1.3065e-11
4.63597e-09
-1.37561e-11
4.6496e-09
-1.36278e-11
4.66253e-09
-1.29312e-11
4.67442e-09
-1.18945e-11
4.68512e-09
-1.06951e-11
4.69457e-09
-9.45611e-12
4.70283e-09
-8.25482e-12
4.70996e-09
-7.13485e-12
4.71608e-09
-6.11694e-12
4.72129e-09
-5.20729e-12
4.72569e-09
-4.40363e-12
4.72939e-09
-3.6992e-12
4.73248e-09
-3.08537e-12
4.73503e-09
-2.55307e-12
4.73712e-09
-2.09355e-12
4.73882e-09
-1.69881e-12
4.74018e-09
-1.36158e-12
4.74126e-09
-1.07543e-12
4.74209e-09
-8.34578e-13
4.74273e-09
-6.33894e-13
4.7432e-09
-4.68702e-13
4.74353e-09
-3.34615e-13
4.74376e-09
-2.27624e-13
4.7439e-09
-1.44023e-13
4.74398e-09
-8.05492e-14
4.74402e-09
-3.43616e-14
4.74402e-09
-6.41103e-16
4.74399e-09
2.30761e-14
4.74395e-09
4.15426e-14
4.7439e-09
5.13005e-14
4.74384e-09
5.73117e-14
4.74378e-09
5.98193e-14
4.74373e-09
5.82104e-14
4.74367e-09
5.40468e-14
4.74362e-09
4.88647e-14
4.74358e-09
4.3389e-14
4.74354e-09
3.7924e-14
4.74351e-09
3.27966e-14
4.74348e-09
2.7987e-14
4.74346e-09
2.36415e-14
4.74344e-09
1.98476e-14
4.74342e-09
1.65666e-14
4.74341e-09
1.37772e-14
4.7434e-09
1.14307e-14
4.74339e-09
9.46071e-15
4.74338e-09
7.80531e-15
4.74337e-09
6.43518e-15
4.74337e-09
5.26059e-15
4.74336e-09
4.29762e-15
4.74336e-09
3.44979e-15
4.74336e-09
2.74951e-15
4.74335e-09
2.09869e-15
4.74335e-09
1.52318e-15
4.74335e-09
8.86922e-16
-2.07309e-16
3.4346e-08
3.15623e-09
-3.46007e-08
3.37788e-08
3.43254e-09
3.2981e-08
3.48344e-09
3.20275e-08
3.42867e-09
3.09735e-08
3.30255e-09
2.98645e-08
3.12037e-09
2.87374e-08
2.89914e-09
2.76205e-08
2.65503e-09
2.6535e-08
2.40174e-09
2.54955e-08
2.15069e-09
2.4512e-08
1.91093e-09
2.35897e-08
1.68897e-09
2.27309e-08
1.48877e-09
2.19352e-08
1.31199e-09
2.12007e-08
1.15844e-09
2.05241e-08
1.02664e-09
1.99018e-08
9.14292e-10
1.93297e-08
8.1878e-10
1.88036e-08
7.37454e-10
1.83197e-08
6.6785e-10
1.78741e-08
6.07806e-10
1.74634e-08
5.55493e-10
1.70847e-08
5.09413e-10
1.67351e-08
4.68361e-10
1.64123e-08
4.31378e-10
1.61141e-08
3.97704e-10
1.58389e-08
3.66735e-10
1.55851e-08
3.37987e-10
1.53514e-08
3.11062e-10
1.51368e-08
2.85624e-10
1.49404e-08
2.6138e-10
1.47617e-08
2.38053e-10
1.46001e-08
2.15369e-10
1.44554e-08
1.93038e-10
1.43277e-08
1.7075e-10
1.4217e-08
1.48182e-10
1.41237e-08
1.2502e-10
1.40482e-08
1.01025e-10
1.39906e-08
7.60948e-11
1.3951e-08
5.0367e-11
1.39295e-08
2.39355e-11
1.39261e-08
-6.39758e-13
1.39368e-08
-1.90986e-11
1.39565e-08
-3.10307e-11
1.39818e-08
-3.83608e-11
1.40101e-08
-4.20664e-11
1.40394e-08
-4.29756e-11
1.40684e-08
-4.18773e-11
1.4096e-08
-3.94699e-11
1.41216e-08
-3.6311e-11
1.41449e-08
-3.28075e-11
1.41659e-08
-2.92346e-11
1.41845e-08
-2.57655e-11
1.42009e-08
-2.25005e-11
1.42152e-08
-1.94905e-11
1.42276e-08
-1.67551e-11
1.42382e-08
-1.42952e-11
1.42472e-08
-1.21011e-11
1.42548e-08
-1.01582e-11
1.42611e-08
-8.44931e-12
1.42664e-08
-6.95691e-12
1.42707e-08
-5.66352e-12
1.42742e-08
-4.55208e-12
1.42769e-08
-3.60609e-12
1.42791e-08
-2.80953e-12
1.42808e-08
-2.14686e-12
1.42821e-08
-1.60281e-12
1.4283e-08
-1.16266e-12
1.42837e-08
-8.12409e-13
1.42841e-08
-5.39166e-13
1.42844e-08
-3.3146e-13
1.42846e-08
-1.78862e-13
1.42847e-08
-7.42925e-14
1.42847e-08
-2.45603e-15
1.42847e-08
4.5596e-14
1.42847e-08
8.15704e-14
1.42847e-08
1.03291e-13
1.42846e-08
1.11015e-13
1.42846e-08
1.09796e-13
1.42845e-08
1.03739e-13
1.42845e-08
9.50276e-14
1.42844e-08
8.50196e-14
1.42844e-08
7.479e-14
1.42843e-08
6.46669e-14
1.42843e-08
5.52296e-14
1.42843e-08
4.67641e-14
1.42843e-08
3.9343e-14
1.42842e-08
3.29457e-14
1.42842e-08
2.75048e-14
1.42842e-08
2.29041e-14
1.42842e-08
1.90178e-14
1.42842e-08
1.57623e-14
1.42842e-08
1.29962e-14
1.42842e-08
1.0674e-14
1.42842e-08
8.66989e-15
1.42842e-08
6.94981e-15
1.42842e-08
5.39159e-15
1.42842e-08
3.93221e-15
1.42842e-08
2.32628e-15
-2.53942e-16
3.64395e-08
2.97209e-09
-3.62554e-08
3.65327e-08
3.33936e-09
3.65026e-08
3.51353e-09
3.63539e-08
3.57739e-09
3.60961e-08
3.56039e-09
3.57428e-08
3.47361e-09
3.53112e-08
3.33078e-09
3.48187e-08
3.14755e-09
3.42818e-08
2.93862e-09
3.37154e-08
2.71705e-09
3.31324e-08
2.49396e-09
3.25433e-08
2.27811e-09
3.19564e-08
2.07567e-09
3.1378e-08
1.89035e-09
3.08127e-08
1.72372e-09
3.02636e-08
1.57573e-09
2.97327e-08
1.44522e-09
2.92211e-08
1.33038e-09
2.87294e-08
1.22913e-09
2.82579e-08
1.13941e-09
2.78064e-08
1.05928e-09
2.73748e-08
9.87056e-10
2.69629e-08
9.21295e-10
2.65705e-08
8.60812e-10
2.61972e-08
8.04632e-10
2.5843e-08
7.5196e-10
2.55076e-08
7.02144e-10
2.51909e-08
6.54639e-10
2.4893e-08
6.08978e-10
2.46139e-08
5.64747e-10
2.43537e-08
5.21561e-10
2.41127e-08
4.79043e-10
2.38913e-08
4.36813e-10
2.36898e-08
3.94475e-10
2.35089e-08
3.51637e-10
2.33492e-08
3.07939e-10
2.32111e-08
2.63123e-10
2.3095e-08
2.17152e-10
2.30007e-08
1.70373e-10
2.29273e-08
1.23772e-10
2.28722e-08
7.90305e-11
2.28343e-08
3.7205e-11
2.28155e-08
-2.34507e-13
2.28142e-08
-2.97334e-11
2.28258e-08
-4.99507e-11
2.28465e-08
-6.27879e-11
2.28733e-08
-6.97841e-11
2.29037e-08
-7.23288e-11
2.29359e-08
-7.16686e-11
2.29685e-08
-6.88431e-11
2.30003e-08
-6.46591e-11
2.30308e-08
-5.97095e-11
2.30594e-08
-5.44102e-11
2.3086e-08
-4.90417e-11
2.31103e-08
-4.37858e-11
2.31323e-08
-3.87558e-11
2.3152e-08
-3.4019e-11
2.31695e-08
-2.96132e-11
2.31849e-08
-2.55571e-11
2.31983e-08
-2.18575e-11
2.32099e-08
-1.85137e-11
2.32197e-08
-1.55196e-11
2.32281e-08
-1.28649e-11
2.3235e-08
-1.05359e-11
2.32407e-08
-8.5156e-12
2.32453e-08
-6.78454e-12
2.3249e-08
-5.32052e-12
2.3252e-08
-4.09954e-12
2.32543e-08
-3.09646e-12
2.3256e-08
-2.28589e-12
2.32573e-08
-1.64294e-12
2.32583e-08
-1.14312e-12
2.3259e-08
-7.6341e-13
2.32595e-08
-4.78883e-13
2.32598e-08
-2.7359e-13
2.326e-08
-1.29799e-13
2.32601e-08
-3.61044e-14
2.32602e-08
1.97711e-14
2.32603e-08
5.43238e-14
2.32603e-08
7.43423e-14
2.32603e-08
8.32546e-14
2.32603e-08
8.43982e-14
2.32603e-08
8.07538e-14
2.32603e-08
7.39001e-14
2.32603e-08
6.57816e-14
2.32603e-08
5.74381e-14
2.32603e-08
4.94887e-14
2.32603e-08
4.22332e-14
2.32602e-08
3.58088e-14
2.32602e-08
3.0215e-14
2.32602e-08
2.53844e-14
2.32602e-08
2.12569e-14
2.32602e-08
1.77076e-14
2.32602e-08
1.4667e-14
2.32602e-08
1.20189e-14
2.32602e-08
9.68215e-15
2.32602e-08
7.53452e-15
2.32602e-08
5.42947e-15
2.32602e-08
2.9965e-15
-8.49913e-16
3.80114e-08
2.74887e-09
-3.77882e-08
3.82365e-08
3.11425e-09
3.84228e-08
3.32726e-09
3.85586e-08
3.44163e-09
3.86366e-08
3.48235e-09
3.86525e-08
3.4577e-09
3.86064e-08
3.37689e-09
3.85019e-08
3.25205e-09
3.83449e-08
3.09565e-09
3.81426e-08
2.91939e-09
3.79028e-08
2.73375e-09
3.76333e-08
2.54753e-09
3.73415e-08
2.36746e-09
3.70338e-08
2.19813e-09
3.67154e-08
2.04212e-09
3.63907e-08
1.9004e-09
3.60632e-08
1.77274e-09
3.57354e-08
1.65813e-09
3.54094e-08
1.55513e-09
3.50867e-08
1.46213e-09
3.47685e-08
1.37753e-09
3.44557e-08
1.29987e-09
3.41491e-08
1.22785e-09
3.38495e-08
1.16038e-09
3.35577e-08
1.09651e-09
3.32742e-08
1.03545e-09
3.29998e-08
9.76557e-10
3.27351e-08
9.19246e-10
3.24811e-08
8.63019e-10
3.22384e-08
8.07416e-10
3.2008e-08
7.52001e-10
3.17907e-08
6.96342e-10
3.15875e-08
6.40008e-10
3.13994e-08
5.82574e-10
3.12274e-08
5.23655e-10
3.10724e-08
4.62966e-10
3.09351e-08
4.00428e-10
3.08159e-08
3.36318e-10
3.07148e-08
2.71452e-10
3.06312e-08
2.07368e-10
3.05639e-08
1.46325e-10
3.05104e-08
9.06973e-11
3.04688e-08
4.13636e-11
3.04405e-08
-1.36476e-12
3.04259e-08
-3.54021e-11
3.04231e-08
-5.99607e-11
3.04298e-08
-7.65345e-11
3.04441e-08
-8.66366e-11
3.04642e-08
-9.16955e-11
3.04883e-08
-9.29804e-11
3.05152e-08
-9.15448e-11
3.05437e-08
-8.82182e-11
3.05729e-08
-8.36294e-11
3.06021e-08
-7.82427e-11
3.06307e-08
-7.23939e-11
3.06583e-08
-6.63243e-11
3.06845e-08
-6.02071e-11
3.0709e-08
-5.41682e-11
3.07318e-08
-4.8301e-11
3.07526e-08
-4.26764e-11
3.07714e-08
-3.73494e-11
3.07883e-08
-3.23629e-11
3.08032e-08
-2.7749e-11
3.08162e-08
-2.35309e-11
3.08274e-08
-1.9722e-11
3.08369e-08
-1.63271e-11
3.08449e-08
-1.33418e-11
3.08516e-08
-1.07535e-11
3.0857e-08
-8.54217e-12
3.08614e-08
-6.68203e-12
3.08649e-08
-5.1426e-12
3.08677e-08
-3.88985e-12
3.08698e-08
-2.888e-12
3.08714e-08
-2.09956e-12
3.08726e-08
-1.49238e-12
3.08735e-08
-1.03405e-12
3.08742e-08
-6.95953e-13
3.08747e-08
-4.53196e-13
3.0875e-08
-2.82078e-13
3.08753e-08
-1.64234e-13
3.08754e-08
-8.56315e-14
3.08755e-08
-3.51615e-14
3.08756e-08
-4.37531e-15
3.08757e-08
1.25524e-14
3.08757e-08
2.16865e-14
3.08758e-08
2.57183e-14
3.08758e-08
2.65916e-14
3.08758e-08
2.5612e-14
3.08758e-08
2.36655e-14
3.08758e-08
2.12903e-14
3.08758e-08
1.87932e-14
3.08758e-08
1.63668e-14
3.08758e-08
1.40718e-14
3.08758e-08
1.19396e-14
3.08758e-08
9.95084e-15
3.08758e-08
8.05085e-15
3.08758e-08
6.16563e-15
3.08758e-08
4.11794e-15
3.08758e-08
1.46065e-15
-2.85782e-15
3.95454e-08
2.55099e-09
-3.93475e-08
3.9773e-08
2.8867e-09
3.99958e-08
3.10446e-09
4.02019e-08
3.23555e-09
4.03836e-08
3.30065e-09
4.05335e-08
3.30774e-09
4.06466e-08
3.26381e-09
4.07204e-08
3.17823e-09
4.07549e-08
3.06117e-09
4.07518e-08
2.92246e-09
4.07144e-08
2.77115e-09
4.06469e-08
2.61512e-09
4.05536e-08
2.46069e-09
4.04393e-08
2.31248e-09
4.0308e-08
2.17342e-09
4.01634e-08
2.045e-09
4.00085e-08
1.92757e-09
3.9846e-08
1.8207e-09
3.96777e-08
1.72342e-09
3.95053e-08
1.63455e-09
3.933e-08
1.5528e-09
3.91529e-08
1.47694e-09
3.8975e-08
1.4058e-09
3.8797e-08
1.33838e-09
3.86197e-08
1.27378e-09
3.84439e-08
1.21124e-09
3.82704e-08
1.15009e-09
3.80999e-08
1.08973e-09
3.79333e-08
1.02963e-09
3.77714e-08
9.69293e-10
3.76151e-08
9.08234e-10
3.74655e-08
8.4599e-10
3.73234e-08
7.82109e-10
3.71898e-08
7.16171e-10
3.70656e-08
6.47841e-10
3.69516e-08
5.76943e-10
3.68485e-08
5.03584e-10
3.67565e-08
4.28305e-10
3.66757e-08
3.52239e-10
3.66059e-08
2.77215e-10
3.65465e-08
2.05667e-10
3.64971e-08
1.40151e-10
3.64559e-08
8.24825e-11
3.64218e-08
3.28095e-11
3.63953e-08
-8.9048e-12
3.63772e-08
-4.18777e-11
3.6367e-08
-6.63488e-11
3.6364e-08
-8.36007e-11
3.63672e-08
-9.49451e-11
3.63758e-08
-1.01597e-10
3.63889e-08
-1.04616e-10
3.64056e-08
-1.04875e-10
3.6425e-08
-1.03071e-10
3.64465e-08
-9.97415e-11
3.64694e-08
-9.52975e-11
3.64931e-08
-9.00528e-11
3.65172e-08
-8.42483e-11
3.65411e-08
-7.80732e-11
3.65645e-08
-7.16809e-11
3.6587e-08
-6.51998e-11
3.66084e-08
-5.8741e-11
3.66284e-08
-5.24026e-11
3.66469e-08
-4.62713e-11
3.66638e-08
-4.04234e-11
3.6679e-08
-3.49235e-11
3.66925e-08
-2.98241e-11
3.67044e-08
-2.51641e-11
3.67146e-08
-2.09683e-11
3.67233e-08
-1.72475e-11
3.67306e-08
-1.3999e-11
3.67367e-08
-1.1208e-11
3.67416e-08
-8.8486e-12
3.67456e-08
-6.8867e-12
3.67488e-08
-5.28147e-12
3.67513e-08
-3.99119e-12
3.67532e-08
-2.97185e-12
3.67547e-08
-2.1807e-12
3.67558e-08
-1.5777e-12
3.67567e-08
-1.12549e-12
3.67573e-08
-7.91701e-13
3.67578e-08
-5.49491e-13
3.67581e-08
-3.76564e-13
3.67584e-08
-2.54849e-13
3.67586e-08
-1.70803e-13
3.67587e-08
-1.13277e-13
3.67588e-08
-7.436e-14
3.67589e-08
-4.82659e-14
3.67589e-08
-3.09132e-14
3.6759e-08
-1.94325e-14
3.6759e-08
-1.18754e-14
3.6759e-08
-6.94463e-15
3.6759e-08
-3.75979e-15
3.67591e-08
-1.76739e-15
3.67591e-08
-6.1147e-16
3.67591e-08
-6.19267e-17
3.67591e-08
-2.54127e-17
3.67591e-08
-4.48379e-16
3.67591e-08
-1.4486e-15
3.67591e-08
-3.28583e-15
-6.8387e-15
4.11197e-08
2.38029e-09
-4.0949e-08
4.13266e-08
2.67974e-09
4.15417e-08
2.88944e-09
4.17528e-08
3.02437e-09
4.19536e-08
3.09987e-09
4.21378e-08
3.12359e-09
4.23001e-08
3.10149e-09
4.24372e-08
3.04113e-09
4.25474e-08
2.95099e-09
4.26304e-08
2.83942e-09
4.26873e-08
2.71421e-09
4.27202e-08
2.58224e-09
4.27317e-08
2.44921e-09
4.27247e-08
2.31946e-09
4.27022e-08
2.19594e-09
4.26668e-08
2.08035e-09
4.2621e-08
1.97341e-09
4.25667e-08
1.87503e-09
4.25054e-08
1.78465e-09
4.24386e-08
1.70139e-09
4.23672e-08
1.62422e-09
4.2292e-08
1.55211e-09
4.22138e-08
1.48404e-09
4.21331e-08
1.41908e-09
4.20504e-08
1.35641e-09
4.19664e-08
1.29526e-09
4.18815e-08
1.23497e-09
4.17964e-08
1.17493e-09
4.17114e-08
1.11458e-09
4.16273e-08
1.0534e-09
4.15446e-08
9.90884e-10
4.14641e-08
9.26549e-10
4.13862e-08
8.59945e-10
4.13117e-08
7.90681e-10
4.12411e-08
7.18484e-10
4.11748e-08
6.43278e-10
4.1113e-08
5.65308e-10
4.10561e-08
4.85274e-10
4.10039e-08
4.04448e-10
4.09564e-08
3.24721e-10
4.09136e-08
2.48467e-10
4.08756e-08
1.78137e-10
4.08424e-08
1.15661e-10
4.08133e-08
6.19242e-11
4.07878e-08
1.65998e-11
4.07665e-08
-2.06387e-11
4.075e-08
-4.98154e-11
4.07382e-08
-7.18186e-11
4.0731e-08
-8.77652e-11
4.07282e-08
-9.87365e-11
4.07293e-08
-1.05702e-10
4.07339e-08
-1.09485e-10
4.07416e-08
-1.10759e-10
4.07519e-08
-1.10059e-10
4.07644e-08
-1.07803e-10
4.07786e-08
-1.0432e-10
4.07943e-08
-9.9865e-11
4.08108e-08
-9.46483e-11
4.0828e-08
-8.88437e-11
4.08454e-08
-8.26037e-11
4.08627e-08
-7.6066e-11
4.08797e-08
-6.93595e-11
4.0896e-08
-6.26055e-11
4.09115e-08
-5.59186e-11
4.0926e-08
-4.9405e-11
4.09393e-08
-4.31605e-11
4.09514e-08
-3.72681e-11
4.09623e-08
-3.17955e-11
4.09718e-08
-2.67934e-11
4.09801e-08
-2.22948e-11
4.09872e-08
-1.83145e-11
4.09932e-08
-1.48503e-11
4.09982e-08
-1.18845e-11
4.10023e-08
-9.38662e-12
4.10056e-08
-7.31809e-12
4.10083e-08
-5.63341e-12
4.10104e-08
-4.28388e-12
4.10121e-08
-3.22042e-12
4.10133e-08
-2.3952e-12
4.10143e-08
-1.76414e-12
4.1015e-08
-1.28853e-12
4.10156e-08
-9.34854e-13
4.1016e-08
-6.74972e-13
4.10163e-08
-4.86207e-13
4.10166e-08
-3.50177e-13
4.10167e-08
-2.52742e-13
4.10169e-08
-1.83186e-13
4.1017e-08
-1.33581e-13
4.10171e-08
-9.81176e-14
4.10171e-08
-7.26425e-14
4.10172e-08
-5.42322e-14
4.10172e-08
-4.08276e-14
4.10172e-08
-3.10131e-14
4.10173e-08
-2.38291e-14
4.10173e-08
-1.85962e-14
4.10173e-08
-1.49136e-14
4.10173e-08
-1.24852e-14
4.10173e-08
-1.12478e-14
4.10173e-08
-1.12468e-14
-1.29516e-14
4.27469e-08
2.23034e-09
-4.25969e-08
4.29325e-08
2.4941e-09
4.31317e-08
2.69028e-09
4.33325e-08
2.82357e-09
4.35285e-08
2.90384e-09
4.37144e-08
2.93767e-09
4.38857e-08
2.93024e-09
4.4039e-08
2.88774e-09
4.41727e-08
2.81731e-09
4.42861e-08
2.7261e-09
4.43794e-08
2.62087e-09
4.4454e-08
2.50767e-09
4.45116e-08
2.39162e-09
4.45543e-08
2.27674e-09
4.45843e-08
2.16589e-09
4.46038e-08
2.06089e-09
4.46145e-08
1.96266e-09
4.46182e-08
1.8714e-09
4.4616e-08
1.78683e-09
4.4609e-08
1.70835e-09
4.45981e-08
1.63516e-09
4.45838e-08
1.56641e-09
4.45666e-08
1.50122e-09
4.45469e-08
1.43877e-09
4.45251e-08
1.37827e-09
4.45013e-08
1.31902e-09
4.44759e-08
1.26036e-09
4.44491e-08
1.20169e-09
4.44213e-08
1.14244e-09
4.43926e-08
1.08208e-09
4.43634e-08
1.02011e-09
4.43339e-08
9.56058e-10
4.43043e-08
8.8949e-10
4.42749e-08
8.20059e-10
4.42459e-08
7.4755e-10
4.42172e-08
6.71969e-10
4.41889e-08
5.93641e-10
4.41608e-08
5.13325e-10
4.4133e-08
4.32297e-10
4.41053e-08
3.52356e-10
4.40781e-08
2.75682e-10
4.40517e-08
2.04496e-10
4.40268e-08
1.40619e-10
4.40036e-08
8.51126e-11
4.39821e-08
3.81042e-11
4.39624e-08
-9.70769e-13
4.39452e-08
-3.25725e-11
4.39307e-08
-5.73228e-11
4.39191e-08
-7.61564e-11
4.39104e-08
-9.00235e-11
4.39045e-08
-9.97951e-11
4.39012e-08
-1.06227e-10
4.39004e-08
-1.09951e-10
4.39018e-08
-1.11475e-10
4.39052e-08
-1.11205e-10
4.39104e-08
-1.09461e-10
4.3917e-08
-1.06499e-10
4.39249e-08
-1.02525e-10
4.39337e-08
-9.7717e-11
4.39434e-08
-9.22289e-11
4.39535e-08
-8.62049e-11
4.39639e-08
-7.97825e-11
4.39744e-08
-7.30958e-11
4.39848e-08
-6.62761e-11
4.39948e-08
-5.94507e-11
4.40044e-08
-5.27404e-11
4.40134e-08
-4.62561e-11
4.40217e-08
-4.00955e-11
4.40292e-08
-3.434e-11
4.4036e-08
-2.90524e-11
4.4042e-08
-2.42754e-11
4.40471e-08
-2.00314e-11
4.40516e-08
-1.63231e-11
4.40553e-08
-1.31361e-11
4.40584e-08
-1.04423e-11
4.4061e-08
-8.20253e-12
4.40631e-08
-6.37021e-12
4.40648e-08
-4.89472e-12
4.40661e-08
-3.72439e-12
4.40671e-08
-2.80924e-12
4.4068e-08
-2.1034e-12
4.40686e-08
-1.56585e-12
4.40691e-08
-1.16109e-12
4.40695e-08
-8.59376e-13
4.40697e-08
-6.36209e-13
4.407e-08
-4.72056e-13
4.40701e-08
-3.51689e-13
4.40703e-08
-2.63503e-13
4.40704e-08
-1.98766e-13
4.40704e-08
-1.51042e-13
4.40705e-08
-1.15658e-13
4.40705e-08
-8.92411e-14
4.40706e-08
-6.93851e-14
4.40706e-08
-5.44091e-14
4.40706e-08
-4.3091e-14
4.40707e-08
-3.46374e-14
4.40707e-08
-2.84472e-14
4.40707e-08
-2.42125e-14
4.40707e-08
-2.17122e-14
-2.08503e-14
4.44295e-08
2.09567e-09
-4.42949e-08
4.45968e-08
2.32683e-09
4.478e-08
2.50714e-09
4.49679e-08
2.63565e-09
4.5154e-08
2.71769e-09
4.53334e-08
2.75828e-09
4.55019e-08
2.76178e-09
4.56564e-08
2.73325e-09
4.57951e-08
2.67862e-09
4.59172e-08
2.60397e-09
4.60229e-08
2.51518e-09
4.6113e-08
2.41757e-09
4.61889e-08
2.31572e-09
4.62523e-08
2.21333e-09
4.6305e-08
2.11316e-09
4.63488e-08
2.01706e-09
4.63854e-08
1.92611e-09
4.64161e-08
1.84073e-09
4.6442e-08
1.76089e-09
4.64641e-08
1.68622e-09
4.64831e-08
1.61614e-09
4.64996e-08
1.54996e-09
4.65138e-08
1.48696e-09
4.65262e-08
1.42642e-09
4.65368e-08
1.36764e-09
4.65459e-08
1.30996e-09
4.65535e-08
1.25276e-09
4.65597e-08
1.19546e-09
4.65646e-08
1.13753e-09
4.65683e-08
1.07845e-09
4.65706e-08
1.01773e-09
4.65718e-08
9.54935e-10
4.65716e-08
8.89666e-10
4.657e-08
8.21626e-10
4.65669e-08
7.50659e-10
4.65621e-08
6.76826e-10
4.65552e-08
6.0049e-10
4.65461e-08
5.22404e-10
4.65347e-08
4.43767e-10
4.65208e-08
3.66208e-10
4.65048e-08
2.91652e-10
4.64873e-08
2.2205e-10
4.64689e-08
1.59034e-10
4.64503e-08
1.03652e-10
4.64322e-08
5.6247e-11
4.64147e-08
1.64817e-11
4.63984e-08
-1.62303e-11
4.63836e-08
-4.24943e-11
4.63705e-08
-6.30835e-11
4.63593e-08
-7.88229e-11
4.635e-08
-9.04906e-11
4.63425e-08
-9.87757e-11
4.63368e-08
-1.04264e-10
4.63328e-08
-1.07439e-10
4.63303e-08
-1.08691e-10
4.63292e-08
-1.08331e-10
4.63293e-08
-1.06612e-10
4.63305e-08
-1.0374e-10
4.63327e-08
-9.98893e-11
4.63356e-08
-9.52155e-11
4.63393e-08
-8.98624e-11
4.63435e-08
-8.39688e-11
4.63481e-08
-7.76714e-11
4.63529e-08
-7.11064e-11
4.63579e-08
-6.44081e-11
4.63628e-08
-5.77071e-11
4.63677e-08
-5.11267e-11
4.63724e-08
-4.47793e-11
4.63768e-08
-3.87627e-11
4.63809e-08
-3.31569e-11
4.63847e-08
-2.80222e-11
4.6388e-08
-2.33976e-11
4.6391e-08
-1.93017e-11
4.63936e-08
-1.57333e-11
4.63958e-08
-1.26753e-11
4.63977e-08
-1.00967e-11
4.63993e-08
-7.95659e-12
4.64006e-08
-6.20748e-12
4.64017e-08
-4.79881e-12
4.64026e-08
-3.67992e-12
4.64033e-08
-2.80282e-12
4.64038e-08
-2.12351e-12
4.64043e-08
-1.60304e-12
4.64046e-08
-1.20798e-12
4.64049e-08
-9.10328e-13
4.64051e-08
-6.87262e-13
4.64053e-08
-5.20609e-13
4.64054e-08
-3.96227e-13
4.64055e-08
-3.03269e-13
4.64056e-08
-2.33561e-13
4.64057e-08
-1.81038e-13
4.64057e-08
-1.41235e-13
4.64058e-08
-1.10892e-13
4.64058e-08
-8.7676e-14
4.64058e-08
-6.98605e-14
4.64058e-08
-5.62687e-14
4.64058e-08
-4.59984e-14
4.64059e-08
-3.84878e-14
4.64059e-08
-3.3255e-14
-2.97539e-14
4.61695e-08
1.97241e-09
-4.60463e-08
4.63216e-08
2.17475e-09
4.64902e-08
2.33856e-09
4.66655e-08
2.46027e-09
4.68413e-08
2.54197e-09
4.70125e-08
2.58703e-09
4.71753e-08
2.59895e-09
4.73268e-08
2.5818e-09
4.7465e-08
2.54042e-09
4.7589e-08
2.47994e-09
4.76988e-08
2.4054e-09
4.77949e-08
2.32144e-09
4.78785e-08
2.23215e-09
4.79509e-08
2.14092e-09
4.80137e-08
2.05035e-09
4.80685e-08
1.96229e-09
4.81167e-08
1.87792e-09
4.81596e-08
1.79785e-09
4.81982e-08
1.72224e-09
4.82335e-08
1.65091e-09
4.82662e-08
1.58349e-09
4.82967e-08
1.51946e-09
4.83254e-08
1.45823e-09
4.83526e-08
1.3992e-09
4.83785e-08
1.34177e-09
4.84031e-08
1.28533e-09
4.84266e-08
1.22933e-09
4.84488e-08
1.17324e-09
4.84698e-08
1.11655e-09
4.84895e-08
1.05877e-09
4.85077e-08
9.99473e-10
4.85244e-08
9.38245e-10
4.85393e-08
8.74747e-10
4.85522e-08
8.08733e-10
4.85628e-08
7.40097e-10
4.85707e-08
6.6894e-10
4.85755e-08
5.95638e-10
4.8577e-08
5.20902e-10
4.8575e-08
4.4582e-10
4.85694e-08
3.71827e-10
4.85604e-08
3.00586e-10
4.85487e-08
2.33776e-10
4.85349e-08
1.72827e-10
4.85198e-08
1.18705e-10
4.85043e-08
7.18246e-11
4.84887e-08
3.20616e-11
4.84735e-08
-1.06499e-12
4.84592e-08
-2.81386e-11
4.84459e-08
-4.98133e-11
4.84339e-08
-6.67998e-11
4.84232e-08
-7.97871e-11
4.84138e-08
-8.93996e-11
4.84057e-08
-9.61792e-11
4.83989e-08
-1.00582e-10
4.83931e-08
-1.02982e-10
4.83885e-08
-1.03687e-10
4.83848e-08
-1.02946e-10
4.83821e-08
-1.00965e-10
4.83801e-08
-9.7923e-11
4.83789e-08
-9.39755e-11
4.83783e-08
-8.92681e-11
4.83782e-08
-8.39404e-11
4.83787e-08
-7.81299e-11
4.83796e-08
-7.19735e-11
4.83808e-08
-6.56068e-11
4.83822e-08
-5.91625e-11
4.83838e-08
-5.27671e-11
4.83856e-08
-4.65377e-11
4.83874e-08
-4.05778e-11
4.83892e-08
-3.49746e-11
4.8391e-08
-2.97963e-11
4.83927e-08
-2.50908e-11
4.83943e-08
-2.08851e-11
4.83957e-08
-1.71872e-11
4.83971e-08
-1.39877e-11
4.83982e-08
-1.12627e-11
4.83992e-08
-8.97743e-12
4.84001e-08
-7.08904e-12
4.84009e-08
-5.55056e-12
4.84015e-08
-4.3137e-12
4.8402e-08
-3.33167e-12
4.84025e-08
-2.56078e-12
4.84028e-08
-1.96175e-12
4.84031e-08
-1.50027e-12
4.84034e-08
-1.14719e-12
4.84036e-08
-8.78416e-13
4.84037e-08
-6.7441e-13
4.84038e-08
-5.19737e-13
4.84039e-08
-4.02362e-13
4.8404e-08
-3.13058e-13
4.84041e-08
-2.44852e-13
4.84041e-08
-1.92521e-13
4.84042e-08
-1.52178e-13
4.84042e-08
-1.2098e-13
4.84042e-08
-9.67937e-14
4.84043e-08
-7.81129e-14
4.84043e-08
-6.377e-14
4.84043e-08
-5.29708e-14
4.84043e-08
-4.50131e-14
-3.91043e-14
4.79689e-08
1.85786e-09
-4.78543e-08
4.81085e-08
2.03512e-09
4.82643e-08
2.18281e-09
4.8428e-08
2.29651e-09
4.85937e-08
2.37626e-09
4.87568e-08
2.42399e-09
4.89134e-08
2.4423e-09
4.90608e-08
2.43444e-09
4.91969e-08
2.40427e-09
4.93208e-08
2.35606e-09
4.94321e-08
2.29408e-09
4.95312e-08
2.22235e-09
4.96189e-08
2.14448e-09
4.96963e-08
2.06353e-09
4.97647e-08
1.98194e-09
4.98255e-08
1.9015e-09
4.98799e-08
1.82346e-09
4.99293e-08
1.74854e-09
4.99744e-08
1.67706e-09
5.00163e-08
1.60902e-09
5.00556e-08
1.54421e-09
5.00928e-08
1.48227e-09
5.01282e-08
1.42276e-09
5.01623e-08
1.36517e-09
5.01951e-08
1.30899e-09
5.02267e-08
1.25371e-09
5.02572e-08
1.19883e-09
5.02865e-08
1.14388e-09
5.03147e-08
1.08839e-09
5.03415e-08
1.03193e-09
5.03669e-08
9.74108e-10
5.03906e-08
9.14563e-10
5.04123e-08
8.53009e-10
5.04318e-08
7.89249e-10
5.04487e-08
7.23226e-10
5.04625e-08
6.55068e-10
5.0473e-08
5.85147e-10
5.04798e-08
5.1412e-10
5.04827e-08
4.42955e-10
5.04816e-08
3.72898e-10
5.04768e-08
3.05371e-10
5.04688e-08
2.41806e-10
5.04582e-08
1.83438e-10
5.04458e-08
1.31139e-10
5.04322e-08
8.53388e-11
5.04183e-08
4.60352e-11
5.04043e-08
1.28982e-11
5.03907e-08
-1.45665e-11
5.03778e-08
-3.69214e-11
5.03658e-08
-5.47746e-11
5.03548e-08
-6.87305e-11
5.03447e-08
-7.93501e-11
5.03357e-08
-8.71311e-11
5.03276e-08
-9.25009e-11
5.03204e-08
-9.5819e-11
5.03141e-08
-9.73841e-11
5.03086e-08
-9.74445e-11
5.03039e-08
-9.62091e-11
5.02998e-08
-9.38576e-11
5.02964e-08
-9.05504e-11
5.02935e-08
-8.64355e-11
5.02912e-08
-8.16543e-11
5.02895e-08
-7.63451e-11
5.02881e-08
-7.06447e-11
5.02872e-08
-6.46881e-11
5.02867e-08
-5.86068e-11
5.02864e-08
-5.25267e-11
5.02864e-08
-4.65642e-11
5.02867e-08
-4.08232e-11
5.02871e-08
-3.53924e-11
5.02877e-08
-3.03422e-11
5.02883e-08
-2.57239e-11
5.0289e-08
-2.15691e-11
5.02897e-08
-1.78906e-11
5.02904e-08
-1.46845e-11
5.0291e-08
-1.19326e-11
5.02917e-08
-9.60528e-12
5.02922e-08
-7.66476e-12
5.02928e-08
-6.06849e-12
5.02932e-08
-4.77187e-12
5.02936e-08
-3.73096e-12
5.0294e-08
-2.90417e-12
5.02943e-08
-2.25363e-12
5.02945e-08
-1.74583e-12
5.02947e-08
-1.35197e-12
5.02949e-08
-1.04791e-12
5.0295e-08
-8.13848e-13
5.02951e-08
-6.3388e-13
5.02952e-08
-4.95443e-13
5.02953e-08
-3.88752e-13
5.02954e-08
-3.06292e-13
5.02954e-08
-2.4234e-13
5.02954e-08
-1.92562e-13
5.02955e-08
-1.53731e-13
5.02955e-08
-1.23385e-13
5.02955e-08
-9.97392e-14
5.02955e-08
-8.13976e-14
5.02956e-08
-6.73587e-14
5.02956e-08
-5.67428e-14
-4.86557e-14
4.98301e-08
1.75013e-09
-4.97223e-08
4.99595e-08
1.90566e-09
5.01041e-08
2.03819e-09
5.02573e-08
2.14332e-09
5.04136e-08
2.21993e-09
5.05688e-08
2.26883e-09
5.07193e-08
2.29184e-09
5.08623e-08
2.29143e-09
5.09959e-08
2.27068e-09
5.11189e-08
2.23306e-09
5.12308e-08
2.18215e-09
5.13318e-08
2.1214e-09
5.14223e-08
2.05396e-09
5.15033e-08
1.98256e-09
5.15757e-08
1.90945e-09
5.16409e-08
1.83635e-09
5.16999e-08
1.76451e-09
5.17537e-08
1.69474e-09
5.18033e-08
1.62746e-09
5.18494e-08
1.56284e-09
5.18929e-08
1.50078e-09
5.19341e-08
1.44109e-09
5.19734e-08
1.38342e-09
5.20112e-08
1.32738e-09
5.20476e-08
1.27257e-09
5.20828e-08
1.21854e-09
5.21167e-08
1.16487e-09
5.21495e-08
1.11113e-09
5.21809e-08
1.05692e-09
5.2211e-08
1.00185e-09
5.22395e-08
9.45587e-10
5.22663e-08
8.87817e-10
5.2291e-08
8.28303e-10
5.23134e-08
7.66899e-10
5.2333e-08
7.03584e-10
5.23496e-08
6.38505e-10
5.23627e-08
5.72021e-10
5.23721e-08
5.04732e-10
5.23775e-08
4.37491e-10
5.23791e-08
3.71372e-10
5.23768e-08
3.07586e-10
5.23713e-08
2.4735e-10
5.2363e-08
1.91725e-10
5.23527e-08
1.41489e-10
5.23409e-08
9.70647e-11
5.23284e-08
5.85227e-11
5.23157e-08
2.56544e-11
5.23031e-08
-1.92578e-12
5.22908e-08
-2.46902e-11
5.22792e-08
-4.31558e-11
5.22683e-08
-5.78483e-11
5.22582e-08
-6.92674e-11
5.2249e-08
-7.78663e-11
5.22405e-08
-8.4043e-11
5.22328e-08
-8.81389e-11
5.22259e-08
-9.04439e-11
5.22197e-08
-9.12031e-11
5.22141e-08
-9.06262e-11
5.22091e-08
-8.88955e-11
5.22047e-08
-8.61745e-11
5.22009e-08
-8.26141e-11
5.21976e-08
-7.83575e-11
5.21948e-08
-7.35439e-11
5.21925e-08
-6.83095e-11
5.21906e-08
-6.2788e-11
5.21891e-08
-5.71087e-11
5.21879e-08
-5.13948e-11
5.21871e-08
-4.57604e-11
5.21866e-08
-4.03075e-11
5.21864e-08
-3.51233e-11
5.21863e-08
-3.02781e-11
5.21864e-08
-2.58241e-11
5.21866e-08
-2.1795e-11
5.21869e-08
-1.82068e-11
5.21873e-08
-1.50596e-11
5.21877e-08
-1.23396e-11
5.21881e-08
-1.0022e-11
5.21885e-08
-8.07386e-12
5.21889e-08
-6.4572e-12
5.21893e-08
-5.13158e-12
5.21896e-08
-4.05654e-12
5.21899e-08
-3.19336e-12
5.21902e-08
-2.50636e-12
5.21904e-08
-1.96363e-12
5.21906e-08
-1.53741e-12
5.21907e-08
-1.20419e-12
5.21909e-08
-9.44405e-13
5.2191e-08
-7.42163e-13
5.2191e-08
-5.84724e-13
5.21911e-08
-4.62024e-13
5.21912e-08
-3.66209e-13
5.21912e-08
-2.91213e-13
5.21913e-08
-2.32363e-13
5.21913e-08
-1.8612e-13
5.21913e-08
-1.49747e-13
5.21914e-08
-1.21214e-13
5.21914e-08
-9.8918e-14
5.21914e-08
-8.16719e-14
5.21914e-08
-6.84504e-14
-5.83181e-14
5.17556e-08
1.64784e-09
-5.16533e-08
5.18767e-08
1.78457e-09
5.20117e-08
1.90316e-09
5.21554e-08
1.99962e-09
5.23031e-08
2.07225e-09
5.24508e-08
2.12114e-09
5.25952e-08
2.14739e-09
5.27338e-08
2.15283e-09
5.28646e-08
2.13988e-09
5.29864e-08
2.11131e-09
5.30984e-08
2.07009e-09
5.32007e-08
2.01914e-09
5.32935e-08
1.96117e-09
5.33774e-08
1.89862e-09
5.34534e-08
1.8335e-09
5.35223e-08
1.76745e-09
5.35851e-08
1.7017e-09
5.36427e-08
1.63707e-09
5.36961e-08
1.57411e-09
5.37459e-08
1.51305e-09
5.37927e-08
1.45394e-09
5.38371e-08
1.39669e-09
5.38795e-08
1.34108e-09
5.392e-08
1.28681e-09
5.39591e-08
1.23355e-09
5.39967e-08
1.18095e-09
5.40329e-08
1.12864e-09
5.40677e-08
1.07627e-09
5.41012e-08
1.02347e-09
5.41331e-08
9.69931e-10
5.41634e-08
9.15345e-10
5.41917e-08
8.59457e-10
5.42179e-08
8.02078e-10
5.42417e-08
7.431e-10
5.42628e-08
6.82534e-10
5.42808e-08
6.20539e-10
5.42953e-08
5.57454e-10
5.43062e-08
4.93822e-10
5.43133e-08
4.30391e-10
5.43166e-08
3.68085e-10
5.43163e-08
3.07933e-10
5.43127e-08
2.50968e-10
5.43063e-08
1.98102e-10
5.42977e-08
1.50024e-10
5.42877e-08
1.07137e-10
5.42766e-08
6.95612e-11
5.42651e-08
3.71749e-11
5.42535e-08
9.69219e-12
5.42421e-08
-1.32726e-11
5.42311e-08
-3.21532e-11
5.42206e-08
-4.74034e-11
5.42108e-08
-5.9464e-11
5.42017e-08
-6.87446e-11
5.41933e-08
-7.56121e-11
5.41855e-08
-8.03885e-11
5.41784e-08
-8.33522e-11
5.4172e-08
-8.47433e-11
5.41661e-08
-8.47702e-11
5.41608e-08
-8.36164e-11
5.41561e-08
-8.14474e-11
5.41519e-08
-7.84159e-11
5.41482e-08
-7.46666e-11
5.4145e-08
-7.03389e-11
5.41423e-08
-6.55681e-11
5.414e-08
-6.04859e-11
5.41381e-08
-5.5219e-11
5.41366e-08
-4.98874e-11
5.41354e-08
-4.4602e-11
5.41346e-08
-3.94618e-11
5.4134e-08
-3.45519e-11
5.41337e-08
-2.99412e-11
5.41335e-08
-2.5682e-11
5.41335e-08
-2.18091e-11
5.41337e-08
-1.83409e-11
5.41339e-08
-1.52806e-11
5.41342e-08
-1.26183e-11
5.41345e-08
-1.03338e-11
5.41348e-08
-8.39856e-12
5.41351e-08
-6.77923e-12
5.41354e-08
-5.43951e-12
5.41357e-08
-4.34262e-12
5.4136e-08
-3.45296e-12
5.41362e-08
-2.73733e-12
5.41364e-08
-2.16572e-12
5.41366e-08
-1.71173e-12
5.41367e-08
-1.35274e-12
5.41369e-08
-1.0697e-12
5.4137e-08
-8.46936e-13
5.41371e-08
-6.71711e-13
5.41371e-08
-5.33826e-13
5.41372e-08
-4.25205e-13
5.41372e-08
-3.39518e-13
5.41373e-08
-2.71819e-13
5.41373e-08
-2.18299e-13
5.41373e-08
-1.75978e-13
5.41374e-08
-1.426e-13
5.41374e-08
-1.16374e-13
5.41374e-08
-9.59405e-14
5.41374e-08
-8.01477e-14
-6.80304e-14
5.37482e-08
1.55e-09
-5.36504e-08
5.38624e-08
1.67043e-09
5.39892e-08
1.77635e-09
5.41245e-08
1.86432e-09
5.42642e-08
1.93248e-09
5.4405e-08
1.98041e-09
5.45437e-08
2.00868e-09
5.46779e-08
2.0186e-09
5.48058e-08
2.012e-09
5.4926e-08
1.99108e-09
5.50378e-08
1.95826e-09
5.5141e-08
1.91598e-09
5.52356e-08
1.86656e-09
5.53221e-08
1.81213e-09
5.54011e-08
1.7545e-09
5.54734e-08
1.69518e-09
5.55397e-08
1.63534e-09
5.5601e-08
1.57583e-09
5.56578e-08
1.51723e-09
5.5711e-08
1.45987e-09
5.57611e-08
1.4039e-09
5.58085e-08
1.3493e-09
5.58536e-08
1.29595e-09
5.58967e-08
1.24365e-09
5.59381e-08
1.19216e-09
5.59779e-08
1.14119e-09
5.60161e-08
1.09044e-09
5.60527e-08
1.03961e-09
5.60878e-08
9.88404e-10
5.61212e-08
9.3654e-10
5.61528e-08
8.8377e-10
5.61823e-08
8.29885e-10
5.62097e-08
7.74735e-10
5.62345e-08
7.18249e-10
5.62566e-08
6.60461e-10
5.62756e-08
6.01536e-10
5.62913e-08
5.41791e-10
5.63034e-08
4.81713e-10
5.63118e-08
4.21955e-10
5.63166e-08
3.63311e-10
5.63179e-08
3.06657e-10
5.6316e-08
2.52869e-10
5.63113e-08
2.02731e-10
5.63045e-08
1.56848e-10
5.6296e-08
1.15604e-10
5.62865e-08
7.91452e-11
5.62762e-08
4.74177e-11
5.62657e-08
2.02157e-11
5.62552e-08
-2.76649e-12
5.62449e-08
-2.18887e-11
5.62351e-08
-3.75379e-11
5.62257e-08
-5.01003e-11
5.62169e-08
-5.9942e-11
5.62087e-08
-6.73989e-11
5.62011e-08
-7.27715e-11
5.6194e-08
-7.63251e-11
5.61876e-08
-7.82922e-11
5.61817e-08
-7.8878e-11
5.61763e-08
-7.82654e-11
5.61715e-08
-7.66201e-11
5.61672e-08
-7.40957e-11
5.61634e-08
-7.08371e-11
5.616e-08
-6.69831e-11
5.61571e-08
-6.26678e-11
5.61546e-08
-5.80205e-11
5.61526e-08
-5.31647e-11
5.61509e-08
-4.82171e-11
5.61496e-08
-4.32848e-11
5.61486e-08
-3.84638e-11
5.61479e-08
-3.38366e-11
5.61474e-08
-2.94705e-11
5.61472e-08
-2.54175e-11
5.61471e-08
-2.17129e-11
5.61471e-08
-1.83772e-11
5.61472e-08
-1.54162e-11
5.61474e-08
-1.28238e-11
5.61477e-08
-1.05837e-11
5.6148e-08
-8.67203e-12
5.61482e-08
-7.05951e-12
5.61485e-08
-5.714e-12
5.61488e-08
-4.6024e-12
5.6149e-08
-3.69222e-12
5.61492e-08
-2.95285e-12
5.61494e-08
-2.35627e-12
5.61496e-08
-1.87759e-12
5.61497e-08
-1.49519e-12
5.61498e-08
-1.19068e-12
5.61499e-08
-9.48698e-13
5.615e-08
-7.5663e-13
5.61501e-08
-6.04225e-13
5.61502e-08
-4.8326e-13
5.61502e-08
-3.87195e-13
5.61502e-08
-3.10853e-13
5.61503e-08
-2.50191e-13
5.61503e-08
-2.02008e-13
5.61503e-08
-1.63838e-13
5.61503e-08
-1.33715e-13
5.61504e-08
-1.1012e-13
5.61504e-08
-9.17886e-14
-7.7717e-14
5.58107e-08
1.45582e-09
-5.57165e-08
5.59191e-08
1.56206e-09
5.60389e-08
1.65656e-09
5.61668e-08
1.73643e-09
5.62994e-08
1.79985e-09
5.64337e-08
1.84611e-09
5.6567e-08
1.87542e-09
5.66969e-08
1.88863e-09
5.68218e-08
1.8871e-09
5.69404e-08
1.87256e-09
5.70517e-08
1.84694e-09
5.71554e-08
1.81226e-09
5.72515e-08
1.7705e-09
5.73401e-08
1.72346e-09
5.74218e-08
1.67279e-09
5.74972e-08
1.61983e-09
5.75668e-08
1.56569e-09
5.76315e-08
1.51121e-09
5.76917e-08
1.457e-09
5.77481e-08
1.40343e-09
5.78013e-08
1.35072e-09
5.78517e-08
1.29894e-09
5.78996e-08
1.24806e-09
5.79453e-08
1.19795e-09
5.7989e-08
1.14843e-09
5.80309e-08
1.09929e-09
5.80711e-08
1.05029e-09
5.81095e-08
1.00118e-09
5.81462e-08
9.51734e-10
5.8181e-08
9.01704e-10
5.82139e-08
8.50892e-10
5.82446e-08
7.99129e-10
5.82731e-08
7.46304e-10
5.82989e-08
6.92374e-10
5.8322e-08
6.37392e-10
5.8342e-08
5.81521e-10
5.83588e-08
5.25057e-10
5.8372e-08
4.68434e-10
5.83818e-08
4.12221e-10
5.8388e-08
3.57099e-10
5.83908e-08
3.03812e-10
5.83906e-08
2.53106e-10
5.83877e-08
2.05654e-10
5.83825e-08
1.61988e-10
5.83757e-08
1.22466e-10
5.83676e-08
8.72499e-11
5.83586e-08
5.63354e-11
5.83493e-08
2.95813e-11
5.83398e-08
6.75173e-12
5.83303e-08
-1.24492e-11
5.83211e-08
-2.83465e-11
5.83123e-08
-4.12755e-11
5.83039e-08
-5.1561e-11
5.8296e-08
-5.95075e-11
5.82887e-08
-6.5393e-11
5.82818e-08
-6.94676e-11
5.82755e-08
-7.19547e-11
5.82696e-08
-7.30541e-11
5.82643e-08
-7.2946e-11
5.82595e-08
-7.1795e-11
5.82552e-08
-6.97539e-11
5.82513e-08
-6.6967e-11
5.82479e-08
-6.35716e-11
5.82449e-08
-5.96998e-11
5.82424e-08
-5.54779e-11
5.82402e-08
-5.10264e-11
5.82385e-08
-4.64579e-11
5.82371e-08
-4.18762e-11
5.8236e-08
-3.73737e-11
5.82352e-08
-3.30302e-11
5.82346e-08
-2.89117e-11
5.82342e-08
-2.5069e-11
5.82341e-08
-2.15382e-11
5.8234e-08
-1.83413e-11
5.82341e-08
-1.54867e-11
5.82343e-08
-1.29716e-11
5.82345e-08
-1.07835e-11
5.82347e-08
-8.90258e-12
5.82349e-08
-7.30373e-12
5.82352e-08
-5.95872e-12
5.82354e-08
-4.838e-12
5.82356e-08
-3.91219e-12
5.82358e-08
-3.15321e-12
5.8236e-08
-2.53512e-12
5.82362e-08
-2.03453e-12
5.82363e-08
-1.63095e-12
5.82364e-08
-1.30669e-12
5.82365e-08
-1.04682e-12
5.82366e-08
-8.389e-13
5.82367e-08
-6.72712e-13
5.82367e-08
-5.39936e-13
5.82368e-08
-4.33876e-13
5.82368e-08
-3.49164e-13
5.82368e-08
-2.8155e-13
5.82369e-08
-2.27636e-13
5.82369e-08
-1.84765e-13
5.82369e-08
-1.5081e-13
5.82369e-08
-1.24104e-13
5.82369e-08
-1.03279e-13
-8.72813e-14
5.7946e-08
1.3647e-09
-5.78548e-08
5.80495e-08
1.45852e-09
5.81633e-08
1.54277e-09
5.82847e-08
1.61502e-09
5.84109e-08
1.67361e-09
5.85393e-08
1.7177e-09
5.86675e-08
1.74723e-09
5.87934e-08
1.76272e-09
5.89154e-08
1.76516e-09
5.90321e-08
1.75585e-09
5.91427e-08
1.73634e-09
5.92467e-08
1.70827e-09
5.93439e-08
1.67329e-09
5.94344e-08
1.63295e-09
5.95185e-08
1.58867e-09
5.95967e-08
1.54168e-09
5.96694e-08
1.49299e-09
5.97372e-08
1.44341e-09
5.98006e-08
1.39354e-09
5.98602e-08
1.34381e-09
5.99165e-08
1.29447e-09
5.99698e-08
1.24566e-09
6.00204e-08
1.19741e-09
6.00687e-08
1.14966e-09
6.01149e-08
1.1023e-09
6.0159e-08
1.05518e-09
6.02011e-08
1.00812e-09
6.02414e-08
9.60921e-10
6.02797e-08
9.13394e-10
6.03161e-08
8.65353e-10
6.03503e-08
8.16636e-10
6.03824e-08
7.67112e-10
6.0412e-08
7.16703e-10
6.04389e-08
6.6539e-10
6.04631e-08
6.13239e-10
6.04842e-08
5.60411e-10
6.05021e-08
5.07176e-10
6.05166e-08
4.53921e-10
6.05277e-08
4.01139e-10
6.05354e-08
3.49415e-10
6.05398e-08
2.99382e-10
6.05412e-08
2.51675e-10
6.054e-08
2.06871e-10
6.05366e-08
1.65439e-10
6.05313e-08
1.27705e-10
6.05247e-08
9.38431e-11
6.05172e-08
6.38813e-11
6.0509e-08
3.77306e-11
6.05006e-08
1.52135e-11
6.0492e-08
-3.90816e-12
6.04836e-08
-1.99062e-11
6.04754e-08
-3.30677e-11
6.04675e-08
-4.36786e-11
6.046e-08
-5.20123e-11
6.04529e-08
-5.83238e-11
6.04463e-08
-6.28469e-11
6.04401e-08
-6.57938e-11
6.04344e-08
-6.73573e-11
6.04292e-08
-6.7713e-11
6.04244e-08
-6.70228e-11
6.04201e-08
-6.54376e-11
6.04163e-08
-6.30996e-11
6.04128e-08
-6.01439e-11
6.04098e-08
-5.66998e-11
6.04072e-08
-5.28905e-11
6.04051e-08
-4.88326e-11
6.04032e-08
-4.46351e-11
6.04017e-08
-4.03977e-11
6.04006e-08
-3.62097e-11
6.03997e-08
-3.2148e-11
6.03991e-08
-2.82766e-11
6.03986e-08
-2.46457e-11
6.03984e-08
-2.12918e-11
6.03983e-08
-1.82379e-11
6.03983e-08
-1.5495e-11
6.03984e-08
-1.30631e-11
6.03985e-08
-1.09332e-11
6.03987e-08
-9.08944e-12
6.03989e-08
-7.51048e-12
6.03992e-08
-6.17186e-12
6.03994e-08
-5.04742e-12
6.03996e-08
-4.11078e-12
6.03997e-08
-3.3364e-12
6.03999e-08
-2.70034e-12
6.04001e-08
-2.18082e-12
6.04002e-08
-1.75847e-12
6.04003e-08
-1.41639e-12
6.04004e-08
-1.14015e-12
6.04005e-08
-9.17563e-13
6.04005e-08
-7.38488e-13
6.04006e-08
-5.94579e-13
6.04006e-08
-4.7903e-13
6.04007e-08
-3.86321e-13
6.04007e-08
-3.12028e-13
6.04007e-08
-2.52584e-13
6.04007e-08
-2.0516e-13
6.04008e-08
-1.6748e-13
6.04008e-08
-1.37747e-13
6.04008e-08
-1.14493e-13
-9.66112e-14
6.01569e-08
1.27612e-09
-6.00683e-08
6.02563e-08
1.35905e-09
6.0365e-08
1.43408e-09
6.04808e-08
1.49924e-09
6.06014e-08
1.55303e-09
6.07245e-08
1.5946e-09
6.0848e-08
1.62372e-09
6.097e-08
1.64066e-09
6.10891e-08
1.6461e-09
6.12039e-08
1.64102e-09
6.13137e-08
1.62663e-09
6.14177e-08
1.60424e-09
6.15158e-08
1.57522e-09
6.16078e-08
1.54088e-09
6.16941e-08
1.50244e-09
6.17748e-08
1.461e-09
6.18503e-08
1.41747e-09
6.19211e-08
1.37261e-09
6.19876e-08
1.32701e-09
6.20503e-08
1.28112e-09
6.21095e-08
1.23521e-09
6.21657e-08
1.18948e-09
6.22191e-08
1.14399e-09
6.227e-08
1.09877e-09
6.23186e-08
1.05374e-09
6.2365e-08
1.00882e-09
6.24092e-08
9.63863e-10
6.24514e-08
9.18739e-10
6.24915e-08
8.73296e-10
6.25295e-08
8.27391e-10
6.25652e-08
7.80899e-10
6.25986e-08
7.33726e-10
6.26295e-08
6.8582e-10
6.26577e-08
6.37183e-10
6.2683e-08
5.87889e-10
6.27053e-08
5.38094e-10
6.27245e-08
4.88045e-10
6.27403e-08
4.38082e-10
6.27528e-08
3.88636e-10
6.2762e-08
3.40206e-10
6.27681e-08
2.93332e-10
6.27712e-08
2.48553e-10
6.27717e-08
2.06367e-10
6.277e-08
1.67182e-10
6.27664e-08
1.31299e-10
6.27613e-08
9.88905e-11
6.27552e-08
7.00101e-11
6.27483e-08
4.46087e-11
6.2741e-08
2.25566e-11
6.27334e-08
3.66714e-12
6.27258e-08
-1.22872e-11
6.27182e-08
-2.55472e-11
6.27109e-08
-3.63633e-11
6.27039e-08
-4.49787e-11
6.26972e-08
-5.16253e-11
6.26909e-08
-5.65193e-11
6.26849e-08
-5.98607e-11
6.26794e-08
-6.18334e-11
6.26743e-08
-6.26073e-11
6.26696e-08
-6.23398e-11
6.26654e-08
-6.11784e-11
6.26615e-08
-5.92623e-11
6.26581e-08
-5.67235e-11
6.26551e-08
-5.36879e-11
6.26525e-08
-5.02749e-11
6.26502e-08
-4.65972e-11
6.26484e-08
-4.27596e-11
6.26468e-08
-3.8858e-11
6.26456e-08
-3.49781e-11
6.26446e-08
-3.1194e-11
6.26439e-08
-2.75678e-11
6.26434e-08
-2.41488e-11
6.26431e-08
-2.09734e-11
6.2643e-08
-1.80658e-11
6.26429e-08
-1.54389e-11
6.26429e-08
-1.30954e-11
6.2643e-08
-1.10297e-11
6.26432e-08
-9.22925e-12
6.26433e-08
-7.67635e-12
6.26435e-08
-6.35005e-12
6.26437e-08
-5.22743e-12
6.26439e-08
-4.285e-12
6.2644e-08
-3.49965e-12
6.26442e-08
-2.84948e-12
6.26443e-08
-2.31429e-12
6.26444e-08
-1.87587e-12
6.26445e-08
-1.51819e-12
6.26446e-08
-1.22735e-12
6.26447e-08
-9.91488e-13
6.26448e-08
-8.0062e-13
6.26448e-08
-6.46422e-13
6.26448e-08
-5.22031e-13
6.26449e-08
-4.21818e-13
6.26449e-08
-3.41218e-13
6.26449e-08
-2.76524e-13
6.2645e-08
-2.24758e-13
6.2645e-08
-1.83513e-13
6.2645e-08
-1.50874e-13
6.2645e-08
-1.25282e-13
-1.05574e-13
6.24465e-08
1.18969e-09
-6.236e-08
6.25425e-08
1.26298e-09
6.26469e-08
1.32973e-09
6.27578e-08
1.38831e-09
6.28734e-08
1.43743e-09
6.29917e-08
1.47626e-09
6.3111e-08
1.50448e-09
6.32295e-08
1.52218e-09
6.33458e-08
1.5298e-09
6.34587e-08
1.52806e-09
6.35675e-08
1.51789e-09
6.36714e-08
1.50033e-09
6.37701e-08
1.4765e-09
6.38635e-08
1.44749e-09
6.39515e-08
1.41435e-09
6.40345e-08
1.37803e-09
6.41126e-08
1.33934e-09
6.41862e-08
1.299e-09
6.42557e-08
1.25756e-09
6.43213e-08
1.21546e-09
6.43835e-08
1.17302e-09
6.44426e-08
1.13043e-09
6.44987e-08
1.08783e-09
6.45523e-08
1.04526e-09
6.46033e-08
1.00271e-09
6.4652e-08
9.60136e-10
6.46984e-08
9.17452e-10
6.47426e-08
8.74559e-10
6.47845e-08
8.31348e-10
6.48242e-08
7.87717e-10
6.48615e-08
7.43575e-10
6.48964e-08
6.98858e-10
6.49287e-08
6.53537e-10
6.49582e-08
6.07632e-10
6.49849e-08
5.61222e-10
6.50085e-08
5.14455e-10
6.5029e-08
4.67556e-10
6.50463e-08
4.20824e-10
6.50603e-08
3.74634e-10
6.50711e-08
3.29411e-10
6.50788e-08
2.85617e-10
6.50836e-08
2.4371e-10
6.50859e-08
2.04117e-10
6.50858e-08
1.67198e-10
6.50839e-08
1.33222e-10
6.50805e-08
1.02359e-10
6.50758e-08
7.46795e-11
6.50702e-08
5.01645e-11
6.50641e-08
2.87237e-11
6.50575e-08
1.02125e-11
6.50508e-08
-5.5548e-12
6.5044e-08
-1.87802e-11
6.50373e-08
-2.968e-11
6.50308e-08
-3.84688e-11
6.50246e-08
-4.53553e-11
6.50186e-08
-5.05381e-11
6.50129e-08
-5.42035e-11
6.50076e-08
-5.65257e-11
6.50027e-08
-5.76668e-11
6.49981e-08
-5.77789e-11
6.49939e-08
-5.70047e-11
6.49902e-08
-5.54792e-11
6.49868e-08
-5.33307e-11
6.49838e-08
-5.06807e-11
6.49811e-08
-4.76446e-11
6.49789e-08
-4.43307e-11
6.49769e-08
-4.08395e-11
6.49753e-08
-3.72628e-11
6.4974e-08
-3.36826e-11
6.4973e-08
-3.01704e-11
6.49722e-08
-2.6786e-11
6.49717e-08
-2.35776e-11
6.49713e-08
-2.05814e-11
6.4971e-08
-1.78225e-11
6.49709e-08
-1.53155e-11
6.49709e-08
-1.30654e-11
6.49709e-08
-1.10694e-11
6.4971e-08
-9.31826e-12
6.49711e-08
-7.79758e-12
6.49713e-08
-6.48963e-12
6.49714e-08
-5.37456e-12
6.49716e-08
-4.4316e-12
6.49717e-08
-3.64002e-12
6.49718e-08
-2.9799e-12
6.4972e-08
-2.43259e-12
6.49721e-08
-1.98111e-12
6.49721e-08
-1.61032e-12
6.49722e-08
-1.30691e-12
6.49723e-08
-1.05942e-12
6.49724e-08
-8.58064e-13
6.49724e-08
-6.94604e-13
6.49724e-08
-5.62173e-13
6.49725e-08
-4.55077e-13
6.49725e-08
-3.68651e-13
6.49725e-08
-2.99074e-13
6.49725e-08
-2.43249e-13
6.49726e-08
-1.98656e-13
6.49726e-08
-1.63276e-13
6.49726e-08
-1.35473e-13
-1.14027e-13
6.48178e-08
1.10501e-09
-6.47331e-08
6.4911e-08
1.16976e-09
6.50117e-08
1.22905e-09
6.51185e-08
1.28155e-09
6.52297e-08
1.32617e-09
6.53439e-08
1.36213e-09
6.54593e-08
1.38908e-09
6.55745e-08
1.40697e-09
6.56882e-08
1.41608e-09
6.57994e-08
1.41691e-09
6.59071e-08
1.41018e-09
6.60107e-08
1.39668e-09
6.61099e-08
1.37733e-09
6.62044e-08
1.35302e-09
6.62941e-08
1.32463e-09
6.63791e-08
1.29299e-09
6.64596e-08
1.25882e-09
6.65359e-08
1.22277e-09
6.66081e-08
1.18534e-09
6.66766e-08
1.14697e-09
6.67416e-08
1.10797e-09
6.68035e-08
1.06857e-09
6.68624e-08
1.02893e-09
6.69185e-08
9.89118e-10
6.69721e-08
9.49178e-10
6.70231e-08
9.09092e-10
6.70718e-08
8.6882e-10
6.7118e-08
8.28299e-10
6.71619e-08
7.8746e-10
6.72034e-08
7.46232e-10
6.72424e-08
7.04556e-10
6.72789e-08
6.62394e-10
6.73127e-08
6.19736e-10
6.73437e-08
5.76617e-10
6.73718e-08
5.33118e-10
6.73969e-08
4.89379e-10
6.74188e-08
4.45603e-10
6.74376e-08
4.02054e-10
6.74532e-08
3.59054e-10
6.74656e-08
3.16969e-10
6.7475e-08
2.76192e-10
6.74816e-08
2.37113e-10
6.74857e-08
2.00099e-10
6.74874e-08
1.65463e-10
6.74872e-08
1.33449e-10
6.74853e-08
1.04218e-10
6.74821e-08
7.78508e-11
6.74779e-08
5.43515e-11
6.7473e-08
3.36606e-11
6.74676e-08
1.56709e-11
6.74618e-08
2.29842e-13
6.74558e-08
-1.28287e-11
6.74498e-08
-2.36899e-11
6.74439e-08
-3.25415e-11
6.74381e-08
-3.95694e-11
6.74325e-08
-4.49543e-11
6.74272e-08
-4.88686e-11
6.74221e-08
-5.14753e-11
6.74174e-08
-5.2928e-11
6.7413e-08
-5.33717e-11
6.74089e-08
-5.29435e-11
6.74052e-08
-5.17733e-11
6.74019e-08
-4.99845e-11
6.73989e-08
-4.76939e-11
6.73963e-08
-4.50122e-11
6.7394e-08
-4.2043e-11
6.7392e-08
-3.88822e-11
6.73904e-08
-3.56174e-11
6.7389e-08
-3.2327e-11
6.73879e-08
-2.90793e-11
6.73871e-08
-2.59319e-11
6.73864e-08
-2.29317e-11
6.7386e-08
-2.01145e-11
6.73856e-08
-1.7506e-11
6.73854e-08
-1.51221e-11
6.73854e-08
-1.29698e-11
6.73853e-08
-1.1049e-11
6.73854e-08
-9.35302e-12
6.73854e-08
-7.87068e-12
6.73855e-08
-6.58718e-12
6.73856e-08
-5.48552e-12
6.73858e-08
-4.5475e-12
6.73859e-08
-3.75466e-12
6.7386e-08
-3.08899e-12
6.73861e-08
-2.53342e-12
6.73862e-08
-2.07217e-12
6.73863e-08
-1.69102e-12
6.73863e-08
-1.37734e-12
6.73864e-08
-1.12008e-12
6.73864e-08
-9.09741e-13
6.73865e-08
-7.38226e-13
6.73865e-08
-5.98712e-13
6.73866e-08
-4.85486e-13
6.73866e-08
-3.93824e-13
6.73866e-08
-3.19825e-13
6.73866e-08
-2.60298e-13
6.73866e-08
-2.12635e-13
6.73866e-08
-1.74728e-13
6.73867e-08
-1.44874e-13
-1.21791e-13
6.72741e-08
1.02177e-09
-6.71909e-08
6.7365e-08
1.07889e-09
6.74626e-08
1.13143e-09
6.75658e-08
1.17833e-09
6.76734e-08
1.21864e-09
6.77838e-08
1.25168e-09
6.78958e-08
1.27707e-09
6.80081e-08
1.29471e-09
6.81194e-08
1.30473e-09
6.82289e-08
1.30748e-09
6.83356e-08
1.30347e-09
6.84389e-08
1.29335e-09
6.85384e-08
1.27782e-09
6.86338e-08
1.25761e-09
6.8725e-08
1.23347e-09
6.88119e-08
1.20608e-09
6.88946e-08
1.17609e-09
6.89733e-08
1.14406e-09
6.90482e-08
1.11048e-09
6.91194e-08
1.07573e-09
6.91872e-08
1.04015e-09
6.92519e-08
1.00395e-09
6.93135e-08
9.67315e-10
6.93722e-08
9.30352e-10
6.94283e-08
8.93121e-10
6.94817e-08
8.55642e-10
6.95327e-08
8.17908e-10
6.95811e-08
7.79889e-10
6.9627e-08
7.41547e-10
6.96704e-08
7.02841e-10
6.97112e-08
6.63739e-10
6.97494e-08
6.24223e-10
6.97848e-08
5.84303e-10
6.98174e-08
5.44022e-10
6.9847e-08
5.03462e-10
6.98737e-08
4.62756e-10
6.98972e-08
4.22084e-10
6.99176e-08
3.8168e-10
6.99348e-08
3.41821e-10
6.99489e-08
3.0282e-10
6.99601e-08
2.65012e-10
6.99685e-08
2.28729e-10
6.99743e-08
1.94286e-10
6.99778e-08
1.61956e-10
6.99793e-08
1.31956e-10
6.99791e-08
1.04439e-10
6.99775e-08
7.94899e-11
6.99747e-08
5.71289e-11
6.9971e-08
3.73216e-11
6.99667e-08
1.9988e-11
6.99619e-08
5.01124e-12
6.99568e-08
-7.75059e-12
6.99516e-08
-1.84508e-11
6.99463e-08
-2.72527e-11
6.99411e-08
-3.43207e-11
6.99359e-08
-3.98177e-11
6.9931e-08
-4.39016e-11
6.99262e-08
-4.67234e-11
6.99217e-08
-4.84273e-11
6.99175e-08
-4.91503e-11
6.99136e-08
-4.90227e-11
6.991e-08
-4.81684e-11
6.99067e-08
-4.67051e-11
6.99037e-08
-4.47444e-11
6.99011e-08
-4.23916e-11
6.98988e-08
-3.97453e-11
6.98968e-08
-3.68966e-11
6.98951e-08
-3.39288e-11
6.98937e-08
-3.09162e-11
6.98926e-08
-2.79241e-11
6.98916e-08
-2.50075e-11
6.98909e-08
-2.22119e-11
6.98904e-08
-1.95726e-11
6.989e-08
-1.71153e-11
6.98897e-08
-1.4857e-11
6.98896e-08
-1.28066e-11
6.98895e-08
-1.09657e-11
6.98895e-08
-9.3306e-12
6.98895e-08
-7.89256e-12
6.98895e-08
-6.63957e-12
6.98896e-08
-5.55721e-12
6.98897e-08
-4.62971e-12
6.98898e-08
-3.84077e-12
6.98899e-08
-3.17418e-12
6.98899e-08
-2.61441e-12
6.989e-08
-2.14693e-12
6.98901e-08
-1.75843e-12
6.98901e-08
-1.43699e-12
6.98902e-08
-1.17206e-12
6.98902e-08
-9.54454e-13
6.98903e-08
-7.76275e-13
6.98903e-08
-6.30796e-13
6.98903e-08
-5.12336e-13
6.98904e-08
-4.16149e-13
6.98904e-08
-3.38289e-13
6.98904e-08
-2.75502e-13
6.98904e-08
-2.25113e-13
6.98904e-08
-1.84948e-13
6.98904e-08
-1.53249e-13
-1.28693e-13
6.98187e-08
9.39674e-10
-6.97366e-08
6.99076e-08
9.8993e-10
7.00027e-08
1.03636e-09
7.0103e-08
1.07808e-09
7.02073e-08
1.11429e-09
7.03146e-08
1.1444e-09
7.04236e-08
1.16804e-09
7.05333e-08
1.18506e-09
7.06425e-08
1.1955e-09
7.07504e-08
1.1996e-09
7.08561e-08
1.19773e-09
7.09591e-08
1.19036e-09
7.10589e-08
1.17805e-09
7.11551e-08
1.16139e-09
7.12476e-08
1.141e-09
7.13362e-08
1.11745e-09
7.1421e-08
1.0913e-09
7.1502e-08
1.06304e-09
7.15794e-08
1.03311e-09
7.16533e-08
1.00187e-09
7.17238e-08
9.69626e-10
7.17911e-08
9.36616e-10
7.18554e-08
9.03019e-10
7.19168e-08
8.6896e-10
7.19754e-08
8.34521e-10
7.20313e-08
7.99749e-10
7.20845e-08
7.64662e-10
7.21352e-08
7.29259e-10
7.21832e-08
6.93528e-10
7.22286e-08
6.57454e-10
7.22713e-08
6.21025e-10
7.23113e-08
5.84243e-10
7.23484e-08
5.47131e-10
7.23827e-08
5.09739e-10
7.2414e-08
4.7215e-10
7.24423e-08
4.34485e-10
7.24675e-08
3.96908e-10
7.24895e-08
3.59622e-10
7.25085e-08
3.22867e-10
7.25244e-08
2.8691e-10
7.25374e-08
2.52036e-10
7.25476e-08
2.18529e-10
7.25552e-08
1.86657e-10
7.25605e-08
1.56658e-10
7.25637e-08
1.28726e-10
7.25652e-08
1.03e-10
7.25651e-08
7.95684e-11
7.25638e-08
5.84616e-11
7.25614e-08
3.96641e-11
7.25583e-08
2.31192e-11
7.25546e-08
8.74132e-12
7.25504e-08
-3.59585e-12
7.2546e-08
-1.40134e-11
7.25414e-08
-2.2653e-11
7.25367e-08
-2.9658e-11
7.25321e-08
-3.51744e-11
7.25275e-08
-3.93452e-11
7.25231e-08
-4.23093e-11
7.25189e-08
-4.42002e-11
7.25149e-08
-4.51463e-11
7.25111e-08
-4.52702e-11
7.25076e-08
-4.46889e-11
7.25044e-08
-4.35137e-11
7.25016e-08
-4.18502e-11
7.2499e-08
-3.97981e-11
7.24967e-08
-3.74504e-11
7.24947e-08
-3.48934e-11
7.24929e-08
-3.22055e-11
7.24915e-08
-2.94571e-11
7.24903e-08
-2.671e-11
7.24893e-08
-2.40168e-11
7.24885e-08
-2.14211e-11
7.24879e-08
-1.89574e-11
7.24874e-08
-1.66512e-11
7.24871e-08
-1.45204e-11
7.24868e-08
-1.25749e-11
7.24867e-08
-1.08185e-11
7.24866e-08
-9.2494e-12
7.24866e-08
-7.86133e-12
7.24866e-08
-6.64469e-12
7.24866e-08
-5.58743e-12
7.24867e-08
-4.67602e-12
7.24867e-08
-3.89614e-12
7.24868e-08
-3.23337e-12
7.24868e-08
-2.67363e-12
7.24869e-08
-2.2036e-12
7.24869e-08
-1.81094e-12
7.2487e-08
-1.48444e-12
7.2487e-08
-1.21411e-12
7.24871e-08
-9.91123e-13
7.24871e-08
-8.07827e-13
7.24871e-08
-6.57641e-13
7.24871e-08
-5.34963e-13
7.24872e-08
-4.35068e-13
7.24872e-08
-3.53999e-13
7.24872e-08
-2.88468e-13
7.24872e-08
-2.35761e-13
7.24872e-08
-1.93657e-13
7.24872e-08
-1.60356e-13
-1.3448e-13
9.93604e-08
8.29231e-10
-9.925e-08
9.94791e-08
8.71229e-10
9.96053e-08
9.10204e-10
9.97379e-08
9.45494e-10
9.98757e-08
9.76476e-10
1.00017e-07
1.00265e-09
1.00162e-07
1.0237e-09
1.00307e-07
1.03943e-09
1.00453e-07
1.04983e-09
1.00598e-07
1.055e-09
1.0074e-07
1.05517e-09
1.0088e-07
1.05067e-09
1.01016e-07
1.04189e-09
1.01148e-07
1.02925e-09
1.01276e-07
1.01322e-09
1.01399e-07
9.94255e-10
1.01518e-07
9.72783e-10
1.01632e-07
9.49218e-10
1.01741e-07
9.23926e-10
1.01845e-07
8.9723e-10
1.01946e-07
8.69402e-10
1.02042e-07
8.40667e-10
1.02133e-07
8.11205e-10
1.02221e-07
7.81152e-10
1.02305e-07
7.50611e-10
1.02385e-07
7.19649e-10
1.02461e-07
6.88313e-10
1.02534e-07
6.5663e-10
1.02603e-07
6.24614e-10
1.02668e-07
5.92278e-10
1.0273e-07
5.59633e-10
1.02787e-07
5.267e-10
1.02841e-07
4.93515e-10
1.0289e-07
4.60134e-10
1.02936e-07
4.26638e-10
1.02977e-07
3.93135e-10
1.03014e-07
3.59765e-10
1.03047e-07
3.26697e-10
1.03076e-07
2.94126e-10
1.03101e-07
2.6227e-10
1.03121e-07
2.31354e-10
1.03138e-07
2.01609e-10
1.03152e-07
1.7325e-10
1.03162e-07
1.46473e-10
1.03169e-07
1.21441e-10
1.03174e-07
9.82789e-11
1.03176e-07
7.70684e-11
1.03177e-07
5.78504e-11
1.03176e-07
4.06267e-11
1.03174e-07
2.53649e-11
1.03171e-07
1.2004e-11
1.03166e-07
4.59318e-13
1.03162e-07
-9.38076e-12
1.03157e-07
-1.76124e-11
1.03151e-07
-2.43594e-11
1.03146e-07
-2.97457e-11
1.03141e-07
-3.38939e-11
1.03135e-07
-3.69254e-11
1.0313e-07
-3.89591e-11
1.03125e-07
-4.01099e-11
1.0312e-07
-4.04888e-11
1.03116e-07
-4.02022e-11
1.03112e-07
-3.93517e-11
1.03108e-07
-3.8034e-11
1.03104e-07
-3.63399e-11
1.03101e-07
-3.43547e-11
1.03098e-07
-3.21571e-11
1.03096e-07
-2.98189e-11
1.03094e-07
-2.74047e-11
1.03092e-07
-2.49712e-11
1.03091e-07
-2.25672e-11
1.0309e-07
-2.02336e-11
1.03089e-07
-1.8003e-11
1.03088e-07
-1.59008e-11
1.03087e-07
-1.39447e-11
1.03087e-07
-1.21462e-11
1.03087e-07
-1.05109e-11
1.03086e-07
-9.03929e-12
1.03086e-07
-7.72788e-12
1.03086e-07
-6.56986e-12
1.03086e-07
-5.55603e-12
1.03086e-07
-4.67555e-12
1.03086e-07
-3.91658e-12
1.03086e-07
-3.26691e-12
1.03086e-07
-2.71438e-12
1.03086e-07
-2.24726e-12
1.03086e-07
-1.85451e-12
1.03086e-07
-1.52594e-12
1.03086e-07
-1.25234e-12
1.03086e-07
-1.02546e-12
1.03086e-07
-8.38058e-13
1.03086e-07
-6.83829e-13
1.03087e-07
-5.57344e-13
1.03087e-07
-4.53975e-13
1.03087e-07
-3.69808e-13
1.03087e-07
-3.01563e-13
1.03087e-07
-2.46514e-13
1.03087e-07
-2.02414e-13
1.03087e-07
-1.67441e-13
-1.40278e-13
1.11605e-07
7.12475e-10
-1.11489e-07
1.1173e-07
7.46722e-10
1.11862e-07
7.78628e-10
1.11999e-07
8.07704e-10
1.12142e-07
8.33477e-10
1.12289e-07
8.55556e-10
1.12439e-07
8.73655e-10
1.12591e-07
8.87604e-10
1.12744e-07
8.97338e-10
1.12896e-07
9.02891e-10
1.13047e-07
9.04388e-10
1.13195e-07
9.0203e-10
1.13341e-07
8.96077e-10
1.13484e-07
8.86832e-10
1.13622e-07
8.74622e-10
1.13757e-07
8.59787e-10
1.13887e-07
8.42663e-10
1.14012e-07
8.23568e-10
1.14133e-07
8.02803e-10
1.1425e-07
7.80634e-10
1.14362e-07
7.57299e-10
1.1447e-07
7.32998e-10
1.14573e-07
7.07901e-10
1.14672e-07
6.82144e-10
1.14767e-07
6.55833e-10
1.14858e-07
6.29053e-10
1.14944e-07
6.01863e-10
1.15026e-07
5.74311e-10
1.15104e-07
5.46432e-10
1.15179e-07
5.18255e-10
1.15248e-07
4.89811e-10
1.15314e-07
4.61133e-10
1.15375e-07
4.32264e-10
1.15432e-07
4.03264e-10
1.15484e-07
3.74207e-10
1.15532e-07
3.45189e-10
1.15576e-07
3.16327e-10
1.15615e-07
2.87757e-10
1.15649e-07
2.59637e-10
1.15679e-07
2.32137e-10
1.15705e-07
2.05437e-10
1.15727e-07
1.79715e-10
1.15745e-07
1.55143e-10
1.1576e-07
1.31879e-10
1.15771e-07
1.10055e-10
1.1578e-07
8.97787e-11
1.15786e-07
7.11237e-11
1.15789e-07
5.41341e-11
1.15791e-07
3.88224e-11
1.15791e-07
2.51741e-11
1.1579e-07
1.31526e-11
1.15788e-07
2.72495e-12
1.15785e-07
-6.27518e-12
1.15781e-07
-1.38375e-11
1.15777e-07
-2.00941e-11
1.15772e-07
-2.51421e-11
1.15767e-07
-2.90837e-11
1.15763e-07
-3.20222e-11
1.15758e-07
-3.40598e-11
1.15753e-07
-3.52964e-11
1.15748e-07
-3.58295e-11
1.15744e-07
-3.57529e-11
1.1574e-07
-3.5157e-11
1.15736e-07
-3.41274e-11
1.15732e-07
-3.27452e-11
1.15729e-07
-3.10862e-11
1.15726e-07
-2.92207e-11
1.15723e-07
-2.72128e-11
1.15721e-07
-2.51203e-11
1.15719e-07
-2.29941e-11
1.15717e-07
-2.08786e-11
1.15716e-07
-1.88109e-11
1.15715e-07
-1.68214e-11
1.15714e-07
-1.4934e-11
1.15713e-07
-1.31662e-11
1.15712e-07
-1.15299e-11
1.15712e-07
-1.0032e-11
1.15711e-07
-8.67479e-12
1.15711e-07
-7.4569e-12
1.15711e-07
-6.37393e-12
1.15711e-07
-5.41914e-12
1.15711e-07
-4.58412e-12
1.15711e-07
-3.85936e-12
1.15711e-07
-3.23475e-12
1.15711e-07
-2.70001e-12
1.15711e-07
-2.24504e-12
1.15711e-07
-1.86015e-12
1.15711e-07
-1.53629e-12
1.15711e-07
-1.26512e-12
1.15711e-07
-1.0391e-12
1.15711e-07
-8.51524e-13
1.15711e-07
-6.96472e-13
1.15711e-07
-5.68798e-13
1.15711e-07
-4.64069e-13
1.15711e-07
-3.785e-13
1.15711e-07
-3.08889e-13
1.15711e-07
-2.52557e-13
1.15711e-07
-2.07282e-13
1.15711e-07
-1.71246e-13
-1.43093e-13
1.25351e-07
5.88635e-10
-1.25227e-07
1.25482e-07
6.15584e-10
1.2562e-07
6.40769e-10
1.25763e-07
6.63841e-10
1.25912e-07
6.84453e-10
1.26066e-07
7.02307e-10
1.26222e-07
7.17177e-10
1.26381e-07
7.28909e-10
1.26541e-07
7.37425e-10
1.26701e-07
7.42717e-10
1.2686e-07
7.44842e-10
1.27019e-07
7.43915e-10
1.27175e-07
7.40098e-10
1.27328e-07
7.33592e-10
1.27478e-07
7.24622e-10
1.27624e-07
7.13426e-10
1.27767e-07
7.0025e-10
1.27905e-07
6.85334e-10
1.28039e-07
6.68906e-10
1.28168e-07
6.51181e-10
1.28293e-07
6.3235e-10
1.28414e-07
6.12584e-10
1.28529e-07
5.92029e-10
1.28641e-07
5.70811e-10
1.28748e-07
5.49033e-10
1.2885e-07
5.26778e-10
1.28948e-07
5.04116e-10
1.29041e-07
4.811e-10
1.29129e-07
4.57778e-10
1.29213e-07
4.34189e-10
1.29293e-07
4.10372e-10
1.29368e-07
3.86369e-10
1.29438e-07
3.62225e-10
1.29503e-07
3.37997e-10
1.29563e-07
3.13752e-10
1.29619e-07
2.8957e-10
1.2967e-07
2.65547e-10
1.29716e-07
2.41791e-10
1.29757e-07
2.18423e-10
1.29794e-07
1.95575e-10
1.29826e-07
1.73383e-10
1.29853e-07
1.51985e-10
1.29877e-07
1.31512e-10
1.29897e-07
1.12086e-10
1.29913e-07
9.38124e-11
1.29926e-07
7.67784e-11
1.29936e-07
6.10484e-11
1.29944e-07
4.66639e-11
1.29949e-07
3.36436e-11
1.29952e-07
2.19849e-11
1.29953e-07
1.16652e-11
1.29954e-07
2.63295e-12
1.29952e-07
-5.14185e-12
1.2995e-07
-1.17411e-11
1.29947e-07
-1.72285e-11
1.29944e-07
-2.1686e-11
1.2994e-07
-2.51954e-11
1.29936e-07
-2.78403e-11
1.29932e-07
-2.97051e-11
1.29927e-07
-3.08734e-11
1.29923e-07
-3.14273e-11
1.29918e-07
-3.14465e-11
1.29914e-07
-3.1008e-11
1.2991e-07
-3.01852e-11
1.29907e-07
-2.90476e-11
1.29903e-07
-2.76604e-11
1.299e-07
-2.60841e-11
1.29897e-07
-2.4374e-11
1.29895e-07
-2.25801e-11
1.29892e-07
-2.07465e-11
1.2989e-07
-1.8912e-11
1.29889e-07
-1.71093e-11
1.29887e-07
-1.53654e-11
1.29886e-07
-1.3702e-11
1.29885e-07
-1.21353e-11
1.29884e-07
-1.06769e-11
1.29884e-07
-9.33409e-12
1.29883e-07
-8.11012e-12
1.29882e-07
-7.00514e-12
1.29882e-07
-6.01653e-12
1.29882e-07
-5.13955e-12
1.29882e-07
-4.36784e-12
1.29881e-07
-3.69392e-12
1.29881e-07
-3.1096e-12
1.29881e-07
-2.6064e-12
1.29881e-07
-2.17579e-12
1.29881e-07
-1.80949e-12
1.29881e-07
-1.49964e-12
1.29881e-07
-1.23888e-12
1.29881e-07
-1.02052e-12
1.29881e-07
-8.38483e-13
1.29881e-07
-6.87389e-13
1.29881e-07
-5.62493e-13
1.29881e-07
-4.59671e-13
1.29881e-07
-3.7537e-13
1.29881e-07
-3.0656e-13
1.29881e-07
-2.50685e-13
1.29881e-07
-2.05617e-13
1.29881e-07
-1.69628e-13
-1.41528e-13
1.40777e-07
4.56586e-10
-1.40645e-07
1.40916e-07
4.76577e-10
1.41061e-07
4.95304e-10
1.41212e-07
5.12527e-10
1.41369e-07
5.28004e-10
1.4153e-07
5.4152e-10
1.41694e-07
5.52907e-10
1.41861e-07
5.62044e-10
1.42029e-07
5.68856e-10
1.42199e-07
5.73317e-10
1.42368e-07
5.75444e-10
1.42537e-07
5.75297e-10
1.42704e-07
5.72969e-10
1.42869e-07
5.68584e-10
1.43031e-07
5.62287e-10
1.4319e-07
5.54235e-10
1.43346e-07
5.44597e-10
1.43498e-07
5.33541e-10
1.43646e-07
5.21233e-10
1.43789e-07
5.07828e-10
1.43928e-07
4.93474e-10
1.44062e-07
4.78304e-10
1.44192e-07
4.62435e-10
1.44316e-07
4.45971e-10
1.44437e-07
4.29001e-10
1.44552e-07
4.116e-10
1.44662e-07
3.93833e-10
1.44767e-07
3.75755e-10
1.44868e-07
3.57412e-10
1.44963e-07
3.38846e-10
1.45053e-07
3.20099e-10
1.45138e-07
3.01211e-10
1.45218e-07
2.82225e-10
1.45293e-07
2.63191e-10
1.45363e-07
2.44164e-10
1.45427e-07
2.2521e-10
1.45486e-07
2.064e-10
1.4554e-07
1.87818e-10
1.45589e-07
1.69553e-10
1.45633e-07
1.51701e-10
1.45672e-07
1.34362e-10
1.45706e-07
1.17635e-10
1.45736e-07
1.01617e-10
1.45762e-07
8.6397e-11
1.45784e-07
7.20548e-11
1.45802e-07
5.86567e-11
1.45817e-07
4.62536e-11
1.45828e-07
3.48808e-11
1.45838e-07
2.45569e-11
1.45844e-07
1.52878e-11
1.45849e-07
7.07247e-12
1.45852e-07
-1.26757e-13
1.45853e-07
-6.37486e-12
1.45853e-07
-1.1668e-11
1.45852e-07
-1.60774e-11
1.4585e-07
-1.96602e-11
1.45847e-07
-2.24788e-11
1.45844e-07
-2.45981e-11
1.4584e-07
-2.60839e-11
1.45836e-07
-2.7002e-11
1.45832e-07
-2.74179e-11
1.45828e-07
-2.73955e-11
1.45824e-07
-2.69966e-11
1.4582e-07
-2.62806e-11
1.45816e-07
-2.53041e-11
1.45813e-07
-2.412e-11
1.4581e-07
-2.27777e-11
1.45807e-07
-2.13223e-11
1.45804e-07
-1.97948e-11
1.45801e-07
-1.82315e-11
1.45799e-07
-1.66645e-11
1.45797e-07
-1.51208e-11
1.45795e-07
-1.36232e-11
1.45794e-07
-1.21899e-11
1.45792e-07
-1.08351e-11
1.45791e-07
-9.56887e-12
1.4579e-07
-8.398e-12
1.4579e-07
-7.32596e-12
1.45789e-07
-6.35357e-12
1.45788e-07
-5.47933e-12
1.45788e-07
-4.69993e-12
1.45788e-07
-4.01058e-12
1.45787e-07
-3.40548e-12
1.45787e-07
-2.87814e-12
1.45787e-07
-2.42167e-12
1.45787e-07
-2.02909e-12
1.45787e-07
-1.69348e-12
1.45787e-07
-1.40822e-12
1.45787e-07
-1.16706e-12
1.45786e-07
-9.6419e-13
1.45786e-07
-7.94354e-13
1.45786e-07
-6.5281e-13
1.45786e-07
-5.35351e-13
1.45786e-07
-4.38286e-13
1.45786e-07
-3.58408e-13
1.45786e-07
-2.92959e-13
1.45786e-07
-2.39589e-13
1.45786e-07
-1.96321e-13
1.45786e-07
-1.61528e-13
-1.34044e-13
1.58084e-07
3.14796e-10
-1.57942e-07
1.58233e-07
3.28037e-10
1.58388e-07
3.40441e-10
1.58548e-07
3.51872e-10
1.58714e-07
3.62176e-10
1.58884e-07
3.71214e-10
1.59058e-07
3.78872e-10
1.59235e-07
3.85066e-10
1.59414e-07
3.89741e-10
1.59595e-07
3.92867e-10
1.59776e-07
3.94446e-10
1.59957e-07
3.94503e-10
1.60137e-07
3.93087e-10
1.60315e-07
3.90267e-10
1.60491e-07
3.86127e-10
1.60665e-07
3.80764e-10
1.60835e-07
3.74281e-10
1.61002e-07
3.66784e-10
1.61164e-07
3.58381e-10
1.61323e-07
3.49174e-10
1.61477e-07
3.39264e-10
1.61627e-07
3.28742e-10
1.61772e-07
3.17691e-10
1.61911e-07
3.06186e-10
1.62046e-07
2.94294e-10
1.62176e-07
2.82074e-10
1.623e-07
2.69575e-10
1.62419e-07
2.56843e-10
1.62532e-07
2.43916e-10
1.6264e-07
2.30831e-10
1.62743e-07
2.17621e-10
1.6284e-07
2.04321e-10
1.62931e-07
1.90965e-10
1.63017e-07
1.77591e-10
1.63096e-07
1.64241e-10
1.63171e-07
1.50961e-10
1.63239e-07
1.37802e-10
1.63302e-07
1.2482e-10
1.6336e-07
1.12077e-10
1.63412e-07
9.96348e-11
1.63459e-07
8.7561e-11
1.635e-07
7.59214e-11
1.63537e-07
6.47798e-11
1.63569e-07
5.41962e-11
1.63597e-07
4.4224e-11
1.63621e-07
3.49087e-11
1.63641e-07
2.62853e-11
1.63657e-07
1.83778e-11
1.63671e-07
1.12044e-11
1.63681e-07
4.76839e-12
1.63689e-07
-9.2399e-13
1.63695e-07
-5.89864e-12
1.63699e-07
-1.01812e-11
1.63701e-07
-1.37923e-11
1.63702e-07
-1.67699e-11
1.63701e-07
-1.91544e-11
1.637e-07
-2.09885e-11
1.63697e-07
-2.23174e-11
1.63695e-07
-2.31877e-11
1.63691e-07
-2.36467e-11
1.63688e-07
-2.37415e-11
1.63684e-07
-2.35187e-11
1.6368e-07
-2.30235e-11
1.63676e-07
-2.22996e-11
1.63672e-07
-2.13887e-11
1.63668e-07
-2.033e-11
1.63664e-07
-1.91601e-11
1.63661e-07
-1.79124e-11
1.63658e-07
-1.66176e-11
1.63655e-07
-1.53026e-11
1.63652e-07
-1.39914e-11
1.6365e-07
-1.27043e-11
1.63648e-07
-1.14583e-11
1.63646e-07
-1.02671e-11
1.63644e-07
-9.14131e-12
1.63643e-07
-8.08867e-12
1.63641e-07
-7.1142e-12
1.6364e-07
-6.22057e-12
1.63639e-07
-5.40837e-12
1.63638e-07
-4.67642e-12
1.63638e-07
-4.02213e-12
1.63637e-07
-3.44176e-12
1.63637e-07
-2.93074e-12
1.63636e-07
-2.48394e-12
1.63636e-07
-2.09589e-12
1.63636e-07
-1.76101e-12
1.63635e-07
-1.47374e-12
1.63635e-07
-1.22871e-12
1.63635e-07
-1.02085e-12
1.63635e-07
-8.45407e-13
1.63635e-07
-6.9804e-13
1.63635e-07
-5.74819e-13
1.63635e-07
-4.72236e-13
1.63635e-07
-3.8719e-13
1.63635e-07
-3.16968e-13
1.63635e-07
-2.59217e-13
1.63635e-07
-2.11907e-13
1.63635e-07
-1.73308e-13
1.63635e-07
-1.41967e-13
-1.16903e-13
1.77498e-07
1.61125e-10
-1.77345e-07
1.77659e-07
1.67579e-10
1.77826e-07
1.7363e-10
1.77998e-07
1.792e-10
1.78176e-07
1.84203e-10
1.78359e-07
1.88568e-10
1.78545e-07
1.9224e-10
1.78735e-07
1.95176e-10
1.78928e-07
1.97347e-10
1.79122e-07
1.98735e-10
1.79317e-07
1.99337e-10
1.79512e-07
1.99163e-10
1.79707e-07
1.98234e-10
1.79901e-07
1.96581e-10
1.80093e-07
1.94244e-10
1.80282e-07
1.91269e-10
1.80469e-07
1.87707e-10
1.80652e-07
1.83609e-10
1.80831e-07
1.7903e-10
1.81007e-07
1.74023e-10
1.81177e-07
1.68639e-10
1.81343e-07
1.62927e-10
1.81504e-07
1.5693e-10
1.81659e-07
1.50691e-10
1.81809e-07
1.44246e-10
1.81954e-07
1.37629e-10
1.82092e-07
1.30867e-10
1.82225e-07
1.23989e-10
1.82352e-07
1.17016e-10
1.82473e-07
1.09972e-10
1.82588e-07
1.02877e-10
1.82696e-07
9.57514e-11
1.82799e-07
8.86157e-11
1.82895e-07
8.14919e-11
1.82985e-07
7.44035e-11
1.83068e-07
6.7376e-11
1.83146e-07
6.04369e-11
1.83217e-07
5.36161e-11
1.83282e-07
4.69452e-11
1.83341e-07
4.04576e-11
1.83394e-07
3.41872e-11
1.83442e-07
2.81678e-11
1.83485e-07
2.24322e-11
1.83522e-07
1.70115e-11
1.83554e-07
1.19338e-11
1.83582e-07
7.22486e-12
1.83605e-07
2.91372e-12
1.83624e-07
-1.01649e-12
1.8364e-07
-4.54239e-12
1.83653e-07
-7.65538e-12
1.83662e-07
-1.03653e-11
1.83669e-07
-1.26813e-11
1.83673e-07
-1.46177e-11
1.83676e-07
-1.61898e-11
1.83676e-07
-1.74163e-11
1.83676e-07
-1.83194e-11
1.83673e-07
-1.89231e-11
1.8367e-07
-1.92526e-11
1.83667e-07
-1.93344e-11
1.83662e-07
-1.91951e-11
1.83657e-07
-1.88617e-11
1.83652e-07
-1.83608e-11
1.83647e-07
-1.77184e-11
1.83641e-07
-1.69596e-11
1.83636e-07
-1.61085e-11
1.83631e-07
-1.51877e-11
1.83626e-07
-1.42184e-11
1.83621e-07
-1.322e-11
1.83617e-07
-1.22101e-11
1.83613e-07
-1.12043e-11
1.83609e-07
-1.02163e-11
1.83606e-07
-9.25771e-12
1.83602e-07
-8.33807e-12
1.836e-07
-7.46506e-12
1.83597e-07
-6.64442e-12
1.83595e-07
-5.88017e-12
1.83593e-07
-5.1747e-12
1.83591e-07
-4.52899e-12
1.8359e-07
-3.94274e-12
1.83589e-07
-3.4146e-12
1.83588e-07
-2.94236e-12
1.83587e-07
-2.52311e-12
1.83586e-07
-2.15347e-12
1.83585e-07
-1.82971e-12
1.83585e-07
-1.54793e-12
1.83584e-07
-1.30415e-12
1.83584e-07
-1.09447e-12
1.83584e-07
-9.1509e-13
1.83583e-07
-7.62439e-13
1.83583e-07
-6.33171e-13
1.83583e-07
-5.24215e-13
1.83583e-07
-4.32788e-13
1.83583e-07
-3.56392e-13
1.83583e-07
-2.92812e-13
1.83582e-07
-2.40095e-13
1.83582e-07
-1.96528e-13
1.83582e-07
-1.60604e-13
1.83582e-07
-1.30958e-13
1.83582e-07
-1.06258e-13
-8.51655e-14
1.99169e-07
-1.99008e-07
1.99337e-07
1.99511e-07
1.9969e-07
1.99874e-07
2.00063e-07
2.00255e-07
2.0045e-07
2.00647e-07
2.00846e-07
2.01045e-07
2.01245e-07
2.01443e-07
2.01639e-07
2.01834e-07
2.02025e-07
2.02213e-07
2.02396e-07
2.02575e-07
2.02749e-07
2.02918e-07
2.03081e-07
2.03238e-07
2.03388e-07
2.03533e-07
2.0367e-07
2.03801e-07
2.03925e-07
2.04042e-07
2.04152e-07
2.04255e-07
2.04351e-07
2.04439e-07
2.04521e-07
2.04595e-07
2.04663e-07
2.04723e-07
2.04777e-07
2.04824e-07
2.04864e-07
2.04898e-07
2.04926e-07
2.04949e-07
2.04966e-07
2.04978e-07
2.04985e-07
2.04988e-07
2.04987e-07
2.04982e-07
2.04975e-07
2.04964e-07
2.04952e-07
2.04937e-07
2.04921e-07
2.04904e-07
2.04885e-07
2.04866e-07
2.04847e-07
2.04828e-07
2.04809e-07
2.0479e-07
2.04771e-07
2.04754e-07
2.04737e-07
2.0472e-07
2.04705e-07
2.04691e-07
2.04678e-07
2.04666e-07
2.04654e-07
2.04644e-07
2.04635e-07
2.04627e-07
2.04619e-07
2.04613e-07
2.04607e-07
2.04601e-07
2.04597e-07
2.04593e-07
2.0459e-07
2.04587e-07
2.04584e-07
2.04582e-07
2.0458e-07
2.04579e-07
2.04577e-07
2.04576e-07
2.04575e-07
2.04575e-07
2.04574e-07
2.04573e-07
2.04573e-07
2.04573e-07
2.04572e-07
2.04572e-07
2.04572e-07
2.04572e-07
2.04572e-07
2.04571e-07
3.4584e-08
1.9429e-12
3.45822e-08
4.21918e-12
3.45794e-08
6.89751e-12
3.45757e-08
1.00434e-11
3.4571e-08
1.3733e-11
3.45651e-08
1.80566e-11
3.45578e-08
2.31228e-11
3.45489e-08
2.90608e-11
3.45381e-08
3.60249e-11
3.45251e-08
4.42022e-11
3.45094e-08
5.3823e-11
3.44905e-08
6.5177e-11
3.44679e-08
7.86365e-11
3.44405e-08
9.46919e-11
3.44075e-08
1.14008e-10
3.43673e-08
1.37517e-10
3.43181e-08
1.66573e-10
3.42568e-08
2.03243e-10
3.41794e-08
2.50856e-10
3.4079e-08
3.15197e-10
3.39438e-08
4.07316e-10
3.37504e-08
5.51238e-10
3.34458e-08
8.09408e-10
3.28749e-08
1.39797e-09
3.07664e-09
3.5869e-08
2.95123e-12
3.58671e-08
6.11795e-12
3.58643e-08
9.70382e-12
3.58605e-08
1.3821e-11
3.58557e-08
1.85875e-11
3.58496e-08
2.41349e-11
3.58421e-08
3.06138e-11
3.5833e-08
3.81988e-11
3.58219e-08
4.70963e-11
3.58086e-08
5.75551e-11
3.57925e-08
6.98827e-11
3.57732e-08
8.44666e-11
3.575e-08
1.01807e-10
3.57222e-08
1.22568e-10
3.56885e-08
1.47654e-10
3.56477e-08
1.78337e-10
3.55978e-08
2.16481e-10
3.55361e-08
2.64927e-10
3.54587e-08
3.28254e-10
3.53596e-08
4.14337e-10
3.5229e-08
5.37857e-10
3.50513e-08
7.28988e-10
3.48043e-08
1.05634e-09
3.45156e-08
1.68672e-09
2.99156e-09
3.72018e-08
3.96598e-12
3.71998e-08
8.05242e-12
3.7197e-08
1.25655e-11
3.71931e-08
1.76762e-11
3.71882e-08
2.35435e-11
3.7182e-08
3.03403e-11
3.71743e-08
3.82597e-11
3.7165e-08
4.75217e-11
3.71537e-08
5.83845e-11
3.71401e-08
7.11587e-11
3.71238e-08
8.62269e-11
3.71042e-08
1.04072e-10
3.70806e-08
1.25317e-10
3.70524e-08
1.5079e-10
3.70185e-08
1.81617e-10
3.69774e-08
2.19382e-10
3.69275e-08
2.66389e-10
3.68663e-08
3.26127e-10
3.67904e-08
4.04126e-10
3.66951e-08
5.09635e-10
3.65739e-08
6.59054e-10
3.64198e-08
8.83157e-10
3.62349e-08
1.24126e-09
3.60819e-08
1.83971e-09
2.81803e-09
3.8584e-08
4.98674e-12
3.85821e-08
1.0014e-11
3.85792e-08
1.54711e-11
3.85753e-08
2.15926e-11
3.85702e-08
2.85791e-11
3.85639e-08
3.66445e-11
3.85562e-08
4.60239e-11
3.85467e-08
5.69828e-11
3.85352e-08
6.98301e-11
3.85215e-08
8.49362e-11
3.85049e-08
1.02756e-10
3.84851e-08
1.23862e-10
3.84615e-08
1.48993e-10
3.84331e-08
1.79124e-10
3.83992e-08
2.15579e-10
3.83584e-08
2.60204e-10
3.83091e-08
3.15658e-10
3.82493e-08
3.85897e-10
3.81764e-08
4.77041e-10
3.80871e-08
5.98917e-10
3.79783e-08
7.67864e-10
3.785e-08
1.01149e-09
3.77166e-08
1.37465e-09
3.76392e-08
1.91712e-09
2.66898e-09
4.00177e-08
6.01074e-12
4.00157e-08
1.19933e-11
4.00128e-08
1.84076e-11
4.00088e-08
2.55518e-11
4.00037e-08
3.36698e-11
3.99973e-08
4.30155e-11
3.99895e-08
5.38656e-11
3.99799e-08
6.65296e-11
3.99684e-08
8.13659e-11
3.99545e-08
9.88015e-11
3.99379e-08
1.19359e-10
3.99181e-08
1.43693e-10
3.98945e-08
1.72645e-10
3.98663e-08
2.07318e-10
3.98326e-08
2.49197e-10
3.97925e-08
3.00331e-10
3.97445e-08
3.63623e-10
3.96871e-08
4.43298e-10
3.96185e-08
5.45674e-10
3.9537e-08
6.80414e-10
3.94425e-08
8.6243e-10
3.93397e-08
1.1142e-09
3.92482e-08
1.46621e-09
3.92188e-08
1.94654e-09
2.5402e-09
4.15046e-08
7.03425e-12
4.15026e-08
1.39801e-11
4.14996e-08
2.13592e-11
4.14956e-08
2.95322e-11
4.14905e-08
3.87869e-11
4.14841e-08
4.94162e-11
4.14763e-08
6.1737e-11
4.14667e-08
7.61017e-11
4.14551e-08
9.29149e-11
4.14413e-08
1.12656e-10
4.14247e-08
1.3591e-10
4.1405e-08
1.63402e-10
4.13816e-08
1.96061e-10
4.13538e-08
2.35092e-10
4.13209e-08
2.82099e-10
4.1282e-08
3.39263e-10
4.1236e-08
4.09612e-10
4.11819e-08
4.97427e-10
4.11187e-08
6.08865e-10
4.10463e-08
7.52816e-10
4.09668e-08
9.4191e-10
4.08881e-08
1.19294e-09
4.083e-08
1.52429e-09
4.08321e-08
1.9444e-09
2.42335e-09
4.30467e-08
8.05239e-12
4.30447e-08
1.59623e-11
4.30418e-08
2.43075e-11
4.30378e-08
3.35085e-11
4.30327e-08
4.38967e-11
4.30263e-08
5.5803e-11
4.30185e-08
6.9583e-11
4.30089e-08
8.5629e-11
4.29975e-08
1.04388e-10
4.29837e-08
1.26388e-10
4.29674e-08
1.52265e-10
4.2948e-08
1.82807e-10
4.2925e-08
2.19006e-10
4.2898e-08
2.62141e-10
4.28662e-08
3.13889e-10
4.2829e-08
3.76486e-10
4.27856e-08
4.52959e-10
4.27356e-08
5.47452e-10
4.26788e-08
6.65651e-10
4.26164e-08
8.15255e-10
4.2552e-08
1.00622e-09
4.2495e-08
1.25e-09
4.24635e-08
1.5558e-09
4.2487e-08
1.92092e-09
2.3134e-09
4.46462e-08
9.05907e-12
4.46442e-08
1.79262e-11
4.46413e-08
2.72313e-11
4.46373e-08
3.74512e-11
4.46323e-08
4.89603e-11
4.46259e-08
6.21262e-11
4.46182e-08
7.73401e-11
4.46088e-08
9.50314e-11
4.45975e-08
1.15686e-10
4.4584e-08
1.39871e-10
4.4568e-08
1.68267e-10
4.45491e-08
2.01705e-10
4.45269e-08
2.41224e-10
4.45009e-08
2.88142e-10
4.44706e-08
3.44157e-10
4.44356e-08
4.11483e-10
4.43955e-08
4.93032e-10
4.43504e-08
5.92637e-10
4.43007e-08
7.15288e-10
4.42487e-08
8.67261e-10
4.41991e-08
1.05583e-09
4.41612e-08
1.28788e-09
4.41508e-08
1.56623e-09
4.41892e-08
1.88252e-09
2.20773e-09
4.6305e-08
1.0047e-11
4.63031e-08
1.98559e-11
4.63002e-08
3.01061e-11
4.62964e-08
4.13268e-11
4.62914e-08
5.39337e-11
4.62852e-08
6.83288e-11
4.62776e-08
8.49365e-11
4.62684e-08
1.04219e-10
4.62574e-08
1.26695e-10
4.62443e-08
1.52964e-10
4.62288e-08
1.83738e-10
4.62107e-08
2.19878e-10
4.61894e-08
2.62443e-10
4.61648e-08
3.12756e-10
4.61365e-08
3.72485e-10
4.61042e-08
4.43751e-10
4.6068e-08
5.29246e-10
4.60283e-08
6.32362e-10
4.59863e-08
7.57252e-10
4.59449e-08
9.08703e-10
4.59092e-08
1.09153e-09
4.5888e-08
1.30902e-09
4.58944e-08
1.55986e-09
4.59435e-08
1.83339e-09
2.10502e-09
4.80256e-08
1.10075e-11
4.80237e-08
2.17338e-11
4.80209e-08
3.29043e-11
4.80171e-08
4.50971e-11
4.80123e-08
5.87667e-11
4.80063e-08
7.43469e-11
4.79989e-08
9.22917e-11
4.79901e-08
1.13091e-10
4.79795e-08
1.3729e-10
4.79669e-08
1.65513e-10
4.79522e-08
1.98489e-10
4.79349e-08
2.37092e-10
4.7915e-08
2.82377e-10
4.78921e-08
3.35636e-10
4.78662e-08
3.98461e-10
4.78371e-08
4.72811e-10
4.78053e-08
5.61082e-10
4.77715e-08
6.66135e-10
4.77375e-08
7.91226e-10
4.77065e-08
9.39713e-10
4.76837e-08
1.11432e-09
4.7677e-08
1.31569e-09
4.76969e-08
1.54005e-09
4.77539e-08
1.77638e-09
2.00455e-09
4.981e-08
1.19308e-11
4.98082e-08
2.35395e-11
4.98055e-08
3.55949e-11
4.98019e-08
4.87196e-11
4.97973e-08
6.34036e-11
4.97915e-08
8.01095e-11
4.97845e-08
9.93165e-11
4.97761e-08
1.21537e-10
4.9766e-08
1.47336e-10
4.97542e-08
1.77351e-10
4.97403e-08
2.12317e-10
4.97243e-08
2.53101e-10
4.9706e-08
3.00731e-10
4.96852e-08
3.56435e-10
4.9662e-08
4.21683e-10
4.96365e-08
4.98225e-10
4.96095e-08
5.881e-10
4.95821e-08
6.93592e-10
4.95562e-08
8.17074e-10
4.95353e-08
9.60623e-10
4.95243e-08
1.12529e-09
4.95301e-08
1.30989e-09
4.95608e-08
1.50941e-09
4.96237e-08
1.71347e-09
1.90593e-09
5.16608e-08
1.28058e-11
5.16591e-08
2.52506e-11
5.16566e-08
3.81435e-11
5.16531e-08
5.21469e-11
5.16488e-08
6.77827e-11
5.16433e-08
8.55382e-11
5.16367e-08
1.05913e-10
5.16288e-08
1.29438e-10
5.16195e-08
1.56686e-10
5.16085e-08
1.883e-10
5.15958e-08
2.25009e-10
5.15813e-08
2.67653e-10
5.15648e-08
3.17208e-10
5.15464e-08
3.74811e-10
5.15263e-08
4.41776e-10
5.1505e-08
5.19602e-10
5.14831e-08
6.0994e-10
5.14622e-08
7.14496e-10
5.14445e-08
8.34819e-10
5.14332e-08
9.71901e-10
5.1433e-08
1.12553e-09
5.14495e-08
1.29338e-09
5.14889e-08
1.46999e-09
5.15563e-08
1.64608e-09
1.80889e-09
5.35804e-08
1.362e-11
5.35788e-08
2.68423e-11
5.35764e-08
4.05123e-11
5.35732e-08
5.53272e-11
5.35692e-08
7.18364e-11
5.35642e-08
9.0548e-11
5.35581e-08
1.11977e-10
5.35509e-08
1.36663e-10
5.35424e-08
1.65184e-10
5.35325e-08
1.98175e-10
5.35212e-08
2.36343e-10
5.35083e-08
2.80488e-10
5.3494e-08
3.31513e-10
5.34784e-08
3.90437e-10
5.34618e-08
4.58393e-10
5.34448e-08
5.36606e-10
5.34284e-08
6.26331e-10
5.34142e-08
7.28723e-10
5.34044e-08
8.44606e-10
5.34022e-08
9.74105e-10
5.34116e-08
1.11612e-09
5.34373e-08
1.26768e-09
5.34839e-08
1.42339e-09
5.35547e-08
1.57525e-09
1.71323e-09
5.55713e-08
1.43598e-11
5.55698e-08
2.82875e-11
5.55677e-08
4.266e-11
5.55648e-08
5.82042e-11
5.55611e-08
7.54921e-11
5.55566e-08
9.50471e-11
5.55512e-08
1.17394e-10
5.55448e-08
1.43076e-10
5.55373e-08
1.72666e-10
5.55287e-08
2.06781e-10
5.5519e-08
2.46095e-10
5.55081e-08
2.9135e-10
5.54963e-08
3.43359e-10
5.54837e-08
4.03006e-10
5.54709e-08
4.71226e-10
5.54585e-08
5.48961e-10
5.54477e-08
6.37084e-10
5.54402e-08
7.3625e-10
5.54381e-08
8.46678e-10
5.54444e-08
9.67835e-10
5.54625e-08
1.09804e-09
5.54961e-08
1.23407e-09
5.55486e-08
1.37089e-09
5.56221e-08
1.50174e-09
1.6188e-09
5.76361e-08
1.50105e-11
5.76349e-08
2.95569e-11
5.7633e-08
4.45423e-11
5.76305e-08
6.07176e-11
5.76273e-08
7.86717e-11
5.76234e-08
9.89385e-11
5.76187e-08
1.22047e-10
5.76133e-08
1.48535e-10
5.7607e-08
1.78963e-10
5.75998e-08
2.13921e-10
5.75919e-08
2.54039e-10
5.75833e-08
2.99986e-10
5.75741e-08
3.52475e-10
5.75649e-08
4.12239e-10
5.75561e-08
4.80009e-10
5.75486e-08
5.56454e-10
5.75436e-08
6.4209e-10
5.75427e-08
7.37142e-10
5.75481e-08
8.41348e-10
5.75622e-08
9.5371e-10
5.7588e-08
1.07223e-09
5.76284e-08
1.19366e-09
5.76858e-08
1.31348e-09
5.77615e-08
1.42611e-09
1.52545e-09
5.97777e-08
1.55563e-11
5.97767e-08
3.06193e-11
5.97751e-08
4.61123e-11
5.9773e-08
6.28036e-11
5.97704e-08
8.12934e-11
5.97672e-08
1.0212e-10
5.97634e-08
1.2581e-10
5.97591e-08
1.52892e-10
5.97541e-08
1.83903e-10
5.97487e-08
2.19399e-10
5.97428e-08
2.59952e-10
5.97366e-08
3.06155e-10
5.97305e-08
3.58606e-10
5.97248e-08
4.17887e-10
5.97203e-08
4.84525e-10
5.97178e-08
5.58931e-10
5.97186e-08
6.4131e-10
5.97242e-08
7.31532e-10
5.97366e-08
8.28973e-10
5.9758e-08
9.32338e-10
5.97907e-08
1.03949e-09
5.9837e-08
1.14735e-09
5.98985e-08
1.25196e-09
5.99759e-08
1.34876e-09
1.43304e-09
6.19989e-08
1.59808e-11
6.19981e-08
3.1442e-11
6.19969e-08
4.73205e-11
6.19953e-08
6.43954e-11
6.19933e-08
8.32719e-11
6.19909e-08
1.04487e-10
6.19882e-08
1.28559e-10
6.19851e-08
1.55998e-10
6.19817e-08
1.87315e-10
6.19781e-08
2.23019e-10
6.19744e-08
2.63623e-10
6.19709e-08
3.09631e-10
6.1968e-08
3.61526e-10
6.19661e-08
4.19737e-10
6.19661e-08
4.84602e-10
6.19687e-08
5.56299e-10
6.19752e-08
6.34769e-10
6.19872e-08
7.19606e-10
6.20062e-08
8.09937e-10
6.20342e-08
9.04301e-10
6.20732e-08
1.00056e-09
6.21246e-08
1.09591e-09
6.21896e-08
1.18694e-09
6.22684e-08
1.26999e-09
1.34141e-09
6.43026e-08
1.62666e-11
6.43021e-08
3.19909e-11
6.43013e-08
4.81162e-11
6.43003e-08
6.54247e-11
6.4299e-08
8.45203e-11
6.42976e-08
1.05933e-10
6.4296e-08
1.30165e-10
6.42943e-08
1.57706e-10
6.42925e-08
1.89028e-10
6.4291e-08
2.24594e-10
6.42897e-08
2.64849e-10
6.42892e-08
3.10206e-10
6.42897e-08
3.61033e-10
6.42918e-08
4.17616e-10
6.42963e-08
4.80117e-10
6.43041e-08
5.48517e-10
6.43163e-08
6.22545e-10
6.43343e-08
7.01593e-10
6.43596e-08
7.84632e-10
6.43937e-08
8.70145e-10
6.44382e-08
9.56096e-10
6.44942e-08
1.03997e-09
6.45622e-08
1.11892e-09
6.46422e-08
1.19e-09
1.25042e-09
6.6692e-08
1.63969e-11
6.66917e-08
3.22315e-11
6.66914e-08
4.84476e-11
6.6691e-08
6.58222e-11
6.66906e-08
8.49511e-11
6.66902e-08
1.06351e-10
6.66898e-08
1.30504e-10
6.66897e-08
1.5787e-10
6.66898e-08
1.88882e-10
6.66904e-08
2.23949e-10
6.66918e-08
2.63446e-10
6.66944e-08
3.07698e-10
6.66984e-08
3.56961e-10
6.67047e-08
4.11389e-10
6.67138e-08
4.70994e-10
6.67267e-08
5.35594e-10
6.67445e-08
6.04758e-10
6.67683e-08
6.77744e-10
6.67995e-08
7.53448e-10
6.68393e-08
8.30372e-10
6.68888e-08
9.0664e-10
6.69487e-08
9.80061e-10
6.70193e-08
1.04827e-09
6.71004e-08
1.10893e-09
1.15993e-09
6.91701e-08
1.63549e-11
6.91702e-08
3.21295e-11
6.91704e-08
4.82637e-11
6.91707e-08
6.552e-11
6.91712e-08
8.44791e-11
6.91719e-08
1.05638e-10
6.91729e-08
1.29455e-10
6.91744e-08
1.56354e-10
6.91766e-08
1.86726e-10
6.91796e-08
2.20924e-10
6.91838e-08
2.59252e-10
6.91896e-08
3.01951e-10
6.91973e-08
3.49175e-10
6.92078e-08
4.00962e-10
6.92216e-08
4.572e-10
6.92396e-08
5.1758e-10
6.92628e-08
5.81562e-10
6.92922e-08
6.48326e-10
6.93289e-08
7.16756e-10
6.93738e-08
7.85432e-10
6.94278e-08
8.52668e-10
6.94913e-08
9.16588e-10
6.95643e-08
9.75256e-10
6.96464e-08
1.02684e-09
1.06973e-09
9.83695e-08
1.59873e-11
9.83702e-08
3.13765e-11
9.83714e-08
4.70919e-11
9.8373e-08
6.38598e-11
9.83753e-08
8.22295e-11
9.83783e-08
1.02663e-10
9.83821e-08
1.25576e-10
9.83872e-08
1.5134e-10
9.83936e-08
1.80284e-10
9.84018e-08
2.12685e-10
9.84123e-08
2.48754e-10
9.84257e-08
2.88629e-10
9.84425e-08
3.32344e-10
9.84636e-08
3.79811e-10
9.849e-08
4.30792e-10
9.85228e-08
4.84868e-10
9.85629e-08
5.41418e-10
9.86116e-08
5.99601e-10
9.867e-08
6.58361e-10
9.8739e-08
7.16442e-10
9.88192e-08
7.72438e-10
9.8911e-08
8.24872e-10
9.90139e-08
8.72295e-10
9.91274e-08
9.13402e-10
9.47098e-10
1.10416e-07
1.51548e-11
1.10418e-07
2.97128e-11
1.10421e-07
4.45542e-11
1.10424e-07
6.03501e-11
1.10429e-07
7.76023e-11
1.10435e-07
9.67254e-11
1.10442e-07
1.18082e-10
1.10452e-07
1.41985e-10
1.10463e-07
1.68695e-10
1.10477e-07
1.98413e-10
1.10495e-07
2.31266e-10
1.10516e-07
2.67298e-10
1.10542e-07
3.0645e-10
1.10573e-07
3.48543e-10
1.10611e-07
3.93259e-10
1.10656e-07
4.40128e-10
1.10709e-07
4.88519e-10
1.10771e-07
5.37639e-10
1.10842e-07
5.86553e-10
1.10925e-07
6.34212e-10
1.11017e-07
6.79501e-10
1.11121e-07
7.21305e-10
1.11235e-07
7.58581e-10
1.11358e-07
7.90437e-10
8.16159e-10
1.23939e-07
1.37277e-11
1.23942e-07
2.68863e-11
1.23946e-07
4.02769e-11
1.23952e-07
5.44921e-11
1.23959e-07
6.99691e-11
1.23969e-07
8.7062e-11
1.23981e-07
1.06071e-10
1.23996e-07
1.27247e-10
1.24014e-07
1.50781e-10
1.24035e-07
1.76804e-10
1.24061e-07
2.05373e-10
1.24092e-07
2.36462e-10
1.24128e-07
2.69949e-10
1.24171e-07
3.05607e-10
1.24222e-07
3.43091e-10
1.2428e-07
3.81939e-10
1.24347e-07
4.21569e-10
1.24423e-07
4.61295e-10
1.24509e-07
5.00345e-10
1.24606e-07
5.37892e-10
1.24712e-07
5.731e-10
1.24828e-07
6.05169e-10
1.24953e-07
6.33384e-10
1.25087e-07
6.57164e-10
6.76068e-10
1.39117e-07
1.15726e-11
1.39121e-07
2.26388e-11
1.39128e-07
3.38794e-11
1.39136e-07
4.57809e-11
1.39148e-07
5.86978e-11
1.39162e-07
7.29118e-11
1.39179e-07
8.86546e-11
1.392e-07
1.0611e-10
1.39226e-07
1.25409e-10
1.39256e-07
1.46622e-10
1.39292e-07
1.69757e-10
1.39333e-07
1.94748e-10
1.39382e-07
2.21449e-10
1.39438e-07
2.49629e-10
1.39502e-07
2.78971e-10
1.39575e-07
3.09071e-10
1.39657e-07
3.39448e-10
1.39749e-07
3.6956e-10
1.3985e-07
3.98819e-10
1.39961e-07
4.26625e-10
1.40082e-07
4.5239e-10
1.40212e-07
4.75575e-10
1.40349e-07
4.95719e-10
1.40494e-07
5.12466e-10
5.25559e-10
1.56154e-07
8.57433e-12
1.5616e-07
1.67519e-11
1.56169e-07
2.50414e-11
1.56181e-07
3.37941e-11
1.56196e-07
4.32638e-11
1.56216e-07
5.36486e-11
1.56239e-07
6.51066e-11
1.56268e-07
7.77574e-11
1.56301e-07
9.16783e-11
1.56341e-07
1.06901e-10
1.56387e-07
1.23406e-10
1.56441e-07
1.41121e-10
1.56502e-07
1.59917e-10
1.56572e-07
1.79605e-10
1.56652e-07
1.99938e-10
1.5674e-07
2.20618e-10
1.56838e-07
2.41301e-10
1.56946e-07
2.61611e-10
1.57064e-07
2.81155e-10
1.57191e-07
2.99546e-10
1.57327e-07
3.16414e-10
1.57471e-07
3.31433e-10
1.57622e-07
3.44335e-10
1.5778e-07
3.54924e-10
3.63069e-10
1.75278e-07
4.67309e-12
1.75285e-07
9.11797e-12
1.75297e-07
1.36053e-11
1.75312e-07
1.83248e-11
1.75332e-07
2.34128e-11
1.75357e-07
2.89732e-11
1.75387e-07
3.50868e-11
1.75423e-07
4.18125e-11
1.75465e-07
4.9185e-11
1.75515e-07
5.72132e-11
1.75572e-07
6.58786e-11
1.75638e-07
7.51334e-11
1.75713e-07
8.49001e-11
1.75798e-07
9.50709e-11
1.75892e-07
1.0551e-10
1.75997e-07
1.16057e-10
1.76112e-07
1.26531e-10
1.76237e-07
1.36741e-10
1.76371e-07
1.4649e-10
1.76515e-07
1.55586e-10
1.76668e-07
1.63855e-10
1.76828e-07
1.71145e-10
1.76995e-07
1.77334e-10
1.77168e-07
1.8234e-10
1.86108e-10
1.96743e-07
1.96752e-07
1.96766e-07
1.96784e-07
1.96807e-07
1.96836e-07
1.96871e-07
1.96913e-07
1.96962e-07
1.9702e-07
1.97085e-07
1.97161e-07
1.97245e-07
1.97341e-07
1.97446e-07
1.97562e-07
1.97689e-07
1.97825e-07
1.97972e-07
1.98127e-07
1.98291e-07
1.98462e-07
1.9864e-07
1.98822e-07
)
;

boundaryField
{
    top
    {
        type            calculated;
        value           uniform 0;
    }
    inlet
    {
        type            calculated;
        value           nonuniform List<scalar> 
27
(
-9.83691e-08
-1.10416e-07
-1.23937e-07
-1.39115e-07
-1.56151e-07
-1.75274e-07
-1.96738e-07
-3.4585e-08
-3.587e-08
-3.72028e-08
-3.85851e-08
-4.00187e-08
-4.15056e-08
-4.30477e-08
-4.46472e-08
-4.6306e-08
-4.80265e-08
-4.9811e-08
-5.16617e-08
-5.35812e-08
-5.5572e-08
-5.76368e-08
-5.97783e-08
-6.19993e-08
-6.43029e-08
-6.66921e-08
-6.91701e-08
)
;
    }
    outlet
    {
        type            calculated;
        value           nonuniform List<scalar> 
27
(
1.03087e-07
1.15711e-07
1.29881e-07
1.45786e-07
1.63635e-07
1.83582e-07
2.04571e-07
4.74335e-09
1.42842e-08
2.32602e-08
3.08759e-08
3.67591e-08
4.10173e-08
4.40707e-08
4.64059e-08
4.84043e-08
5.02956e-08
5.21914e-08
5.41374e-08
5.61504e-08
5.82369e-08
6.04008e-08
6.2645e-08
6.49726e-08
6.73867e-08
6.98904e-08
7.24872e-08
)
;
    }
    plate
    {
        type            calculated;
        value           uniform 0;
    }
    symmBound
    {
        type            calculated;
        value           nonuniform List<scalar> 
25
(
-9.45048e-13
-2.35785e-12
-4.15868e-12
-6.36189e-12
-9.00307e-12
-1.21341e-11
-1.58227e-11
-2.01531e-11
-2.52281e-11
-3.11731e-11
-3.81417e-11
-4.63251e-11
-5.59658e-11
-6.73779e-11
-8.09794e-11
-9.73436e-11
-1.17286e-10
-1.42021e-10
-1.73453e-10
-2.14802e-10
-2.72043e-10
-3.5785e-10
-5.04835e-10
-8.27034e-10
-1.74526e-09
)
;
    }
    frontAndBack
    {
        type            empty;
        value           nonuniform 0();
    }
}


// ************************************************************************* //
