/*--------------------------------*- C++ -*----------------------------------*\
| =========                 |                                                 |
| \\      /  F ield         | OpenFOAM: The Open Source CFD Toolbox           |
|  \\    /   O peration     | Version:  2.3.0                                 |
|   \\  /    A nd           | Web:      www.OpenFOAM.org                      |
|    \\/     M anipulation  |                                                 |
\*---------------------------------------------------------------------------*/
FoamFile
{
    version     2.0;
    format      ascii;
    class       volVectorField;
    location    "0.15";
    object      U;
}
// * * * * * * * * * * * * * * * * * * * * * * * * * * * * * * * * * * * * * //

dimensions      [0 1 -1 0 0 0 0];

internalField   nonuniform List<vector> 
3375
(
(0.173429 0.00611819 0)
(0.156971 0.00610842 0)
(0.141107 0.00565441 0)
(0.126106 0.0050412 0)
(0.112362 0.00437133 0)
(0.100022 0.0036953 0)
(0.0890927 0.00304898 0)
(0.0795425 0.00245669 0)
(0.0713168 0.00193294 0)
(0.0643316 0.00148506 0)
(0.0584747 0.00111453 0)
(0.0536148 0.000817884 0)
(0.0496128 0.000587887 0)
(0.046331 0.000415046 0)
(0.0436404 0.000289062 0)
(0.0414257 0.000199983 0)
(0.0395879 0.000138925 0)
(0.0380452 9.84071e-05 0)
(0.0367323 7.24191e-05 0)
(0.0355981 5.63248e-05 0)
(0.034604 4.66861e-05 0)
(0.033721 4.10547e-05 0)
(0.032928 3.77615e-05 0)
(0.0322095 3.57228e-05 0)
(0.0315543 3.42746e-05 0)
(0.0309541 3.30388e-05 0)
(0.0304028 3.18236e-05 0)
(0.0298958 3.05506e-05 0)
(0.0294295 2.92066e-05 0)
(0.0290011 2.78099e-05 0)
(0.0286083 2.63873e-05 0)
(0.0282492 2.49565e-05 0)
(0.0279225 2.35089e-05 0)
(0.0276271 2.19929e-05 0)
(0.0273628 2.02979e-05 0)
(0.0271297 1.8245e-05 0)
(0.0269292 1.56162e-05 0)
(0.0267634 1.23048e-05 0)
(0.0266358 8.53574e-06 0)
(0.0265508 4.54442e-06 0)
(0.026514 1.49908e-06 0)
(0.0265236 -1.57781e-06 0)
(0.0265617 -3.8894e-06 0)
(0.0266201 -6.1883e-06 0)
(0.0266917 -7.75411e-06 0)
(0.0267699 -8.38847e-06 0)
(0.0268496 -8.31885e-06 0)
(0.0269266 -7.81299e-06 0)
(0.0269985 -7.07658e-06 0)
(0.0270638 -6.24991e-06 0)
(0.0271221 -5.42144e-06 0)
(0.0271732 -4.64159e-06 0)
(0.0272176 -3.93517e-06 0)
(0.0272558 -3.31078e-06 0)
(0.0272884 -2.76756e-06 0)
(0.0273161 -2.29968e-06 0)
(0.0273394 -1.89921e-06 0)
(0.0273589 -1.55785e-06 0)
(0.0273751 -1.26778e-06 0)
(0.0273885 -1.02208e-06 0)
(0.0273994 -8.14865e-07 0)
(0.0274082 -6.40856e-07 0)
(0.0274151 -4.95397e-07 0)
(0.0274206 -3.74634e-07 0)
(0.0274248 -2.75453e-07 0)
(0.027428 -1.95221e-07 0)
(0.0274303 -1.31577e-07 0)
(0.0274319 -8.24561e-08 0)
(0.0274329 -4.58983e-08 0)
(0.0274335 -1.99281e-08 0)
(0.0274339 -2.19541e-09 0)
(0.027434 1.39219e-08 0)
(0.0274339 3.75108e-08 0)
(0.0274337 4.87177e-08 0)
(0.0274334 5.09881e-08 0)
(0.0274331 5.11554e-08 0)
(0.0274328 5.00137e-08 0)
(0.0274324 4.617e-08 0)
(0.0274321 4.1298e-08 0)
(0.0274318 3.6379e-08 0)
(0.0274315 3.16793e-08 0)
(0.0274313 2.72522e-08 0)
(0.0274311 2.32581e-08 0)
(0.0274309 1.95886e-08 0)
(0.0274308 1.63526e-08 0)
(0.0274306 1.35797e-08 0)
(0.0274305 1.12123e-08 0)
(0.0274304 9.22759e-09 0)
(0.0274304 7.57371e-09 0)
(0.0274303 6.2034e-09 0)
(0.0274303 5.05869e-09 0)
(0.0274302 4.1264e-09 0)
(0.0274302 3.32593e-09 0)
(0.0274302 2.68603e-09 0)
(0.0274301 2.11502e-09 0)
(0.0274301 1.65936e-09 0)
(0.0274301 1.22696e-09 0)
(0.0274301 8.52112e-10 0)
(0.0274301 4.10198e-10 0)
(0.0274301 -3.78421e-10 0)
(0.192307 0.00952428 0)
(0.19017 0.009933 0)
(0.186415 0.00967918 0)
(0.181438 0.00917699 0)
(0.175733 0.00854356 0)
(0.169634 0.00782255 0)
(0.16336 0.00705188 0)
(0.157075 0.0062657 0)
(0.150913 0.00549252 0)
(0.144975 0.00475584 0)
(0.139327 0.00407421 0)
(0.13401 0.0034605 0)
(0.129045 0.00292168 0)
(0.124434 0.00245921 0)
(0.120172 0.00207002 0)
(0.116242 0.00174779 0)
(0.112626 0.00148423 0)
(0.109301 0.00127031 0)
(0.106245 0.00109719 0)
(0.103434 0.000956796 0)
(0.100847 0.00084217 0)
(0.098465 0.000747569 0)
(0.0962684 0.000668413 0)
(0.0942417 0.000601137 0)
(0.0923704 0.000543027 0)
(0.0906422 0.000492038 0)
(0.0890463 0.000446642 0)
(0.0875736 0.000405693 0)
(0.0862163 0.00036833 0)
(0.0849679 0.000333883 0)
(0.0838233 0.000301818 0)
(0.0827783 0.000271674 0)
(0.08183 0.000243012 0)
(0.0809765 0.000215379 0)
(0.0802171 0.000188263 0)
(0.0795523 0.000161068 0)
(0.0789834 0.000133127 0)
(0.0785126 0.000103841 0)
(0.078142 7.29982e-05 0)
(0.0778724 4.06171e-05 0)
(0.0777014 7.97366e-06 0)
(0.0776348 -2.09022e-05 0)
(0.0776643 -3.96654e-05 0)
(0.0777541 -4.95026e-05 0)
(0.0778831 -5.40877e-05 0)
(0.0780352 -5.50683e-05 0)
(0.0781979 -5.33117e-05 0)
(0.0783618 -4.96946e-05 0)
(0.0785202 -4.50448e-05 0)
(0.078669 -3.99973e-05 0)
(0.0788057 -3.49722e-05 0)
(0.0789293 -3.02198e-05 0)
(0.0790396 -2.58702e-05 0)
(0.0791371 -2.19749e-05 0)
(0.0792224 -1.85369e-05 0)
(0.0792964 -1.55331e-05 0)
(0.0793601 -1.29278e-05 0)
(0.0794146 -1.0681e-05 0)
(0.0794607 -8.75313e-06 0)
(0.0794994 -7.10704e-06 0)
(0.0795316 -5.70937e-06 0)
(0.079558 -4.52999e-06 0)
(0.0795796 -3.54187e-06 0)
(0.0795968 -2.72097e-06 0)
(0.0796105 -2.04596e-06 0)
(0.0796211 -1.49761e-06 0)
(0.0796292 -1.05835e-06 0)
(0.0796352 -7.12299e-07 0)
(0.0796396 -4.45317e-07 0)
(0.0796427 -2.45464e-07 0)
(0.0796447 -1.03186e-07 0)
(0.079646 -7.45364e-09 0)
(0.0796467 6.05414e-08 0)
(0.0796471 9.92186e-08 0)
(0.0796472 1.36228e-07 0)
(0.0796472 1.58665e-07 0)
(0.079647 1.67717e-07 0)
(0.0796467 1.64502e-07 0)
(0.0796464 1.5279e-07 0)
(0.0796461 1.3753e-07 0)
(0.0796458 1.21279e-07 0)
(0.0796455 1.05231e-07 0)
(0.0796453 9.03141e-08 0)
(0.079645 7.64705e-08 0)
(0.0796448 6.4133e-08 0)
(0.0796447 5.34527e-08 0)
(0.0796445 4.43305e-08 0)
(0.0796444 3.66368e-08 0)
(0.0796443 3.02092e-08 0)
(0.0796442 2.48561e-08 0)
(0.0796442 2.03916e-08 0)
(0.0796441 1.67056e-08 0)
(0.0796441 1.35966e-08 0)
(0.079644 1.10348e-08 0)
(0.079644 8.83301e-09 0)
(0.079644 6.98864e-09 0)
(0.079644 5.32516e-09 0)
(0.0796439 3.8132e-09 0)
(0.0796439 2.16131e-09 0)
(0.0796439 -5.07343e-10 0)
(0.195239 0.00892929 0)
(0.196191 0.00983865 0)
(0.196488 0.0101656 0)
(0.196013 0.0101778 0)
(0.194882 0.0099619 0)
(0.193208 0.00955546 0)
(0.191076 0.00900391 0)
(0.188572 0.0083565 0)
(0.185785 0.00765788 0)
(0.182802 0.00694597 0)
(0.179698 0.00625141 0)
(0.176536 0.00559687 0)
(0.173365 0.00499697 0)
(0.170226 0.00445903 0)
(0.167146 0.0039844 0)
(0.164147 0.00357015 0)
(0.161241 0.0032107 0)
(0.158437 0.0028992 0)
(0.155739 0.00262858 0)
(0.153149 0.00239219 0)
(0.150668 0.00218417 0)
(0.148295 0.00199957 0)
(0.146028 0.00183429 0)
(0.143867 0.00168501 0)
(0.141809 0.00154906 0)
(0.139854 0.00142428 0)
(0.138 0.0013089 0)
(0.136248 0.00120145 0)
(0.134596 0.00110072 0)
(0.133045 0.00100562 0)
(0.131595 0.0009152 0)
(0.130248 0.000828545 0)
(0.129004 0.000744764 0)
(0.127867 0.000662963 0)
(0.126839 0.000582244 0)
(0.125922 0.000501764 0)
(0.125121 0.000420833 0)
(0.124438 0.00033909 0)
(0.123873 0.000256709 0)
(0.123425 0.000174708 0)
(0.123086 9.45872e-05 0)
(0.122835 2.01203e-05 0)
(0.122679 -4.22407e-05 0)
(0.122632 -8.61565e-05 0)
(0.122665 -0.000112213 0)
(0.122756 -0.000125163 0)
(0.122888 -0.000128798 0)
(0.123044 -0.000125936 0)
(0.123215 -0.000118866 0)
(0.12339 -0.000109375 0)
(0.123564 -9.87558e-05 0)
(0.123733 -8.78799e-05 0)
(0.123892 -7.72993e-05 0)
(0.124041 -6.73356e-05 0)
(0.124177 -5.81551e-05 0)
(0.124302 -4.98245e-05 0)
(0.124414 -4.23503e-05 0)
(0.124514 -3.57052e-05 0)
(0.124602 -2.98441e-05 0)
(0.124679 -2.47139e-05 0)
(0.124746 -2.02584e-05 0)
(0.124804 -1.64208e-05 0)
(0.124852 -1.31453e-05 0)
(0.124893 -1.03775e-05 0)
(0.124927 -8.06443e-06 0)
(0.124954 -6.15476e-06 0)
(0.124977 -4.59892e-06 0)
(0.124994 -3.34956e-06 0)
(0.125008 -2.36221e-06 0)
(0.125019 -1.59619e-06 0)
(0.125027 -1.0157e-06 0)
(0.125033 -5.91025e-07 0)
(0.125037 -2.97208e-07 0)
(0.12504 -9.87039e-08 0)
(0.125042 4.77001e-08 0)
(0.125044 1.40506e-07 0)
(0.125045 1.85753e-07 0)
(0.125045 2.03763e-07 0)
(0.125046 2.07776e-07 0)
(0.125046 2.00988e-07 0)
(0.125046 1.87168e-07 0)
(0.125046 1.69289e-07 0)
(0.125046 1.49961e-07 0)
(0.125046 1.30197e-07 0)
(0.125046 1.11311e-07 0)
(0.125046 9.41384e-08 0)
(0.125046 7.90046e-08 0)
(0.125046 6.5935e-08 0)
(0.125046 5.48273e-08 0)
(0.125046 4.54605e-08 0)
(0.125046 3.75845e-08 0)
(0.125046 3.10061e-08 0)
(0.125046 2.54625e-08 0)
(0.125046 2.08145e-08 0)
(0.125046 1.68461e-08 0)
(0.125046 1.34362e-08 0)
(0.125046 1.03855e-08 0)
(0.125046 7.51673e-09 0)
(0.125046 4.36702e-09 0)
(0.125046 -4.61634e-10 0)
(0.196259 0.00822354 0)
(0.197551 0.00923566 0)
(0.198726 0.00976994 0)
(0.199596 0.0100013 0)
(0.200147 0.0100048 0)
(0.200385 0.00981177 0)
(0.200305 0.0094577 0)
(0.19991 0.00898458 0)
(0.199225 0.00843303 0)
(0.198285 0.00783935 0)
(0.197129 0.00723452 0)
(0.1958 0.00664324 0)
(0.194337 0.00608333 0)
(0.192775 0.00556587 0)
(0.191145 0.00509614 0)
(0.189473 0.00467491 0)
(0.187778 0.00429983 0)
(0.186076 0.00396667 0)
(0.184379 0.0036703 0)
(0.182696 0.00340546 0)
(0.181033 0.00316716 0)
(0.179396 0.00295094 0)
(0.17779 0.00275295 0)
(0.176218 0.00256999 0)
(0.174685 0.00239938 0)
(0.173192 0.00223896 0)
(0.171746 0.0020869 0)
(0.170348 0.00194169 0)
(0.169003 0.00180206 0)
(0.167714 0.00166686 0)
(0.166487 0.00153505 0)
(0.165326 0.00140562 0)
(0.164235 0.0012776 0)
(0.163219 0.00115001 0)
(0.162285 0.00102195 0)
(0.161436 0.000892711 0)
(0.160678 0.000761931 0)
(0.160013 0.000629927 0)
(0.159443 0.000498083 0)
(0.158966 0.000369358 0)
(0.158578 0.000248347 0)
(0.15827 0.000138699 0)
(0.158024 4.12801e-05 0)
(0.157838 -4.01542e-05 0)
(0.15773 -0.000100872 0)
(0.157688 -0.000141444 0)
(0.1577 -0.00016561 0)
(0.157757 -0.000177157 0)
(0.157848 -0.00017941 0)
(0.157965 -0.000175163 0)
(0.158099 -0.000166629 0)
(0.158244 -0.000155471 0)
(0.158394 -0.000142887 0)
(0.158546 -0.000129715 0)
(0.158697 -0.000116517 0)
(0.158843 -0.000103666 0)
(0.158983 -9.13991e-05 0)
(0.159115 -7.98661e-05 0)
(0.159237 -6.91561e-05 0)
(0.15935 -5.93192e-05 0)
(0.159453 -5.03782e-05 0)
(0.159546 -4.23364e-05 0)
(0.159628 -3.51812e-05 0)
(0.1597 -2.88867e-05 0)
(0.159762 -2.34158e-05 0)
(0.159816 -1.87211e-05 0)
(0.159861 -1.47465e-05 0)
(0.159899 -1.14294e-05 0)
(0.15993 -8.70281e-06 0)
(0.159956 -6.49781e-06 0)
(0.159976 -4.74577e-06 0)
(0.159992 -3.37886e-06 0)
(0.160004 -2.33285e-06 0)
(0.160014 -1.54614e-06 0)
(0.160021 -9.7405e-07 0)
(0.160027 -5.70887e-07 0)
(0.16003 -3.00975e-07 0)
(0.160033 -1.24058e-07 0)
(0.160035 -8.73988e-09 0)
(0.160037 6.12809e-08 0)
(0.160038 9.91754e-08 0)
(0.160039 1.15197e-07 0)
(0.160039 1.16522e-07 0)
(0.160039 1.10569e-07 0)
(0.16004 1.00812e-07 0)
(0.16004 8.94635e-08 0)
(0.16004 7.79443e-08 0)
(0.16004 6.70153e-08 0)
(0.16004 5.70937e-08 0)
(0.16004 4.83128e-08 0)
(0.16004 4.06493e-08 0)
(0.16004 3.40508e-08 0)
(0.16004 2.83565e-08 0)
(0.16004 2.34527e-08 0)
(0.16004 1.9178e-08 0)
(0.16004 1.53813e-08 0)
(0.16004 1.18856e-08 0)
(0.16004 8.42289e-09 0)
(0.16004 4.36059e-09 0)
(0.16004 -1.86373e-09 0)
(0.196988 0.00763252 0)
(0.198129 0.00858224 0)
(0.199327 0.00914826 0)
(0.200432 0.00944588 0)
(0.201407 0.00954222 0)
(0.202239 0.00946536 0)
(0.202901 0.00924116 0)
(0.203372 0.00890121 0)
(0.203642 0.00847808 0)
(0.203718 0.00800221 0)
(0.203613 0.00750079 0)
(0.203346 0.00699669 0)
(0.202938 0.00650756 0)
(0.202414 0.00604555 0)
(0.201795 0.00561775 0)
(0.2011 0.00522703 0)
(0.200348 0.00487313 0)
(0.199552 0.00455369 0)
(0.198722 0.00426515 0)
(0.197868 0.00400345 0)
(0.196998 0.00376452 0)
(0.196116 0.00354456 0)
(0.195228 0.00334021 0)
(0.194337 0.00314855 0)
(0.193448 0.00296713 0)
(0.192565 0.00279386 0)
(0.191691 0.00262701 0)
(0.190831 0.00246508 0)
(0.189987 0.00230675 0)
(0.189165 0.00215085 0)
(0.188369 0.00199626 0)
(0.187604 0.00184193 0)
(0.186873 0.00168686 0)
(0.186183 0.00153008 0)
(0.185538 0.00137083 0)
(0.184942 0.00120865 0)
(0.184399 0.00104366 0)
(0.183911 0.000876883 0)
(0.18348 0.000710613 0)
(0.183104 0.000548679 0)
(0.182783 0.000396284 0)
(0.182512 0.000258784 0)
(0.182289 0.000139048 0)
(0.182101 3.6822e-05 0)
(0.181947 -4.66524e-05 0)
(0.181836 -0.000109833 0)
(0.181766 -0.000154308 0)
(0.181734 -0.000183264 0)
(0.181736 -0.000199923 0)
(0.181767 -0.000207171 0)
(0.181822 -0.000207442 0)
(0.181897 -0.00020269 0)
(0.181988 -0.000194425 0)
(0.182092 -0.000183787 0)
(0.182203 -0.00017162 0)
(0.182321 -0.000158548 0)
(0.182441 -0.000145031 0)
(0.182561 -0.000131415 0)
(0.18268 -0.000117966 0)
(0.182795 -0.000104891 0)
(0.182905 -9.2357e-05 0)
(0.183008 -8.04976e-05 0)
(0.183105 -6.94194e-05 0)
(0.183194 -5.92032e-05 0)
(0.183274 -4.99053e-05 0)
(0.183345 -4.15573e-05 0)
(0.183409 -3.41666e-05 0)
(0.183464 -2.77177e-05 0)
(0.183511 -2.21748e-05 0)
(0.183551 -1.74845e-05 0)
(0.183584 -1.35795e-05 0)
(0.183611 -1.03819e-05 0)
(0.183633 -7.80781e-06 0)
(0.183651 -5.76982e-06 0)
(0.183665 -4.18737e-06 0)
(0.183676 -2.98083e-06 0)
(0.183685 -2.07868e-06 0)
(0.183691 -1.41826e-06 0)
(0.183696 -9.44923e-07 0)
(0.183699 -6.12323e-07 0)
(0.183702 -3.8391e-07 0)
(0.183704 -2.30884e-07 0)
(0.183705 -1.3174e-07 0)
(0.183707 -6.82446e-08 0)
(0.183707 -2.8757e-08 0)
(0.183708 -5.19084e-09 0)
(0.183708 8.12923e-09 0)
(0.183709 1.49879e-08 0)
(0.183709 1.79267e-08 0)
(0.183709 1.85566e-08 0)
(0.183709 1.78661e-08 0)
(0.183709 1.64875e-08 0)
(0.183709 1.47469e-08 0)
(0.183709 1.28326e-08 0)
(0.18371 1.08285e-08 0)
(0.18371 8.70875e-09 0)
(0.18371 6.42111e-09 0)
(0.18371 3.71794e-09 0)
(0.18371 5.78458e-11 0)
(0.18371 -5.96506e-09 0)
(0.197613 0.00710642 0)
(0.198573 0.00795726 0)
(0.199637 0.00851088 0)
(0.20069 0.00883229 0)
(0.201692 0.00897373 0)
(0.202624 0.00896083 0)
(0.203464 0.0088147 0)
(0.20419 0.00856075 0)
(0.204788 0.00822616 0)
(0.205254 0.00783693 0)
(0.20559 0.00741665 0)
(0.205804 0.00698558 0)
(0.205907 0.00655993 0)
(0.205915 0.00615148 0)
(0.20584 0.00576772 0)
(0.205697 0.00541246 0)
(0.205498 0.00508665 0)
(0.205254 0.00478918 0)
(0.204974 0.00451764 0)
(0.204663 0.00426899 0)
(0.204329 0.00403995 0)
(0.203974 0.00382732 0)
(0.203604 0.00362815 0)
(0.20322 0.00343979 0)
(0.202826 0.00325995 0)
(0.202424 0.00308663 0)
(0.202016 0.00291811 0)
(0.201606 0.00275285 0)
(0.201195 0.00258951 0)
(0.200787 0.00242686 0)
(0.200384 0.00226374 0)
(0.19999 0.00209906 0)
(0.199608 0.00193183 0)
(0.19924 0.00176118 0)
(0.19889 0.0015865 0)
(0.198559 0.00140763 0)
(0.198251 0.00122508 0)
(0.197965 0.00104039 0)
(0.197702 0.000856357 0)
(0.197462 0.000677164 0)
(0.197245 0.00050808 0)
(0.19705 0.000354483 0)
(0.196879 0.000220269 0)
(0.196731 0.000106292 0)
(0.196598 1.15395e-05 0)
(0.196484 -6.41763e-05 0)
(0.196393 -0.000121606 0)
(0.196325 -0.000163074 0)
(0.19628 -0.000191363 0)
(0.196256 -0.000209097 0)
(0.196252 -0.000218566 0)
(0.196266 -0.000221675 0)
(0.196296 -0.000219952 0)
(0.19634 -0.000214589 0)
(0.196396 -0.000206504 0)
(0.196461 -0.000196404 0)
(0.196533 -0.000184839 0)
(0.196611 -0.000172244 0)
(0.196693 -0.000158974 0)
(0.196777 -0.000145329 0)
(0.196861 -0.000131571 0)
(0.196944 -0.000117932 0)
(0.197024 -0.000104622 0)
(0.197101 -9.18253e-05 0)
(0.197174 -7.97014e-05 0)
(0.197241 -6.83835e-05 0)
(0.197302 -5.79744e-05 0)
(0.197357 -4.85451e-05 0)
(0.197407 -4.01344e-05 0)
(0.197449 -3.27496e-05 0)
(0.197486 -2.63691e-05 0)
(0.197518 -2.09452e-05 0)
(0.197544 -1.64098e-05 0)
(0.197566 -1.26784e-05 0)
(0.197584 -9.6607e-06 0)
(0.197598 -7.26123e-06 0)
(0.197609 -5.38557e-06 0)
(0.197618 -3.94445e-06 0)
(0.197625 -2.8546e-06 0)
(0.197631 -2.04262e-06 0)
(0.197635 -1.44692e-06 0)
(0.197638 -1.01616e-06 0)
(0.19764 -7.08631e-07 0)
(0.197642 -4.91955e-07 0)
(0.197643 -3.40792e-07 0)
(0.197644 -2.36111e-07 0)
(0.197645 -1.63943e-07 0)
(0.197645 -1.14299e-07 0)
(0.197646 -8.00957e-08 0)
(0.197646 -5.64389e-08 0)
(0.197646 -4.00059e-08 0)
(0.197647 -2.85241e-08 0)
(0.197647 -2.04981e-08 0)
(0.197647 -1.49449e-08 0)
(0.197647 -1.11932e-08 0)
(0.197647 -8.88416e-09 0)
(0.197647 -7.76433e-09 0)
(0.197647 -7.8782e-09 0)
(0.197647 -9.4412e-09 0)
(0.197647 -1.34067e-08 0)
(0.198164 0.00664605 0)
(0.19898 0.0073974 0)
(0.199905 0.00792176 0)
(0.200854 0.00824797 0)
(0.201786 0.0084122 0)
(0.202678 0.00843703 0)
(0.203513 0.00834097 0)
(0.204271 0.00814537 0)
(0.20494 0.00787342 0)
(0.205515 0.00754765 0)
(0.205995 0.00718866 0)
(0.206384 0.00681435 0)
(0.206689 0.00643938 0)
(0.206919 0.00607477 0)
(0.207085 0.00572797 0)
(0.207198 0.00540326 0)
(0.207265 0.00510236 0)
(0.207297 0.00482506 0)
(0.207298 0.00456987 0)
(0.207276 0.00433453 0)
(0.207233 0.00411642 0)
(0.207174 0.00391285 0)
(0.2071 0.00372123 0)
(0.207014 0.00353917 0)
(0.206917 0.00336454 0)
(0.20681 0.00319541 0)
(0.206696 0.0030301 0)
(0.206574 0.00286707 0)
(0.206447 0.00270497 0)
(0.206315 0.00254253 0)
(0.206181 0.0023786 0)
(0.206044 0.00221211 0)
(0.205906 0.0020421 0)
(0.205769 0.00186781 0)
(0.205633 0.00168881 0)
(0.205499 0.00150514 0)
(0.205367 0.00131759 0)
(0.205236 0.00112793 0)
(0.205106 0.000939088 0)
(0.204977 0.000755193 0)
(0.20485 0.000581181 0)
(0.204725 0.000421982 0)
(0.204605 0.000281411 0)
(0.204493 0.000161286 0)
(0.20439 6.1026e-05 0)
(0.204293 -2.06694e-05 0)
(0.204207 -8.5063e-05 0)
(0.204133 -0.000133983 0)
(0.204072 -0.000169789 0)
(0.204025 -0.000194815 0)
(0.203991 -0.000211148 0)
(0.20397 -0.000220562 0)
(0.203961 -0.00022451 0)
(0.203962 -0.000224148 0)
(0.203974 -0.000220382 0)
(0.203994 -0.000213924 0)
(0.204022 -0.000205333 0)
(0.204056 -0.00019506 0)
(0.204095 -0.000183484 0)
(0.204138 -0.000170931 0)
(0.204184 -0.000157696 0)
(0.204232 -0.000144052 0)
(0.204281 -0.000130257 0)
(0.20433 -0.000116553 0)
(0.204377 -0.000103163 0)
(0.204423 -9.02917e-05 0)
(0.204466 -7.81151e-05 0)
(0.204507 -6.67785e-05 0)
(0.204543 -5.63923e-05 0)
(0.204577 -4.70296e-05 0)
(0.204606 -3.87262e-05 0)
(0.204632 -3.1482e-05 0)
(0.204654 -2.5265e-05 0)
(0.204673 -2.00161e-05 0)
(0.204689 -1.56575e-05 0)
(0.204702 -1.20975e-05 0)
(0.204713 -9.23666e-06 0)
(0.204722 -6.97421e-06 0)
(0.204729 -5.21194e-06 0)
(0.204734 -3.85896e-06 0)
(0.204738 -2.83476e-06 0)
(0.204742 -2.06944e-06 0)
(0.204744 -1.50418e-06 0)
(0.204746 -1.09111e-06 0)
(0.204748 -7.91623e-07 0)
(0.204749 -5.75702e-07 0)
(0.20475 -4.20509e-07 0)
(0.20475 -3.09041e-07 0)
(0.204751 -2.28789e-07 0)
(0.204751 -1.70735e-07 0)
(0.204752 -1.28475e-07 0)
(0.204752 -9.7477e-08 0)
(0.204752 -7.45836e-08 0)
(0.204752 -5.76267e-08 0)
(0.204752 -4.50607e-08 0)
(0.204753 -3.59108e-08 0)
(0.204753 -2.94511e-08 0)
(0.204753 -2.53597e-08 0)
(0.204753 -2.34638e-08 0)
(0.204753 -2.39866e-08 0)
(0.198653 0.00623722 0)
(0.199357 0.0068954 0)
(0.200163 0.00738056 0)
(0.201009 0.00769987 0)
(0.201856 0.00787566 0)
(0.20268 0.00792628 0)
(0.203464 0.00786761 0)
(0.204191 0.00771745 0)
(0.20485 0.00749537 0)
(0.205436 0.00722077 0)
(0.205946 0.00691166 0)
(0.206383 0.00658393 0)
(0.206754 0.0062508 0)
(0.207064 0.00592258 0)
(0.207322 0.00560656 0)
(0.207536 0.00530732 0)
(0.207714 0.00502715 0)
(0.207863 0.00476655 0)
(0.207988 0.0045248 0)
(0.208094 0.00430032 0)
(0.208186 0.00409109 0)
(0.208264 0.00389493 0)
(0.208333 0.00370961 0)
(0.208392 0.00353302 0)
(0.208443 0.0033632 0)
(0.208487 0.00319838 0)
(0.208524 0.00303693 0)
(0.208555 0.00287737 0)
(0.20858 0.00271838 0)
(0.208599 0.00255871 0)
(0.208612 0.00239723 0)
(0.20862 0.00223292 0)
(0.208622 0.00206492 0)
(0.208618 0.00189258 0)
(0.208608 0.00171558 0)
(0.208591 0.00153414 0)
(0.208565 0.00134916 0)
(0.208529 0.00116245 0)
(0.208483 0.000976823 0)
(0.208427 0.000796085 0)
(0.20836 0.000624647 0)
(0.208284 0.000466866 0)
(0.208203 0.000326212 0)
(0.208119 0.000204639 0)
(0.208036 0.000102329 0)
(0.207956 1.80093e-05 0)
(0.20788 -4.9877e-05 0)
(0.20781 -0.000103035 0)
(0.207747 -0.000143481 0)
(0.207692 -0.000173273 0)
(0.207646 -0.000194301 0)
(0.207609 -0.0002082 0)
(0.20758 -0.000216336 0)
(0.207558 -0.000219814 0)
(0.207544 -0.000219517 0)
(0.207536 -0.000216145 0)
(0.207533 -0.000210254 0)
(0.207537 -0.000202298 0)
(0.207544 -0.000192657 0)
(0.207556 -0.000181663 0)
(0.207571 -0.000169619 0)
(0.207589 -0.000156809 0)
(0.207609 -0.000143507 0)
(0.20763 -0.000129976 0)
(0.207652 -0.000116468 0)
(0.207674 -0.00010322 0)
(0.207696 -9.04471e-05 0)
(0.207718 -7.83375e-05 0)
(0.207738 -6.70461e-05 0)
(0.207758 -5.66907e-05 0)
(0.207775 -4.73497e-05 0)
(0.207791 -3.90617e-05 0)
(0.207805 -3.18283e-05 0)
(0.207818 -2.56176e-05 0)
(0.207829 -2.03716e-05 0)
(0.207838 -1.60116e-05 0)
(0.207846 -1.24451e-05 0)
(0.207852 -9.57254e-06 0)
(0.207857 -7.293e-06 0)
(0.207862 -5.50923e-06 0)
(0.207865 -4.132e-06 0)
(0.207868 -3.08166e-06 0)
(0.20787 -2.28944e-06 0)
(0.207872 -1.69765e-06 0)
(0.207873 -1.25892e-06 0)
(0.207874 -9.35418e-07 0)
(0.207875 -6.97632e-07 0)
(0.207876 -5.23006e-07 0)
(0.207876 -3.9455e-07 0)
(0.207877 -2.99693e-07 0)
(0.207877 -2.29275e-07 0)
(0.207877 -1.7666e-07 0)
(0.207878 -1.3709e-07 0)
(0.207878 -1.0721e-07 0)
(0.207878 -8.45789e-08 0)
(0.207878 -6.756e-08 0)
(0.207878 -5.49163e-08 0)
(0.207878 -4.59123e-08 0)
(0.207878 -3.99555e-08 0)
(0.207878 -3.65065e-08 0)
(0.199088 0.00586619 0)
(0.199705 0.00644047 0)
(0.200411 0.00688239 0)
(0.201165 0.00718779 0)
(0.201931 0.0073684 0)
(0.202686 0.00743769 0)
(0.203412 0.00740871 0)
(0.204094 0.00729606 0)
(0.204722 0.00711602 0)
(0.20529 0.00688513 0)
(0.205795 0.00661905 0)
(0.206239 0.00633183 0)
(0.206626 0.0060354 0)
(0.206962 0.0057393 0)
(0.207252 0.00545058 0)
(0.207504 0.00517397 0)
(0.207725 0.00491219 0)
(0.20792 0.00466633 0)
(0.208094 0.00443628 0)
(0.208253 0.00422109 0)
(0.208399 0.00401932 0)
(0.208535 0.00382923 0)
(0.208662 0.00364899 0)
(0.208783 0.00347679 0)
(0.208897 0.0033109 0)
(0.209006 0.00314969 0)
(0.20911 0.00299167 0)
(0.209208 0.00283545 0)
(0.209302 0.00267977 0)
(0.209389 0.00252347 0)
(0.209471 0.00236547 0)
(0.209547 0.00220485 0)
(0.209616 0.00204084 0)
(0.209676 0.0018729 0)
(0.209727 0.00170085 0)
(0.209767 0.00152498 0)
(0.209795 0.00134623 0)
(0.209809 0.00116634 0)
(0.209808 0.000987892 0)
(0.209792 0.000814248 0)
(0.20976 0.000649242 0)
(0.209715 0.000496633 0)
(0.209659 0.000359472 0)
(0.209595 0.000239615 0)
(0.209529 0.000137556 0)
(0.209461 5.24884e-05 0)
(0.209394 -1.70225e-05 0)
(0.20933 -7.25924e-05 0)
(0.20927 -0.000115968 0)
(0.209215 -0.000148955 0)
(0.209166 -0.000173251 0)
(0.209122 -0.000190357 0)
(0.209085 -0.00020155 0)
(0.209052 -0.000207886 0)
(0.209025 -0.000210222 0)
(0.209003 -0.000209248 0)
(0.208985 -0.000205521 0)
(0.208972 -0.000199499 0)
(0.208961 -0.000191566 0)
(0.208955 -0.000182063 0)
(0.208951 -0.000171295 0)
(0.208949 -0.000159552 0)
(0.20895 -0.000147113 0)
(0.208953 -0.000134247 0)
(0.208958 -0.000121217 0)
(0.208964 -0.00010827 0)
(0.208971 -9.56366e-05 0)
(0.208978 -8.35224e-05 0)
(0.208986 -7.21024e-05 0)
(0.208994 -6.15162e-05 0)
(0.209001 -5.18652e-05 0)
(0.209009 -4.32108e-05 0)
(0.209016 -3.5576e-05 0)
(0.209023 -2.89487e-05 0)
(0.209029 -2.32877e-05 0)
(0.209034 -1.85278e-05 0)
(0.209039 -1.4587e-05 0)
(0.209043 -1.13729e-05 0)
(0.209046 -8.78856e-06 0)
(0.209049 -6.73852e-06 0)
(0.209052 -5.13286e-06 0)
(0.209054 -3.88979e-06 0)
(0.209056 -2.9374e-06 0)
(0.209057 -2.21419e-06 0)
(0.209058 -1.66889e-06 0)
(0.209059 -1.25984e-06 0)
(0.20906 -9.53907e-07 0)
(0.20906 -7.25329e-07 0)
(0.209061 -5.54347e-07 0)
(0.209061 -4.26061e-07 0)
(0.209062 -3.29392e-07 0)
(0.209062 -2.56168e-07 0)
(0.209062 -2.00399e-07 0)
(0.209062 -1.57771e-07 0)
(0.209062 -1.2509e-07 0)
(0.209062 -1.00135e-07 0)
(0.209062 -8.12039e-08 0)
(0.209062 -6.71708e-08 0)
(0.209063 -5.70642e-08 0)
(0.209063 -4.98198e-08 0)
(0.199475 0.00552372 0)
(0.200023 0.00602436 0)
(0.200648 0.00642284 0)
(0.201321 0.00670999 0)
(0.202014 0.00689021 0)
(0.202704 0.00697244 0)
(0.203374 0.00696691 0)
(0.20401 0.00688542 0)
(0.204603 0.00674134 0)
(0.205146 0.0065486 0)
(0.205636 0.00632068 0)
(0.206074 0.00606988 0)
(0.206462 0.00580688 0)
(0.206804 0.00554041 0)
(0.207106 0.0052772 0)
(0.207374 0.00502199 0)
(0.207612 0.00477776 0)
(0.207827 0.00454607 0)
(0.208023 0.00432732 0)
(0.208203 0.00412111 0)
(0.208371 0.00392647 0)
(0.20853 0.00374213 0)
(0.208681 0.00356663 0)
(0.208825 0.00339846 0)
(0.208964 0.00323613 0)
(0.209098 0.00307821 0)
(0.209227 0.00292335 0)
(0.209352 0.0027703 0)
(0.209472 0.00261789 0)
(0.209586 0.00246505 0)
(0.209695 0.00231083 0)
(0.209797 0.00215439 0)
(0.209892 0.00199508 0)
(0.209978 0.00183247 0)
(0.210054 0.00166647 0)
(0.210119 0.00149745 0)
(0.21017 0.00132633 0)
(0.210206 0.00115471 0)
(0.210227 0.000984897 0)
(0.21023 0.000819819 0)
(0.210218 0.00066275 0)
(0.210191 0.00051689 0)
(0.210151 0.000384878 0)
(0.210102 0.000268403 0)
(0.210047 0.000168063 0)
(0.20999 8.3429e-05 0)
(0.209931 1.33627e-05 0)
(0.209873 -4.35489e-05 0)
(0.209818 -8.88349e-05 0)
(0.209766 -0.000124072 0)
(0.209717 -0.000150772 0)
(0.209673 -0.000170304 0)
(0.209634 -0.000183854 0)
(0.209598 -0.000192425 0)
(0.209566 -0.000196845 0)
(0.209538 -0.000197795 0)
(0.209514 -0.000195833 0)
(0.209493 -0.000191422 0)
(0.209474 -0.000184958 0)
(0.209459 -0.000176786 0)
(0.209446 -0.000167222 0)
(0.209435 -0.000156559 0)
(0.209427 -0.000145081 0)
(0.20942 -0.000133059 0)
(0.209416 -0.000120758 0)
(0.209413 -0.000108427 0)
(0.209411 -9.62986e-05 0)
(0.209411 -8.45833e-05 0)
(0.209411 -7.34617e-05 0)
(0.209413 -6.3081e-05 0)
(0.209415 -5.35515e-05 0)
(0.209417 -4.49457e-05 0)
(0.20942 -3.72981e-05 0)
(0.209423 -3.06092e-05 0)
(0.209426 -2.48495e-05 0)
(0.209429 -1.99652e-05 0)
(0.209432 -1.58846e-05 0)
(0.209434 -1.2524e-05 0)
(0.209436 -9.79378e-06 0)
(0.209438 -7.60405e-06 0)
(0.20944 -5.8687e-06 0)
(0.209442 -4.50832e-06 0)
(0.209443 -3.45213e-06 0)
(0.209444 -2.63881e-06 0)
(0.209445 -2.01659e-06 0)
(0.209446 -1.54281e-06 0)
(0.209447 -1.18308e-06 0)
(0.209447 -9.10231e-07 0)
(0.209447 -7.0313e-07 0)
(0.209448 -5.45571e-07 0)
(0.209448 -4.25301e-07 0)
(0.209448 -3.33125e-07 0)
(0.209448 -2.62178e-07 0)
(0.209449 -2.0742e-07 0)
(0.209449 -1.6506e-07 0)
(0.209449 -1.32384e-07 0)
(0.209449 -1.07291e-07 0)
(0.209449 -8.83048e-08 0)
(0.209449 -7.41419e-08 0)
(0.209449 -6.34721e-08 0)
(0.199822 0.0052034 0)
(0.200315 0.00564015 0)
(0.200872 0.00599706 0)
(0.201475 0.00626348 0)
(0.202102 0.00643928 0)
(0.202732 0.0065297 0)
(0.20335 0.00654234 0)
(0.203942 0.00648656 0)
(0.204499 0.0063732 0)
(0.205016 0.00621383 0)
(0.205488 0.0060199 0)
(0.205916 0.0058021 0)
(0.2063 0.00556986 0)
(0.206643 0.00533112 0)
(0.20695 0.00509217 0)
(0.207225 0.00485765 0)
(0.207473 0.0046307 0)
(0.207698 0.0044132 0)
(0.207905 0.00420595 0)
(0.208096 0.00400901 0)
(0.208275 0.00382184 0)
(0.208445 0.00364357 0)
(0.208606 0.00347309 0)
(0.20876 0.00330918 0)
(0.208909 0.0031506 0)
(0.209053 0.00299612 0)
(0.209191 0.00284456 0)
(0.209325 0.0026948 0)
(0.209454 0.0025458 0)
(0.209578 0.00239661 0)
(0.209696 0.00224639 0)
(0.209807 0.0020944 0)
(0.20991 0.00194011 0)
(0.210005 0.00178319 0)
(0.21009 0.00162364 0)
(0.210163 0.00146184 0)
(0.210223 0.0012987 0)
(0.210268 0.00113566 0)
(0.210298 0.000974766 0)
(0.210312 0.000818521 0)
(0.210311 0.00066971 0)
(0.210295 0.000531042 0)
(0.210266 0.000404781 0)
(0.210228 0.000292438 0)
(0.210183 0.000194644 0)
(0.210134 0.000111199 0)
(0.210083 4.12718e-05 0)
(0.210031 -1.63069e-05 0)
(0.209981 -6.28527e-05 0)
(0.209933 -9.97356e-05 0)
(0.209888 -0.000128294 0)
(0.209846 -0.000149764 0)
(0.209807 -0.000165243 0)
(0.209771 -0.000175674 0)
(0.209739 -0.000181853 0)
(0.209709 -0.000184448 0)
(0.209683 -0.000184014 0)
(0.209659 -0.000181021 0)
(0.209638 -0.000175871 0)
(0.20962 -0.000168919 0)
(0.209603 -0.000160488 0)
(0.209589 -0.000150877 0)
(0.209577 -0.000140373 0)
(0.209566 -0.000129249 0)
(0.209558 -0.000117768 0)
(0.209551 -0.000106177 0)
(0.209546 -9.4708e-05 0)
(0.209542 -8.3568e-05 0)
(0.209539 -7.29372e-05 0)
(0.209538 -6.29636e-05 0)
(0.209537 -5.376e-05 0)
(0.209537 -4.54033e-05 0)
(0.209538 -3.79348e-05 0)
(0.209539 -3.13625e-05 0)
(0.209541 -2.56658e-05 0)
(0.209542 -2.08006e-05 0)
(0.209544 -1.67043e-05 0)
(0.209546 -1.33023e-05 0)
(0.209547 -1.05133e-05 0)
(0.209549 -8.25449e-06 0)
(0.20955 -6.44542e-06 0)
(0.209551 -5.0112e-06 0)
(0.209552 -3.88429e-06 0)
(0.209553 -3.00553e-06 0)
(0.209554 -2.32439e-06 0)
(0.209555 -1.79876e-06 0)
(0.209555 -1.39426e-06 0)
(0.209556 -1.08335e-06 0)
(0.209556 -8.44313e-07 0)
(0.209557 -6.6025e-07 0)
(0.209557 -5.18173e-07 0)
(0.209557 -4.08186e-07 0)
(0.209557 -3.22778e-07 0)
(0.209557 -2.5633e-07 0)
(0.209558 -2.04557e-07 0)
(0.209558 -1.64316e-07 0)
(0.209558 -1.33156e-07 0)
(0.209558 -1.09282e-07 0)
(0.209558 -9.11548e-08 0)
(0.209558 -7.73285e-08 0)
(0.200133 0.00490063 0)
(0.20058 0.00528218 0)
(0.201081 0.00560045 0)
(0.201624 0.00584515 0)
(0.202192 0.00601363 0)
(0.202768 0.00610836 0)
(0.203338 0.00613469 0)
(0.203888 0.00609984 0)
(0.204412 0.00601248 0)
(0.204902 0.00588209 0)
(0.205355 0.00571829 0)
(0.20577 0.00553026 0)
(0.206148 0.00532626 0)
(0.206489 0.00511342 0)
(0.206798 0.00489754 0)
(0.207077 0.00468307 0)
(0.207331 0.00447321 0)
(0.207563 0.00427001 0)
(0.207777 0.00407462 0)
(0.207976 0.00388743 0)
(0.208163 0.00370828 0)
(0.208339 0.00353664 0)
(0.208506 0.00337172 0)
(0.208666 0.00321259 0)
(0.20882 0.00305823 0)
(0.208968 0.00290762 0)
(0.209111 0.00275974 0)
(0.209249 0.00261363 0)
(0.209381 0.00246837 0)
(0.209508 0.00232315 0)
(0.209628 0.00217721 0)
(0.209742 0.00202994 0)
(0.209848 0.00188091 0)
(0.209945 0.00172989 0)
(0.210032 0.00157693 0)
(0.210108 0.00142244 0)
(0.210171 0.00126726 0)
(0.210221 0.0011127 0)
(0.210256 0.000960547 0)
(0.210276 0.000812941 0)
(0.210281 0.000672242 0)
(0.210273 0.00054074 0)
(0.210253 0.000420368 0)
(0.210224 0.000312468 0)
(0.210187 0.000217671 0)
(0.210146 0.000135929 0)
(0.210101 6.66495e-05 0)
(0.210056 8.89948e-06 0)
(0.210011 -3.84256e-05 0)
(0.209968 -7.65084e-05 0)
(0.209926 -0.000106525 0)
(0.209887 -0.000129584 0)
(0.20985 -0.000146691 0)
(0.209816 -0.000158728 0)
(0.209785 -0.000166455 0)
(0.209756 -0.000170518 0)
(0.20973 -0.000171469 0)
(0.209706 -0.000169776 0)
(0.209685 -0.000165849 0)
(0.209665 -0.000160048 0)
(0.209648 -0.000152702 0)
(0.209633 -0.000144116 0)
(0.209619 -0.000134578 0)
(0.209608 -0.000124361 0)
(0.209598 -0.000113725 0)
(0.20959 -0.000102916 0)
(0.209584 -9.216e-05 0)
(0.209579 -8.16602e-05 0)
(0.209575 -7.15935e-05 0)
(0.209572 -6.21058e-05 0)
(0.20957 -5.33098e-05 0)
(0.209569 -4.52844e-05 0)
(0.209569 -3.80747e-05 0)
(0.209569 -3.16948e-05 0)
(0.20957 -2.61314e-05 0)
(0.209571 -2.13485e-05 0)
(0.209572 -1.72924e-05 0)
(0.209574 -1.38974e-05 0)
(0.209575 -1.10904e-05 0)
(0.209576 -8.79603e-06 0)
(0.209577 -6.94044e-06 0)
(0.209578 -5.45389e-06 0)
(0.209579 -4.27293e-06 0)
(0.20958 -3.34137e-06 0)
(0.209581 -2.6107e-06 0)
(0.209581 -2.04006e-06 0)
(0.209582 -1.59565e-06 0)
(0.209582 -1.25007e-06 0)
(0.209583 -9.81401e-07 0)
(0.209583 -7.72368e-07 0)
(0.209583 -6.09481e-07 0)
(0.209584 -4.82315e-07 0)
(0.209584 -3.82832e-07 0)
(0.209584 -3.04924e-07 0)
(0.209584 -2.43869e-07 0)
(0.209584 -1.96134e-07 0)
(0.209584 -1.58941e-07 0)
(0.209584 -1.30207e-07 0)
(0.209584 -1.08171e-07 0)
(0.209584 -9.13214e-08 0)
(0.200413 0.00461206 0)
(0.200822 0.00494588 0)
(0.201276 0.00522893 0)
(0.201767 0.00545196 0)
(0.202284 0.00561117 0)
(0.202811 0.00570713 0)
(0.203336 0.00574335 0)
(0.203848 0.00572524 0)
(0.204339 0.00565962 0)
(0.204803 0.00555417 0)
(0.205237 0.00541689 0)
(0.205639 0.00525554 0)
(0.206008 0.00507732 0)
(0.206345 0.00488853 0)
(0.206654 0.00469447 0)
(0.206935 0.00449933 0)
(0.207193 0.00430625 0)
(0.20743 0.0041174 0)
(0.20765 0.00393414 0)
(0.207855 0.00375714 0)
(0.208047 0.00358655 0)
(0.208228 0.00342213 0)
(0.2084 0.00326338 0)
(0.208565 0.00310961 0)
(0.208722 0.00296003 0)
(0.208874 0.00281381 0)
(0.209019 0.0026701 0)
(0.209159 0.00252809 0)
(0.209293 0.00238699 0)
(0.20942 0.0022461 0)
(0.209542 0.00210479 0)
(0.209656 0.00196254 0)
(0.209763 0.00181902 0)
(0.20986 0.00167406 0)
(0.209948 0.00152778 0)
(0.210025 0.00138058 0)
(0.21009 0.00123326 0)
(0.210142 0.00108698 0)
(0.21018 0.000943274 0)
(0.210205 0.000803996 0)
(0.210216 0.000671135 0)
(0.210215 0.000546626 0)
(0.210202 0.000432121 0)
(0.21018 0.000328801 0)
(0.210151 0.000237282 0)
(0.210117 0.000157618 0)
(0.210079 8.94005e-05 0)
(0.21004 3.18999e-05 0)
(0.210001 -1.57971e-05 0)
(0.209962 -5.4698e-05 0)
(0.209924 -8.58298e-05 0)
(0.209888 -0.00011018 0)
(0.209854 -0.000128663 0)
(0.209822 -0.000142095 0)
(0.209793 -0.000151197 0)
(0.209765 -0.00015659 0)
(0.20974 -0.000158812 0)
(0.209717 -0.000158332 0)
(0.209696 -0.000155558 0)
(0.209677 -0.000150855 0)
(0.20966 -0.000144555 0)
(0.209645 -0.000136966 0)
(0.209632 -0.000128376 0)
(0.20962 -0.000119057 0)
(0.20961 -0.000109268 0)
(0.209602 -9.92468e-05 0)
(0.209595 -8.92167e-05 0)
(0.209589 -7.93757e-05 0)
(0.209585 -6.98961e-05 0)
(0.209582 -6.09209e-05 0)
(0.209579 -5.25617e-05 0)
(0.209578 -4.48983e-05 0)
(0.209578 -3.79787e-05 0)
(0.209577 -3.18221e-05 0)
(0.209578 -2.64217e-05 0)
(0.209578 -2.1749e-05 0)
(0.209579 -1.77587e-05 0)
(0.20958 -1.43934e-05 0)
(0.209581 -1.15883e-05 0)
(0.209582 -9.27552e-06 0)
(0.209583 -7.38762e-06 0)
(0.209584 -5.86037e-06 0)
(0.209585 -4.63465e-06 0)
(0.209586 -3.65756e-06 0)
(0.209587 -2.88295e-06 0)
(0.209587 -2.27148e-06 0)
(0.209588 -1.79023e-06 0)
(0.209588 -1.41217e-06 0)
(0.209588 -1.11543e-06 0)
(0.209589 -8.82485e-07 0)
(0.209589 -6.99505e-07 0)
(0.209589 -5.55627e-07 0)
(0.209589 -4.4237e-07 0)
(0.209589 -3.53188e-07 0)
(0.20959 -2.82962e-07 0)
(0.20959 -2.27796e-07 0)
(0.20959 -1.84608e-07 0)
(0.20959 -1.51044e-07 0)
(0.20959 -1.25147e-07 0)
(0.20959 -1.05337e-07 0)
(0.200666 0.00433513 0)
(0.201043 0.00462763 0)
(0.201456 0.0048789 0)
(0.201903 0.00508099 0)
(0.202374 0.00522974 0)
(0.202858 0.00532456 0)
(0.203342 0.00536751 0)
(0.203818 0.00536252 0)
(0.204278 0.00531486 0)
(0.204718 0.00523068 0)
(0.205132 0.00511652 0)
(0.205519 0.00497893 0)
(0.205879 0.00482407 0)
(0.206211 0.00465747 0)
(0.206518 0.00448389 0)
(0.2068 0.00430723 0)
(0.20706 0.00413049 0)
(0.207301 0.0039559 0)
(0.207525 0.00378493 0)
(0.207734 0.00361847 0)
(0.207931 0.0034569 0)
(0.208117 0.00330024 0)
(0.208293 0.00314822 0)
(0.208461 0.00300037 0)
(0.208622 0.00285613 0)
(0.208776 0.00271484 0)
(0.208924 0.00257582 0)
(0.209065 0.00243838 0)
(0.2092 0.00230189 0)
(0.209329 0.00216573 0)
(0.209451 0.0020294 0)
(0.209565 0.00189247 0)
(0.209672 0.0017547 0)
(0.20977 0.00161598 0)
(0.209858 0.00147645 0)
(0.209936 0.00133654 0)
(0.210002 0.00119694 0)
(0.210057 0.00105871 0)
(0.210098 0.000923182 0)
(0.210127 0.000791924 0)
(0.210143 0.000666623 0)
(0.210147 0.000548916 0)
(0.210141 0.000440212 0)
(0.210126 0.000341552 0)
(0.210104 0.000253519 0)
(0.210077 0.000176239 0)
(0.210046 0.000109443 0)
(0.210012 5.25703e-05 0)
(0.209978 4.87496e-06 0)
(0.209944 -3.44898e-05 0)
(0.20991 -6.64153e-05 0)
(0.209878 -9.17747e-05 0)
(0.209847 -0.000111391 0)
(0.209817 -0.000126018 0)
(0.20979 -0.000136328 0)
(0.209764 -0.000142917 0)
(0.20974 -0.000146305 0)
(0.209719 -0.000146952 0)
(0.209699 -0.000145264 0)
(0.20968 -0.000141606 0)
(0.209664 -0.000136312 0)
(0.209649 -0.000129689 0)
(0.209636 -0.000122023 0)
(0.209625 -0.000113585 0)
(0.209615 -0.000104629 0)
(0.209606 -9.53887e-05 0)
(0.209599 -8.60813e-05 0)
(0.209594 -7.68995e-05 0)
(0.209589 -6.80109e-05 0)
(0.209586 -5.95552e-05 0)
(0.209583 -5.16425e-05 0)
(0.209582 -4.43528e-05 0)
(0.209581 -3.77369e-05 0)
(0.20958 -3.18182e-05 0)
(0.209581 -2.65959e-05 0)
(0.209581 -2.20486e-05 0)
(0.209582 -1.81389e-05 0)
(0.209582 -1.48173e-05 0)
(0.209583 -1.20268e-05 0)
(0.209584 -9.70692e-06 0)
(0.209585 -7.79659e-06 0)
(0.209586 -6.23702e-06 0)
(0.209587 -4.9735e-06 0)
(0.209587 -3.95653e-06 0)
(0.209588 -3.14245e-06 0)
(0.209588 -2.49362e-06 0)
(0.209589 -1.97816e-06 0)
(0.209589 -1.5696e-06 0)
(0.20959 -1.2462e-06 0)
(0.20959 -9.90368e-07 0)
(0.20959 -7.88006e-07 0)
(0.20959 -6.27908e-07 0)
(0.20959 -5.01206e-07 0)
(0.209591 -4.00966e-07 0)
(0.209591 -3.2171e-07 0)
(0.209591 -2.59202e-07 0)
(0.209591 -2.10077e-07 0)
(0.209591 -1.71728e-07 0)
(0.209591 -1.42016e-07 0)
(0.209591 -1.19279e-07 0)
(0.200894 0.00406787 0)
(0.201243 0.00432447 0)
(0.201623 0.00454723 0)
(0.202031 0.00472951 0)
(0.202462 0.00486722 0)
(0.202907 0.00495911 0)
(0.203355 0.0050062 0)
(0.203797 0.00501125 0)
(0.204229 0.00497823 0)
(0.204644 0.004912 0)
(0.205039 0.00481786 0)
(0.205412 0.00470125 0)
(0.205762 0.00456741 0)
(0.206087 0.00442113 0)
(0.20639 0.00426664 0)
(0.206671 0.00410751 0)
(0.206932 0.00394657 0)
(0.207176 0.003786 0)
(0.207403 0.00362735 0)
(0.207616 0.00347165 0)
(0.207817 0.00331946 0)
(0.208006 0.003171 0)
(0.208186 0.0030262 0)
(0.208358 0.00288482 0)
(0.208521 0.00274644 0)
(0.208678 0.0026106 0)
(0.208827 0.00247675 0)
(0.20897 0.00234435 0)
(0.209107 0.00221289 0)
(0.209236 0.00208186 0)
(0.209359 0.00195086 0)
(0.209474 0.00181956 0)
(0.209581 0.00168776 0)
(0.209679 0.00155544 0)
(0.209768 0.00142275 0)
(0.209847 0.0012901 0)
(0.209915 0.00115813 0)
(0.209971 0.00102776 0)
(0.210015 0.000900153 0)
(0.210048 0.000776644 0)
(0.210069 0.00065866 0)
(0.210079 0.000547585 0)
(0.210079 0.000444623 0)
(0.21007 0.000350684 0)
(0.210055 0.000266316 0)
(0.210034 0.000191689 0)
(0.210009 0.000126641 0)
(0.209981 7.07511e-05 0)
(0.209952 2.34166e-05 0)
(0.209923 -1.60697e-05 0)
(0.209893 -4.84721e-05 0)
(0.209864 -7.45572e-05 0)
(0.209836 -9.5062e-05 0)
(0.209809 -0.000110674 0)
(0.209784 -0.000122019 0)
(0.20976 -0.000129659 0)
(0.209738 -0.000134095 0)
(0.209717 -0.000135774 0)
(0.209698 -0.000135096 0)
(0.209681 -0.000132423 0)
(0.209665 -0.000128084 0)
(0.209651 -0.000122386 0)
(0.209638 -0.000115612 0)
(0.209627 -0.000108029 0)
(0.209618 -9.98851e-05 0)
(0.209609 -9.141e-05 0)
(0.209602 -8.28136e-05 0)
(0.209597 -7.42831e-05 0)
(0.209592 -6.59813e-05 0)
(0.209589 -5.80444e-05 0)
(0.209586 -5.05805e-05 0)
(0.209584 -4.36699e-05 0)
(0.209583 -3.73653e-05 0)
(0.209583 -3.16941e-05 0)
(0.209582 -2.66608e-05 0)
(0.209583 -2.22507e-05 0)
(0.209583 -1.84335e-05 0)
(0.209584 -1.51674e-05 0)
(0.209584 -1.2403e-05 0)
(0.209585 -1.00864e-05 0)
(0.209586 -8.16308e-06 0)
(0.209587 -6.57945e-06 0)
(0.209587 -5.28519e-06 0)
(0.209588 -4.23424e-06 0)
(0.209588 -3.38553e-06 0)
(0.209589 -2.70322e-06 0)
(0.209589 -2.15662e-06 0)
(0.20959 -1.71992e-06 0)
(0.20959 -1.37167e-06 0)
(0.20959 -1.09432e-06 0)
(0.20959 -8.73591e-07 0)
(0.209591 -6.98018e-07 0)
(0.209591 -5.58415e-07 0)
(0.209591 -4.47513e-07 0)
(0.209591 -3.59514e-07 0)
(0.209591 -2.89872e-07 0)
(0.209591 -2.34962e-07 0)
(0.209591 -1.91947e-07 0)
(0.209591 -1.58516e-07 0)
(0.209591 -1.32917e-07 0)
(0.2011 0.00380868 0)
(0.201425 0.00403397 0)
(0.201776 0.00423125 0)
(0.202151 0.00439502 0)
(0.202548 0.00452156 0)
(0.202957 0.00460924 0)
(0.203372 0.00465841 0)
(0.203785 0.00467088 0)
(0.204189 0.00464961 0)
(0.204582 0.00459837 0)
(0.204958 0.00452141 0)
(0.205316 0.0044232 0)
(0.205655 0.00430813 0)
(0.205973 0.00418034 0)
(0.206271 0.00404353 0)
(0.20655 0.0039009 0)
(0.206811 0.0037551 0)
(0.207055 0.0036082 0)
(0.207285 0.0034618 0)
(0.2075 0.00331697 0)
(0.207704 0.00317442 0)
(0.207897 0.00303453 0)
(0.20808 0.0028974 0)
(0.208254 0.00276294 0)
(0.20842 0.00263092 0)
(0.208579 0.00250101 0)
(0.20873 0.00237281 0)
(0.208875 0.00224591 0)
(0.209013 0.0021199 0)
(0.209143 0.00199439 0)
(0.209267 0.00186906 0)
(0.209382 0.00174367 0)
(0.20949 0.00161808 0)
(0.209589 0.00149231 0)
(0.209679 0.00136653 0)
(0.209758 0.00124113 0)
(0.209828 0.00111669 0)
(0.209886 0.000994025 0)
(0.209934 0.000874125 0)
(0.20997 0.000758135 0)
(0.209996 0.00064726 0)
(0.210011 0.000542672 0)
(0.210016 0.0004454 0)
(0.210014 0.000356238 0)
(0.210005 0.000275691 0)
(0.20999 0.000203958 0)
(0.209971 0.000140958 0)
(0.209949 8.63785e-05 0)
(0.209925 3.97426e-05 0)
(0.2099 4.61678e-07 0)
(0.209874 -3.21098e-05 0)
(0.209849 -5.86425e-05 0)
(0.209824 -7.9791e-05 0)
(0.2098 -9.61772e-05 0)
(0.209777 -0.000108378 0)
(0.209755 -0.000116921 0)
(0.209734 -0.000122282 0)
(0.209715 -0.000124893 0)
(0.209697 -0.000125142 0)
(0.209681 -0.000123385 0)
(0.209666 -0.000119946 0)
(0.209653 -0.000115127 0)
(0.20964 -0.000109207 0)
(0.20963 -0.000102447 0)
(0.20962 -9.50889e-05 0)
(0.209612 -8.73571e-05 0)
(0.209605 -7.94544e-05 0)
(0.2096 -7.15623e-05 0)
(0.209595 -6.38383e-05 0)
(0.209591 -5.64147e-05 0)
(0.209589 -4.93979e-05 0)
(0.209587 -4.28676e-05 0)
(0.209585 -3.68784e-05 0)
(0.209585 -3.14611e-05 0)
(0.209584 -2.6625e-05 0)
(0.209584 -2.23615e-05 0)
(0.209584 -1.86471e-05 0)
(0.209585 -1.5447e-05 0)
(0.209585 -1.27187e-05 0)
(0.209586 -1.04151e-05 0)
(0.209586 -8.4876e-06 0)
(0.209587 -6.88776e-06 0)
(0.209588 -5.56957e-06 0)
(0.209588 -4.49044e-06 0)
(0.209589 -3.61188e-06 0)
(0.209589 -2.89998e-06 0)
(0.209589 -2.32535e-06 0)
(0.20959 -1.86293e-06 0)
(0.20959 -1.49171e-06 0)
(0.20959 -1.19424e-06 0)
(0.20959 -9.56196e-07 0)
(0.209591 -7.65926e-07 0)
(0.209591 -6.13992e-07 0)
(0.209591 -4.92839e-07 0)
(0.209591 -3.96391e-07 0)
(0.209591 -3.19827e-07 0)
(0.209591 -2.59286e-07 0)
(0.209591 -2.11717e-07 0)
(0.209591 -1.74653e-07 0)
(0.209591 -1.46238e-07 0)
(0.201287 0.00355622 0)
(0.201591 0.00375407 0)
(0.201916 0.00392858 0)
(0.202263 0.00407524 0)
(0.202629 0.00419073 0)
(0.203008 0.00427335 0)
(0.203393 0.00432296 0)
(0.203778 0.00434069 0)
(0.204158 0.00432869 0)
(0.204529 0.00428983 0)
(0.204887 0.00422749 0)
(0.205231 0.00414529 0)
(0.205558 0.00404688 0)
(0.205868 0.00393578 0)
(0.20616 0.00381521 0)
(0.206436 0.00368801 0)
(0.206696 0.00355658 0)
(0.20694 0.00342291 0)
(0.207171 0.00328853 0)
(0.207388 0.00315457 0)
(0.207594 0.00302182 0)
(0.207789 0.00289076 0)
(0.207975 0.00276164 0)
(0.208152 0.0026345 0)
(0.20832 0.00250926 0)
(0.208481 0.00238572 0)
(0.208634 0.0022636 0)
(0.20878 0.00214262 0)
(0.208919 0.00202246 0)
(0.209051 0.00190283 0)
(0.209175 0.00178351 0)
(0.209291 0.00166431 0)
(0.2094 0.00154515 0)
(0.2095 0.00142609 0)
(0.20959 0.00130731 0)
(0.209672 0.00118917 0)
(0.209743 0.00107221 0)
(0.209804 0.000957113 0)
(0.209854 0.000844756 0)
(0.209894 0.000736106 0)
(0.209924 0.000632183 0)
(0.209944 0.000533978 0)
(0.209955 0.000442369 0)
(0.209958 0.00035805 0)
(0.209955 0.000281482 0)
(0.209946 0.000212877 0)
(0.209933 0.000152212 0)
(0.209916 9.92647e-05 0)
(0.209897 5.36607e-05 0)
(0.209876 1.4918e-05 0)
(0.209854 -1.75087e-05 0)
(0.209833 -4.41997e-05 0)
(0.209811 -6.57323e-05 0)
(0.209789 -8.26648e-05 0)
(0.209769 -9.55248e-05 0)
(0.209749 -0.000104802 0)
(0.20973 -0.000110947 0)
(0.209712 -0.00011437 0)
(0.209696 -0.000115448 0)
(0.209681 -0.000114524 0)
(0.209666 -0.000111917 0)
(0.209654 -0.00010792 0)
(0.209642 -0.000102806 0)
(0.209632 -9.68289e-05 0)
(0.209623 -9.02248e-05 0)
(0.209615 -8.32095e-05 0)
(0.209608 -7.59795e-05 0)
(0.209602 -6.87096e-05 0)
(0.209598 -6.15522e-05 0)
(0.209594 -5.46354e-05 0)
(0.209591 -4.80631e-05 0)
(0.209589 -4.19146e-05 0)
(0.209587 -3.62455e-05 0)
(0.209586 -3.10894e-05 0)
(0.209586 -2.64602e-05 0)
(0.209586 -2.23544e-05 0)
(0.209586 -1.87547e-05 0)
(0.209586 -1.56328e-05 0)
(0.209586 -1.29529e-05 0)
(0.209587 -1.06741e-05 0)
(0.209587 -8.75317e-06 0)
(0.209588 -7.14694e-06 0)
(0.209588 -5.81352e-06 0)
(0.209589 -4.71371e-06 0)
(0.209589 -3.81171e-06 0)
(0.209589 -3.07556e-06 0)
(0.20959 -2.47727e-06 0)
(0.20959 -1.99269e-06 0)
(0.20959 -1.60134e-06 0)
(0.20959 -1.28602e-06 0)
(0.209591 -1.03244e-06 0)
(0.209591 -8.28856e-07 0)
(0.209591 -6.65668e-07 0)
(0.209591 -5.35096e-07 0)
(0.209591 -4.30842e-07 0)
(0.209591 -3.47855e-07 0)
(0.209591 -2.82066e-07 0)
(0.209591 -2.30242e-07 0)
(0.209591 -1.89773e-07 0)
(0.209591 -1.58706e-07 0)
(0.201455 0.00330943 0)
(0.201741 0.00348314 0)
(0.202044 0.00363728 0)
(0.202366 0.00376817 0)
(0.202706 0.00387295 0)
(0.203058 0.00394994 0)
(0.203416 0.00399872 0)
(0.203776 0.00401994 0)
(0.204133 0.00401509 0)
(0.204484 0.00398635 0)
(0.204825 0.00393635 0)
(0.205154 0.003868 0)
(0.20547 0.00378431 0)
(0.205771 0.00368822 0)
(0.206058 0.00358251 0)
(0.20633 0.00346967 0)
(0.206587 0.00335186 0)
(0.20683 0.00323092 0)
(0.207061 0.00310829 0)
(0.20728 0.00298513 0)
(0.207487 0.00286226 0)
(0.207684 0.00274024 0)
(0.207872 0.00261942 0)
(0.208051 0.00249996 0)
(0.208221 0.00238188 0)
(0.208383 0.0022651 0)
(0.208538 0.00214947 0)
(0.208686 0.00203479 0)
(0.208826 0.00192085 0)
(0.208959 0.00180745 0)
(0.209084 0.00169442 0)
(0.209202 0.00158166 0)
(0.209311 0.00146913 0)
(0.209412 0.00135691 0)
(0.209504 0.0012452 0)
(0.209587 0.00113432 0)
(0.20966 0.00102476 0)
(0.209723 0.000917123 0)
(0.209777 0.000812156 0)
(0.20982 0.000710683 0)
(0.209854 0.000613567 0)
(0.209879 0.000521648 0)
(0.209895 0.000435673 0)
(0.209904 0.000356247 0)
(0.209906 0.000283787 0)
(0.209902 0.000218507 0)
(0.209894 0.000160427 0)
(0.209882 0.000109395 0)
(0.209868 6.51217e-05 0)
(0.209852 2.7215e-05 0)
(0.209834 -4.78127e-06 0)
(0.209816 -3.13611e-05 0)
(0.209797 -5.30326e-05 0)
(0.209778 -7.02933e-05 0)
(0.20976 -8.36215e-05 0)
(0.209742 -9.34686e-05 0)
(0.209725 -0.000100255 0)
(0.209709 -0.000104371 0)
(0.209694 -0.000106174 0)
(0.20968 -0.000105997 0)
(0.209667 -0.000104146 0)
(0.209654 -0.000100907 0)
(0.209643 -9.65437e-05 0)
(0.209634 -9.13026e-05 0)
(0.209625 -8.54109e-05 0)
(0.209617 -7.90772e-05 0)
(0.209611 -7.24903e-05 0)
(0.209605 -6.58184e-05 0)
(0.2096 -5.92082e-05 0)
(0.209597 -5.27835e-05 0)
(0.209594 -4.66456e-05 0)
(0.209591 -4.08727e-05 0)
(0.20959 -3.55213e-05 0)
(0.209588 -3.06273e-05 0)
(0.209588 -2.62083e-05 0)
(0.209587 -2.22657e-05 0)
(0.209587 -1.87877e-05 0)
(0.209587 -1.5752e-05 0)
(0.209587 -1.31286e-05 0)
(0.209588 -1.08827e-05 0)
(0.209588 -8.97625e-06 0)
(0.209588 -7.37085e-06 0)
(0.209589 -6.02867e-06 0)
(0.209589 -4.91383e-06 0)
(0.209589 -3.99319e-06 0)
(0.20959 -3.2368e-06 0)
(0.20959 -2.61811e-06 0)
(0.20959 -2.11399e-06 0)
(0.20959 -1.70457e-06 0)
(0.209591 -1.37299e-06 0)
(0.209591 -1.10509e-06 0)
(0.209591 -8.89113e-07 0)
(0.209591 -7.15352e-07 0)
(0.209591 -5.75864e-07 0)
(0.209591 -4.64168e-07 0)
(0.209591 -3.75019e-07 0)
(0.209591 -3.04169e-07 0)
(0.209591 -2.48221e-07 0)
(0.209591 -2.04434e-07 0)
(0.209591 -1.70753e-07 0)
(0.201608 0.00306717 0)
(0.201877 0.00321954 0)
(0.202161 0.00335546 0)
(0.202462 0.0034719 0)
(0.202778 0.00356642 0)
(0.203106 0.00363747 0)
(0.203441 0.00368445 0)
(0.203778 0.00370768 0)
(0.204114 0.00370817 0)
(0.204446 0.00368751 0)
(0.204771 0.00364776 0)
(0.205086 0.00359122 0)
(0.205391 0.00352035 0)
(0.205683 0.00343761 0)
(0.205963 0.00334533 0)
(0.20623 0.00324568 0)
(0.206485 0.00314061 0)
(0.206727 0.00303175 0)
(0.206957 0.00292049 0)
(0.207176 0.00280793 0)
(0.207384 0.0026949 0)
(0.207582 0.00258202 0)
(0.207771 0.00246971 0)
(0.207952 0.00235821 0)
(0.208124 0.00224764 0)
(0.208288 0.002138 0)
(0.208444 0.00202925 0)
(0.208593 0.00192126 0)
(0.208735 0.00181392 0)
(0.208869 0.00170711 0)
(0.208995 0.00160071 0)
(0.209113 0.00149467 0)
(0.209224 0.00138901 0)
(0.209326 0.00128382 0)
(0.209419 0.0011793 0)
(0.209504 0.00107575 0)
(0.209579 0.000973599 0)
(0.209645 0.000873382 0)
(0.209701 0.000775736 0)
(0.209748 0.00068136 0)
(0.209786 0.000590987 0)
(0.209815 0.000505326 0)
(0.209836 0.000425015 0)
(0.20985 0.000350579 0)
(0.209857 0.000282392 0)
(0.209859 0.000220665 0)
(0.209856 0.000165447 0)
(0.209849 0.000116639 0)
(0.209839 7.40216e-05 0)
(0.209827 3.72803e-05 0)
(0.209813 6.03763e-06 0)
(0.209798 -2.01308e-05 0)
(0.209783 -4.16672e-05 0)
(0.209767 -5.90099e-05 0)
(0.209751 -7.25887e-05 0)
(0.209735 -8.28163e-05 0)
(0.20972 -9.00825e-05 0)
(0.209706 -9.47518e-05 0)
(0.209692 -9.71639e-05 0)
(0.209679 -9.76347e-05 0)
(0.209666 -9.64583e-05 0)
(0.209655 -9.39083e-05 0)
(0.209645 -9.02391e-05 0)
(0.209635 -8.56868e-05 0)
(0.209627 -8.04696e-05 0)
(0.20962 -7.4787e-05 0)
(0.209613 -6.88198e-05 0)
(0.209608 -6.27289e-05 0)
(0.209603 -5.66548e-05 0)
(0.209599 -5.07166e-05 0)
(0.209596 -4.50123e-05 0)
(0.209594 -3.96186e-05 0)
(0.209592 -3.45923e-05 0)
(0.20959 -2.99708e-05 0)
(0.20959 -2.57749e-05 0)
(0.209589 -2.201e-05 0)
(0.209589 -1.86693e-05 0)
(0.209588 -1.57358e-05 0)
(0.209588 -1.3185e-05 0)
(0.209589 -1.09873e-05 0)
(0.209589 -9.10982e-06 0)
(0.209589 -7.51852e-06 0)
(0.209589 -6.17951e-06 0)
(0.209589 -5.06022e-06 0)
(0.20959 -4.13014e-06 0)
(0.20959 -3.36139e-06 0)
(0.20959 -2.72899e-06 0)
(0.20959 -2.21092e-06 0)
(0.209591 -1.78806e-06 0)
(0.209591 -1.44402e-06 0)
(0.209591 -1.1649e-06 0)
(0.209591 -9.39045e-07 0)
(0.209591 -7.56737e-07 0)
(0.209591 -6.09958e-07 0)
(0.209591 -4.92121e-07 0)
(0.209591 -3.97849e-07 0)
(0.209591 -3.22767e-07 0)
(0.209591 -2.63351e-07 0)
(0.209591 -2.16762e-07 0)
(0.209591 -1.80862e-07 0)
(0.201745 0.00282866 0)
(0.202 0.00296202 0)
(0.202268 0.00308153 0)
(0.202549 0.00318474 0)
(0.202845 0.00326955 0)
(0.203152 0.00333457 0)
(0.203466 0.00337916 0)
(0.203783 0.00340337 0)
(0.2041 0.00340785 0)
(0.204415 0.00339376 0)
(0.204724 0.00336265 0)
(0.205026 0.00331632 0)
(0.20532 0.00325676 0)
(0.205604 0.00318597 0)
(0.205876 0.00310594 0)
(0.206138 0.00301851 0)
(0.206389 0.00292538 0)
(0.206629 0.00282803 0)
(0.206858 0.00272773 0)
(0.207076 0.00262552 0)
(0.207285 0.00252223 0)
(0.207484 0.0024185 0)
(0.207674 0.00231479 0)
(0.207856 0.0022114 0)
(0.208029 0.00210853 0)
(0.208195 0.00200626 0)
(0.208352 0.00190462 0)
(0.208502 0.00180358 0)
(0.208645 0.00170308 0)
(0.20878 0.00160306 0)
(0.208907 0.00150348 0)
(0.209027 0.00140433 0)
(0.209139 0.00130565 0)
(0.209242 0.00120756 0)
(0.209337 0.00111025 0)
(0.209423 0.001014 0)
(0.2095 0.000919197 0)
(0.209569 0.000826295 0)
(0.209628 0.000735844 0)
(0.209678 0.000648438 0)
(0.20972 0.000564695 0)
(0.209753 0.000485215 0)
(0.209779 0.000410541 0)
(0.209797 0.000341127 0)
(0.209809 0.000277306 0)
(0.209816 0.00021928 0)
(0.209818 0.000167117 0)
(0.209816 0.00012076 0)
(0.20981 8.00464e-05 0)
(0.209802 4.4727e-05 0)
(0.209792 1.44879e-05 0)
(0.20978 -1.10228e-05 0)
(0.209768 -3.21878e-05 0)
(0.209755 -4.9392e-05 0)
(0.209741 -6.3019e-05 0)
(0.209728 -7.34439e-05 0)
(0.209714 -8.10249e-05 0)
(0.209701 -8.61009e-05 0)
(0.209689 -8.89906e-05 0)
(0.209677 -8.99927e-05 0)
(0.209666 -8.93866e-05 0)
(0.209655 -8.74328e-05 0)
(0.209646 -8.43743e-05 0)
(0.209637 -8.04364e-05 0)
(0.209629 -7.5827e-05 0)
(0.209622 -7.07364e-05 0)
(0.209616 -6.53367e-05 0)
(0.20961 -5.97813e-05 0)
(0.209606 -5.42041e-05 0)
(0.209602 -4.87194e-05 0)
(0.209599 -4.34214e-05 0)
(0.209596 -3.83852e-05 0)
(0.209594 -3.36672e-05 0)
(0.209592 -2.9306e-05 0)
(0.209591 -2.53248e-05 0)
(0.20959 -2.17327e-05 0)
(0.20959 -1.85269e-05 0)
(0.20959 -1.56953e-05 0)
(0.209589 -1.32183e-05 0)
(0.209589 -1.10709e-05 0)
(0.20959 -9.225e-06 0)
(0.20959 -7.65072e-06 0)
(0.20959 -6.3178e-06 0)
(0.20959 -5.19674e-06 0)
(0.20959 -4.25961e-06 0)
(0.20959 -3.48055e-06 0)
(0.20959 -2.8361e-06 0)
(0.209591 -2.3054e-06 0)
(0.209591 -1.8701e-06 0)
(0.209591 -1.51434e-06 0)
(0.209591 -1.22451e-06 0)
(0.209591 -9.89107e-07 0)
(0.209591 -7.9845e-07 0)
(0.209591 -6.4448e-07 0)
(0.209591 -5.20527e-07 0)
(0.209591 -4.21108e-07 0)
(0.209591 -3.41738e-07 0)
(0.209591 -2.78779e-07 0)
(0.209591 -2.29298e-07 0)
(0.209591 -1.91065e-07 0)
(0.201893 0.00254909 0)
(0.202133 0.00266228 0)
(0.202383 0.00276411 0)
(0.202646 0.00285267 0)
(0.20292 0.00292629 0)
(0.203205 0.00298378 0)
(0.203497 0.00302449 0)
(0.203792 0.00304832 0)
(0.204089 0.00305565 0)
(0.204385 0.00304723 0)
(0.204677 0.00302416 0)
(0.204965 0.00298778 0)
(0.205246 0.0029396 0)
(0.205519 0.00288119 0)
(0.205783 0.00281411 0)
(0.206038 0.0027399 0)
(0.206284 0.00265996 0)
(0.20652 0.00257556 0)
(0.206747 0.00248783 0)
(0.206964 0.00239771 0)
(0.207172 0.00230599 0)
(0.207372 0.00221328 0)
(0.207562 0.00212007 0)
(0.207745 0.00202672 0)
(0.207919 0.00193347 0)
(0.208086 0.00184048 0)
(0.208245 0.00174783 0)
(0.208397 0.00165559 0)
(0.20854 0.00156375 0)
(0.208677 0.00147232 0)
(0.208805 0.00138132 0)
(0.208926 0.00129079 0)
(0.209039 0.00120079 0)
(0.209144 0.00111145 0)
(0.209241 0.00102296 0)
(0.209329 0.000935569 0)
(0.209409 0.000849616 0)
(0.20948 0.00076549 0)
(0.209543 0.000683641 0)
(0.209597 0.00060456 0)
(0.209643 0.00052875 0)
(0.209681 0.000456701 0)
(0.209712 0.000388861 0)
(0.209736 0.000325608 0)
(0.209753 0.00026723 0)
(0.209765 0.000213912 0)
(0.209773 0.000165733 0)
(0.209776 0.000122673 0)
(0.209775 8.46186e-05 0)
(0.209772 5.13859e-05 0)
(0.209766 2.27305e-05 0)
(0.209758 -1.62648e-06 0)
(0.209749 -2.20221e-05 0)
(0.209739 -3.87712e-05 0)
(0.209729 -5.2202e-05 0)
(0.209718 -6.26434e-05 0)
(0.209707 -7.04139e-05 0)
(0.209696 -7.58191e-05 0)
(0.209685 -7.91496e-05 0)
(0.209674 -8.068e-05 0)
(0.209664 -8.06691e-05 0)
(0.209655 -7.93592e-05 0)
(0.209646 -7.69768e-05 0)
(0.209638 -7.37322e-05 0)
(0.209631 -6.98197e-05 0)
(0.209624 -6.54169e-05 0)
(0.209618 -6.06845e-05 0)
(0.209613 -5.57658e-05 0)
(0.209608 -5.07863e-05 0)
(0.209605 -4.58534e-05 0)
(0.209601 -4.10566e-05 0)
(0.209599 -3.6468e-05 0)
(0.209596 -3.21426e-05 0)
(0.209595 -2.81199e-05 0)
(0.209593 -2.44248e-05 0)
(0.209592 -2.107e-05 0)
(0.209592 -1.80569e-05 0)
(0.209591 -1.53782e-05 0)
(0.209591 -1.30195e-05 0)
(0.209591 -1.09612e-05 0)
(0.209591 -9.18011e-06 0)
(0.20959 -7.65103e-06 0)
(0.209591 -6.34792e-06 0)
(0.209591 -5.24493e-06 0)
(0.209591 -4.31718e-06 0)
(0.209591 -3.54133e-06 0)
(0.209591 -2.89593e-06 0)
(0.209591 -2.36163e-06 0)
(0.209591 -1.92123e-06 0)
(0.209591 -1.55968e-06 0)
(0.209591 -1.26393e-06 0)
(0.209591 -1.02284e-06 0)
(0.209591 -8.26945e-07 0)
(0.209591 -6.68283e-07 0)
(0.209591 -5.40223e-07 0)
(0.209591 -4.37268e-07 0)
(0.209591 -3.54899e-07 0)
(0.209591 -2.8943e-07 0)
(0.209591 -2.37884e-07 0)
(0.209591 -1.98036e-07 0)
(0.20204 0.00222124 0)
(0.202266 0.00231394 0)
(0.202499 0.00239772 0)
(0.202742 0.00247115 0)
(0.202996 0.00253295 0)
(0.203259 0.00258214 0)
(0.203529 0.00261812 0)
(0.203803 0.00264069 0)
(0.204079 0.00264999 0)
(0.204355 0.00264644 0)
(0.20463 0.00263077 0)
(0.204902 0.00260388 0)
(0.205169 0.00256685 0)
(0.20543 0.00252082 0)
(0.205685 0.00246698 0)
(0.205932 0.00240651 0)
(0.206172 0.00234053 0)
(0.206404 0.00227009 0)
(0.206627 0.00219612 0)
(0.206842 0.00211945 0)
(0.20705 0.00204079 0)
(0.207249 0.00196073 0)
(0.20744 0.00187973 0)
(0.207623 0.00179818 0)
(0.207798 0.00171636 0)
(0.207966 0.00163448 0)
(0.208126 0.00155268 0)
(0.208279 0.00147107 0)
(0.208425 0.00138974 0)
(0.208562 0.00130873 0)
(0.208693 0.00122812 0)
(0.208815 0.00114796 0)
(0.20893 0.00106837 0)
(0.209037 0.000989466 0)
(0.209136 0.000911435 0)
(0.209227 0.000834499 0)
(0.20931 0.000758932 0)
(0.209384 0.000685057 0)
(0.209451 0.000613233 0)
(0.209509 0.000543848 0)
(0.20956 0.000477297 0)
(0.209603 0.000413965 0)
(0.209639 0.000354208 0)
(0.209669 0.000298329 0)
(0.209692 0.000246568 0)
(0.20971 0.000199087 0)
(0.209723 0.00015597 0)
(0.209732 0.000117222 0)
(0.209736 8.27759e-05 0)
(0.209738 5.25014e-05 0)
(0.209737 2.62172e-05 0)
(0.209734 3.69945e-06 0)
(0.209729 -1.5272e-05 0)
(0.209723 -3.09811e-05 0)
(0.209715 -4.37082e-05 0)
(0.209707 -5.37284e-05 0)
(0.209699 -6.13145e-05 0)
(0.20969 -6.67325e-05 0)
(0.209681 -7.02389e-05 0)
(0.209672 -7.20785e-05 0)
(0.209663 -7.24834e-05 0)
(0.209655 -7.16724e-05 0)
(0.209647 -6.98505e-05 0)
(0.20964 -6.72087e-05 0)
(0.209633 -6.39235e-05 0)
(0.209627 -6.01562e-05 0)
(0.209621 -5.60533e-05 0)
(0.209616 -5.17451e-05 0)
(0.209612 -4.73465e-05 0)
(0.209608 -4.29563e-05 0)
(0.209605 -3.86573e-05 0)
(0.209602 -3.4517e-05 0)
(0.209599 -3.05882e-05 0)
(0.209598 -2.69099e-05 0)
(0.209596 -2.35083e-05 0)
(0.209595 -2.03984e-05 0)
(0.209594 -1.75855e-05 0)
(0.209593 -1.50667e-05 0)
(0.209592 -1.28325e-05 0)
(0.209592 -1.08684e-05 0)
(0.209592 -9.156e-06 0)
(0.209592 -7.67492e-06 0)
(0.209591 -6.40334e-06 0)
(0.209591 -5.31914e-06 0)
(0.209591 -4.40068e-06 0)
(0.209591 -3.62726e-06 0)
(0.209591 -2.9796e-06 0)
(0.209591 -2.44002e-06 0)
(0.209591 -1.9926e-06 0)
(0.209591 -1.62322e-06 0)
(0.209591 -1.31949e-06 0)
(0.209591 -1.0707e-06 0)
(0.209591 -8.67641e-07 0)
(0.209591 -7.02505e-07 0)
(0.209591 -5.68708e-07 0)
(0.209591 -4.60749e-07 0)
(0.209591 -3.7407e-07 0)
(0.209591 -3.04929e-07 0)
(0.209591 -2.50287e-07 0)
(0.209591 -2.07891e-07 0)
(0.202172 0.00187406 0)
(0.202385 0.00194774 0)
(0.202602 0.00201454 0)
(0.202829 0.00207344 0)
(0.203065 0.00212347 0)
(0.203309 0.00216388 0)
(0.20356 0.00219417 0)
(0.203815 0.00221409 0)
(0.204072 0.00222366 0)
(0.204331 0.00222311 0)
(0.204589 0.00221287 0)
(0.204846 0.00219354 0)
(0.205099 0.00216585 0)
(0.205349 0.0021306 0)
(0.205594 0.00208867 0)
(0.205833 0.00204091 0)
(0.206066 0.00198819 0)
(0.206293 0.00193133 0)
(0.206513 0.00187107 0)
(0.206725 0.0018081 0)
(0.20693 0.00174301 0)
(0.207128 0.00167633 0)
(0.207319 0.00160847 0)
(0.207502 0.00153982 0)
(0.207678 0.00147064 0)
(0.207847 0.00140117 0)
(0.208008 0.00133159 0)
(0.208163 0.00126204 0)
(0.208309 0.00119263 0)
(0.208449 0.00112344 0)
(0.208581 0.00105459 0)
(0.208705 0.000986149 0)
(0.208822 0.000918238 0)
(0.208931 0.000850986 0)
(0.209032 0.000784553 0)
(0.209126 0.000719129 0)
(0.209212 0.000654941 0)
(0.20929 0.000592242 0)
(0.20936 0.000531315 0)
(0.209423 0.000472457 0)
(0.209478 0.000415972 0)
(0.209526 0.000362156 0)
(0.209568 0.000311282 0)
(0.209603 0.000263588 0)
(0.209632 0.000219267 0)
(0.209655 0.000178455 0)
(0.209674 0.000141232 0)
(0.209688 0.000107618 0)
(0.209698 7.75786e-05 0)
(0.209704 5.10284e-05 0)
(0.209708 2.78395e-05 0)
(0.209709 7.84477e-06 0)
(0.209708 -9.13594e-06 0)
(0.209705 -2.33132e-05 0)
(0.209701 -3.49064e-05 0)
(0.209696 -4.41392e-05 0)
(0.20969 -5.12367e-05 0)
(0.209684 -5.64215e-05 0)
(0.209677 -5.99108e-05 0)
(0.209669 -6.19138e-05 0)
(0.209662 -6.26308e-05 0)
(0.209655 -6.22516e-05 0)
(0.209648 -6.0955e-05 0)
(0.209642 -5.89079e-05 0)
(0.209636 -5.6265e-05 0)
(0.20963 -5.31679e-05 0)
(0.209625 -4.97452e-05 0)
(0.20962 -4.61122e-05 0)
(0.209615 -4.23701e-05 0)
(0.209612 -3.86068e-05 0)
(0.209608 -3.48963e-05 0)
(0.209605 -3.12999e-05 0)
(0.209603 -2.78659e-05 0)
(0.209601 -2.46311e-05 0)
(0.209599 -2.16213e-05 0)
(0.209597 -1.88527e-05 0)
(0.209596 -1.63329e-05 0)
(0.209595 -1.40625e-05 0)
(0.209594 -1.20359e-05 0)
(0.209594 -1.02429e-05 0)
(0.209593 -8.66999e-06 0)
(0.209593 -7.30096e-06 0)
(0.209592 -6.11832e-06 0)
(0.209592 -5.10388e-06 0)
(0.209592 -4.23947e-06 0)
(0.209592 -3.50747e-06 0)
(0.209592 -2.89119e-06 0)
(0.209592 -2.37515e-06 0)
(0.209592 -1.94521e-06 0)
(0.209592 -1.58869e-06 0)
(0.209592 -1.29434e-06 0)
(0.209592 -1.05234e-06 0)
(0.209592 -8.5415e-07 0)
(0.209592 -6.92476e-07 0)
(0.209592 -5.61112e-07 0)
(0.209592 -4.54834e-07 0)
(0.209592 -3.69285e-07 0)
(0.209591 -3.00874e-07 0)
(0.209591 -2.46686e-07 0)
(0.209591 -2.04602e-07 0)
(0.202286 0.00150405 0)
(0.202488 0.00155991 0)
(0.202693 0.00161067 0)
(0.202905 0.00165563 0)
(0.203126 0.0016941 0)
(0.203355 0.00172551 0)
(0.203589 0.00174947 0)
(0.203827 0.00176577 0)
(0.204068 0.00177434 0)
(0.204312 0.00177529 0)
(0.204556 0.00176886 0)
(0.204799 0.00175542 0)
(0.20504 0.00173543 0)
(0.205279 0.00170943 0)
(0.205515 0.00167801 0)
(0.205746 0.0016418 0)
(0.205973 0.0016014 0)
(0.206194 0.00155741 0)
(0.206409 0.00151041 0)
(0.206618 0.00146093 0)
(0.206821 0.00140944 0)
(0.207018 0.00135637 0)
(0.207208 0.00130209 0)
(0.20739 0.00124691 0)
(0.207566 0.00119109 0)
(0.207736 0.00113487 0)
(0.207898 0.00107841 0)
(0.208053 0.00102187 0)
(0.208201 0.000965367 0)
(0.208341 0.000909022 0)
(0.208475 0.000852936 0)
(0.208601 0.000797208 0)
(0.208719 0.000741949 0)
(0.208831 0.00068728 0)
(0.208935 0.000633339 0)
(0.209031 0.000580281 0)
(0.20912 0.000528285 0)
(0.209201 0.000477547 0)
(0.209275 0.00042828 0)
(0.209341 0.000380704 0)
(0.209401 0.000335045 0)
(0.209454 0.000291521 0)
(0.2095 0.000250336 0)
(0.209539 0.000211667 0)
(0.209573 0.000175662 0)
(0.209602 0.000142429 0)
(0.209626 0.000112037 0)
(0.209645 8.45123e-05 0)
(0.209659 5.98396e-05 0)
(0.209671 3.79678e-05 0)
(0.209679 1.88134e-05 0)
(0.209684 2.26604e-06 0)
(0.209687 -1.18311e-05 0)
(0.209687 -2.36258e-05 0)
(0.209686 -3.32839e-05 0)
(0.209684 -4.09816e-05 0)
(0.209681 -4.68979e-05 0)
(0.209676 -5.1212e-05 0)
(0.209671 -5.41003e-05 0)
(0.209666 -5.57345e-05 0)
(0.20966 -5.62801e-05 0)
(0.209654 -5.58949e-05 0)
(0.209648 -5.47284e-05 0)
(0.209643 -5.29204e-05 0)
(0.209637 -5.06008e-05 0)
(0.209632 -4.7889e-05 0)
(0.209627 -4.48936e-05 0)
(0.209622 -4.17118e-05 0)
(0.209618 -3.84296e-05 0)
(0.209614 -3.51217e-05 0)
(0.209611 -3.18516e-05 0)
(0.209608 -2.86719e-05 0)
(0.209605 -2.56249e-05 0)
(0.209603 -2.27431e-05 0)
(0.209601 -2.005e-05 0)
(0.209599 -1.75609e-05 0)
(0.209598 -1.52842e-05 0)
(0.209596 -1.32219e-05 0)
(0.209595 -1.13709e-05 0)
(0.209595 -9.72398e-06 0)
(0.209594 -8.27067e-06 0)
(0.209593 -6.99827e-06 0)
(0.209593 -5.89252e-06 0)
(0.209593 -4.93836e-06 0)
(0.209592 -4.12049e-06 0)
(0.209592 -3.42386e-06 0)
(0.209592 -2.834e-06 0)
(0.209592 -2.33734e-06 0)
(0.209592 -1.92133e-06 0)
(0.209591 -1.57459e-06 0)
(0.209591 -1.28691e-06 0)
(0.209591 -1.04928e-06 0)
(0.209591 -8.53814e-07 0)
(0.209591 -6.93675e-07 0)
(0.209591 -5.63015e-07 0)
(0.209591 -4.56863e-07 0)
(0.209591 -3.71036e-07 0)
(0.209591 -3.0206e-07 0)
(0.209591 -2.47105e-07 0)
(0.209591 -2.04153e-07 0)
(0.202378 0.00111133 0)
(0.20257 0.00115064 0)
(0.202765 0.00118643 0)
(0.202966 0.00121824 0)
(0.203175 0.0012456 0)
(0.20339 0.00126812 0)
(0.203611 0.00128554 0)
(0.203836 0.00129766 0)
(0.204065 0.00130442 0)
(0.204295 0.00130585 0)
(0.204527 0.00130208 0)
(0.204759 0.0012933 0)
(0.20499 0.00127981 0)
(0.20522 0.00126193 0)
(0.205447 0.00124004 0)
(0.205671 0.00121454 0)
(0.205891 0.00118585 0)
(0.206107 0.00115436 0)
(0.206318 0.00112049 0)
(0.206524 0.00108461 0)
(0.206725 0.00104706 0)
(0.206919 0.00100816 0)
(0.207108 0.000968188 0)
(0.20729 0.000927399 0)
(0.207466 0.000886003 0)
(0.207635 0.000844184 0)
(0.207798 0.000802098 0)
(0.207954 0.000759878 0)
(0.208102 0.00071764 0)
(0.208244 0.000675486 0)
(0.208379 0.000633513 0)
(0.208507 0.000591811 0)
(0.208627 0.000550476 0)
(0.20874 0.000509607 0)
(0.208846 0.000469312 0)
(0.208945 0.000429711 0)
(0.209037 0.000390933 0)
(0.209121 0.000353121 0)
(0.209198 0.000316422 0)
(0.209268 0.000280993 0)
(0.209331 0.000246988 0)
(0.209388 0.00021456 0)
(0.209438 0.00018385 0)
(0.209482 0.000154983 0)
(0.209521 0.000128063 0)
(0.209554 0.000103171 0)
(0.209581 8.03568e-05 0)
(0.209605 5.96418e-05 0)
(0.209624 4.10215e-05 0)
(0.209639 2.44714e-05 0)
(0.209651 9.93745e-06 0)
(0.209659 -2.65334e-06 0)
(0.209665 -1.33784e-05 0)
(0.209669 -2.23582e-05 0)
(0.209671 -2.97148e-05 0)
(0.209671 -3.55734e-05 0)
(0.20967 -4.00638e-05 0)
(0.209667 -4.3318e-05 0)
(0.209664 -4.54681e-05 0)
(0.20966 -4.66434e-05 0)
(0.209655 -4.697e-05 0)
(0.20965 -4.65687e-05 0)
(0.209645 -4.55547e-05 0)
(0.20964 -4.40364e-05 0)
(0.209635 -4.21147e-05 0)
(0.20963 -3.98828e-05 0)
(0.209625 -3.74255e-05 0)
(0.209621 -3.48191e-05 0)
(0.209616 -3.21314e-05 0)
(0.209613 -2.94212e-05 0)
(0.209609 -2.67389e-05 0)
(0.209606 -2.41265e-05 0)
(0.209603 -2.16178e-05 0)
(0.2096 -1.92393e-05 0)
(0.209598 -1.70103e-05 0)
(0.209596 -1.4944e-05 0)
(0.209594 -1.30475e-05 0)
(0.209593 -1.13236e-05 0)
(0.209591 -9.77055e-06 0)
(0.20959 -8.38333e-06 0)
(0.209589 -7.15432e-06 0)
(0.209588 -6.07389e-06 0)
(0.209588 -5.13108e-06 0)
(0.209587 -4.31415e-06 0)
(0.209587 -3.61101e-06 0)
(0.209586 -3.00965e-06 0)
(0.209586 -2.49842e-06 0)
(0.209586 -2.06628e-06 0)
(0.209586 -1.70294e-06 0)
(0.209585 -1.39899e-06 0)
(0.209585 -1.14594e-06 0)
(0.209585 -9.36211e-07 0)
(0.209585 -7.6314e-07 0)
(0.209585 -6.20911e-07 0)
(0.209585 -5.04504e-07 0)
(0.209585 -4.09622e-07 0)
(0.209585 -3.32619e-07 0)
(0.209585 -2.70432e-07 0)
(0.209585 -2.20545e-07 0)
(0.209585 -1.81206e-07 0)
(0.202444 0.000680928 0)
(0.202629 0.000703667 0)
(0.202816 0.000724308 0)
(0.203009 0.000742613 0)
(0.203209 0.000758312 0)
(0.203415 0.000771173 0)
(0.203626 0.000781026 0)
(0.203841 0.000787762 0)
(0.204059 0.000791328 0)
(0.20428 0.000791729 0)
(0.204502 0.00078902 0)
(0.204725 0.000783307 0)
(0.204948 0.000774739 0)
(0.20517 0.000763496 0)
(0.20539 0.000749788 0)
(0.205608 0.000733843 0)
(0.205823 0.000715896 0)
(0.206034 0.000696188 0)
(0.206241 0.000674955 0)
(0.206443 0.000652424 0)
(0.20664 0.00062881 0)
(0.206832 0.000604308 0)
(0.207019 0.0005791 0)
(0.207199 0.000553345 0)
(0.207374 0.000527185 0)
(0.207542 0.000500745 0)
(0.207703 0.000474133 0)
(0.207858 0.000447443 0)
(0.208007 0.000420759 0)
(0.208148 0.000394156 0)
(0.208282 0.000367703 0)
(0.20841 0.000341467 0)
(0.20853 0.000315513 0)
(0.208643 0.000289909 0)
(0.208749 0.000264728 0)
(0.208848 0.000240046 0)
(0.20894 0.000215943 0)
(0.209025 0.000192508 0)
(0.209103 0.000169828 0)
(0.209173 0.000147998 0)
(0.209238 0.00012711 0)
(0.209295 0.000107252 0)
(0.209347 8.85075e-05 0)
(0.209392 7.0951e-05 0)
(0.209431 5.46447e-05 0)
(0.209466 3.96374e-05 0)
(0.209495 2.59629e-05 0)
(0.209519 1.36389e-05 0)
(0.209539 2.66289e-06 0)
(0.209555 -6.9892e-06 0)
(0.209567 -1.53541e-05 0)
(0.209576 -2.2482e-05 0)
(0.209583 -2.84373e-05 0)
(0.209586 -3.32811e-05 0)
(0.209588 -3.70872e-05 0)
(0.209588 -3.99364e-05 0)
(0.209586 -4.1913e-05 0)
(0.209583 -4.31028e-05 0)
(0.209579 -4.35922e-05 0)
(0.209574 -4.34665e-05 0)
(0.209569 -4.2809e-05 0)
(0.209563 -4.17002e-05 0)
(0.209557 -4.02169e-05 0)
(0.209551 -3.84318e-05 0)
(0.209545 -3.64125e-05 0)
(0.209539 -3.42216e-05 0)
(0.209533 -3.19161e-05 0)
(0.209528 -2.95473e-05 0)
(0.209523 -2.71605e-05 0)
(0.209518 -2.4795e-05 0)
(0.209513 -2.24845e-05 0)
(0.209509 -2.02566e-05 0)
(0.209505 -1.81334e-05 0)
(0.209502 -1.61319e-05 0)
(0.209499 -1.42641e-05 0)
(0.209496 -1.25377e-05 0)
(0.209494 -1.09564e-05 0)
(0.209492 -9.52044e-06 0)
(0.20949 -8.22717e-06 0)
(0.209488 -7.07164e-06 0)
(0.209487 -6.04698e-06 0)
(0.209486 -5.145e-06 0)
(0.209485 -4.35653e-06 0)
(0.209484 -3.67191e-06 0)
(0.209484 -3.08125e-06 0)
(0.209483 -2.57476e-06 0)
(0.209483 -2.14298e-06 0)
(0.209482 -1.77692e-06 0)
(0.209482 -1.46821e-06 0)
(0.209482 -1.20914e-06 0)
(0.209481 -9.92767e-07 0)
(0.209481 -8.12855e-07 0)
(0.209481 -6.63894e-07 0)
(0.209481 -5.41058e-07 0)
(0.209481 -4.40154e-07 0)
(0.209481 -3.5756e-07 0)
(0.209481 -2.90158e-07 0)
(0.209481 -2.35242e-07 0)
(0.209481 -1.90394e-07 0)
(0.209481 -1.53558e-07 0)
(0.202383 0.000225905 0)
(0.202556 0.000232884 0)
(0.20273 0.000239151 0)
(0.202909 0.000244639 0)
(0.203093 0.000249256 0)
(0.203283 0.000252921 0)
(0.203477 0.000255577 0)
(0.203674 0.000257187 0)
(0.203873 0.000257732 0)
(0.204075 0.000257213 0)
(0.204277 0.000255645 0)
(0.20448 0.000253061 0)
(0.204682 0.00024951 0)
(0.204883 0.00024505 0)
(0.205082 0.000239749 0)
(0.205278 0.000233683 0)
(0.205471 0.000226933 0)
(0.20566 0.000219577 0)
(0.205844 0.000211699 0)
(0.206024 0.000203376 0)
(0.206198 0.000194683 0)
(0.206367 0.000185689 0)
(0.206529 0.000176461 0)
(0.206686 0.000167055 0)
(0.206836 0.000157524 0)
(0.206979 0.000147916 0)
(0.207116 0.000138272 0)
(0.207245 0.000128628 0)
(0.207368 0.000119018 0)
(0.207483 0.000109472 0)
(0.207591 0.000100018 0)
(0.207692 9.06818e-05 0)
(0.207786 8.14907e-05 0)
(0.207872 7.24711e-05 0)
(0.207952 6.36503e-05 0)
(0.208024 5.50569e-05 0)
(0.208089 4.67208e-05 0)
(0.208146 3.8673e-05 0)
(0.208198 3.09454e-05 0)
(0.208242 2.35702e-05 0)
(0.20828 1.65789e-05 0)
(0.208311 1.00018e-05 0)
(0.208337 3.86681e-06 0)
(0.208357 -1.80151e-06 0)
(0.208372 -6.98246e-06 0)
(0.208381 -1.16596e-05 0)
(0.208386 -1.582e-05 0)
(0.208387 -1.94532e-05 0)
(0.208384 -2.25621e-05 0)
(0.208378 -2.51688e-05 0)
(0.208369 -2.72933e-05 0)
(0.208357 -2.89553e-05 0)
(0.208343 -3.01799e-05 0)
(0.208327 -3.09937e-05 0)
(0.20831 -3.14274e-05 0)
(0.208292 -3.15139e-05 0)
(0.208273 -3.12873e-05 0)
(0.208253 -3.07819e-05 0)
(0.208233 -3.00326e-05 0)
(0.208214 -2.90735e-05 0)
(0.208194 -2.79384e-05 0)
(0.208175 -2.66599e-05 0)
(0.208157 -2.52689e-05 0)
(0.208139 -2.3795e-05 0)
(0.208123 -2.22657e-05 0)
(0.208107 -2.07062e-05 0)
(0.208092 -1.91396e-05 0)
(0.208078 -1.75864e-05 0)
(0.208065 -1.60648e-05 0)
(0.208053 -1.45901e-05 0)
(0.208042 -1.31753e-05 0)
(0.208032 -1.18308e-05 0)
(0.208023 -1.05646e-05 0)
(0.208015 -9.38222e-06 0)
(0.208008 -8.28723e-06 0)
(0.208002 -7.28118e-06 0)
(0.207996 -6.36392e-06 0)
(0.207991 -5.53379e-06 0)
(0.207987 -4.7879e-06 0)
(0.207983 -4.12235e-06 0)
(0.20798 -3.53247e-06 0)
(0.207977 -3.01305e-06 0)
(0.207975 -2.55854e-06 0)
(0.207973 -2.16325e-06 0)
(0.207971 -1.82144e-06 0)
(0.20797 -1.52754e-06 0)
(0.207968 -1.27618e-06 0)
(0.207967 -1.0623e-06 0)
(0.207967 -8.81212e-07 0)
(0.207966 -7.28595e-07 0)
(0.207965 -6.00546e-07 0)
(0.207965 -4.93566e-07 0)
(0.207964 -4.04549e-07 0)
(0.207964 -3.30761e-07 0)
(0.207964 -2.69818e-07 0)
(0.207964 -2.19644e-07 0)
(0.207963 -1.78431e-07 0)
(0.207963 -1.44575e-07 0)
(0.207963 -1.16554e-07 0)
(0.207963 -9.28698e-08 0)
(0.199998 1.42342e-06 0)
(0.19999 3.41885e-06 0)
(0.199977 6.03465e-06 0)
(0.199958 9.35293e-06 0)
(0.199934 1.34876e-05 0)
(0.199904 1.85841e-05 0)
(0.199866 2.48249e-05 0)
(0.199819 3.24351e-05 0)
(0.199763 4.16916e-05 0)
(0.199694 5.29358e-05 0)
(0.199612 6.65931e-05 0)
(0.199513 8.31996e-05 0)
(0.199394 0.000103443 0)
(0.19925 0.000128222 0)
(0.199077 0.000158743 0)
(0.198868 0.00019667 0)
(0.198612 0.000244385 0)
(0.198296 0.000305451 0)
(0.1979 0.000385508 0)
(0.197395 0.000494157 0)
(0.196727 0.000649444 0)
(0.195803 0.000890212 0)
(0.194407 0.0013182 0)
(0.192 0.00229925 0)
(0.191488 0.00523231 0)
(0.199998 2.95734e-06 0)
(0.19999 6.47767e-06 0)
(0.199977 1.07322e-05 0)
(0.199959 1.58905e-05 0)
(0.199935 2.21538e-05 0)
(0.199905 2.9764e-05 0)
(0.199867 3.90138e-05 0)
(0.199821 5.02571e-05 0)
(0.199765 6.39255e-05 0)
(0.199698 8.05519e-05 0)
(0.199616 0.000100803 0)
(0.199519 0.000125528 0)
(0.199401 0.000155826 0)
(0.19926 0.000193159 0)
(0.19909 0.000239513 0)
(0.198884 0.000297677 0)
(0.198634 0.000371711 0)
(0.198326 0.000467798 0)
(0.197944 0.000595882 0)
(0.197459 0.000773121 0)
(0.196831 0.00103191 0)
(0.195992 0.00144092 0)
(0.19484 0.00216894 0)
(0.193291 0.00372793 0)
(0.193046 0.00771187 0)
(0.199998 4.17554e-06 0)
(0.199991 8.81232e-06 0)
(0.199978 1.42439e-05 0)
(0.19996 2.07245e-05 0)
(0.199936 2.85215e-05 0)
(0.199906 3.79474e-05 0)
(0.199869 4.93726e-05 0)
(0.199824 6.32406e-05 0)
(0.199769 8.009e-05 0)
(0.199703 0.000100586 0)
(0.199623 0.000125561 0)
(0.199527 0.000156081 0)
(0.199412 0.00019353 0)
(0.199274 0.000239751 0)
(0.199108 0.000297265 0)
(0.198908 0.000369616 0)
(0.198666 0.000461974 0)
(0.198371 0.000582201 0)
(0.198007 0.000742864 0)
(0.197553 0.000965306 0)
(0.196979 0.00128847 0)
(0.19625 0.00178939 0)
(0.195344 0.00263192 0)
(0.194369 0.00417463 0)
(0.194315 0.00711258 0)
(0.199998 5.39297e-06 0)
(0.199991 1.12057e-05 0)
(0.199978 1.7895e-05 0)
(0.199961 2.57968e-05 0)
(0.199938 3.52441e-05 0)
(0.199908 4.66218e-05 0)
(0.199872 6.03829e-05 0)
(0.199828 7.70669e-05 0)
(0.199774 9.73273e-05 0)
(0.199709 0.00012197 0)
(0.199631 0.000152005 0)
(0.199538 0.000188721 0)
(0.199426 0.000233796 0)
(0.199292 0.00028946 0)
(0.199132 0.000358754 0)
(0.19894 0.000445942 0)
(0.198708 0.000557202 0)
(0.198428 0.000701818 0)
(0.198088 0.000894358 0)
(0.197672 0.00115879 0)
(0.197163 0.00153655 0)
(0.196552 0.00210238 0)
(0.195865 0.00299182 0)
(0.19526 0.00442525 0)
(0.195345 0.00662588 0)
(0.199998 6.62392e-06 0)
(0.199991 1.36511e-05 0)
(0.199979 2.16316e-05 0)
(0.199962 3.09847e-05 0)
(0.199939 4.21117e-05 0)
(0.199911 5.54703e-05 0)
(0.199876 7.15962e-05 0)
(0.199832 9.1124e-05 0)
(0.19978 0.00011482 0)
(0.199717 0.000143626 0)
(0.199641 0.000178721 0)
(0.199551 0.000221606 0)
(0.199443 0.000274229 0)
(0.199315 0.000339169 0)
(0.199161 0.000419927 0)
(0.198978 0.000521372 0)
(0.19876 0.000650476 0)
(0.198499 0.000817536 0)
(0.198186 0.00103828 0)
(0.197814 0.00133756 0)
(0.197375 0.00175563 0)
(0.19688 0.00235813 0)
(0.19638 0.00324624 0)
(0.196029 0.00454385 0)
(0.196214 0.00628622 0)
(0.199998 7.85705e-06 0)
(0.199991 1.61114e-05 0)
(0.19998 2.53923e-05 0)
(0.199963 3.62041e-05 0)
(0.199941 4.90181e-05 0)
(0.199914 6.43641e-05 0)
(0.199879 8.28588e-05 0)
(0.199838 0.000105229 0)
(0.199787 0.000132351 0)
(0.199726 0.000165295 0)
(0.199654 0.000205399 0)
(0.199567 0.000254359 0)
(0.199464 0.000314363 0)
(0.199341 0.000388297 0)
(0.199196 0.000480039 0)
(0.199024 0.000594923 0)
(0.198821 0.000740463 0)
(0.198581 0.00092751 0)
(0.1983 0.00117209 0)
(0.197974 0.00149833 0)
(0.197607 0.0019426 0)
(0.197221 0.00255812 0)
(0.196874 0.00341405 0)
(0.196702 0.0045701 0)
(0.196952 0.00598729 0)
(0.199998 9.08652e-06 0)
(0.199992 1.8573e-05 0)
(0.19998 2.91599e-05 0)
(0.199964 4.14346e-05 0)
(0.199943 5.59386e-05 0)
(0.199917 7.32718e-05 0)
(0.199884 9.41292e-05 0)
(0.199844 0.000119327 0)
(0.199795 0.000149844 0)
(0.199737 0.000186873 0)
(0.199668 0.000231894 0)
(0.199585 0.000286777 0)
(0.199488 0.000353919 0)
(0.199372 0.00043645 0)
(0.199236 0.000538534 0)
(0.199077 0.000665811 0)
(0.198891 0.000826071 0)
(0.198675 0.00103025 0)
(0.198427 0.0012939 0)
(0.19815 0.00163917 0)
(0.197853 0.00209696 0)
(0.197564 0.00270747 0)
(0.197342 0.00351373 0)
(0.197294 0.00453579 0)
(0.197584 0.00571084 0)
(0.199998 1.03059e-05 0)
(0.199992 2.10208e-05 0)
(0.199981 3.29105e-05 0)
(0.199966 4.66416e-05 0)
(0.199946 6.28247e-05 0)
(0.199921 8.21277e-05 0)
(0.199889 0.00010532 0)
(0.199851 0.000133303 0)
(0.199805 0.000167149 0)
(0.19975 0.000208163 0)
(0.199684 0.00025795 0)
(0.199606 0.000318527 0)
(0.199515 0.000392457 0)
(0.199407 0.00048305 0)
(0.199282 0.000594651 0)
(0.199137 0.000733038 0)
(0.198969 0.000906005 0)
(0.198778 0.00112415 0)
(0.198566 0.0014019 0)
(0.198337 0.00175861 0)
(0.198106 0.00221904 0)
(0.197902 0.00281151 0)
(0.19778 0.00355941 0)
(0.197821 0.00446012 0)
(0.198134 0.00544891 0)
(0.199998 1.1507e-05 0)
(0.199993 2.34364e-05 0)
(0.199982 3.66146e-05 0)
(0.199968 5.17832e-05 0)
(0.199949 6.96196e-05 0)
(0.199925 9.08565e-05 0)
(0.199895 0.000116334 0)
(0.199859 0.00014703 0)
(0.199816 0.000184104 0)
(0.199764 0.000228956 0)
(0.199703 0.000283298 0)
(0.19963 0.000349262 0)
(0.199546 0.000429529 0)
(0.199447 0.000527518 0)
(0.199333 0.000647643 0)
(0.199203 0.000795656 0)
(0.199055 0.000979101 0)
(0.198891 0.00120788 0)
(0.198714 0.00149482 0)
(0.198532 0.00185604 0)
(0.198361 0.00231028 0)
(0.198231 0.0028758 0)
(0.198187 0.00356224 0)
(0.198291 0.00435525 0)
(0.198615 0.00519638 0)
(0.199998 1.26804e-05 0)
(0.199993 2.57989e-05 0)
(0.199983 4.02391e-05 0)
(0.19997 5.68124e-05 0)
(0.199952 7.62596e-05 0)
(0.199929 9.93745e-05 0)
(0.199902 0.000127061 0)
(0.199868 0.000160368 0)
(0.199828 0.000200529 0)
(0.19978 0.000249022 0)
(0.199723 0.000307645 0)
(0.199657 0.000378607 0)
(0.19958 0.000464657 0)
(0.199491 0.00056925 0)
(0.19939 0.000696759 0)
(0.199275 0.000852749 0)
(0.199149 0.0010443 0)
(0.199012 0.00128033 0)
(0.198869 0.0015718 0)
(0.198731 0.00193149 0)
(0.198615 0.00237264 0)
(0.198547 0.0029056 0)
(0.198565 0.00353094 0)
(0.198713 0.00422917 0)
(0.199041 0.00495056 0)
(0.199999 1.3815e-05 0)
(0.199994 2.80848e-05 0)
(0.199985 4.37466e-05 0)
(0.199972 6.16761e-05 0)
(0.199955 8.26732e-05 0)
(0.199935 0.000107588 0)
(0.199909 0.000137381 0)
(0.199878 0.000173162 0)
(0.199841 0.000216225 0)
(0.199798 0.000268111 0)
(0.199746 0.000330673 0)
(0.199687 0.000406163 0)
(0.199618 0.000497346 0)
(0.19954 0.000607635 0)
(0.199451 0.00074126 0)
(0.199354 0.000903462 0)
(0.199248 0.00110068 0)
(0.199138 0.00134066 0)
(0.199029 0.00163239 0)
(0.198933 0.00198544 0)
(0.198865 0.0024084 0)
(0.198848 0.00290567 0)
(0.198914 0.00347227 0)
(0.199093 0.0040874 0)
(0.19942 0.00470999 0)
(0.199999 1.4898e-05 0)
(0.199994 3.02676e-05 0)
(0.199986 4.70953e-05 0)
(0.199974 6.63152e-05 0)
(0.199959 8.87809e-05 0)
(0.19994 0.000115392 0)
(0.199917 0.00014716 0)
(0.199889 0.000185241 0)
(0.199856 0.000230978 0)
(0.199817 0.000285953 0)
(0.199771 0.000352047 0)
(0.199719 0.000431517 0)
(0.199659 0.00052709 0)
(0.199592 0.000642068 0)
(0.199517 0.000780444 0)
(0.199437 0.00094702 0)
(0.199352 0.00114747 0)
(0.199269 0.00138829 0)
(0.199192 0.00167649 0)
(0.199133 0.00201877 0)
(0.199107 0.00241994 0)
(0.199133 0.0028802 0)
(0.199236 0.0033915 0)
(0.199436 0.00393382 0)
(0.199759 0.00447375 0)
(0.199999 1.59153e-05 0)
(0.199995 3.23181e-05 0)
(0.199987 5.02391e-05 0)
(0.199977 7.06646e-05 0)
(0.199964 9.44953e-05 0)
(0.199947 0.000122674 0)
(0.199926 0.000156251 0)
(0.199902 0.000196421 0)
(0.199872 0.000244558 0)
(0.199838 0.000302263 0)
(0.199799 0.000371417 0)
(0.199754 0.000454244 0)
(0.199703 0.000553383 0)
(0.199647 0.000671959 0)
(0.199587 0.000813655 0)
(0.199524 0.000982746 0)
(0.199461 0.00118407 0)
(0.199402 0.00142285 0)
(0.199356 0.00170426 0)
(0.199331 0.00203255 0)
(0.199341 0.00240959 0)
(0.199402 0.00283282 0)
(0.199532 0.00329277 0)
(0.199747 0.00377121 0)
(0.200063 0.00424125 0)
(0.199999 1.68512e-05 0)
(0.199995 3.42039e-05 0)
(0.199989 5.31276e-05 0)
(0.19998 7.46533e-05 0)
(0.199968 9.97215e-05 0)
(0.199954 0.000129309 0)
(0.199936 0.000164498 0)
(0.199915 0.000206506 0)
(0.19989 0.000256722 0)
(0.199861 0.000316743 0)
(0.199828 0.000388423 0)
(0.199791 0.000473915 0)
(0.19975 0.000575726 0)
(0.199706 0.000696752 0)
(0.19966 0.000840301 0)
(0.199614 0.00101007 0)
(0.199572 0.00121004 0)
(0.199537 0.00144422 0)
(0.199518 0.00171612 0)
(0.199524 0.002028 0)
(0.199565 0.0023796 0)
(0.199654 0.00276663 0)
(0.199806 0.00317932 0)
(0.200029 0.00360163 0)
(0.200337 0.00401201 0)
(0.199999 1.76888e-05 0)
(0.199996 3.58901e-05 0)
(0.199991 5.57061e-05 0)
(0.199983 7.82044e-05 0)
(0.199973 0.000104357 0)
(0.199961 0.000135168 0)
(0.199946 0.000171736 0)
(0.199929 0.00021529 0)
(0.199908 0.000267216 0)
(0.199885 0.000329087 0)
(0.199859 0.000402701 0)
(0.19983 0.000490109 0)
(0.199799 0.000593644 0)
(0.199767 0.000715929 0)
(0.199735 0.000859862 0)
(0.199707 0.00102854 0)
(0.199684 0.0012251 0)
(0.199673 0.00145242 0)
(0.199679 0.00171264 0)
(0.19971 0.00200642 0)
(0.199777 0.00233202 0)
(0.199889 0.00268426 0)
(0.200056 0.00305371 0)
(0.200285 0.00342657 0)
(0.200584 0.00378563 0)
(0.199999 1.84095e-05 0)
(0.199997 3.73392e-05 0)
(0.199992 5.79162e-05 0)
(0.199986 8.12363e-05 0)
(0.199978 0.000108295 0)
(0.199969 0.00014011 0)
(0.199957 0.000177789 0)
(0.199944 0.000222558 0)
(0.199928 0.000275781 0)
(0.199911 0.000338987 0)
(0.199892 0.000413891 0)
(0.199871 0.000502415 0)
(0.199851 0.000606686 0)
(0.199831 0.000729026 0)
(0.199813 0.000871901 0)
(0.199801 0.00103781 0)
(0.199797 0.00122911 0)
(0.199806 0.00144767 0)
(0.199835 0.00169451 0)
(0.19989 0.00196909 0)
(0.199978 0.00226874 0)
(0.200108 0.00258794 0)
(0.200287 0.00291796 0)
(0.200518 0.00324714 0)
(0.200808 0.00356175 0)
(0.199999 1.89939e-05 0)
(0.199998 3.85114e-05 0)
(0.199994 5.96963e-05 0)
(0.19999 8.36633e-05 0)
(0.199984 0.00011142 0)
(0.199977 0.000143991 0)
(0.199969 0.000182479 0)
(0.199959 0.000228091 0)
(0.199949 0.000282154 0)
(0.199937 0.000346133 0)
(0.199926 0.000421641 0)
(0.199914 0.000510442 0)
(0.199903 0.000614438 0)
(0.199895 0.000735634 0)
(0.199892 0.00087606 0)
(0.199895 0.00103765 0)
(0.199909 0.00122204 0)
(0.199938 0.00143028 0)
(0.199986 0.00166246 0)
(0.200061 0.00191725 0)
(0.200167 0.00219142 0)
(0.200311 0.00247949 0)
(0.200498 0.00277364 0)
(0.200729 0.00306412 0)
(0.201009 0.00333997 0)
(0.2 1.94218e-05 0)
(0.199998 3.93652e-05 0)
(0.199996 6.0982e-05 0)
(0.199994 8.53959e-05 0)
(0.19999 0.000113618 0)
(0.199986 0.000146665 0)
(0.199981 0.000185625 0)
(0.199976 0.000231672 0)
(0.19997 0.000286081 0)
(0.199965 0.000350234 0)
(0.199961 0.000425624 0)
(0.199958 0.000513842 0)
(0.199957 0.000616551 0)
(0.199961 0.000735433 0)
(0.199971 0.000872101 0)
(0.199989 0.00102797 0)
(0.200019 0.00120404 0)
(0.200065 0.0014007 0)
(0.200132 0.00161736 0)
(0.200223 0.00185214 0)
(0.200344 0.0021016 0)
(0.200499 0.00236054 0)
(0.200691 0.00262209 0)
(0.20092 0.00287815 0)
(0.201192 0.00312002 0)
(0.2 1.96728e-05 0)
(0.199999 3.98586e-05 0)
(0.199998 6.17073e-05 0)
(0.199997 8.63408e-05 0)
(0.199996 0.000114762 0)
(0.199995 0.000147973 0)
(0.199994 0.00018703 0)
(0.199993 0.000233064 0)
(0.199993 0.000287283 0)
(0.199994 0.000350972 0)
(0.199997 0.000425488 0)
(0.200002 0.000512239 0)
(0.200012 0.000612644 0)
(0.200027 0.000728072 0)
(0.200049 0.000859746 0)
(0.200082 0.00100861 0)
(0.200127 0.00117517 0)
(0.200189 0.00135926 0)
(0.20027 0.00155981 0)
(0.200375 0.00177467 0)
(0.200508 0.00200037 0)
(0.200671 0.00223213 0)
(0.200866 0.00246403 0)
(0.201094 0.00268941 0)
(0.201356 0.00290133 0)
(0.2 1.9726e-05 0)
(0.2 3.99558e-05 0)
(0.200001 6.18234e-05 0)
(0.200001 8.64356e-05 0)
(0.200002 0.000114777 0)
(0.200004 0.000147822 0)
(0.200007 0.000186587 0)
(0.20001 0.000232147 0)
(0.200015 0.000285629 0)
(0.200023 0.000348213 0)
(0.200033 0.000421111 0)
(0.200047 0.000505544 0)
(0.200066 0.00060269 0)
(0.200092 0.000713624 0)
(0.200127 0.000839217 0)
(0.200172 0.000980017 0)
(0.200231 0.0011361 0)
(0.200306 0.00130692 0)
(0.200401 0.0014911 0)
(0.200518 0.00168634 0)
(0.20066 0.00188932 0)
(0.20083 0.00209577 0)
(0.201026 0.00230063 0)
(0.201251 0.00249845 0)
(0.201505 0.00268376 0)
(0.2 1.94842e-05 0)
(0.200001 3.9466e-05 0)
(0.200003 6.10399e-05 0)
(0.200006 8.52752e-05 0)
(0.20001 0.000113119 0)
(0.200015 0.000145497 0)
(0.200022 0.000183367 0)
(0.200031 0.00022772 0)
(0.200043 0.000279578 0)
(0.200057 0.000339983 0)
(0.200076 0.00040997 0)
(0.2001 0.000490541 0)
(0.20013 0.000582607 0)
(0.200169 0.000686925 0)
(0.200217 0.00080401 0)
(0.200276 0.000934032 0)
(0.200349 0.0010767 0)
(0.200439 0.00123114 0)
(0.200547 0.0013958 0)
(0.200676 0.00156839 0)
(0.200827 0.00174588 0)
(0.201002 0.00192458 0)
(0.2012 0.00210038 0)
(0.20142 0.002269 0)
(0.201664 0.00242626 0)
(0.200001 1.87646e-05 0)
(0.200003 3.79996e-05 0)
(0.200006 5.87341e-05 0)
(0.200012 8.19715e-05 0)
(0.200019 0.000108594 0)
(0.200029 0.000139454 0)
(0.200041 0.000175416 0)
(0.200056 0.00021736 0)
(0.200075 0.000266169 0)
(0.200098 0.000322712 0)
(0.200126 0.000387819 0)
(0.200161 0.000462242 0)
(0.200204 0.000546611 0)
(0.200255 0.000641366 0)
(0.200317 0.000746689 0)
(0.200391 0.000862428 0)
(0.200479 0.000988014 0)
(0.200582 0.0011224 0)
(0.200703 0.00126399 0)
(0.200842 0.0014107 0)
(0.201001 0.00155993 0)
(0.201178 0.00170871 0)
(0.201375 0.00185387 0)
(0.20159 0.00199225 0)
(0.201824 0.00212085 0)
(0.200001 1.74075e-05 0)
(0.200004 3.52378e-05 0)
(0.20001 5.44245e-05 0)
(0.200018 7.5875e-05 0)
(0.200029 0.000100379 0)
(0.200043 0.00012869 0)
(0.20006 0.000161556 0)
(0.200081 0.000199725 0)
(0.200107 0.000243923 0)
(0.200139 0.000294839 0)
(0.200177 0.000353097 0)
(0.200223 0.000419221 0)
(0.200277 0.000493593 0)
(0.20034 0.0005764 0)
(0.200415 0.000667585 0)
(0.200502 0.000766791 0)
(0.200603 0.000873317 0)
(0.200718 0.000986088 0)
(0.200849 0.00110365 0)
(0.200996 0.0012242 0)
(0.201159 0.00134564 0)
(0.201339 0.00146568 0)
(0.201534 0.00158196 0)
(0.201742 0.00169222 0)
(0.201967 0.00179436 0)
(0.200001 1.5254e-05 0)
(0.200005 3.08679e-05 0)
(0.200013 4.7641e-05 0)
(0.200024 6.63467e-05 0)
(0.200038 8.76519e-05 0)
(0.200056 0.000112183 0)
(0.200079 0.000140552 0)
(0.200106 0.000173353 0)
(0.20014 0.000211149 0)
(0.200179 0.000254449 0)
(0.200226 0.000303686 0)
(0.200282 0.000359188 0)
(0.200346 0.000421143 0)
(0.200421 0.000489561 0)
(0.200507 0.000564244 0)
(0.200605 0.000644749 0)
(0.200716 0.000730374 0)
(0.200841 0.00082015 0)
(0.20098 0.000912855 0)
(0.201133 0.00100705 0)
(0.201299 0.00110114 0)
(0.201479 0.00119345 0)
(0.201672 0.00128233 0)
(0.201875 0.0013662 0)
(0.202091 0.00144367 0)
(0.200002 1.21535e-05 0)
(0.200007 2.45874e-05 0)
(0.200016 3.79225e-05 0)
(0.200029 5.27588e-05 0)
(0.200047 6.96093e-05 0)
(0.200069 8.89492e-05 0)
(0.200096 0.000111235 0)
(0.200129 0.0001369 0)
(0.200169 0.000166339 0)
(0.200216 0.000199895 0)
(0.20027 0.00023784 0)
(0.200334 0.00028035 0)
(0.200408 0.000327486 0)
(0.200492 0.000379168 0)
(0.200587 0.000435154 0)
(0.200694 0.000495031 0)
(0.200813 0.000558204 0)
(0.200945 0.000623909 0)
(0.20109 0.000691227 0)
(0.201246 0.00075912 0)
(0.201415 0.000826479 0)
(0.201594 0.000892174 0)
(0.201784 0.000955112 0)
(0.201982 0.0010143 0)
(0.202191 0.00106884 0)
(0.200002 7.99483e-06 0)
(0.200008 1.61639e-05 0)
(0.200019 2.49009e-05 0)
(0.200034 3.45885e-05 0)
(0.200054 4.55529e-05 0)
(0.200079 5.80927e-05 0)
(0.20011 7.24899e-05 0)
(0.200148 8.90055e-05 0)
(0.200192 0.000107871 0)
(0.200245 0.000129278 0)
(0.200306 0.000153365 0)
(0.200376 0.000180207 0)
(0.200456 0.000209799 0)
(0.200547 0.000242046 0)
(0.200649 0.000276756 0)
(0.200762 0.00031363 0)
(0.200887 0.00035227 0)
(0.201024 0.000392185 0)
(0.201172 0.000432804 0)
(0.201331 0.000473504 0)
(0.2015 0.000513634 0)
(0.201679 0.000552548 0)
(0.201866 0.000589638 0)
(0.20206 0.000624358 0)
(0.202263 0.000656231 0)
(0.200002 2.82034e-06 0)
(0.200008 5.69682e-06 0)
(0.20002 8.76264e-06 0)
(0.200036 1.2149e-05 0)
(0.200057 1.59675e-05 0)
(0.200084 2.03197e-05 0)
(0.200116 2.53001e-05 0)
(0.200155 3.09948e-05 0)
(0.200201 3.74782e-05 0)
(0.200255 4.48096e-05 0)
(0.200317 5.30291e-05 0)
(0.200389 6.21529e-05 0)
(0.20047 7.217e-05 0)
(0.200561 8.30379e-05 0)
(0.200663 9.46808e-05 0)
(0.200775 0.000106989 0)
(0.200899 0.00011982 0)
(0.201032 0.000133004 0)
(0.201176 0.000146346 0)
(0.20133 0.000159637 0)
(0.201492 0.000172665 0)
(0.201663 0.00018522 0)
(0.20184 0.000197108 0)
(0.202023 0.000208157 0)
(0.202214 0.000218218 0)
)
;

boundaryField
{
    top
    {
        type            fixedValue;
        value           uniform (0.2 0 0);
    }
    inlet
    {
        type            fixedValue;
        value           uniform (0.2 0 0);
    }
    outlet
    {
        type            zeroGradient;
    }
    plate
    {
        type            fixedValue;
        value           uniform (0 0 0);
    }
    symmBound
    {
        type            zeroGradient;
    }
    frontAndBack
    {
        type            empty;
    }
}


// ************************************************************************* //
