/*--------------------------------*- C++ -*----------------------------------*\
| =========                 |                                                 |
| \\      /  F ield         | OpenFOAM: The Open Source CFD Toolbox           |
|  \\    /   O peration     | Version:  2.3.0                                 |
|   \\  /    A nd           | Web:      www.OpenFOAM.org                      |
|    \\/     M anipulation  |                                                 |
\*---------------------------------------------------------------------------*/
FoamFile
{
    version     2.0;
    format      ascii;
    class       surfaceScalarField;
    location    "0.6";
    object      phi;
}
// * * * * * * * * * * * * * * * * * * * * * * * * * * * * * * * * * * * * * //

dimensions      [0 3 -1 0 0 0 0];

internalField   nonuniform List<scalar> 
6598
(
2.81559e-08
2.89784e-09
-3.10537e-08
2.52794e-08
2.87648e-09
2.25814e-08
2.698e-09
2.00956e-08
2.48579e-09
1.78385e-08
2.25715e-09
1.58207e-08
2.01776e-09
1.40448e-08
1.77595e-09
1.25051e-08
1.53967e-09
1.11895e-08
1.31563e-09
1.00801e-08
1.10932e-09
9.1554e-09
9.2474e-10
8.39119e-09
7.6421e-10
7.76288e-09
6.28313e-10
7.24676e-09
5.1612e-10
6.82121e-09
4.25549e-10
6.46741e-09
3.53803e-10
6.16962e-09
2.97787e-10
5.91517e-09
2.54447e-10
5.69417e-09
2.21009e-10
5.49907e-09
1.95101e-10
5.32426e-09
1.74802e-10
5.16565e-09
1.58616e-10
5.02022e-09
1.45423e-10
4.88581e-09
1.34411e-10
4.76081e-09
1.25001e-10
4.64402e-09
1.16796e-10
4.5345e-09
1.09521e-10
4.43151e-09
1.02988e-10
4.33444e-09
9.7068e-11
4.24277e-09
9.16689e-11
4.15605e-09
8.6723e-11
4.07387e-09
8.21779e-11
3.99588e-09
7.79912e-11
3.92175e-09
7.41268e-11
3.8512e-09
7.05534e-11
3.78395e-09
6.72432e-11
3.71978e-09
6.41713e-11
3.65847e-09
6.13154e-11
3.59981e-09
5.86554e-11
3.54364e-09
5.61734e-11
3.48979e-09
5.3853e-11
3.43811e-09
5.168e-11
3.38846e-09
4.96413e-11
3.34074e-09
4.77255e-11
3.29482e-09
4.59222e-11
3.2506e-09
4.42221e-11
3.20798e-09
4.26171e-11
3.16688e-09
4.10995e-11
3.12722e-09
3.96627e-11
3.08892e-09
3.83005e-11
3.05191e-09
3.70075e-11
3.01613e-09
3.57785e-11
2.98152e-09
3.46091e-11
2.94803e-09
3.34949e-11
2.91559e-09
3.24322e-11
2.88418e-09
3.14173e-11
2.85373e-09
3.04471e-11
2.82421e-09
2.95184e-11
2.79558e-09
2.86285e-11
2.76781e-09
2.77748e-11
2.74085e-09
2.69549e-11
2.71469e-09
2.61665e-11
2.68928e-09
2.54076e-11
2.6646e-09
2.46762e-11
2.64063e-09
2.39705e-11
2.61734e-09
2.32888e-11
2.59471e-09
2.26295e-11
2.57272e-09
2.19913e-11
2.55135e-09
2.13726e-11
2.53058e-09
2.07724e-11
2.51039e-09
2.01894e-11
2.49076e-09
1.96225e-11
2.47169e-09
1.90707e-11
2.45316e-09
1.85332e-11
2.43515e-09
1.80091e-11
2.41765e-09
1.74977e-11
2.40066e-09
1.69983e-11
2.38415e-09
1.65104e-11
2.36811e-09
1.60335e-11
2.35254e-09
1.55672e-11
2.33743e-09
1.51113e-11
2.32277e-09
1.46657e-11
2.30854e-09
1.42302e-11
2.29473e-09
1.3805e-11
2.28134e-09
1.33904e-11
2.26836e-09
1.29867e-11
2.25576e-09
1.25947e-11
2.24355e-09
1.22151e-11
2.2317e-09
1.18492e-11
2.2202e-09
1.14986e-11
2.20903e-09
1.11656e-11
2.19818e-09
1.08534e-11
2.18761e-09
1.05665e-11
2.1773e-09
1.03118e-11
2.1672e-09
1.0101e-11
2.15724e-09
9.95625e-12
2.14731e-09
9.93089e-12
2.13717e-09
1.01451e-11
2.1263e-09
1.08716e-11
2.90416e-11
3.38281e-08
3.18254e-09
-3.41128e-08
3.32271e-08
3.47745e-09
3.23916e-08
3.53355e-09
3.13984e-08
3.47897e-09
3.03035e-08
3.35204e-09
2.9153e-08
3.1683e-09
2.79841e-08
2.9448e-09
2.68256e-08
2.69816e-09
2.56987e-08
2.44256e-09
2.46183e-08
2.18975e-09
2.3594e-08
1.94901e-09
2.26313e-08
1.72695e-09
2.17321e-08
1.5275e-09
2.0896e-08
1.35219e-09
2.01209e-08
1.20065e-09
1.94035e-08
1.07119e-09
1.874e-08
9.61365e-10
1.8126e-08
8.6841e-10
1.75574e-08
7.89597e-10
1.70301e-08
7.22431e-10
1.65401e-08
6.64757e-10
1.6084e-08
6.14787e-10
1.56583e-08
5.71079e-10
1.52602e-08
5.32492e-10
1.48871e-08
4.98138e-10
1.45365e-08
4.67326e-10
1.42066e-08
4.39518e-10
1.38953e-08
4.14289e-10
1.3601e-08
3.913e-10
1.33224e-08
3.70277e-10
1.30581e-08
3.50992e-10
1.28071e-08
3.33252e-10
1.25682e-08
3.16893e-10
1.23405e-08
3.01772e-10
1.21233e-08
2.87765e-10
1.19158e-08
2.74763e-10
1.17173e-08
2.62668e-10
1.15272e-08
2.51395e-10
1.1345e-08
2.40867e-10
1.11702e-08
2.31016e-10
1.10022e-08
2.21783e-10
1.08408e-08
2.13114e-10
1.06855e-08
2.04961e-10
1.05359e-08
1.9728e-10
1.03918e-08
1.90034e-10
1.02528e-08
1.83187e-10
1.01188e-08
1.76709e-10
9.98928e-09
1.70572e-10
9.86419e-09
1.6475e-10
9.74327e-09
1.5922e-10
9.62632e-09
1.53961e-10
9.51315e-09
1.48954e-10
9.40357e-09
1.44181e-10
9.29744e-09
1.39626e-10
9.1946e-09
1.35274e-10
9.09491e-09
1.31111e-10
8.99823e-09
1.27126e-10
8.90444e-09
1.23305e-10
8.81343e-09
1.19638e-10
8.72509e-09
1.16115e-10
8.63932e-09
1.12726e-10
8.55603e-09
1.09463e-10
8.47512e-09
1.06317e-10
8.39651e-09
1.03281e-10
8.32013e-09
1.00347e-10
8.24591e-09
9.75087e-11
8.17378e-09
9.47594e-11
8.10368e-09
9.20934e-11
8.03555e-09
8.9505e-11
7.96933e-09
8.69892e-11
7.90498e-09
8.45409e-11
7.84245e-09
8.21559e-11
7.78169e-09
7.98297e-11
7.72266e-09
7.75585e-11
7.66533e-09
7.53387e-11
7.60966e-09
7.31671e-11
7.55562e-09
7.10407e-11
7.50318e-09
6.89569e-11
7.4523e-09
6.69133e-11
7.40296e-09
6.49081e-11
7.35513e-09
6.29395e-11
7.30879e-09
6.10065e-11
7.26391e-09
5.91083e-11
7.22047e-09
5.72445e-11
7.17844e-09
5.54156e-11
7.13781e-09
5.36222e-11
7.09854e-09
5.18662e-11
7.0606e-09
5.01499e-11
7.02397e-09
4.84771e-11
6.98862e-09
4.68528e-11
6.9545e-09
4.52842e-11
6.92157e-09
4.37813e-11
6.88978e-09
4.23585e-11
6.85906e-09
4.10375e-11
6.8293e-09
3.98548e-11
6.80038e-09
3.88808e-11
6.77203e-09
3.82785e-11
6.7437e-09
3.84748e-11
6.71209e-09
4.24854e-11
7.31814e-11
3.59109e-08
3.03266e-09
-3.5761e-08
3.59723e-08
3.416e-09
3.59068e-08
3.59908e-09
3.57189e-08
3.6669e-09
3.54185e-08
3.65238e-09
3.50197e-08
3.5671e-09
3.45397e-08
3.42478e-09
3.39965e-08
3.24143e-09
3.34068e-08
3.03225e-09
3.27858e-08
2.81071e-09
3.21466e-08
2.58821e-09
3.14999e-08
2.37368e-09
3.08541e-08
2.17331e-09
3.02155e-08
1.99075e-09
2.95887e-08
1.82743e-09
2.89768e-08
1.68311e-09
2.83816e-08
1.5565e-09
2.78044e-08
1.44566e-09
2.72455e-08
1.34846e-09
2.67052e-08
1.26282e-09
2.61831e-08
1.18683e-09
2.5679e-08
1.11888e-09
2.51924e-08
1.05763e-09
2.47229e-08
1.00199e-09
2.427e-08
9.51107e-10
2.3833e-08
9.04309e-10
2.34114e-08
8.61064e-10
2.30048e-08
8.20949e-10
2.26125e-08
7.83623e-10
2.22339e-08
7.48806e-10
2.18687e-08
7.16264e-10
2.15161e-08
6.85793e-10
2.11758e-08
6.5722e-10
2.08472e-08
6.30388e-10
2.05298e-08
6.05159e-10
2.02231e-08
5.81407e-10
1.99268e-08
5.59019e-10
1.96403e-08
5.37892e-10
1.93632e-08
5.17932e-10
1.90952e-08
4.99054e-10
1.88358e-08
4.8118e-10
1.85847e-08
4.64238e-10
1.83415e-08
4.48163e-10
1.81058e-08
4.32895e-10
1.78775e-08
4.18379e-10
1.76561e-08
4.04565e-10
1.74414e-08
3.91405e-10
1.72331e-08
3.78857e-10
1.7031e-08
3.66882e-10
1.68348e-08
3.55443e-10
1.66442e-08
3.44505e-10
1.64592e-08
3.34038e-10
1.62793e-08
3.24012e-10
1.61045e-08
3.14399e-10
1.59346e-08
3.05175e-10
1.57694e-08
2.96315e-10
1.56088e-08
2.87797e-10
1.54525e-08
2.796e-10
1.53004e-08
2.71704e-10
1.51524e-08
2.64091e-10
1.50084e-08
2.56743e-10
1.48682e-08
2.49644e-10
1.47318e-08
2.42778e-10
1.45989e-08
2.36131e-10
1.44696e-08
2.29689e-10
1.43437e-08
2.23438e-10
1.4221e-08
2.17367e-10
1.41017e-08
2.11463e-10
1.39855e-08
2.05715e-10
1.38723e-08
2.00114e-10
1.37622e-08
1.94649e-10
1.36551e-08
1.89311e-10
1.35508e-08
1.84091e-10
1.34494e-08
1.78981e-10
1.33508e-08
1.73974e-10
1.32549e-08
1.69061e-10
1.31617e-08
1.64238e-10
1.30711e-08
1.59498e-10
1.29832e-08
1.54836e-10
1.28979e-08
1.50247e-10
1.28151e-08
1.45728e-10
1.27348e-08
1.41276e-10
1.2657e-08
1.36888e-10
1.25817e-08
1.32562e-10
1.25088e-08
1.283e-10
1.24383e-08
1.24102e-10
1.23702e-08
1.1997e-10
1.23045e-08
1.15909e-10
1.2241e-08
1.11926e-10
1.21799e-08
1.08029e-10
1.21209e-08
1.04232e-10
1.20641e-08
1.00554e-10
1.20095e-08
9.70217e-11
1.19568e-08
9.36755e-11
1.19061e-08
9.05835e-11
1.18571e-08
8.78783e-11
1.18095e-08
8.58693e-11
1.17625e-08
8.54858e-11
1.1713e-08
9.20045e-11
1.25839e-10
3.74685e-08
2.84242e-09
-3.72782e-08
3.76643e-08
3.2202e-09
3.782e-08
3.44339e-09
3.79223e-08
3.56457e-09
3.79639e-08
3.61074e-09
3.79403e-08
3.59077e-09
3.78512e-08
3.5138e-09
3.77006e-08
3.3921e-09
3.74943e-08
3.23852e-09
3.72399e-08
3.06513e-09
3.69454e-08
2.88271e-09
3.66188e-08
2.70024e-09
3.62676e-08
2.52453e-09
3.58982e-08
2.36014e-09
3.55161e-08
2.20959e-09
3.51254e-08
2.07372e-09
3.47298e-08
1.95219e-09
3.43315e-08
1.84389e-09
3.39326e-08
1.74735e-09
3.35345e-08
1.66097e-09
3.31381e-08
1.5832e-09
3.27443e-08
1.51267e-09
3.23537e-08
1.44821e-09
3.19669e-08
1.38886e-09
3.15841e-08
1.33384e-09
3.12059e-08
1.28254e-09
3.08325e-08
1.23448e-09
3.04642e-08
1.18927e-09
3.01012e-08
1.14661e-09
2.97437e-08
1.10626e-09
2.9392e-08
1.06801e-09
2.90461e-08
1.03168e-09
2.87062e-08
9.97146e-10
2.83723e-08
9.64262e-10
2.80445e-08
9.3292e-10
2.77229e-08
9.03017e-10
2.74075e-08
8.7446e-10
2.70982e-08
8.47167e-10
2.67951e-08
8.21059e-10
2.64981e-08
7.96067e-10
2.62071e-08
7.72124e-10
2.59222e-08
7.49171e-10
2.56432e-08
7.27151e-10
2.53701e-08
7.06015e-10
2.51027e-08
6.85712e-10
2.48411e-08
6.66198e-10
2.45851e-08
6.47432e-10
2.43346e-08
6.29374e-10
2.40895e-08
6.11986e-10
2.38497e-08
5.95235e-10
2.36151e-08
5.79086e-10
2.33856e-08
5.6351e-10
2.31612e-08
5.48476e-10
2.29416e-08
5.33957e-10
2.27268e-08
5.19926e-10
2.25168e-08
5.06356e-10
2.23114e-08
4.93225e-10
2.21105e-08
4.80508e-10
2.1914e-08
4.68185e-10
2.17218e-08
4.56232e-10
2.1534e-08
4.4463e-10
2.13502e-08
4.33359e-10
2.11706e-08
4.22401e-10
2.0995e-08
4.11737e-10
2.08234e-08
4.01351e-10
2.06556e-08
3.91224e-10
2.04916e-08
3.81342e-10
2.03314e-08
3.71689e-10
2.01748e-08
3.62251e-10
2.00219e-08
3.53012e-10
1.98726e-08
3.43961e-10
1.97268e-08
3.35083e-10
1.95846e-08
3.26366e-10
1.94458e-08
3.178e-10
1.93104e-08
3.09373e-10
1.91783e-08
3.01075e-10
1.90497e-08
2.92896e-10
1.89244e-08
2.84828e-10
1.88023e-08
2.76863e-10
1.86836e-08
2.68993e-10
1.85681e-08
2.61214e-10
1.84559e-08
2.5352e-10
1.83468e-08
2.45908e-10
1.8241e-08
2.38376e-10
1.81384e-08
2.30922e-10
1.80389e-08
2.23549e-10
1.79427e-08
2.1626e-10
1.78495e-08
2.09062e-10
1.77595e-08
2.01964e-10
1.76725e-08
1.94981e-10
1.75886e-08
1.88133e-10
1.75077e-08
1.81447e-10
1.74298e-08
1.74966e-10
1.73547e-08
1.68749e-10
1.72824e-08
1.62899e-10
1.72127e-08
1.57615e-10
1.71452e-08
1.53359e-10
1.70791e-08
1.51528e-10
1.70131e-08
1.58017e-10
1.87863e-10
3.89856e-08
2.67637e-09
-3.88196e-08
3.9184e-08
3.02183e-09
3.93778e-08
3.24957e-09
3.95535e-08
3.38882e-09
3.97032e-08
3.46113e-09
3.9819e-08
3.47497e-09
3.98955e-08
3.4373e-09
3.993e-08
3.35751e-09
3.99226e-08
3.24598e-09
3.98749e-08
3.11284e-09
3.97902e-08
2.96735e-09
3.96729e-08
2.81757e-09
3.95275e-08
2.6699e-09
3.93587e-08
2.52898e-09
3.91706e-08
2.3977e-09
3.89668e-08
2.27747e-09
3.87504e-08
2.16857e-09
3.85238e-08
2.07051e-09
3.82889e-08
1.98232e-09
3.8047e-08
1.90282e-09
3.77994e-08
1.83081e-09
3.75469e-08
1.76514e-09
3.72903e-08
1.70483e-09
3.70302e-08
1.64901e-09
3.6767e-08
1.59699e-09
3.65014e-08
1.54821e-09
3.62336e-08
1.50222e-09
3.59642e-08
1.45866e-09
3.56936e-08
1.41727e-09
3.5422e-08
1.3778e-09
3.515e-08
1.34008e-09
3.48777e-08
1.30396e-09
3.46055e-08
1.26931e-09
3.43338e-08
1.23602e-09
3.40627e-08
1.20399e-09
3.37926e-08
1.17315e-09
3.35236e-08
1.14341e-09
3.32561e-08
1.11472e-09
3.29901e-08
1.08701e-09
3.2726e-08
1.06022e-09
3.24638e-08
1.03432e-09
3.22037e-08
1.00925e-09
3.19459e-08
9.84978e-10
3.16904e-08
9.61457e-10
3.14375e-08
9.38654e-10
3.11871e-08
9.16536e-10
3.09395e-08
8.95074e-10
3.06946e-08
8.74236e-10
3.04526e-08
8.53997e-10
3.02135e-08
8.34329e-10
2.99774e-08
8.15208e-10
2.97443e-08
7.96611e-10
2.95143e-08
7.78514e-10
2.92873e-08
7.60896e-10
2.90635e-08
7.43735e-10
2.88429e-08
7.2701e-10
2.86254e-08
7.10703e-10
2.84111e-08
6.94793e-10
2.82e-08
6.79262e-10
2.79922e-08
6.64092e-10
2.77875e-08
6.49263e-10
2.75861e-08
6.34759e-10
2.7388e-08
6.20563e-10
2.7193e-08
6.06657e-10
2.70014e-08
5.93025e-10
2.68129e-08
5.79651e-10
2.66278e-08
5.6652e-10
2.64458e-08
5.53615e-10
2.62672e-08
5.40922e-10
2.60918e-08
5.28426e-10
2.59196e-08
5.16114e-10
2.57507e-08
5.0397e-10
2.55851e-08
4.91983e-10
2.54228e-08
4.8014e-10
2.52637e-08
4.68427e-10
2.51079e-08
4.56835e-10
2.49555e-08
4.45352e-10
2.48064e-08
4.33968e-10
2.46605e-08
4.22675e-10
2.45181e-08
4.11464e-10
2.4379e-08
4.00329e-10
2.42432e-08
3.89264e-10
2.41109e-08
3.78266e-10
2.39819e-08
3.67332e-10
2.38564e-08
3.56463e-10
2.37342e-08
3.45662e-10
2.36156e-08
3.34933e-10
2.35003e-08
3.24287e-10
2.33886e-08
3.13736e-10
2.32803e-08
3.03302e-10
2.31754e-08
2.93012e-10
2.30739e-08
2.82904e-10
2.29758e-08
2.73033e-10
2.28811e-08
2.63482e-10
2.27896e-08
2.54385e-10
2.27012e-08
2.45998e-10
2.26157e-08
2.389e-10
2.25325e-08
2.34701e-10
2.2452e-08
2.38576e-10
2.59134e-10
4.05412e-08
2.53712e-09
-4.04019e-08
4.07182e-08
2.84482e-09
4.09038e-08
3.06391e-09
4.10851e-08
3.2075e-09
4.12552e-08
3.29108e-09
4.14075e-08
3.32266e-09
4.15366e-08
3.30822e-09
4.16388e-08
3.25532e-09
4.17122e-08
3.17256e-09
4.17565e-08
3.06848e-09
4.17729e-08
2.95103e-09
4.17632e-08
2.82723e-09
4.17302e-08
2.70286e-09
4.16769e-08
2.58229e-09
4.16062e-08
2.46844e-09
4.15207e-08
2.36299e-09
4.14227e-08
2.26658e-09
4.1314e-08
2.17913e-09
4.11963e-08
2.10005e-09
4.10706e-08
2.02851e-09
4.09378e-08
1.96358e-09
4.07987e-08
1.90432e-09
4.06536e-08
1.84987e-09
4.05031e-08
1.7995e-09
4.03475e-08
1.75257e-09
4.01872e-08
1.70856e-09
4.00224e-08
1.66705e-09
3.98533e-08
1.6277e-09
3.96803e-08
1.59024e-09
3.95037e-08
1.55444e-09
3.93237e-08
1.52013e-09
3.91404e-08
1.48716e-09
3.89543e-08
1.45541e-09
3.87656e-08
1.42477e-09
3.85744e-08
1.39516e-09
3.83811e-08
1.36649e-09
3.81858e-08
1.33871e-09
3.79887e-08
1.31174e-09
3.77902e-08
1.28555e-09
3.75903e-08
1.26008e-09
3.73894e-08
1.23528e-09
3.71875e-08
1.21113e-09
3.69849e-08
1.18759e-09
3.67817e-08
1.16463e-09
3.65782e-08
1.14221e-09
3.63744e-08
1.12032e-09
3.61705e-08
1.09892e-09
3.59668e-08
1.07801e-09
3.57632e-08
1.05755e-09
3.556e-08
1.03752e-09
3.53573e-08
1.01791e-09
3.51552e-08
9.98707e-10
3.49539e-08
9.79883e-10
3.47533e-08
9.61425e-10
3.45537e-08
9.43317e-10
3.43552e-08
9.25543e-10
3.41578e-08
9.08089e-10
3.39617e-08
8.9094e-10
3.37669e-08
8.74079e-10
3.35735e-08
8.57494e-10
3.33815e-08
8.41169e-10
3.31912e-08
8.25089e-10
3.30025e-08
8.09241e-10
3.28156e-08
7.9361e-10
3.26304e-08
7.78182e-10
3.24471e-08
7.62943e-10
3.22658e-08
7.47879e-10
3.20864e-08
7.32977e-10
3.19091e-08
7.18222e-10
3.17339e-08
7.03601e-10
3.1561e-08
6.89101e-10
3.13902e-08
6.74708e-10
3.12218e-08
6.60412e-10
3.10557e-08
6.46198e-10
3.08921e-08
6.32055e-10
3.0731e-08
6.17973e-10
3.05724e-08
6.0394e-10
3.04164e-08
5.89947e-10
3.02631e-08
5.75985e-10
3.01125e-08
5.62047e-10
2.99647e-08
5.48125e-10
2.98198e-08
5.34216e-10
2.96777e-08
5.20317e-10
2.95386e-08
5.06425e-10
2.94025e-08
4.92544e-10
2.92695e-08
4.78678e-10
2.91396e-08
4.64835e-10
2.90129e-08
4.51029e-10
2.88893e-08
4.37278e-10
2.8769e-08
4.23609e-10
2.8652e-08
4.10057e-10
2.85382e-08
3.9667e-10
2.84277e-08
3.83519e-10
2.83205e-08
3.70704e-10
2.82165e-08
3.58388e-10
2.81156e-08
3.46866e-10
2.80178e-08
3.3676e-10
2.79229e-08
3.29576e-10
2.78325e-08
3.28976e-10
3.37175e-10
4.21481e-08
2.41859e-09
-4.20296e-08
4.2303e-08
2.68995e-09
4.24718e-08
2.89506e-09
4.26421e-08
3.03722e-09
4.28071e-08
3.1261e-09
4.29613e-08
3.16844e-09
4.31001e-08
3.1695e-09
4.32199e-08
3.13547e-09
4.33189e-08
3.07354e-09
4.33964e-08
2.99103e-09
4.34526e-08
2.8948e-09
4.34888e-08
2.79103e-09
4.35068e-08
2.68489e-09
4.35086e-08
2.58044e-09
4.34965e-08
2.48053e-09
4.34726e-08
2.38696e-09
4.34385e-08
2.30063e-09
4.33959e-08
2.22173e-09
4.3346e-08
2.15001e-09
4.32896e-08
2.0849e-09
4.32274e-08
2.0257e-09
4.31601e-08
1.97168e-09
4.30878e-08
1.92212e-09
4.3011e-08
1.87636e-09
4.29297e-08
1.83385e-09
4.28441e-08
1.79411e-09
4.27545e-08
1.75674e-09
4.26607e-08
1.72142e-09
4.25631e-08
1.68787e-09
4.24617e-08
1.65587e-09
4.23566e-08
1.62525e-09
4.22479e-08
1.59585e-09
4.21357e-08
1.56756e-09
4.20203e-08
1.54025e-09
4.19016e-08
1.51384e-09
4.17798e-08
1.48826e-09
4.16551e-08
1.46343e-09
4.15276e-08
1.43929e-09
4.13973e-08
1.41579e-09
4.12645e-08
1.39288e-09
4.11293e-08
1.37052e-09
4.09917e-08
1.34867e-09
4.0852e-08
1.32731e-09
4.07103e-08
1.30639e-09
4.05666e-08
1.2859e-09
4.04211e-08
1.2658e-09
4.02739e-08
1.24607e-09
4.01252e-08
1.2267e-09
3.99751e-08
1.20767e-09
3.98237e-08
1.18895e-09
3.96711e-08
1.17052e-09
3.95174e-08
1.15238e-09
3.93628e-08
1.13451e-09
3.92073e-08
1.11689e-09
3.90511e-08
1.09951e-09
3.88943e-08
1.08236e-09
3.8737e-08
1.06541e-09
3.85793e-08
1.04866e-09
3.84212e-08
1.0321e-09
3.8263e-08
1.01571e-09
3.81047e-08
9.99474e-10
3.79464e-08
9.83384e-10
3.77882e-08
9.67426e-10
3.76303e-08
9.51587e-10
3.74726e-08
9.35854e-10
3.73153e-08
9.20213e-10
3.71585e-08
9.04651e-10
3.70024e-08
8.89156e-10
3.68469e-08
8.73714e-10
3.66922e-08
8.58312e-10
3.65383e-08
8.42937e-10
3.63855e-08
8.27578e-10
3.62336e-08
8.1222e-10
3.6083e-08
7.96854e-10
3.59336e-08
7.81466e-10
3.57855e-08
7.66045e-10
3.56389e-08
7.50582e-10
3.54937e-08
7.35067e-10
3.53502e-08
7.19492e-10
3.52084e-08
7.03848e-10
3.50684e-08
6.8813e-10
3.49303e-08
6.72334e-10
3.47942e-08
6.56459e-10
3.46601e-08
6.40503e-10
3.45282e-08
6.24472e-10
3.43985e-08
6.08371e-10
3.42711e-08
5.92213e-10
3.41461e-08
5.76013e-10
3.40236e-08
5.59797e-10
3.39036e-08
5.43596e-10
3.37862e-08
5.27453e-10
3.36715e-08
5.11427e-10
3.35594e-08
4.95599e-10
3.345e-08
4.80087e-10
3.33433e-08
4.6507e-10
3.32393e-08
4.50855e-10
3.31381e-08
4.38025e-10
3.30399e-08
4.27742e-10
3.2947e-08
4.21873e-10
4.1732e-10
4.38094e-08
2.31553e-09
-4.37064e-08
4.39452e-08
2.55422e-09
4.40969e-08
2.7433e-09
4.42533e-08
2.88086e-09
4.44075e-08
2.97193e-09
4.45543e-08
3.02156e-09
4.46897e-08
3.03416e-09
4.48103e-08
3.0148e-09
4.49144e-08
2.96945e-09
4.50012e-08
2.9043e-09
4.50706e-08
2.82532e-09
4.51237e-08
2.73793e-09
4.51619e-08
2.64676e-09
4.51868e-08
2.55555e-09
4.52002e-08
2.46707e-09
4.5204e-08
2.38317e-09
4.51997e-08
2.30491e-09
4.51887e-08
2.23273e-09
4.51721e-08
2.16664e-09
4.51507e-08
2.1063e-09
4.51252e-08
2.05125e-09
4.50959e-08
2.0009e-09
4.50633e-08
1.9547e-09
4.50276e-08
1.91209e-09
4.49889e-08
1.87258e-09
4.49472e-08
1.83576e-09
4.49027e-08
1.80125e-09
4.48554e-08
1.76874e-09
4.48053e-08
1.73799e-09
4.47524e-08
1.70877e-09
4.46967e-08
1.6809e-09
4.46384e-08
1.65424e-09
4.45773e-08
1.62865e-09
4.45135e-08
1.60403e-09
4.44471e-08
1.58028e-09
4.4378e-08
1.55731e-09
4.43064e-08
1.53507e-09
4.42322e-08
1.51348e-09
4.41555e-08
1.49248e-09
4.40763e-08
1.47204e-09
4.39947e-08
1.45209e-09
4.39108e-08
1.43261e-09
4.38245e-08
1.41355e-09
4.3736e-08
1.39489e-09
4.36454e-08
1.37659e-09
4.35525e-08
1.35863e-09
4.34576e-08
1.34099e-09
4.33607e-08
1.32363e-09
4.32618e-08
1.30653e-09
4.31611e-08
1.28969e-09
4.30585e-08
1.27308e-09
4.29542e-08
1.25668e-09
4.28483e-08
1.24048e-09
4.27407e-08
1.22445e-09
4.26316e-08
1.20859e-09
4.25211e-08
1.19288e-09
4.24092e-08
1.17731e-09
4.2296e-08
1.16185e-09
4.21816e-08
1.1465e-09
4.20661e-08
1.13124e-09
4.19495e-08
1.11606e-09
4.18319e-08
1.10094e-09
4.17135e-08
1.08587e-09
4.15942e-08
1.07084e-09
4.14743e-08
1.05583e-09
4.13536e-08
1.04083e-09
4.12325e-08
1.02581e-09
4.11109e-08
1.01078e-09
4.09889e-08
9.95716e-10
4.08666e-08
9.806e-10
4.07441e-08
9.65421e-10
4.06215e-08
9.50166e-10
4.04989e-08
9.34821e-10
4.03764e-08
9.19373e-10
4.0254e-08
9.03809e-10
4.0132e-08
8.88117e-10
4.00103e-08
8.72287e-10
3.9889e-08
8.56307e-10
3.97683e-08
8.40169e-10
3.96483e-08
8.23865e-10
3.95291e-08
8.07388e-10
3.94107e-08
7.90735e-10
3.92932e-08
7.73903e-10
3.91768e-08
7.56893e-10
3.90616e-08
7.3971e-10
3.89476e-08
7.22363e-10
3.88349e-08
7.04864e-10
3.87237e-08
6.87235e-10
3.8614e-08
6.69501e-10
3.85059e-08
6.51701e-10
3.83995e-08
6.33885e-10
3.82948e-08
6.16118e-10
3.81919e-08
5.98491e-10
3.80909e-08
5.8113e-10
3.79917e-08
5.64223e-10
3.78945e-08
5.48061e-10
3.77994e-08
5.3312e-10
3.7707e-08
5.20101e-10
3.76197e-08
5.09253e-10
4.94034e-10
4.5527e-08
2.22429e-09
-4.54357e-08
4.56467e-08
2.43446e-09
4.57829e-08
2.60715e-09
4.59255e-08
2.73818e-09
4.60681e-08
2.82934e-09
4.62057e-08
2.88396e-09
4.63344e-08
2.90552e-09
4.6451e-08
2.89815e-09
4.65538e-08
2.86668e-09
4.66418e-08
2.81633e-09
4.67149e-08
2.7522e-09
4.67738e-08
2.67904e-09
4.68196e-08
2.60097e-09
4.68537e-08
2.5214e-09
4.68778e-08
2.44298e-09
4.68934e-08
2.36756e-09
4.6902e-08
2.29633e-09
4.69048e-08
2.22991e-09
4.6903e-08
2.16849e-09
4.68973e-08
2.11199e-09
4.68884e-08
2.06011e-09
4.68769e-08
2.01244e-09
4.6863e-08
1.96856e-09
4.68471e-08
1.92802e-09
4.68293e-08
1.89042e-09
4.68096e-08
1.85539e-09
4.67883e-08
1.82261e-09
4.67652e-08
1.7918e-09
4.67405e-08
1.76271e-09
4.67141e-08
1.73516e-09
4.6686e-08
1.70896e-09
4.66563e-08
1.68397e-09
4.66249e-08
1.66006e-09
4.65918e-08
1.63713e-09
4.6557e-08
1.61508e-09
4.65205e-08
1.59383e-09
4.64822e-08
1.57331e-09
4.64423e-08
1.55345e-09
4.64005e-08
1.5342e-09
4.63571e-08
1.51549e-09
4.63119e-08
1.4973e-09
4.62649e-08
1.47956e-09
4.62162e-08
1.46226e-09
4.61658e-08
1.44534e-09
4.61136e-08
1.42878e-09
4.60597e-08
1.41256e-09
4.6004e-08
1.39663e-09
4.59467e-08
1.38098e-09
4.58876e-08
1.36559e-09
4.58269e-08
1.35043e-09
4.57645e-08
1.33548e-09
4.57004e-08
1.32072e-09
4.56348e-08
1.30613e-09
4.55675e-08
1.29169e-09
4.54987e-08
1.27739e-09
4.54284e-08
1.26321e-09
4.53566e-08
1.24913e-09
4.52833e-08
1.23514e-09
4.52086e-08
1.22121e-09
4.51325e-08
1.20733e-09
4.50551e-08
1.19349e-09
4.49764e-08
1.17967e-09
4.48964e-08
1.16585e-09
4.48152e-08
1.15202e-09
4.47329e-08
1.13815e-09
4.46495e-08
1.12424e-09
4.4565e-08
1.11027e-09
4.44796e-08
1.09622e-09
4.43932e-08
1.08207e-09
4.4306e-08
1.06782e-09
4.4218e-08
1.05343e-09
4.41292e-08
1.0389e-09
4.40399e-08
1.02422e-09
4.39499e-08
1.00936e-09
4.38594e-08
9.94306e-10
4.37684e-08
9.79055e-10
4.36771e-08
9.63587e-10
4.35856e-08
9.47891e-10
4.34938e-08
9.31957e-10
4.34019e-08
9.15774e-10
4.33099e-08
8.99336e-10
4.3218e-08
8.82637e-10
4.31262e-08
8.65674e-10
4.30347e-08
8.48447e-10
4.29434e-08
8.30963e-10
4.28526e-08
8.13228e-10
4.27622e-08
7.95258e-10
4.26723e-08
7.77075e-10
4.25831e-08
7.58708e-10
4.24946e-08
7.40198e-10
4.24069e-08
7.21599e-10
4.232e-08
7.02982e-10
4.22341e-08
6.84444e-10
4.21491e-08
6.66114e-10
4.20652e-08
6.48174e-10
4.19823e-08
6.30881e-10
4.19009e-08
6.14569e-10
4.18215e-08
5.99499e-10
4.1746e-08
5.84765e-10
5.62506e-10
4.73029e-08
2.14235e-09
-4.72209e-08
4.74094e-08
2.32797e-09
4.75316e-08
2.48488e-09
4.76615e-08
2.60829e-09
4.77929e-08
2.69797e-09
4.7921e-08
2.75579e-09
4.80423e-08
2.78431e-09
4.81536e-08
2.78679e-09
4.82532e-08
2.76713e-09
4.83399e-08
2.72962e-09
4.84135e-08
2.6786e-09
4.84744e-08
2.61816e-09
4.85234e-08
2.55194e-09
4.85617e-08
2.48305e-09
4.85908e-08
2.41394e-09
4.86119e-08
2.34643e-09
4.86264e-08
2.28179e-09
4.86356e-08
2.22077e-09
4.86404e-08
2.16372e-09
4.86416e-08
2.11073e-09
4.86401e-08
2.06167e-09
4.86362e-08
2.01629e-09
4.86305e-08
1.97429e-09
4.86232e-08
1.93533e-09
4.86145e-08
1.89908e-09
4.86047e-08
1.86525e-09
4.85937e-08
1.83355e-09
4.85818e-08
1.80375e-09
4.85688e-08
1.77562e-09
4.8555e-08
1.74899e-09
4.85403e-08
1.7237e-09
4.85246e-08
1.69961e-09
4.85081e-08
1.67661e-09
4.84906e-08
1.65458e-09
4.84723e-08
1.63344e-09
4.8453e-08
1.61312e-09
4.84328e-08
1.59353e-09
4.84116e-08
1.57462e-09
4.83894e-08
1.55634e-09
4.83663e-08
1.53862e-09
4.83422e-08
1.52143e-09
4.8317e-08
1.50472e-09
4.82908e-08
1.48845e-09
4.82636e-08
1.47259e-09
4.82353e-08
1.45711e-09
4.82059e-08
1.44198e-09
4.81753e-08
1.42716e-09
4.81437e-08
1.41263e-09
4.81109e-08
1.39837e-09
4.8077e-08
1.38436e-09
4.80419e-08
1.37056e-09
4.80056e-08
1.35697e-09
4.79682e-08
1.34355e-09
4.79296e-08
1.33029e-09
4.78898e-08
1.31717e-09
4.78489e-08
1.30417e-09
4.78067e-08
1.29127e-09
4.77634e-08
1.27846e-09
4.77189e-08
1.2657e-09
4.76732e-08
1.25299e-09
4.76264e-08
1.24031e-09
4.75785e-08
1.22763e-09
4.75294e-08
1.21494e-09
4.74791e-08
1.20223e-09
4.74278e-08
1.18946e-09
4.73754e-08
1.17663e-09
4.7322e-08
1.16371e-09
4.72675e-08
1.15069e-09
4.72121e-08
1.13755e-09
4.71556e-08
1.12426e-09
4.70982e-08
1.11081e-09
4.704e-08
1.09719e-09
4.69808e-08
1.08337e-09
4.69208e-08
1.06933e-09
4.68601e-08
1.05507e-09
4.67986e-08
1.04055e-09
4.67364e-08
1.02578e-09
4.66735e-08
1.01073e-09
4.66101e-08
9.95383e-10
4.65461e-08
9.79738e-10
4.64817e-08
9.63783e-10
4.64168e-08
9.4751e-10
4.63516e-08
9.30915e-10
4.6286e-08
9.13998e-10
4.62202e-08
8.96762e-10
4.61542e-08
8.79216e-10
4.60881e-08
8.61375e-10
4.60219e-08
8.43261e-10
4.59557e-08
8.24905e-10
4.58896e-08
8.0635e-10
4.58235e-08
7.87651e-10
4.57576e-08
7.68883e-10
4.56919e-08
7.50143e-10
4.56265e-08
7.31561e-10
4.55614e-08
7.13304e-10
4.54967e-08
6.95582e-10
4.54326e-08
6.78596e-10
4.53699e-08
6.6227e-10
4.53095e-08
6.45117e-10
6.19757e-10
4.91396e-08
2.06797e-09
-4.90652e-08
4.9235e-08
2.23255e-09
4.9345e-08
2.37483e-09
4.94632e-08
2.49016e-09
4.95839e-08
2.57724e-09
4.97029e-08
2.63679e-09
4.98166e-08
2.67059e-09
4.99223e-08
2.68111e-09
5.0018e-08
2.67144e-09
5.01025e-08
2.64508e-09
5.01755e-08
2.60565e-09
5.0237e-08
2.55666e-09
5.02876e-08
2.50128e-09
5.03284e-08
2.44229e-09
5.03604e-08
2.38196e-09
5.03848e-08
2.32204e-09
5.04027e-08
2.2638e-09
5.04154e-08
2.20808e-09
5.04238e-08
2.15537e-09
5.04286e-08
2.10588e-09
5.04307e-08
2.05963e-09
5.04305e-08
2.01651e-09
5.04284e-08
1.97632e-09
5.04249e-08
1.93883e-09
5.04202e-08
1.90379e-09
5.04145e-08
1.87095e-09
5.0408e-08
1.8401e-09
5.04007e-08
1.81103e-09
5.03928e-08
1.78355e-09
5.03843e-08
1.75749e-09
5.03752e-08
1.73273e-09
5.03657e-08
1.70913e-09
5.03557e-08
1.68659e-09
5.03453e-08
1.66502e-09
5.03344e-08
1.64432e-09
5.03231e-08
1.62443e-09
5.03113e-08
1.60527e-09
5.02992e-08
1.5868e-09
5.02865e-08
1.56895e-09
5.02735e-08
1.55169e-09
5.026e-08
1.53495e-09
5.0246e-08
1.51872e-09
5.02315e-08
1.50294e-09
5.02165e-08
1.48759e-09
5.0201e-08
1.47262e-09
5.01849e-08
1.45803e-09
5.01683e-08
1.44377e-09
5.01511e-08
1.42981e-09
5.01333e-08
1.41615e-09
5.01149e-08
1.40275e-09
5.00959e-08
1.38958e-09
5.00763e-08
1.37663e-09
5.00559e-08
1.36388e-09
5.00349e-08
1.35131e-09
5.00132e-08
1.33889e-09
4.99908e-08
1.3266e-09
4.99676e-08
1.31443e-09
4.99437e-08
1.30235e-09
4.99191e-08
1.29035e-09
4.98937e-08
1.27841e-09
4.98675e-08
1.2665e-09
4.98405e-08
1.25461e-09
4.98127e-08
1.24271e-09
4.97842e-08
1.23079e-09
4.97548e-08
1.21882e-09
4.97246e-08
1.20679e-09
4.96937e-08
1.19468e-09
4.96619e-08
1.18246e-09
4.96293e-08
1.17011e-09
4.9596e-08
1.15762e-09
4.95618e-08
1.14496e-09
4.95269e-08
1.13211e-09
4.94912e-08
1.11906e-09
4.94548e-08
1.10577e-09
4.94176e-08
1.09225e-09
4.93797e-08
1.07846e-09
4.93411e-08
1.06438e-09
4.93018e-08
1.05001e-09
4.92619e-08
1.03533e-09
4.92213e-08
1.02033e-09
4.91801e-08
1.00498e-09
4.91383e-08
9.89292e-10
4.90959e-08
9.73253e-10
4.90531e-08
9.56862e-10
4.90097e-08
9.40121e-10
4.89659e-08
9.2304e-10
4.89216e-08
9.05632e-10
4.8877e-08
8.8792e-10
4.8832e-08
8.69936e-10
4.87866e-08
8.51722e-10
4.87409e-08
8.33336e-10
4.86949e-08
8.14852e-10
4.86487e-08
7.96368e-10
4.86023e-08
7.78006e-10
4.85556e-08
7.59918e-10
4.8509e-08
7.42267e-10
4.84624e-08
7.25148e-10
4.84164e-08
7.08301e-10
4.83713e-08
6.90158e-10
6.64951e-10
5.10397e-08
1.99992e-09
-5.09716e-08
5.11257e-08
2.1465e-09
5.12251e-08
2.27549e-09
5.13325e-08
2.38274e-09
5.14433e-08
2.46645e-09
5.15535e-08
2.52659e-09
5.16598e-08
2.56424e-09
5.17597e-08
2.58122e-09
5.18512e-08
2.57993e-09
5.19331e-08
2.56319e-09
5.20048e-08
2.53397e-09
5.20662e-08
2.49524e-09
5.21177e-08
2.44975e-09
5.21601e-08
2.39994e-09
5.21941e-08
2.34789e-09
5.22209e-08
2.29525e-09
5.22415e-08
2.24326e-09
5.22567e-08
2.19282e-09
5.22676e-08
2.14449e-09
5.22749e-08
2.0986e-09
5.22793e-08
2.05528e-09
5.22813e-08
2.01452e-09
5.22813e-08
1.97624e-09
5.22799e-08
1.94029e-09
5.22772e-08
1.90649e-09
5.22735e-08
1.87467e-09
5.22689e-08
1.84465e-09
5.22637e-08
1.81626e-09
5.22579e-08
1.78935e-09
5.22516e-08
1.76377e-09
5.22449e-08
1.73941e-09
5.22379e-08
1.71615e-09
5.22306e-08
1.69391e-09
5.2223e-08
1.67259e-09
5.22152e-08
1.65212e-09
5.22072e-08
1.63243e-09
5.2199e-08
1.61346e-09
5.21907e-08
1.59516e-09
5.21822e-08
1.57747e-09
5.21735e-08
1.56036e-09
5.21647e-08
1.54379e-09
5.21557e-08
1.52771e-09
5.21465e-08
1.51209e-09
5.21372e-08
1.4969e-09
5.21277e-08
1.48211e-09
5.21181e-08
1.46769e-09
5.21082e-08
1.45362e-09
5.20981e-08
1.43987e-09
5.20879e-08
1.42642e-09
5.20774e-08
1.41325e-09
5.20666e-08
1.40033e-09
5.20556e-08
1.38764e-09
5.20443e-08
1.37516e-09
5.20328e-08
1.36288e-09
5.20209e-08
1.35076e-09
5.20087e-08
1.3388e-09
5.19961e-08
1.32697e-09
5.19833e-08
1.31524e-09
5.197e-08
1.30361e-09
5.19564e-08
1.29205e-09
5.19423e-08
1.28055e-09
5.19278e-08
1.26907e-09
5.1913e-08
1.2576e-09
5.18976e-08
1.24612e-09
5.18818e-08
1.23461e-09
5.18656e-08
1.22305e-09
5.18488e-08
1.21142e-09
5.18316e-08
1.19969e-09
5.18139e-08
1.18784e-09
5.17956e-08
1.17586e-09
5.17769e-08
1.16372e-09
5.17576e-08
1.15139e-09
5.17378e-08
1.13887e-09
5.17174e-08
1.12612e-09
5.16965e-08
1.11313e-09
5.16751e-08
1.09988e-09
5.16531e-08
1.08635e-09
5.16306e-08
1.07253e-09
5.16076e-08
1.05839e-09
5.1584e-08
1.04392e-09
5.15598e-08
1.02911e-09
5.15352e-08
1.01396e-09
5.151e-08
9.98449e-10
5.14843e-08
9.82583e-10
5.1458e-08
9.66362e-10
5.14313e-08
9.49794e-10
5.1404e-08
9.32895e-10
5.13762e-08
9.15686e-10
5.1348e-08
8.98199e-10
5.13192e-08
8.80478e-10
5.129e-08
8.62581e-10
5.12603e-08
8.44581e-10
5.123e-08
8.26573e-10
5.11994e-08
8.08673e-10
5.11683e-08
7.91015e-10
5.11368e-08
7.73725e-10
5.11051e-08
7.56836e-10
5.10734e-08
7.40036e-10
5.10415e-08
7.2202e-10
6.99034e-10
5.30059e-08
1.93732e-09
-5.29433e-08
5.30839e-08
2.06847e-09
5.31738e-08
2.18555e-09
5.32716e-08
2.28502e-09
5.33731e-08
2.36492e-09
5.34749e-08
2.42476e-09
5.35741e-08
2.46508e-09
5.36682e-08
2.48716e-09
5.37553e-08
2.49282e-09
5.38342e-08
2.48429e-09
5.39042e-08
2.46399e-09
5.3965e-08
2.4344e-09
5.40169e-08
2.39786e-09
5.40603e-08
2.35653e-09
5.40959e-08
2.31225e-09
5.41246e-08
2.26655e-09
5.41473e-08
2.22064e-09
5.41647e-08
2.17541e-09
5.41777e-08
2.1315e-09
5.4187e-08
2.08929e-09
5.41932e-08
2.04902e-09
5.4197e-08
2.01077e-09
5.41987e-08
1.97454e-09
5.41987e-08
1.94026e-09
5.41974e-08
1.90783e-09
5.41949e-08
1.87712e-09
5.41916e-08
1.84801e-09
5.41875e-08
1.82035e-09
5.41828e-08
1.79404e-09
5.41776e-08
1.76896e-09
5.4172e-08
1.745e-09
5.41661e-08
1.72206e-09
5.41599e-08
1.70008e-09
5.41535e-08
1.67897e-09
5.4147e-08
1.65866e-09
5.41403e-08
1.6391e-09
5.41335e-08
1.62023e-09
5.41267e-08
1.60199e-09
5.41198e-08
1.58436e-09
5.41129e-08
1.56729e-09
5.41059e-08
1.55073e-09
5.4099e-08
1.53466e-09
5.4092e-08
1.51904e-09
5.40851e-08
1.50385e-09
5.40781e-08
1.48906e-09
5.40712e-08
1.47464e-09
5.40642e-08
1.46057e-09
5.40573e-08
1.44683e-09
5.40503e-08
1.43338e-09
5.40433e-08
1.42022e-09
5.40363e-08
1.40732e-09
5.40293e-08
1.39466e-09
5.40223e-08
1.38222e-09
5.40152e-08
1.36998e-09
5.4008e-08
1.35792e-09
5.40008e-08
1.34602e-09
5.39935e-08
1.33427e-09
5.39861e-08
1.32264e-09
5.39786e-08
1.31111e-09
5.3971e-08
1.29967e-09
5.39633e-08
1.28829e-09
5.39554e-08
1.27695e-09
5.39473e-08
1.26564e-09
5.39391e-08
1.25433e-09
5.39307e-08
1.24301e-09
5.39221e-08
1.23164e-09
5.39133e-08
1.22022e-09
5.39043e-08
1.20871e-09
5.3895e-08
1.19711e-09
5.38855e-08
1.18537e-09
5.38758e-08
1.1735e-09
5.38657e-08
1.16145e-09
5.38553e-08
1.14922e-09
5.38447e-08
1.13677e-09
5.38337e-08
1.1241e-09
5.38224e-08
1.11118e-09
5.38108e-08
1.09799e-09
5.37988e-08
1.08451e-09
5.37865e-08
1.07073e-09
5.37738e-08
1.05664e-09
5.37607e-08
1.04221e-09
5.37472e-08
1.02745e-09
5.37333e-08
1.01235e-09
5.3719e-08
9.96901e-10
5.37042e-08
9.8111e-10
5.3689e-08
9.64984e-10
5.36734e-08
9.48539e-10
5.36573e-08
9.31797e-10
5.36407e-08
9.14791e-10
5.36236e-08
8.97566e-10
5.3606e-08
8.80177e-10
5.35879e-08
8.627e-10
5.35692e-08
8.45225e-10
5.355e-08
8.27862e-10
5.35303e-08
8.10729e-10
5.35101e-08
7.9393e-10
5.34895e-08
7.77476e-10
5.34684e-08
7.611e-10
5.34465e-08
7.43919e-10
7.24031e-10
5.5041e-08
1.87951e-09
-5.49831e-08
5.5112e-08
1.99741e-09
5.51936e-08
2.10391e-09
5.52826e-08
2.19605e-09
5.53756e-08
2.27194e-09
5.54695e-08
2.33082e-09
5.55618e-08
2.37285e-09
5.565e-08
2.39887e-09
5.57326e-08
2.41023e-09
5.58083e-08
2.40865e-09
5.58762e-08
2.39608e-09
5.5936e-08
2.37457e-09
5.59878e-08
2.34609e-09
5.60318e-08
2.31251e-09
5.60686e-08
2.27546e-09
5.60988e-08
2.23633e-09
5.61232e-08
2.19628e-09
5.61424e-08
2.15616e-09
5.61573e-08
2.11665e-09
5.61684e-08
2.07818e-09
5.61764e-08
2.04106e-09
5.61817e-08
2.00544e-09
5.61848e-08
1.97139e-09
5.61862e-08
1.93892e-09
5.6186e-08
1.90798e-09
5.61847e-08
1.8785e-09
5.61823e-08
1.85039e-09
5.61791e-08
1.82357e-09
5.61752e-08
1.79794e-09
5.61707e-08
1.7734e-09
5.61658e-08
1.74989e-09
5.61606e-08
1.72732e-09
5.6155e-08
1.70563e-09
5.61492e-08
1.68474e-09
5.61433e-08
1.6646e-09
5.61372e-08
1.64516e-09
5.61311e-08
1.62637e-09
5.61249e-08
1.60819e-09
5.61187e-08
1.59058e-09
5.61125e-08
1.5735e-09
5.61063e-08
1.55693e-09
5.61001e-08
1.54082e-09
5.6094e-08
1.52515e-09
5.6088e-08
1.5099e-09
5.6082e-08
1.49503e-09
5.60761e-08
1.48054e-09
5.60703e-08
1.46638e-09
5.60646e-08
1.45255e-09
5.60589e-08
1.43901e-09
5.60534e-08
1.42576e-09
5.60479e-08
1.41277e-09
5.60426e-08
1.40003e-09
5.60373e-08
1.3875e-09
5.60321e-08
1.37518e-09
5.6027e-08
1.36305e-09
5.60219e-08
1.35109e-09
5.60169e-08
1.33927e-09
5.60119e-08
1.32759e-09
5.6007e-08
1.31601e-09
5.60022e-08
1.30453e-09
5.59973e-08
1.29312e-09
5.59925e-08
1.28177e-09
5.59877e-08
1.27045e-09
5.59829e-08
1.25914e-09
5.59781e-08
1.24783e-09
5.59732e-08
1.23649e-09
5.59684e-08
1.2251e-09
5.59634e-08
1.21364e-09
5.59585e-08
1.20209e-09
5.59534e-08
1.19043e-09
5.59483e-08
1.17863e-09
5.5943e-08
1.16668e-09
5.59377e-08
1.15456e-09
5.59322e-08
1.14224e-09
5.59266e-08
1.12971e-09
5.59209e-08
1.11694e-09
5.59149e-08
1.10392e-09
5.59088e-08
1.09063e-09
5.59025e-08
1.07705e-09
5.58959e-08
1.06317e-09
5.58892e-08
1.04899e-09
5.58821e-08
1.03448e-09
5.58748e-08
1.01965e-09
5.58672e-08
1.0045e-09
5.58593e-08
9.89018e-10
5.58511e-08
9.73228e-10
5.58425e-08
9.57141e-10
5.58335e-08
9.40781e-10
5.58241e-08
9.24181e-10
5.58143e-08
9.07388e-10
5.5804e-08
8.90457e-10
5.57933e-08
8.73462e-10
5.5782e-08
8.56492e-10
5.57702e-08
8.3965e-10
5.57579e-08
8.23047e-10
5.5745e-08
8.06773e-10
5.57317e-08
7.90848e-10
5.57177e-08
7.75107e-10
5.57025e-08
7.59098e-10
7.42303e-10
5.71478e-08
1.82599e-09
-5.70942e-08
5.72127e-08
1.93249e-09
5.7287e-08
2.02964e-09
5.7368e-08
2.115e-09
5.74531e-08
2.18685e-09
5.75396e-08
2.24431e-09
5.76252e-08
2.28728e-09
5.77078e-08
2.31627e-09
5.77858e-08
2.33223e-09
5.7858e-08
2.33648e-09
5.79235e-08
2.33056e-09
5.79819e-08
2.31613e-09
5.80332e-08
2.29485e-09
5.80774e-08
2.26831e-09
5.81149e-08
2.23793e-09
5.81462e-08
2.20498e-09
5.8172e-08
2.1705e-09
5.81928e-08
2.13535e-09
5.82093e-08
2.10017e-09
5.8222e-08
2.06545e-09
5.82316e-08
2.03153e-09
5.82384e-08
1.99863e-09
5.82429e-08
1.96688e-09
5.82455e-08
1.93633e-09
5.82465e-08
1.907e-09
5.82461e-08
1.87886e-09
5.82446e-08
1.85186e-09
5.82422e-08
1.82596e-09
5.82391e-08
1.8011e-09
5.82353e-08
1.77719e-09
5.8231e-08
1.75419e-09
5.82263e-08
1.73204e-09
5.82212e-08
1.71068e-09
5.82159e-08
1.69005e-09
5.82104e-08
1.67012e-09
5.82047e-08
1.65082e-09
5.81989e-08
1.63214e-09
5.81931e-08
1.61403e-09
5.81872e-08
1.59645e-09
5.81814e-08
1.57937e-09
5.81755e-08
1.56277e-09
5.81697e-08
1.54662e-09
5.8164e-08
1.53089e-09
5.81583e-08
1.51556e-09
5.81528e-08
1.5006e-09
5.81473e-08
1.486e-09
5.81419e-08
1.47174e-09
5.81367e-08
1.45779e-09
5.81316e-08
1.44413e-09
5.81266e-08
1.43075e-09
5.81217e-08
1.41763e-09
5.8117e-08
1.40476e-09
5.81124e-08
1.3921e-09
5.81079e-08
1.37965e-09
5.81036e-08
1.36739e-09
5.80994e-08
1.3553e-09
5.80953e-08
1.34336e-09
5.80913e-08
1.33155e-09
5.80875e-08
1.31986e-09
5.80837e-08
1.30827e-09
5.80801e-08
1.29676e-09
5.80766e-08
1.2853e-09
5.80731e-08
1.27389e-09
5.80698e-08
1.26249e-09
5.80665e-08
1.2511e-09
5.80633e-08
1.23969e-09
5.80602e-08
1.22824e-09
5.80571e-08
1.21672e-09
5.8054e-08
1.20513e-09
5.8051e-08
1.19344e-09
5.8048e-08
1.18162e-09
5.8045e-08
1.16967e-09
5.80421e-08
1.15755e-09
5.80391e-08
1.14524e-09
5.8036e-08
1.13274e-09
5.8033e-08
1.12001e-09
5.80298e-08
1.10705e-09
5.80266e-08
1.09384e-09
5.80233e-08
1.08035e-09
5.80199e-08
1.06659e-09
5.80163e-08
1.05253e-09
5.80126e-08
1.03818e-09
5.80088e-08
1.02352e-09
5.80047e-08
1.00856e-09
5.80004e-08
9.93301e-10
5.79959e-08
9.77755e-10
5.79911e-08
9.6194e-10
5.7986e-08
9.45881e-10
5.79806e-08
9.29612e-10
5.79748e-08
9.13179e-10
5.79686e-08
8.9664e-10
5.7962e-08
8.80069e-10
5.79549e-08
8.6355e-10
5.79474e-08
8.47185e-10
5.79394e-08
8.31079e-10
5.79308e-08
8.15322e-10
5.79217e-08
7.9996e-10
5.79119e-08
7.84945e-10
5.79008e-08
7.70179e-10
7.55991e-10
5.93292e-08
1.77639e-09
-5.92796e-08
5.93887e-08
1.87303e-09
5.94564e-08
1.96194e-09
5.95303e-08
2.04111e-09
5.96081e-08
2.10901e-09
5.96876e-08
2.16476e-09
5.97668e-08
2.20808e-09
5.98439e-08
2.23922e-09
5.99173e-08
2.25885e-09
5.99858e-08
2.26794e-09
6.00487e-08
2.26768e-09
6.01054e-08
2.25942e-09
6.01557e-08
2.24453e-09
6.01997e-08
2.22432e-09
6.02376e-08
2.20006e-09
6.02697e-08
2.17285e-09
6.02965e-08
2.14365e-09
6.03186e-08
2.11325e-09
6.03365e-08
2.08231e-09
6.03507e-08
2.0513e-09
6.03616e-08
2.0206e-09
6.03697e-08
1.99048e-09
6.03755e-08
1.96109e-09
6.03793e-08
1.93256e-09
6.03814e-08
1.90493e-09
6.0382e-08
1.87823e-09
6.03814e-08
1.85244e-09
6.03798e-08
1.82755e-09
6.03774e-08
1.80353e-09
6.03743e-08
1.78033e-09
6.03706e-08
1.75791e-09
6.03664e-08
1.73623e-09
6.03618e-08
1.71526e-09
6.03569e-08
1.69494e-09
6.03518e-08
1.67524e-09
6.03465e-08
1.65614e-09
6.0341e-08
1.63759e-09
6.03355e-08
1.61956e-09
6.03299e-08
1.60203e-09
6.03243e-08
1.58498e-09
6.03187e-08
1.56837e-09
6.03131e-08
1.55218e-09
6.03076e-08
1.5364e-09
6.03022e-08
1.52099e-09
6.02968e-08
1.50595e-09
6.02916e-08
1.49125e-09
6.02864e-08
1.47687e-09
6.02814e-08
1.4628e-09
6.02765e-08
1.44902e-09
6.02718e-08
1.4355e-09
6.02672e-08
1.42225e-09
6.02627e-08
1.40922e-09
6.02584e-08
1.39642e-09
6.02542e-08
1.38383e-09
6.02502e-08
1.37142e-09
6.02463e-08
1.35918e-09
6.02426e-08
1.34709e-09
6.0239e-08
1.33514e-09
6.02355e-08
1.3233e-09
6.02322e-08
1.31157e-09
6.02291e-08
1.29992e-09
6.02261e-08
1.28833e-09
6.02232e-08
1.27679e-09
6.02204e-08
1.26527e-09
6.02177e-08
1.25376e-09
6.02152e-08
1.24223e-09
6.02127e-08
1.23068e-09
6.02104e-08
1.21907e-09
6.02081e-08
1.20739e-09
6.0206e-08
1.19561e-09
6.02039e-08
1.18372e-09
6.02018e-08
1.1717e-09
6.01998e-08
1.15953e-09
6.01979e-08
1.14719e-09
6.0196e-08
1.13466e-09
6.01941e-08
1.12192e-09
6.01922e-08
1.10896e-09
6.01902e-08
1.09576e-09
6.01883e-08
1.08231e-09
6.01863e-08
1.06859e-09
6.01842e-08
1.0546e-09
6.01821e-08
1.04034e-09
6.01798e-08
1.02579e-09
6.01774e-08
1.01097e-09
6.01748e-08
9.95866e-10
6.01721e-08
9.80507e-10
6.01691e-08
9.64905e-10
6.01659e-08
9.49089e-10
6.01624e-08
9.33095e-10
6.01586e-08
9.16969e-10
6.01545e-08
9.0077e-10
6.015e-08
8.84571e-10
6.01451e-08
8.68457e-10
6.01397e-08
8.52527e-10
6.01339e-08
8.36883e-10
6.01276e-08
8.21624e-10
6.01208e-08
8.06829e-10
6.01132e-08
7.92556e-10
6.01044e-08
7.78948e-10
7.66739e-10
6.15883e-08
1.7304e-09
-6.15423e-08
6.16428e-08
1.81851e-09
6.17046e-08
1.90016e-09
6.1772e-08
1.97372e-09
6.18431e-08
2.03786e-09
6.19162e-08
2.09173e-09
6.19893e-08
2.13494e-09
6.20609e-08
2.16759e-09
6.21297e-08
2.19009e-09
6.21945e-08
2.20314e-09
6.22545e-08
2.20768e-09
6.23092e-08
2.20475e-09
6.23582e-08
2.19546e-09
6.24016e-08
2.18093e-09
6.24395e-08
2.16222e-09
6.2472e-08
2.14031e-09
6.24996e-08
2.11605e-09
6.25227e-08
2.09018e-09
6.25417e-08
2.06331e-09
6.2557e-08
2.03594e-09
6.25692e-08
2.00844e-09
6.25786e-08
1.9811e-09
6.25855e-08
1.95413e-09
6.25904e-08
1.92767e-09
6.25935e-08
1.90183e-09
6.25951e-08
1.87664e-09
6.25954e-08
1.85214e-09
6.25946e-08
1.82835e-09
6.25929e-08
1.80524e-09
6.25904e-08
1.78281e-09
6.25873e-08
1.76104e-09
6.25836e-08
1.73989e-09
6.25796e-08
1.71935e-09
6.25751e-08
1.69938e-09
6.25704e-08
1.67997e-09
6.25654e-08
1.66108e-09
6.25603e-08
1.6427e-09
6.25551e-08
1.62479e-09
6.25498e-08
1.60734e-09
6.25444e-08
1.59033e-09
6.25391e-08
1.57373e-09
6.25337e-08
1.55753e-09
6.25284e-08
1.5417e-09
6.25232e-08
1.52624e-09
6.2518e-08
1.51112e-09
6.25129e-08
1.49633e-09
6.2508e-08
1.48184e-09
6.25031e-08
1.46766e-09
6.24984e-08
1.45375e-09
6.24938e-08
1.4401e-09
6.24893e-08
1.42671e-09
6.2485e-08
1.41354e-09
6.24808e-08
1.4006e-09
6.24768e-08
1.38785e-09
6.24729e-08
1.37529e-09
6.24692e-08
1.3629e-09
6.24656e-08
1.35066e-09
6.24622e-08
1.33855e-09
6.2459e-08
1.32657e-09
6.24559e-08
1.31469e-09
6.24529e-08
1.30289e-09
6.24501e-08
1.29116e-09
6.24474e-08
1.27947e-09
6.24448e-08
1.26782e-09
6.24424e-08
1.25617e-09
6.24401e-08
1.24452e-09
6.24379e-08
1.23285e-09
6.24359e-08
1.22112e-09
6.24339e-08
1.20933e-09
6.24321e-08
1.19746e-09
6.24304e-08
1.18548e-09
6.24287e-08
1.17337e-09
6.24271e-08
1.16113e-09
6.24256e-08
1.14872e-09
6.24241e-08
1.13614e-09
6.24226e-08
1.12336e-09
6.24212e-08
1.11037e-09
6.24198e-08
1.09716e-09
6.24184e-08
1.08371e-09
6.2417e-08
1.07002e-09
6.24155e-08
1.05607e-09
6.2414e-08
1.04186e-09
6.24124e-08
1.0274e-09
6.24107e-08
1.01267e-09
6.24088e-08
9.977e-10
6.24069e-08
9.82494e-10
6.24047e-08
9.67073e-10
6.24023e-08
9.51468e-10
6.23997e-08
9.35714e-10
6.23968e-08
9.19862e-10
6.23936e-08
9.03969e-10
6.23901e-08
8.88109e-10
6.23862e-08
8.72367e-10
6.23818e-08
8.5684e-10
6.23771e-08
8.41633e-10
6.23719e-08
8.26855e-10
6.23661e-08
8.12617e-10
6.23596e-08
7.99056e-10
6.23521e-08
7.86456e-10
7.75654e-10
6.39281e-08
1.68778e-09
-6.38855e-08
6.39781e-08
1.76849e-09
6.40345e-08
1.84377e-09
6.4096e-08
1.91228e-09
6.41609e-08
1.97289e-09
6.42279e-08
2.02479e-09
6.42952e-08
2.06757e-09
6.43616e-08
2.1012e-09
6.44258e-08
2.1259e-09
6.44868e-08
2.14218e-09
6.45437e-08
2.15073e-09
6.45961e-08
2.15236e-09
6.46436e-08
2.14797e-09
6.46861e-08
2.13847e-09
6.47235e-08
2.12477e-09
6.47561e-08
2.10771e-09
6.47841e-08
2.08803e-09
6.48079e-08
2.06643e-09
6.48277e-08
2.04346e-09
6.48441e-08
2.0196e-09
6.48573e-08
1.99523e-09
6.48677e-08
1.97066e-09
6.48757e-08
1.94612e-09
6.48816e-08
1.92178e-09
6.48857e-08
1.89776e-09
6.48882e-08
1.87415e-09
6.48893e-08
1.851e-09
6.48893e-08
1.82836e-09
6.48883e-08
1.80624e-09
6.48865e-08
1.78464e-09
6.4884e-08
1.76356e-09
6.48809e-08
1.743e-09
6.48773e-08
1.72294e-09
6.48733e-08
1.70337e-09
6.4869e-08
1.68428e-09
6.48644e-08
1.66565e-09
6.48596e-08
1.64746e-09
6.48547e-08
1.6297e-09
6.48497e-08
1.61235e-09
6.48447e-08
1.5954e-09
6.48395e-08
1.57884e-09
6.48344e-08
1.56264e-09
6.48294e-08
1.54679e-09
6.48243e-08
1.53128e-09
6.48193e-08
1.5161e-09
6.48144e-08
1.50122e-09
6.48096e-08
1.48665e-09
6.48049e-08
1.47235e-09
6.48004e-08
1.45833e-09
6.47959e-08
1.44456e-09
6.47916e-08
1.43103e-09
6.47874e-08
1.41773e-09
6.47834e-08
1.40464e-09
6.47795e-08
1.39175e-09
6.47757e-08
1.37904e-09
6.47721e-08
1.3665e-09
6.47686e-08
1.35411e-09
6.47653e-08
1.34186e-09
6.47622e-08
1.32972e-09
6.47592e-08
1.31769e-09
6.47563e-08
1.30575e-09
6.47536e-08
1.29387e-09
6.4751e-08
1.28205e-09
6.47486e-08
1.27025e-09
6.47463e-08
1.25848e-09
6.47441e-08
1.2467e-09
6.47421e-08
1.23489e-09
6.47401e-08
1.22305e-09
6.47383e-08
1.21115e-09
6.47366e-08
1.19917e-09
6.4735e-08
1.18709e-09
6.47335e-08
1.1749e-09
6.4732e-08
1.16257e-09
6.47307e-08
1.15009e-09
6.47293e-08
1.13745e-09
6.47281e-08
1.12462e-09
6.47269e-08
1.1116e-09
6.47256e-08
1.09837e-09
6.47244e-08
1.08491e-09
6.47232e-08
1.07123e-09
6.4722e-08
1.05731e-09
6.47207e-08
1.04314e-09
6.47194e-08
1.02874e-09
6.47179e-08
1.01411e-09
6.47164e-08
9.99248e-10
6.47147e-08
9.84179e-10
6.47129e-08
9.68923e-10
6.47108e-08
9.53511e-10
6.47085e-08
9.3798e-10
6.4706e-08
9.22382e-10
6.47032e-08
9.06776e-10
6.47001e-08
8.91234e-10
6.46966e-08
8.75842e-10
6.46928e-08
8.60698e-10
6.46885e-08
8.4591e-10
6.46837e-08
8.31597e-10
6.46785e-08
8.17897e-10
6.46725e-08
8.04996e-10
6.46657e-08
7.9324e-10
7.83409e-10
6.63518e-08
1.64834e-09
-6.63124e-08
6.63977e-08
1.72263e-09
6.64491e-08
1.79231e-09
6.65051e-08
1.8563e-09
6.65644e-08
1.91362e-09
6.66256e-08
1.96356e-09
6.66875e-08
2.00568e-09
6.67488e-08
2.03987e-09
6.68085e-08
2.06623e-09
6.68656e-08
2.0851e-09
6.69193e-08
2.09697e-09
6.69692e-08
2.10249e-09
6.70148e-08
2.10234e-09
6.7056e-08
2.09728e-09
6.70927e-08
2.08806e-09
6.7125e-08
2.07539e-09
6.71531e-08
2.05994e-09
6.71773e-08
2.0423e-09
6.71977e-08
2.02302e-09
6.72148e-08
2.00252e-09
6.72288e-08
1.9812e-09
6.72401e-08
1.95934e-09
6.72491e-08
1.93721e-09
6.72559e-08
1.91499e-09
6.72608e-08
1.89282e-09
6.72641e-08
1.87082e-09
6.7266e-08
1.84907e-09
6.72668e-08
1.82763e-09
6.72665e-08
1.80654e-09
6.72653e-08
1.78582e-09
6.72634e-08
1.76549e-09
6.72608e-08
1.74555e-09
6.72577e-08
1.72602e-09
6.72542e-08
1.70689e-09
6.72503e-08
1.68816e-09
6.72462e-08
1.66981e-09
6.72418e-08
1.65185e-09
6.72372e-08
1.63427e-09
6.72325e-08
1.61705e-09
6.72277e-08
1.60018e-09
6.72229e-08
1.58367e-09
6.72181e-08
1.56749e-09
6.72132e-08
1.55163e-09
6.72084e-08
1.53609e-09
6.72036e-08
1.52086e-09
6.71989e-08
1.50592e-09
6.71943e-08
1.49126e-09
6.71898e-08
1.47687e-09
6.71854e-08
1.46274e-09
6.71811e-08
1.44886e-09
6.71769e-08
1.4352e-09
6.71729e-08
1.42177e-09
6.7169e-08
1.40855e-09
6.71652e-08
1.39552e-09
6.71616e-08
1.38267e-09
6.71581e-08
1.36999e-09
6.71547e-08
1.35745e-09
6.71515e-08
1.34505e-09
6.71485e-08
1.33278e-09
6.71456e-08
1.3206e-09
6.71428e-08
1.30851e-09
6.71402e-08
1.2965e-09
6.71377e-08
1.28453e-09
6.71353e-08
1.27261e-09
6.71331e-08
1.2607e-09
6.7131e-08
1.24879e-09
6.71291e-08
1.23687e-09
6.71272e-08
1.2249e-09
6.71255e-08
1.21289e-09
6.71238e-08
1.20081e-09
6.71223e-08
1.18863e-09
6.71208e-08
1.17635e-09
6.71195e-08
1.16394e-09
6.71182e-08
1.15139e-09
6.71169e-08
1.13869e-09
6.71157e-08
1.12581e-09
6.71146e-08
1.11275e-09
6.71135e-08
1.09949e-09
6.71123e-08
1.08603e-09
6.71112e-08
1.07235e-09
6.71101e-08
1.05845e-09
6.71089e-08
1.04433e-09
6.71076e-08
1.02999e-09
6.71063e-08
1.01544e-09
6.71049e-08
1.00069e-09
6.71033e-08
9.85747e-10
6.71016e-08
9.70647e-10
6.70997e-08
9.55418e-10
6.70975e-08
9.40101e-10
6.70952e-08
9.24745e-10
6.70925e-08
9.09412e-10
6.70896e-08
8.94175e-10
6.70863e-08
8.79119e-10
6.70827e-08
8.64343e-10
6.70786e-08
8.49959e-10
6.70741e-08
8.36094e-10
6.70691e-08
8.22904e-10
6.70635e-08
8.10603e-10
6.70572e-08
7.99542e-10
7.90381e-10
6.88627e-08
1.61194e-09
-6.88263e-08
6.89047e-08
1.68064e-09
6.89516e-08
1.74542e-09
6.90025e-08
1.80538e-09
6.90565e-08
1.85968e-09
6.91123e-08
1.9077e-09
6.9169e-08
1.94901e-09
6.92254e-08
1.98344e-09
6.92806e-08
2.01102e-09
6.93338e-08
2.03193e-09
6.93842e-08
2.04654e-09
6.94314e-08
2.05532e-09
6.94749e-08
2.05882e-09
6.95145e-08
2.05764e-09
6.95502e-08
2.05239e-09
6.95819e-08
2.04368e-09
6.96098e-08
2.03208e-09
6.9634e-08
2.01812e-09
6.96547e-08
2.00228e-09
6.96723e-08
1.98497e-09
6.96869e-08
1.96656e-09
6.96989e-08
1.94734e-09
6.97085e-08
1.92756e-09
6.97161e-08
1.90744e-09
6.97218e-08
1.88713e-09
6.97258e-08
1.86676e-09
6.97285e-08
1.84643e-09
6.97299e-08
1.82622e-09
6.97302e-08
1.8062e-09
6.97297e-08
1.78639e-09
6.97283e-08
1.76685e-09
6.97263e-08
1.74758e-09
6.97237e-08
1.72861e-09
6.97207e-08
1.70994e-09
6.97172e-08
1.6916e-09
6.97135e-08
1.67357e-09
6.97094e-08
1.65586e-09
6.97052e-08
1.63848e-09
6.97009e-08
1.62141e-09
6.96964e-08
1.60465e-09
6.96919e-08
1.5882e-09
6.96873e-08
1.57206e-09
6.96827e-08
1.55622e-09
6.96781e-08
1.54066e-09
6.96736e-08
1.52539e-09
6.96691e-08
1.5104e-09
6.96647e-08
1.49567e-09
6.96604e-08
1.4812e-09
6.96562e-08
1.46697e-09
6.9652e-08
1.45298e-09
6.9648e-08
1.43921e-09
6.96441e-08
1.42566e-09
6.96404e-08
1.41231e-09
6.96367e-08
1.39915e-09
6.96332e-08
1.38617e-09
6.96299e-08
1.37335e-09
6.96267e-08
1.36067e-09
6.96236e-08
1.34814e-09
6.96206e-08
1.33572e-09
6.96178e-08
1.3234e-09
6.96152e-08
1.31118e-09
6.96126e-08
1.29903e-09
6.96102e-08
1.28693e-09
6.9608e-08
1.27487e-09
6.96058e-08
1.26284e-09
6.96038e-08
1.25081e-09
6.96019e-08
1.23876e-09
6.96001e-08
1.22669e-09
6.95985e-08
1.21457e-09
6.95969e-08
1.20238e-09
6.95954e-08
1.19011e-09
6.9594e-08
1.17774e-09
6.95927e-08
1.16526e-09
6.95914e-08
1.15264e-09
6.95903e-08
1.13988e-09
6.95891e-08
1.12695e-09
6.9588e-08
1.11385e-09
6.95869e-08
1.10057e-09
6.95859e-08
1.0871e-09
6.95848e-08
1.07343e-09
6.95837e-08
1.05955e-09
6.95825e-08
1.04547e-09
6.95813e-08
1.03119e-09
6.95801e-08
1.01672e-09
6.95787e-08
1.00207e-09
6.95772e-08
9.87254e-10
6.95755e-08
9.72305e-10
6.95737e-08
9.57254e-10
6.95716e-08
9.42141e-10
6.95694e-08
9.27019e-10
6.95668e-08
9.11949e-10
6.9564e-08
8.97005e-10
6.95609e-08
8.82273e-10
6.95573e-08
8.67851e-10
6.95534e-08
8.53856e-10
6.95491e-08
8.40419e-10
6.95443e-08
8.27707e-10
6.9539e-08
8.15941e-10
6.95331e-08
8.05451e-10
7.96762e-10
9.80032e-08
1.56705e-09
-9.79583e-08
9.80545e-08
1.62935e-09
9.81114e-08
1.68846e-09
9.81731e-08
1.74368e-09
9.82385e-08
1.79434e-09
9.83063e-08
1.83991e-09
9.83753e-08
1.88e-09
9.84443e-08
1.91441e-09
9.85122e-08
1.94307e-09
9.85781e-08
1.96607e-09
9.86411e-08
1.9836e-09
9.87004e-08
1.99598e-09
9.87556e-08
2.00358e-09
9.88064e-08
2.00685e-09
9.88526e-08
2.00623e-09
9.88941e-08
2.00221e-09
9.89309e-08
1.99525e-09
9.89632e-08
1.98578e-09
9.89913e-08
1.9742e-09
9.90154e-08
1.9609e-09
9.90357e-08
1.94619e-09
9.90527e-08
1.93037e-09
9.90666e-08
1.91367e-09
9.90777e-08
1.89632e-09
9.90864e-08
1.87848e-09
9.90928e-08
1.8603e-09
9.90974e-08
1.8419e-09
9.91002e-08
1.82339e-09
9.91016e-08
1.80484e-09
9.91016e-08
1.78631e-09
9.91006e-08
1.76786e-09
9.90987e-08
1.74954e-09
9.90959e-08
1.73137e-09
9.90925e-08
1.71338e-09
9.90885e-08
1.6956e-09
9.9084e-08
1.67803e-09
9.90792e-08
1.6607e-09
9.9074e-08
1.64362e-09
9.90686e-08
1.62678e-09
9.90631e-08
1.6102e-09
9.90574e-08
1.59387e-09
9.90517e-08
1.57781e-09
9.90459e-08
1.562e-09
9.90401e-08
1.54645e-09
9.90344e-08
1.53115e-09
9.90287e-08
1.51609e-09
9.9023e-08
1.50128e-09
9.90175e-08
1.48671e-09
9.90121e-08
1.47237e-09
9.90069e-08
1.45825e-09
9.90017e-08
1.44434e-09
9.89967e-08
1.43064e-09
9.89919e-08
1.41713e-09
9.89873e-08
1.40381e-09
9.89828e-08
1.39065e-09
9.89785e-08
1.37766e-09
9.89743e-08
1.36481e-09
9.89704e-08
1.35209e-09
9.89666e-08
1.33949e-09
9.8963e-08
1.327e-09
9.89596e-08
1.3146e-09
9.89564e-08
1.30227e-09
9.89533e-08
1.29e-09
9.89504e-08
1.27778e-09
9.89476e-08
1.26558e-09
9.89451e-08
1.25339e-09
9.89426e-08
1.24119e-09
9.89404e-08
1.22897e-09
9.89382e-08
1.21671e-09
9.89362e-08
1.20439e-09
9.89343e-08
1.192e-09
9.89325e-08
1.17952e-09
9.89309e-08
1.16693e-09
9.89293e-08
1.15423e-09
9.89278e-08
1.14139e-09
9.89263e-08
1.1284e-09
9.89249e-08
1.11526e-09
9.89235e-08
1.10195e-09
9.89222e-08
1.08846e-09
9.89208e-08
1.0748e-09
9.89194e-08
1.06096e-09
9.89179e-08
1.04693e-09
9.89164e-08
1.03273e-09
9.89148e-08
1.01836e-09
9.8913e-08
1.00385e-09
9.8911e-08
9.892e-10
9.89089e-08
9.74449e-10
9.89065e-08
9.5963e-10
9.89039e-08
9.44785e-10
9.89009e-08
9.29967e-10
9.88976e-08
9.15239e-10
9.8894e-08
9.00675e-10
9.88899e-08
8.86361e-10
9.88853e-08
8.72398e-10
9.88803e-08
8.58902e-10
9.88747e-08
8.46009e-10
9.88685e-08
8.33886e-10
9.88617e-08
8.22746e-10
9.88543e-08
8.12868e-10
8.04678e-10
1.10084e-07
1.52498e-09
-1.10042e-07
1.10131e-07
1.58168e-09
1.10184e-07
1.63577e-09
1.10241e-07
1.68673e-09
1.10301e-07
1.73403e-09
1.10364e-07
1.77721e-09
1.10428e-07
1.81594e-09
1.10493e-07
1.85001e-09
1.10556e-07
1.87929e-09
1.10619e-07
1.90379e-09
1.10679e-07
1.9236e-09
1.10736e-07
1.93891e-09
1.10789e-07
1.94995e-09
1.10839e-07
1.95703e-09
1.10885e-07
1.96048e-09
1.10926e-07
1.96065e-09
1.10964e-07
1.95789e-09
1.10997e-07
1.95255e-09
1.11026e-07
1.94498e-09
1.11052e-07
1.93548e-09
1.11073e-07
1.92435e-09
1.11092e-07
1.91185e-09
1.11107e-07
1.89821e-09
1.1112e-07
1.88364e-09
1.1113e-07
1.86831e-09
1.11138e-07
1.85239e-09
1.11144e-07
1.836e-09
1.11148e-07
1.81927e-09
1.11151e-07
1.80228e-09
1.11152e-07
1.78512e-09
1.11152e-07
1.76787e-09
1.11151e-07
1.75057e-09
1.11149e-07
1.73329e-09
1.11146e-07
1.71605e-09
1.11143e-07
1.69891e-09
1.11139e-07
1.68188e-09
1.11135e-07
1.66499e-09
1.1113e-07
1.64826e-09
1.11125e-07
1.6317e-09
1.1112e-07
1.61534e-09
1.11115e-07
1.59918e-09
1.1111e-07
1.58322e-09
1.11104e-07
1.56748e-09
1.11099e-07
1.55195e-09
1.11093e-07
1.53665e-09
1.11088e-07
1.52156e-09
1.11082e-07
1.5067e-09
1.11077e-07
1.49204e-09
1.11072e-07
1.4776e-09
1.11066e-07
1.46337e-09
1.11061e-07
1.44933e-09
1.11057e-07
1.43549e-09
1.11052e-07
1.42183e-09
1.11047e-07
1.40835e-09
1.11043e-07
1.39503e-09
1.11039e-07
1.38187e-09
1.11035e-07
1.36885e-09
1.11031e-07
1.35596e-09
1.11027e-07
1.34319e-09
1.11024e-07
1.33052e-09
1.1102e-07
1.31795e-09
1.11017e-07
1.30545e-09
1.11014e-07
1.29301e-09
1.11011e-07
1.28062e-09
1.11009e-07
1.26826e-09
1.11006e-07
1.25591e-09
1.11004e-07
1.24357e-09
1.11001e-07
1.2312e-09
1.10999e-07
1.2188e-09
1.10997e-07
1.20636e-09
1.10996e-07
1.19385e-09
1.10994e-07
1.18126e-09
1.10992e-07
1.16857e-09
1.10991e-07
1.15578e-09
1.10989e-07
1.14287e-09
1.10988e-07
1.12983e-09
1.10986e-07
1.11664e-09
1.10985e-07
1.1033e-09
1.10984e-07
1.08981e-09
1.10982e-07
1.07616e-09
1.10981e-07
1.06235e-09
1.10979e-07
1.04838e-09
1.10978e-07
1.03426e-09
1.10976e-07
1.02001e-09
1.10974e-07
1.00563e-09
1.10972e-07
9.91149e-10
1.1097e-07
9.76598e-10
1.10968e-07
9.62013e-10
1.10965e-07
9.47436e-10
1.10962e-07
9.32922e-10
1.10959e-07
9.18535e-10
1.10955e-07
9.04348e-10
1.10951e-07
8.90449e-10
1.10947e-07
8.76937e-10
1.10942e-07
8.63928e-10
1.10936e-07
8.51556e-10
1.1093e-07
8.39981e-10
1.10923e-07
8.29394e-10
1.10916e-07
8.20023e-10
8.12196e-10
1.23647e-07
1.48671e-09
-1.23609e-07
1.2369e-07
1.53864e-09
1.23737e-07
1.58844e-09
1.23788e-07
1.6357e-09
1.23842e-07
1.67999e-09
1.23899e-07
1.72096e-09
1.23956e-07
1.7583e-09
1.24014e-07
1.7918e-09
1.24072e-07
1.82133e-09
1.24129e-07
1.84684e-09
1.24185e-07
1.86834e-09
1.24238e-07
1.88592e-09
1.24288e-07
1.89972e-09
1.24335e-07
1.90994e-09
1.24379e-07
1.9168e-09
1.24419e-07
1.92054e-09
1.24455e-07
1.92144e-09
1.24488e-07
1.91977e-09
1.24517e-07
1.91579e-09
1.24543e-07
1.90977e-09
1.24565e-07
1.90195e-09
1.24584e-07
1.89256e-09
1.24601e-07
1.88182e-09
1.24615e-07
1.86992e-09
1.24626e-07
1.85704e-09
1.24635e-07
1.84333e-09
1.24642e-07
1.82894e-09
1.24647e-07
1.814e-09
1.24651e-07
1.7986e-09
1.24653e-07
1.78284e-09
1.24654e-07
1.76682e-09
1.24654e-07
1.7506e-09
1.24653e-07
1.73425e-09
1.24652e-07
1.71781e-09
1.24649e-07
1.70135e-09
1.24646e-07
1.68489e-09
1.24643e-07
1.66848e-09
1.24639e-07
1.65215e-09
1.24634e-07
1.63592e-09
1.2463e-07
1.61981e-09
1.24625e-07
1.60385e-09
1.2462e-07
1.58803e-09
1.24616e-07
1.57239e-09
1.24611e-07
1.55692e-09
1.24606e-07
1.54164e-09
1.24601e-07
1.52655e-09
1.24596e-07
1.51164e-09
1.24591e-07
1.49693e-09
1.24586e-07
1.48241e-09
1.24581e-07
1.46808e-09
1.24577e-07
1.45394e-09
1.24572e-07
1.43997e-09
1.24568e-07
1.42618e-09
1.24564e-07
1.41256e-09
1.2456e-07
1.39909e-09
1.24556e-07
1.38577e-09
1.24552e-07
1.3726e-09
1.24548e-07
1.35955e-09
1.24545e-07
1.34661e-09
1.24542e-07
1.33379e-09
1.24539e-07
1.32105e-09
1.24536e-07
1.30839e-09
1.24533e-07
1.29579e-09
1.2453e-07
1.28325e-09
1.24528e-07
1.27074e-09
1.24525e-07
1.25824e-09
1.24523e-07
1.24575e-09
1.24521e-07
1.23326e-09
1.24519e-07
1.22073e-09
1.24517e-07
1.20816e-09
1.24516e-07
1.19554e-09
1.24514e-07
1.18285e-09
1.24513e-07
1.17007e-09
1.24511e-07
1.1572e-09
1.2451e-07
1.14422e-09
1.24509e-07
1.13113e-09
1.24507e-07
1.11791e-09
1.24506e-07
1.10455e-09
1.24505e-07
1.09105e-09
1.24504e-07
1.07742e-09
1.24502e-07
1.06365e-09
1.24501e-07
1.04974e-09
1.24499e-07
1.0357e-09
1.24498e-07
1.02156e-09
1.24496e-07
1.00731e-09
1.24494e-07
9.93e-10
1.24492e-07
9.78646e-10
1.2449e-07
9.64288e-10
1.24488e-07
9.49973e-10
1.24485e-07
9.35754e-10
1.24482e-07
9.21697e-10
1.24478e-07
9.07874e-10
1.24474e-07
8.94372e-10
1.2447e-07
8.81289e-10
1.24465e-07
8.68739e-10
1.2446e-07
8.56848e-10
1.24454e-07
8.45765e-10
1.24448e-07
8.35655e-10
1.24441e-07
8.26705e-10
8.19189e-10
1.38872e-07
1.45342e-09
-1.38839e-07
1.38909e-07
1.50144e-09
1.3895e-07
1.54769e-09
1.38994e-07
1.59185e-09
1.3904e-07
1.63359e-09
1.39089e-07
1.6726e-09
1.39138e-07
1.70863e-09
1.39189e-07
1.74147e-09
1.39239e-07
1.77098e-09
1.39289e-07
1.79709e-09
1.39337e-07
1.81976e-09
1.39384e-07
1.83901e-09
1.39429e-07
1.85492e-09
1.39471e-07
1.86759e-09
1.39511e-07
1.87717e-09
1.39548e-07
1.88382e-09
1.39581e-07
1.88775e-09
1.39612e-07
1.88915e-09
1.3964e-07
1.88823e-09
1.39664e-07
1.88521e-09
1.39686e-07
1.88028e-09
1.39705e-07
1.87365e-09
1.39721e-07
1.8655e-09
1.39735e-07
1.85603e-09
1.39747e-07
1.84539e-09
1.39756e-07
1.83374e-09
1.39764e-07
1.82122e-09
1.3977e-07
1.80795e-09
1.39775e-07
1.79407e-09
1.39778e-07
1.77966e-09
1.3978e-07
1.76483e-09
1.39781e-07
1.74966e-09
1.39781e-07
1.73422e-09
1.3978e-07
1.71859e-09
1.39778e-07
1.70281e-09
1.39776e-07
1.68694e-09
1.39774e-07
1.67102e-09
1.39771e-07
1.6551e-09
1.39768e-07
1.63921e-09
1.39764e-07
1.62337e-09
1.3976e-07
1.60762e-09
1.39756e-07
1.59198e-09
1.39752e-07
1.57645e-09
1.39748e-07
1.56107e-09
1.39744e-07
1.54583e-09
1.3974e-07
1.53075e-09
1.39736e-07
1.51583e-09
1.39731e-07
1.50108e-09
1.39727e-07
1.48651e-09
1.39723e-07
1.4721e-09
1.39719e-07
1.45787e-09
1.39716e-07
1.4438e-09
1.39712e-07
1.4299e-09
1.39708e-07
1.41616e-09
1.39705e-07
1.40256e-09
1.39701e-07
1.38912e-09
1.39698e-07
1.3758e-09
1.39695e-07
1.36261e-09
1.39692e-07
1.34954e-09
1.39689e-07
1.33657e-09
1.39687e-07
1.32369e-09
1.39684e-07
1.31089e-09
1.39682e-07
1.29815e-09
1.3968e-07
1.28547e-09
1.39678e-07
1.27282e-09
1.39676e-07
1.2602e-09
1.39674e-07
1.24759e-09
1.39672e-07
1.23497e-09
1.39671e-07
1.22233e-09
1.39669e-07
1.20966e-09
1.39668e-07
1.19694e-09
1.39666e-07
1.18416e-09
1.39665e-07
1.1713e-09
1.39664e-07
1.15836e-09
1.39663e-07
1.14533e-09
1.39662e-07
1.13219e-09
1.39661e-07
1.11893e-09
1.3966e-07
1.10556e-09
1.39659e-07
1.09207e-09
1.39658e-07
1.07846e-09
1.39657e-07
1.06472e-09
1.39655e-07
1.05087e-09
1.39654e-07
1.03692e-09
1.39653e-07
1.02288e-09
1.39651e-07
1.00877e-09
1.3965e-07
9.94611e-10
1.39648e-07
9.80441e-10
1.39646e-07
9.66298e-10
1.39644e-07
9.52226e-10
1.39641e-07
9.38282e-10
1.39638e-07
9.24529e-10
1.39635e-07
9.1104e-10
1.39632e-07
8.97901e-10
1.39628e-07
8.85208e-10
1.39623e-07
8.73067e-10
1.39619e-07
8.616e-10
1.39614e-07
8.50939e-10
1.39608e-07
8.41228e-10
1.39602e-07
8.32614e-10
8.25322e-10
1.55962e-07
1.42664e-09
-1.55935e-07
1.55992e-07
1.47166e-09
1.56024e-07
1.51517e-09
1.56059e-07
1.55691e-09
1.56096e-07
1.59662e-09
1.56135e-07
1.63402e-09
1.56174e-07
1.66891e-09
1.56215e-07
1.70109e-09
1.56255e-07
1.73043e-09
1.56296e-07
1.75683e-09
1.56335e-07
1.78022e-09
1.56373e-07
1.80059e-09
1.5641e-07
1.81797e-09
1.56446e-07
1.8324e-09
1.56479e-07
1.84398e-09
1.5651e-07
1.85282e-09
1.56539e-07
1.85904e-09
1.56565e-07
1.86281e-09
1.56589e-07
1.86428e-09
1.5661e-07
1.86363e-09
1.5663e-07
1.86102e-09
1.56647e-07
1.85662e-09
1.56662e-07
1.8506e-09
1.56674e-07
1.84314e-09
1.56685e-07
1.83437e-09
1.56695e-07
1.82445e-09
1.56702e-07
1.81352e-09
1.56709e-07
1.80171e-09
1.56714e-07
1.78914e-09
1.56717e-07
1.77591e-09
1.5672e-07
1.76214e-09
1.56722e-07
1.7479e-09
1.56723e-07
1.73328e-09
1.56723e-07
1.71836e-09
1.56723e-07
1.7032e-09
1.56722e-07
1.68787e-09
1.5672e-07
1.67241e-09
1.56719e-07
1.65688e-09
1.56716e-07
1.64131e-09
1.56714e-07
1.62574e-09
1.56711e-07
1.61021e-09
1.56709e-07
1.59473e-09
1.56706e-07
1.57933e-09
1.56703e-07
1.56404e-09
1.567e-07
1.54886e-09
1.56697e-07
1.53381e-09
1.56694e-07
1.5189e-09
1.56691e-07
1.50414e-09
1.56688e-07
1.48954e-09
1.56685e-07
1.47508e-09
1.56682e-07
1.46079e-09
1.56679e-07
1.44665e-09
1.56676e-07
1.43267e-09
1.56673e-07
1.41883e-09
1.56671e-07
1.40514e-09
1.56668e-07
1.39159e-09
1.56666e-07
1.37817e-09
1.56664e-07
1.36487e-09
1.56662e-07
1.35168e-09
1.5666e-07
1.3386e-09
1.56658e-07
1.32561e-09
1.56656e-07
1.31269e-09
1.56654e-07
1.29985e-09
1.56653e-07
1.28705e-09
1.56651e-07
1.2743e-09
1.5665e-07
1.26157e-09
1.56648e-07
1.24886e-09
1.56647e-07
1.23614e-09
1.56646e-07
1.22341e-09
1.56645e-07
1.21066e-09
1.56644e-07
1.19786e-09
1.56643e-07
1.18501e-09
1.56643e-07
1.17209e-09
1.56642e-07
1.1591e-09
1.56641e-07
1.14602e-09
1.56641e-07
1.13285e-09
1.5664e-07
1.11958e-09
1.56639e-07
1.1062e-09
1.56639e-07
1.09271e-09
1.56638e-07
1.07912e-09
1.56637e-07
1.06543e-09
1.56636e-07
1.05163e-09
1.56636e-07
1.03776e-09
1.56635e-07
1.02381e-09
1.56634e-07
1.00981e-09
1.56632e-07
9.95795e-10
1.56631e-07
9.81788e-10
1.5663e-07
9.6783e-10
1.56628e-07
9.53969e-10
1.56626e-07
9.4026e-10
1.56624e-07
9.26768e-10
1.56621e-07
9.13564e-10
1.56618e-07
9.00732e-10
1.56615e-07
8.88365e-10
1.56612e-07
8.76565e-10
1.56608e-07
8.65445e-10
1.56604e-07
8.55125e-10
1.56599e-07
8.45731e-10
1.56594e-07
8.37389e-10
8.30305e-10
1.75145e-07
1.40852e-09
-1.75127e-07
1.75165e-07
1.45154e-09
1.75187e-07
1.49322e-09
1.7521e-07
1.53333e-09
1.75235e-07
1.57163e-09
1.75261e-07
1.6079e-09
1.75288e-07
1.64194e-09
1.75316e-07
1.67357e-09
1.75344e-07
1.70267e-09
1.75371e-07
1.72913e-09
1.75399e-07
1.75286e-09
1.75425e-07
1.77384e-09
1.75451e-07
1.79206e-09
1.75476e-07
1.80755e-09
1.755e-07
1.82035e-09
1.75522e-07
1.83054e-09
1.75543e-07
1.83822e-09
1.75562e-07
1.84351e-09
1.7558e-07
1.84654e-09
1.75596e-07
1.84744e-09
1.75611e-07
1.84637e-09
1.75624e-07
1.84348e-09
1.75636e-07
1.83891e-09
1.75646e-07
1.83282e-09
1.75655e-07
1.82536e-09
1.75663e-07
1.81665e-09
1.75669e-07
1.80685e-09
1.75675e-07
1.79607e-09
1.7568e-07
1.78444e-09
1.75684e-07
1.77207e-09
1.75687e-07
1.75906e-09
1.75689e-07
1.7455e-09
1.75691e-07
1.7315e-09
1.75692e-07
1.71712e-09
1.75693e-07
1.70243e-09
1.75693e-07
1.68751e-09
1.75693e-07
1.6724e-09
1.75693e-07
1.65717e-09
1.75692e-07
1.64186e-09
1.75692e-07
1.62651e-09
1.75691e-07
1.61115e-09
1.7569e-07
1.59582e-09
1.75688e-07
1.58054e-09
1.75687e-07
1.56533e-09
1.75686e-07
1.55022e-09
1.75684e-07
1.53521e-09
1.75683e-07
1.52033e-09
1.75682e-07
1.50558e-09
1.7568e-07
1.49097e-09
1.75679e-07
1.4765e-09
1.75677e-07
1.46217e-09
1.75676e-07
1.448e-09
1.75675e-07
1.43397e-09
1.75673e-07
1.42008e-09
1.75672e-07
1.40634e-09
1.75671e-07
1.39272e-09
1.7567e-07
1.37924e-09
1.75669e-07
1.36587e-09
1.75668e-07
1.35262e-09
1.75667e-07
1.33946e-09
1.75666e-07
1.3264e-09
1.75666e-07
1.31341e-09
1.75665e-07
1.30049e-09
1.75664e-07
1.28763e-09
1.75664e-07
1.27481e-09
1.75664e-07
1.26201e-09
1.75663e-07
1.24923e-09
1.75663e-07
1.23646e-09
1.75663e-07
1.22367e-09
1.75662e-07
1.21086e-09
1.75662e-07
1.19802e-09
1.75662e-07
1.18512e-09
1.75662e-07
1.17217e-09
1.75662e-07
1.15915e-09
1.75662e-07
1.14605e-09
1.75662e-07
1.13286e-09
1.75662e-07
1.11958e-09
1.75662e-07
1.1062e-09
1.75662e-07
1.09273e-09
1.75662e-07
1.07916e-09
1.75662e-07
1.0655e-09
1.75662e-07
1.05175e-09
1.75662e-07
1.03793e-09
1.75661e-07
1.02406e-09
1.75661e-07
1.01015e-09
1.7566e-07
9.96242e-10
1.7566e-07
9.82356e-10
1.75659e-07
9.68537e-10
1.75658e-07
9.54833e-10
1.75657e-07
9.41298e-10
1.75656e-07
9.27997e-10
1.75655e-07
9.15001e-10
1.75653e-07
9.02392e-10
1.75651e-07
8.9026e-10
1.75649e-07
8.78704e-10
1.75647e-07
8.67829e-10
1.75644e-07
8.57749e-10
1.75641e-07
8.48576e-10
1.75638e-07
8.40419e-10
8.33452e-10
1.96674e-07
-1.96667e-07
1.96681e-07
1.9669e-07
1.96698e-07
1.96708e-07
1.96718e-07
1.96729e-07
1.9674e-07
1.96751e-07
1.96762e-07
1.96773e-07
1.96785e-07
1.96796e-07
1.96806e-07
1.96817e-07
1.96827e-07
1.96837e-07
1.96846e-07
1.96855e-07
1.96863e-07
1.96871e-07
1.96878e-07
1.96885e-07
1.96891e-07
1.96897e-07
1.96902e-07
1.96907e-07
1.96911e-07
1.96915e-07
1.96919e-07
1.96923e-07
1.96926e-07
1.96929e-07
1.96931e-07
1.96934e-07
1.96936e-07
1.96938e-07
1.9694e-07
1.96942e-07
1.96944e-07
1.96946e-07
1.96947e-07
1.96949e-07
1.9695e-07
1.96952e-07
1.96953e-07
1.96954e-07
1.96955e-07
1.96957e-07
1.96958e-07
1.96959e-07
1.9696e-07
1.96961e-07
1.96963e-07
1.96964e-07
1.96965e-07
1.96966e-07
1.96967e-07
1.96968e-07
1.9697e-07
1.96971e-07
1.96972e-07
1.96973e-07
1.96974e-07
1.96976e-07
1.96977e-07
1.96978e-07
1.96979e-07
1.96981e-07
1.96982e-07
1.96983e-07
1.96984e-07
1.96986e-07
1.96987e-07
1.96988e-07
1.96989e-07
1.96991e-07
1.96992e-07
1.96993e-07
1.96994e-07
1.96995e-07
1.96997e-07
1.96998e-07
1.96999e-07
1.97e-07
1.97001e-07
1.97002e-07
1.97002e-07
1.97003e-07
1.97004e-07
1.97004e-07
1.97005e-07
1.97005e-07
1.97006e-07
1.97006e-07
1.97006e-07
1.97006e-07
1.97005e-07
1.97005e-07
3.45811e-08
7.0002e-12
3.4574e-08
1.50568e-11
3.45637e-08
2.40598e-11
3.45506e-08
3.39371e-11
3.45347e-08
4.46491e-11
3.45159e-08
5.61846e-11
3.44943e-08
6.85627e-11
3.44697e-08
8.18296e-11
3.44421e-08
9.60593e-11
3.44112e-08
1.11361e-10
3.43767e-08
1.27886e-10
3.43382e-08
1.45847e-10
3.42953e-08
1.65531e-10
3.42473e-08
1.87338e-10
3.41931e-08
2.11829e-10
3.41317e-08
2.39802e-10
3.40611e-08
2.72441e-10
3.39788e-08
3.11559e-10
3.38808e-08
3.60094e-10
3.37607e-08
4.23156e-10
3.36071e-08
5.10527e-10
3.33974e-08
6.43568e-10
3.30789e-08
8.78712e-10
3.24872e-08
1.42149e-09
3.03659e-09
3.58661e-08
1.09683e-11
3.58587e-08
2.2404e-11
3.58482e-08
3.45746e-11
3.58347e-08
4.74671e-11
3.58182e-08
6.11081e-11
3.57989e-08
7.55507e-11
3.57765e-08
9.087e-11
3.57512e-08
1.07166e-10
3.57227e-08
1.24568e-10
3.56908e-08
1.43252e-10
3.56552e-08
1.63446e-10
3.56156e-08
1.85459e-10
3.55715e-08
2.09705e-10
3.5522e-08
2.36754e-10
3.54665e-08
2.67398e-10
3.54035e-08
3.02771e-10
3.53314e-08
3.44547e-10
3.52477e-08
3.95301e-10
3.51486e-08
4.59196e-10
3.50283e-08
5.43417e-10
3.48774e-08
6.6144e-10
3.46797e-08
8.41244e-10
3.44107e-08
1.14775e-09
3.40864e-08
1.74576e-09
3.01019e-09
3.71988e-08
1.49893e-11
3.71912e-08
2.99451e-11
3.71804e-08
4.53789e-11
3.71665e-08
6.13842e-11
3.71496e-08
7.8049e-11
3.71296e-08
9.5489e-11
3.71067e-08
1.13837e-10
3.70806e-08
1.33246e-10
3.70512e-08
1.53904e-10
3.70184e-08
1.7605e-10
3.69819e-08
1.9999e-10
3.69412e-08
2.26126e-10
3.68959e-08
2.54997e-10
3.68454e-08
2.87329e-10
3.67886e-08
3.24137e-10
3.67245e-08
3.66857e-10
3.66515e-08
4.17601e-10
3.65672e-08
4.79584e-10
3.64685e-08
5.57924e-10
3.63507e-08
6.61225e-10
3.62073e-08
8.04854e-10
3.60305e-08
1.018e-09
3.58202e-08
1.35809e-09
3.56342e-08
1.93175e-09
2.88338e-09
3.8581e-08
1.90756e-11
3.85732e-08
3.76721e-11
3.85622e-08
5.64668e-11
3.85479e-08
7.56774e-11
3.85305e-08
9.5456e-11
3.851e-08
1.15979e-10
3.84864e-08
1.37436e-10
3.84596e-08
1.60035e-10
3.84295e-08
1.84022e-10
3.83958e-08
2.09696e-10
3.83584e-08
2.37438e-10
3.83168e-08
2.67742e-10
3.82705e-08
3.01259e-10
3.8219e-08
3.38864e-10
3.81613e-08
3.81765e-10
3.80965e-08
4.31661e-10
3.80231e-08
4.91019e-10
3.79392e-08
5.63529e-10
3.78422e-08
6.54928e-10
3.77289e-08
7.74479e-10
3.7596e-08
9.37712e-10
3.74428e-08
1.17121e-09
3.72819e-08
1.51906e-09
3.71714e-08
2.04225e-09
2.77652e-09
4.00145e-08
2.32315e-11
4.00066e-08
4.55772e-11
3.99953e-08
6.78304e-11
3.99806e-08
9.03356e-11
3.99627e-08
1.13314e-10
3.99417e-08
1.37e-10
3.99175e-08
1.6164e-10
3.98901e-08
1.87498e-10
3.98592e-08
2.14872e-10
3.98248e-08
2.44124e-10
3.97865e-08
2.75704e-10
3.97441e-08
3.1019e-10
3.9697e-08
3.48334e-10
3.96447e-08
3.91141e-10
3.95865e-08
4.39981e-10
3.95214e-08
4.96759e-10
3.94482e-08
5.64193e-10
3.93655e-08
6.46263e-10
3.92715e-08
7.48949e-10
3.91645e-08
8.81457e-10
3.90441e-08
1.05812e-09
3.89144e-08
1.30086e-09
3.87934e-08
1.64009e-09
3.87301e-08
2.10556e-09
2.68705e-09
4.15014e-08
2.74593e-11
4.14933e-08
5.36533e-11
4.14817e-08
7.94595e-11
4.14666e-08
1.05345e-10
4.14484e-08
1.31602e-10
4.14268e-08
1.58526e-10
4.14021e-08
1.86416e-10
4.1374e-08
2.15589e-10
4.13424e-08
2.46397e-10
4.13073e-08
2.79259e-10
4.12683e-08
3.14689e-10
4.12252e-08
3.53337e-10
4.11775e-08
3.96045e-10
4.11247e-08
4.43921e-10
4.10662e-08
4.98459e-10
4.10013e-08
5.61703e-10
4.09289e-08
6.36509e-10
4.08483e-08
7.26944e-10
4.07583e-08
8.38883e-10
4.06589e-08
9.80876e-10
4.05518e-08
1.16519e-09
4.04443e-08
1.40841e-09
4.03551e-08
1.72926e-09
4.03228e-08
2.13789e-09
2.60794e-09
4.30434e-08
3.17593e-11
4.30352e-08
6.18923e-11
4.30233e-08
9.13408e-11
4.3008e-08
1.20686e-10
4.29893e-08
1.50297e-10
4.29673e-08
1.80524e-10
4.2942e-08
2.11722e-10
4.29133e-08
2.44256e-10
4.28812e-08
2.7853e-10
4.28454e-08
3.15013e-10
4.28058e-08
3.54277e-10
4.27621e-08
3.97034e-10
4.2714e-08
4.44194e-10
4.2661e-08
4.96944e-10
4.26026e-08
5.56853e-10
4.25382e-08
6.26033e-10
4.24674e-08
7.07361e-10
4.23895e-08
8.04798e-10
4.23046e-08
9.23816e-10
4.22136e-08
1.07188e-09
4.212e-08
1.25879e-09
4.20324e-08
1.49599e-09
4.19684e-08
1.79329e-09
4.19568e-08
2.14947e-09
2.53515e-09
4.46428e-08
3.61295e-11
4.46344e-08
7.0284e-11
4.46223e-08
1.03458e-10
4.46066e-08
1.36337e-10
4.45876e-08
1.69368e-10
4.45651e-08
2.02957e-10
4.45393e-08
2.37508e-10
4.45102e-08
2.73436e-10
4.44775e-08
3.1119e-10
4.44412e-08
3.51285e-10
4.44012e-08
3.94338e-10
4.43571e-08
4.41112e-10
4.43087e-08
4.92565e-10
4.42557e-08
5.49927e-10
4.41978e-08
6.14799e-10
4.41345e-08
6.89285e-10
4.40657e-08
7.76168e-10
4.39914e-08
8.79142e-10
4.39122e-08
1.00304e-09
4.383e-08
1.15402e-09
4.37495e-08
1.33932e-09
4.36795e-08
1.56601e-09
4.36352e-08
1.83753e-09
4.36379e-08
2.14683e-09
2.46665e-09
4.63016e-08
4.05665e-11
4.62931e-08
7.88164e-11
4.62807e-08
1.1579e-10
4.62648e-08
1.52271e-10
4.62454e-08
1.88779e-10
4.62226e-08
2.25777e-10
4.61964e-08
2.63716e-10
4.61667e-08
3.03055e-10
4.61336e-08
3.44284e-10
4.6097e-08
3.87957e-10
4.60566e-08
4.34726e-10
4.60123e-08
4.85386e-10
4.5964e-08
5.40923e-10
4.59113e-08
6.02577e-10
4.58542e-08
6.7193e-10
4.57925e-08
7.51008e-10
4.57262e-08
8.42403e-10
4.5656e-08
9.49405e-10
4.55829e-08
1.07608e-09
4.55098e-08
1.22717e-09
4.54415e-08
1.40756e-09
4.53867e-08
1.62083e-09
4.5358e-08
1.86627e-09
4.53705e-08
2.13427e-09
2.40148e-09
4.8022e-08
4.50644e-11
4.80134e-08
8.74746e-11
4.80009e-08
1.28313e-10
4.79847e-08
1.68453e-10
4.7965e-08
2.08487e-10
4.79418e-08
2.4893e-10
4.79153e-08
2.90278e-10
4.78853e-08
3.33029e-10
4.78519e-08
3.77709e-10
4.78149e-08
4.249e-10
4.77744e-08
4.75279e-10
4.77301e-08
5.29658e-10
4.7682e-08
5.89022e-10
4.763e-08
6.54591e-10
4.7574e-08
7.27882e-10
4.75143e-08
8.10777e-10
4.74511e-08
9.05598e-10
4.73853e-08
1.01514e-09
4.73188e-08
1.14264e-09
4.72545e-08
1.29146e-09
4.71975e-08
1.46448e-09
4.71557e-08
1.66267e-09
4.71391e-08
1.88283e-09
4.71586e-08
2.11476e-09
2.3392e-09
4.98064e-08
4.96156e-11
4.97976e-08
9.62412e-11
4.9785e-08
1.41e-10
4.97686e-08
1.84846e-10
4.97486e-08
2.28443e-10
4.97252e-08
2.72353e-10
4.96984e-08
3.17116e-10
4.96681e-08
3.63263e-10
4.96345e-08
4.11346e-10
4.95974e-08
4.61971e-10
4.95569e-08
5.15824e-10
4.95128e-08
5.73714e-10
4.94652e-08
6.36607e-10
4.94141e-08
7.05667e-10
4.93597e-08
7.82303e-10
4.93023e-08
8.68204e-10
4.92425e-08
9.65363e-10
4.91816e-08
1.07604e-09
4.91217e-08
1.20261e-09
4.90659e-08
1.34725e-09
4.90192e-08
1.51117e-09
4.89883e-08
1.69355e-09
4.89813e-08
1.88987e-09
4.90056e-08
2.0904e-09
2.27964e-09
5.16571e-08
5.42106e-11
5.16482e-08
1.05095e-10
5.16354e-08
1.53817e-10
5.16189e-08
2.01406e-10
5.15987e-08
2.48587e-10
5.15751e-08
2.95975e-10
5.15481e-08
3.44141e-10
5.15177e-08
3.93648e-10
5.1484e-08
4.45068e-10
5.14469e-08
4.99015e-10
5.14066e-08
5.56174e-10
5.1363e-08
6.17336e-10
5.13161e-08
6.8342e-10
5.12663e-08
7.55508e-10
5.12137e-08
8.34865e-10
5.1159e-08
9.22949e-10
5.1103e-08
1.02139e-09
5.10471e-08
1.1319e-09
5.09937e-08
1.25607e-09
5.09459e-08
1.39502e-09
5.09083e-08
1.54874e-09
5.08866e-08
1.71524e-09
5.0887e-08
1.88949e-09
5.09147e-08
2.06275e-09
2.22269e-09
5.35766e-08
5.88377e-11
5.35676e-08
1.14013e-10
5.35547e-08
1.66727e-10
5.35381e-08
2.1808e-10
5.35178e-08
2.68857e-10
5.3494e-08
3.19714e-10
5.34669e-08
3.71258e-10
5.34365e-08
4.24069e-10
5.34028e-08
4.78734e-10
5.3366e-08
5.35866e-10
5.3326e-08
5.96137e-10
5.32831e-08
6.60298e-10
5.32373e-08
7.29205e-10
5.3189e-08
8.0383e-10
5.31386e-08
8.8527e-10
5.30868e-08
9.74726e-10
5.30347e-08
1.07345e-09
5.2984e-08
1.18264e-09
5.29369e-08
1.30318e-09
5.28965e-08
1.43535e-09
5.2867e-08
1.57827e-09
5.2853e-08
1.72928e-09
5.28591e-08
1.88336e-09
5.28889e-08
2.03294e-09
2.16832e-09
5.55674e-08
6.34833e-11
5.55584e-08
1.22967e-10
5.55454e-08
1.79687e-10
5.55287e-08
2.34812e-10
5.55084e-08
2.89179e-10
5.54846e-08
3.43483e-10
5.54575e-08
3.98357e-10
5.54272e-08
4.54398e-10
5.53937e-08
5.12195e-10
5.53572e-08
5.72352e-10
5.53179e-08
6.35511e-10
5.52758e-08
7.02374e-10
5.52313e-08
7.73711e-10
5.51847e-08
8.50369e-10
5.51368e-08
9.33256e-10
5.50882e-08
1.02331e-09
5.50402e-08
1.12142e-09
5.49946e-08
1.22829e-09
5.49535e-08
1.34424e-09
5.492e-08
1.4689e-09
5.48974e-08
1.6008e-09
5.48897e-08
1.73702e-09
5.49002e-08
1.87283e-09
5.49313e-08
2.00184e-09
2.11649e-09
5.76321e-08
6.81317e-11
5.76232e-08
1.31924e-10
5.76102e-08
1.92651e-10
5.75935e-08
2.51538e-10
5.75732e-08
3.09472e-10
5.75495e-08
3.67182e-10
5.75225e-08
4.25321e-10
5.74924e-08
4.84497e-10
5.74593e-08
5.45292e-10
5.74234e-08
6.0829e-10
5.73848e-08
6.74094e-10
5.73438e-08
7.4334e-10
5.73009e-08
8.16703e-10
5.72563e-08
8.94887e-10
5.7211e-08
9.78605e-10
5.71658e-08
1.06853e-09
5.7122e-08
1.16522e-09
5.70813e-08
1.26896e-09
5.70459e-08
1.3796e-09
5.70185e-08
1.49631e-09
5.7002e-08
1.6173e-09
5.69994e-08
1.73961e-09
5.70133e-08
1.85899e-09
5.7045e-08
1.97014e-09
2.06721e-09
5.97736e-08
7.2765e-11
5.97647e-08
1.40851e-10
5.97518e-08
2.05564e-10
5.97352e-08
2.68186e-10
5.9715e-08
3.29647e-10
5.96915e-08
3.90705e-10
5.96648e-08
4.52026e-10
5.9635e-08
5.14221e-10
5.96025e-08
5.77859e-10
5.95673e-08
6.43496e-10
5.95297e-08
7.11684e-10
5.949e-08
7.82983e-10
5.94488e-08
8.5796e-10
5.94065e-08
9.37174e-10
5.93639e-08
1.02114e-09
5.93222e-08
1.11029e-09
5.92825e-08
1.20487e-09
5.92466e-08
1.30484e-09
5.92166e-08
1.40967e-09
5.91946e-08
1.51826e-09
5.91833e-08
1.62867e-09
5.91848e-08
1.73805e-09
5.92011e-08
1.84272e-09
5.92329e-08
1.93836e-09
2.02046e-09
6.19947e-08
7.73636e-11
6.19859e-08
1.49706e-10
6.19731e-08
2.18367e-10
6.19566e-08
2.84679e-10
6.19366e-08
3.49609e-10
6.19134e-08
4.13935e-10
6.18871e-08
4.78336e-10
6.18579e-08
5.43417e-10
6.1826e-08
6.09727e-10
6.17917e-08
6.77783e-10
6.17553e-08
7.48081e-10
6.17172e-08
8.21096e-10
6.16779e-08
8.97284e-10
6.1638e-08
9.77055e-10
6.15984e-08
1.06074e-09
6.15602e-08
1.14855e-09
6.15246e-08
1.24046e-09
6.14933e-08
1.33617e-09
6.1468e-08
1.43491e-09
6.14509e-08
1.5354e-09
6.14439e-08
1.63569e-09
6.14487e-08
1.7332e-09
6.14667e-08
1.82477e-09
6.14981e-08
1.90693e-09
1.97624e-09
6.42984e-08
8.19055e-11
6.42896e-08
1.58447e-10
6.4277e-08
2.30997e-10
6.42608e-08
3.00933e-10
6.42411e-08
3.69251e-10
6.42183e-08
4.3675e-10
6.41925e-08
5.0411e-10
6.4164e-08
5.71925e-10
6.4133e-08
6.4072e-10
6.40998e-08
7.10965e-10
6.40648e-08
7.83093e-10
6.40284e-08
8.57491e-10
6.39912e-08
9.345e-10
6.39539e-08
1.01439e-09
6.39173e-08
1.09732e-09
6.38826e-08
1.1833e-09
6.38509e-08
1.27211e-09
6.38238e-08
1.36323e-09
6.3803e-08
1.45577e-09
6.379e-08
1.54834e-09
6.37866e-08
1.63912e-09
6.3794e-08
1.7258e-09
6.3813e-08
1.80573e-09
6.38438e-08
1.87618e-09
1.93454e-09
6.66876e-08
8.63679e-11
6.66791e-08
1.67025e-10
6.66667e-08
2.43383e-10
6.66508e-08
3.16855e-10
6.66315e-08
3.88463e-10
6.66093e-08
4.59018e-10
6.65842e-08
5.292e-10
6.65565e-08
5.99584e-10
6.65266e-08
6.70663e-10
6.64947e-08
7.4286e-10
6.64613e-08
8.16537e-10
6.64267e-08
8.91994e-10
6.63918e-08
9.69461e-10
6.63571e-08
1.04907e-09
6.63236e-08
1.13084e-09
6.62923e-08
1.21461e-09
6.62644e-08
1.3e-09
6.62412e-08
1.38636e-09
6.62243e-08
1.47271e-09
6.6215e-08
1.55769e-09
6.62145e-08
1.63961e-09
6.62238e-08
1.71647e-09
6.62434e-08
1.78612e-09
6.62732e-08
1.8464e-09
1.89538e-09
6.91657e-08
9.07251e-11
6.91573e-08
1.75388e-10
6.91453e-08
2.55448e-10
6.91298e-08
3.32346e-10
6.91111e-08
4.07125e-10
6.90895e-08
4.80602e-10
6.90653e-08
5.5345e-10
6.90386e-08
6.26223e-10
6.90099e-08
6.99379e-10
6.89795e-08
7.73287e-10
6.89478e-08
8.48239e-10
6.89153e-08
9.24449e-10
6.88828e-08
1.00204e-09
6.88508e-08
1.08103e-09
6.88203e-08
1.16131e-09
6.87924e-08
1.24258e-09
6.8768e-08
1.32435e-09
6.87485e-08
1.40589e-09
6.8735e-08
1.48619e-09
6.87287e-08
1.56398e-09
6.87306e-08
1.63774e-09
6.87413e-08
1.70577e-09
6.87611e-08
1.76635e-09
6.87897e-08
1.81781e-09
1.85873e-09
9.83634e-08
9.64318e-11
9.83524e-08
1.86338e-10
9.83367e-08
2.71222e-10
9.83164e-08
3.52563e-10
9.82921e-08
4.31427e-10
9.82641e-08
5.08631e-10
9.82327e-08
5.8483e-10
9.81984e-08
6.60544e-10
9.81616e-08
7.36174e-10
9.81229e-08
8.12018e-10
9.80829e-08
8.88273e-10
9.80423e-08
9.65041e-10
9.8002e-08
1.04232e-09
9.7963e-08
1.11999e-09
9.79265e-08
1.1978e-09
9.78938e-08
1.27533e-09
9.78661e-08
1.35201e-09
9.7845e-08
1.42706e-09
9.78316e-08
1.49953e-09
9.78273e-08
1.5683e-09
9.78329e-08
1.6321e-09
9.7849e-08
1.68965e-09
9.78757e-08
1.73968e-09
9.79125e-08
1.78107e-09
1.81289e-09
1.1041e-07
1.02142e-10
1.10399e-07
1.97281e-10
1.10383e-07
2.86965e-10
1.10363e-07
3.72705e-10
1.10339e-07
4.55578e-10
1.10311e-07
5.36395e-10
1.1028e-07
6.15787e-10
1.10246e-07
6.94231e-10
1.10211e-07
7.72068e-10
1.10173e-07
8.49518e-10
1.10135e-07
9.26687e-10
1.10096e-07
1.00357e-09
1.10058e-07
1.08006e-09
1.10022e-07
1.15592e-09
1.09989e-07
1.23081e-09
1.09961e-07
1.30423e-09
1.09937e-07
1.37557e-09
1.0992e-07
1.4441e-09
1.09911e-07
1.50895e-09
1.0991e-07
1.5692e-09
1.09918e-07
1.62386e-09
1.09936e-07
1.67199e-09
1.09962e-07
1.71273e-09
1.09998e-07
1.74538e-09
1.76939e-09
1.23932e-07
1.07668e-10
1.23921e-07
2.07852e-10
1.23906e-07
3.02151e-10
1.23887e-07
3.92093e-10
1.23863e-07
4.78762e-10
1.23837e-07
5.62956e-10
1.23807e-07
6.45273e-10
1.23775e-07
7.26145e-10
1.23742e-07
8.05852e-10
1.23707e-07
8.84539e-10
1.23671e-07
9.62228e-10
1.23636e-07
1.03883e-09
1.23602e-07
1.11413e-09
1.2357e-07
1.18784e-09
1.23541e-07
1.25953e-09
1.23517e-07
1.3287e-09
1.23498e-07
1.39475e-09
1.23485e-07
1.45701e-09
1.23479e-07
1.51477e-09
1.23481e-07
1.56728e-09
1.23491e-07
1.61383e-09
1.23509e-07
1.65379e-09
1.23535e-07
1.6866e-09
1.23569e-07
1.71188e-09
1.72938e-09
1.3911e-07
1.12753e-10
1.391e-07
2.17558e-10
1.39086e-07
3.1607e-10
1.39068e-07
4.09827e-10
1.39047e-07
4.9991e-10
1.39023e-07
5.87098e-10
1.38996e-07
6.71958e-10
1.38968e-07
7.54876e-10
1.38938e-07
8.36073e-10
1.38906e-07
9.15628e-10
1.38875e-07
9.93491e-10
1.38845e-07
1.0695e-09
1.38815e-07
1.14339e-09
1.38788e-07
1.2148e-09
1.38765e-07
1.2833e-09
1.38745e-07
1.3484e-09
1.3873e-07
1.40954e-09
1.38721e-07
1.46614e-09
1.38718e-07
1.51764e-09
1.38722e-07
1.56349e-09
1.38732e-07
1.6032e-09
1.3875e-07
1.63635e-09
1.38774e-07
1.66267e-09
1.38804e-07
1.68198e-09
1.69425e-09
1.56147e-07
1.17055e-10
1.56139e-07
2.25744e-10
1.56127e-07
3.27787e-10
1.56112e-07
4.24725e-10
1.56094e-07
5.17632e-10
1.56074e-07
6.07267e-10
1.56052e-07
6.94165e-10
1.56028e-07
7.78672e-10
1.56003e-07
8.60961e-10
1.55978e-07
9.41057e-10
1.55953e-07
1.01886e-09
1.55928e-07
1.09415e-09
1.55905e-07
1.16663e-09
1.55884e-07
1.23592e-09
1.55865e-07
1.30159e-09
1.5585e-07
1.36316e-09
1.5584e-07
1.42016e-09
1.55834e-07
1.47211e-09
1.55833e-07
1.51855e-09
1.55837e-07
1.5591e-09
1.55847e-07
1.59344e-09
1.55862e-07
1.62134e-09
1.55882e-07
1.64269e-09
1.55907e-07
1.65748e-09
1.6658e-09
1.75271e-07
1.20121e-10
1.75265e-07
2.31544e-10
1.75257e-07
3.36072e-10
1.75246e-07
4.35244e-10
1.75234e-07
5.30121e-10
1.75219e-07
6.21448e-10
1.75204e-07
7.09737e-10
1.75187e-07
7.95304e-10
1.7517e-07
8.78289e-10
1.75152e-07
9.58679e-10
1.75135e-07
1.03634e-09
1.75118e-07
1.11103e-09
1.75102e-07
1.18242e-09
1.75088e-07
1.25014e-09
1.75076e-07
1.31375e-09
1.75066e-07
1.37283e-09
1.75059e-07
1.42694e-09
1.75056e-07
1.47566e-09
1.75056e-07
1.51866e-09
1.75059e-07
1.55564e-09
1.75066e-07
1.5864e-09
1.75077e-07
1.61083e-09
1.7509e-07
1.62891e-09
1.75107e-07
1.64074e-09
1.64647e-09
1.96737e-07
1.96735e-07
1.96731e-07
1.96727e-07
1.96722e-07
1.96716e-07
1.9671e-07
1.96703e-07
1.96696e-07
1.96689e-07
1.96681e-07
1.96674e-07
1.96667e-07
1.96661e-07
1.96656e-07
1.96651e-07
1.96648e-07
1.96645e-07
1.96645e-07
1.96645e-07
1.96647e-07
1.9665e-07
1.96655e-07
1.96661e-07
)
;

boundaryField
{
    top
    {
        type            calculated;
        value           nonuniform List<scalar> 
125
(
1.40197e-09
1.44417e-09
1.48506e-09
1.52445e-09
1.5621e-09
1.59781e-09
1.63139e-09
1.66267e-09
1.69153e-09
1.71784e-09
1.74155e-09
1.7626e-09
1.78099e-09
1.79672e-09
1.80983e-09
1.82041e-09
1.82852e-09
1.83428e-09
1.8378e-09
1.83921e-09
1.83866e-09
1.83628e-09
1.83221e-09
1.82661e-09
1.81961e-09
1.81135e-09
1.80197e-09
1.79158e-09
1.78031e-09
1.76828e-09
1.75558e-09
1.7423e-09
1.72855e-09
1.7144e-09
1.69992e-09
1.68519e-09
1.67025e-09
1.65517e-09
1.63999e-09
1.62475e-09
1.60949e-09
1.59425e-09
1.57904e-09
1.5639e-09
1.54884e-09
1.53389e-09
1.51905e-09
1.50433e-09
1.48974e-09
1.4753e-09
1.46099e-09
1.44683e-09
1.43281e-09
1.41893e-09
1.40518e-09
1.39157e-09
1.37808e-09
1.36471e-09
1.35145e-09
1.33829e-09
1.32521e-09
1.31222e-09
1.29929e-09
1.28642e-09
1.27359e-09
1.26078e-09
1.248e-09
1.23521e-09
1.22242e-09
1.2096e-09
1.19675e-09
1.18385e-09
1.1709e-09
1.15788e-09
1.14478e-09
1.1316e-09
1.11833e-09
1.10496e-09
1.09151e-09
1.07796e-09
1.06432e-09
1.05061e-09
1.03683e-09
1.023e-09
1.00914e-09
9.95283e-10
9.81459e-10
9.6771e-10
9.54083e-10
9.40633e-10
9.27424e-10
9.14528e-10
9.02025e-10
8.90005e-10
8.78565e-10
8.67811e-10
8.57853e-10
8.48806e-10
8.40793e-10
8.34026e-10
1.21346e-10
2.33846e-10
3.39372e-10
4.39452e-10
5.35144e-10
6.27184e-10
7.16075e-10
8.02118e-10
8.85438e-10
9.66009e-10
1.04368e-09
1.11819e-09
1.18922e-09
1.25638e-09
1.31924e-09
1.37738e-09
1.43039e-09
1.47789e-09
1.51956e-09
1.55515e-09
1.58451e-09
1.60755e-09
1.62433e-09
1.63495e-09
1.63961e-09
)
;
    }
    inlet
    {
        type            calculated;
        value           nonuniform List<scalar> 
27
(
-9.83691e-08
-1.10416e-07
-1.23937e-07
-1.39115e-07
-1.56151e-07
-1.75274e-07
-1.96738e-07
-3.4585e-08
-3.587e-08
-3.72028e-08
-3.85851e-08
-4.00187e-08
-4.15056e-08
-4.30477e-08
-4.46472e-08
-4.6306e-08
-4.80265e-08
-4.9811e-08
-5.16617e-08
-5.35812e-08
-5.5572e-08
-5.76368e-08
-5.97783e-08
-6.19993e-08
-6.43029e-08
-6.66921e-08
-6.91701e-08
)
;
    }
    outlet
    {
        type            calculated;
        value           nonuniform List<scalar> 
27
(
9.88464e-08
1.10909e-07
1.24434e-07
1.39596e-07
1.56589e-07
1.75635e-07
1.97004e-07
2.09725e-09
6.66795e-09
1.16603e-08
1.69511e-08
2.23807e-08
2.77545e-08
3.28669e-08
3.75429e-08
4.16775e-08
4.52523e-08
4.83261e-08
5.10075e-08
5.34215e-08
5.56842e-08
5.78871e-08
6.00936e-08
6.23431e-08
6.4658e-08
6.70502e-08
6.95267e-08
)
;
    }
    plate
    {
        type            calculated;
        value           uniform 0;
    }
    symmBound
    {
        type            calculated;
        value           nonuniform List<scalar> 
25
(
-3.09502e-12
-7.8842e-12
-1.3846e-11
-2.08181e-11
-2.86971e-11
-3.74186e-11
-4.69484e-11
-5.72789e-11
-6.84282e-11
-8.0441e-11
-9.33929e-11
-1.07397e-10
-1.22617e-10
-1.39279e-10
-1.57705e-10
-1.78349e-10
-2.01872e-10
-2.29269e-10
-2.62107e-10
-3.0302e-10
-3.56868e-10
-4.33873e-10
-5.60298e-10
-8.29746e-10
-1.60313e-09
)
;
    }
    frontAndBack
    {
        type            empty;
        value           nonuniform 0();
    }
}


// ************************************************************************* //
