/*--------------------------------*- C++ -*----------------------------------*\
| =========                 |                                                 |
| \\      /  F ield         | OpenFOAM: The Open Source CFD Toolbox           |
|  \\    /   O peration     | Version:  2.3.0                                 |
|   \\  /    A nd           | Web:      www.OpenFOAM.org                      |
|    \\/     M anipulation  |                                                 |
\*---------------------------------------------------------------------------*/
FoamFile
{
    version     2.0;
    format      ascii;
    class       volVectorField;
    location    "0.3";
    object      U_0;
}
// * * * * * * * * * * * * * * * * * * * * * * * * * * * * * * * * * * * * * //

dimensions      [0 1 -1 0 0 0 0];

internalField   nonuniform List<vector> 
3105
(
(0.171558 0.00584318 0)
(0.154936 0.00598697 0)
(0.139119 0.0056087 0)
(0.124117 0.0050229 0)
(0.110311 0.00436568 0)
(0.097897 0.00369612 0)
(0.0869029 0.00305188 0)
(0.0772975 0.00245916 0)
(0.0690243 0.00193419 0)
(0.0619984 0.00148535 0)
(0.0561064 0.00111463 0)
(0.0512149 0.000818717 0)
(0.047182 0.000590284 0)
(0.0438674 0.000419569 0)
(0.0411398 0.000295953 0)
(0.0388822 0.000209184 0)
(0.0369949 0.000150151 0)
(0.0353958 0.000111234 0)
(0.0340195 8.63722e-05 0)
(0.0328158 7.09424e-05 0)
(0.0317465 6.15658e-05 0)
(0.0307836 5.58766e-05 0)
(0.0299064 5.22945e-05 0)
(0.0291 4.98178e-05 0)
(0.0283535 4.7851e-05 0)
(0.0276586 4.60678e-05 0)
(0.0270093 4.43108e-05 0)
(0.0264008 4.25211e-05 0)
(0.0258292 4.06922e-05 0)
(0.0252913 3.88416e-05 0)
(0.0247843 3.69945e-05 0)
(0.0243058 3.51749e-05 0)
(0.0238536 3.34024e-05 0)
(0.0234258 3.16911e-05 0)
(0.0230207 3.00497e-05 0)
(0.0226369 2.84827e-05 0)
(0.0222728 2.69914e-05 0)
(0.0219272 2.55747e-05 0)
(0.0215991 2.42301e-05 0)
(0.0212874 2.29542e-05 0)
(0.0209912 2.17429e-05 0)
(0.0207096 2.05923e-05 0)
(0.0204421 1.94981e-05 0)
(0.0201878 1.84564e-05 0)
(0.0199462 1.74635e-05 0)
(0.0197168 1.65157e-05 0)
(0.0194992 1.56098e-05 0)
(0.0192928 1.47425e-05 0)
(0.0190973 1.3911e-05 0)
(0.0189124 1.31127e-05 0)
(0.0187378 1.23454e-05 0)
(0.0185733 1.16071e-05 0)
(0.0184185 1.08968e-05 0)
(0.0182733 1.02142e-05 0)
(0.0181375 9.55983e-06 0)
(0.018011 8.93466e-06 0)
(0.0178935 8.33922e-06 0)
(0.0177851 7.77155e-06 0)
(0.0176855 7.22411e-06 0)
(0.0175948 6.67929e-06 0)
(0.0175132 6.10392e-06 0)
(0.0174411 5.44445e-06 0)
(0.0173791 4.62921e-06 0)
(0.0173283 3.59988e-06 0)
(0.0172902 2.40334e-06 0)
(0.0172667 1.20498e-06 0)
(0.0172601 2.01954e-07 0)
(0.0172677 -9.53875e-07 0)
(0.0172855 -1.97026e-06 0)
(0.0173118 -2.83276e-06 0)
(0.0173445 -3.45108e-06 0)
(0.0173816 -3.83062e-06 0)
(0.0174215 -4.01525e-06 0)
(0.0174625 -4.0479e-06 0)
(0.0175036 -3.96803e-06 0)
(0.0175437 -3.80601e-06 0)
(0.0175821 -3.58871e-06 0)
(0.0176185 -3.33842e-06 0)
(0.0176525 -3.07298e-06 0)
(0.0176841 -2.8056e-06 0)
(0.0177131 -2.54543e-06 0)
(0.0177397 -2.29831e-06 0)
(0.0177639 -2.06751e-06 0)
(0.017786 -1.85449e-06 0)
(0.0178059 -1.6594e-06 0)
(0.0178239 -1.48154e-06 0)
(0.0178402 -1.31981e-06 0)
(0.0178547 -1.17281e-06 0)
(0.0178678 -1.0391e-06 0)
(0.0178795 -9.17159e-07 0)
(0.0178898 -8.05453e-07 0)
(0.017899 -7.02409e-07 0)
(0.017907 -6.06302e-07 0)
(0.017914 -5.15114e-07 0)
(0.0179199 -4.26264e-07 0)
(0.0179249 -3.36168e-07 0)
(0.0179288 -2.39891e-07 0)
(0.0179317 -1.35642e-07 0)
(0.0179332 -6.86229e-08 0)
(0.0179364 -4.37139e-07 0)
(0.190585 0.0092621 0)
(0.188217 0.00988154 0)
(0.184333 0.00971942 0)
(0.179211 0.0092409 0)
(0.173319 0.00861531 0)
(0.167014 0.00789797 0)
(0.160526 0.0071272 0)
(0.154023 0.00633821 0)
(0.147639 0.00556099 0)
(0.141475 0.0048202 0)
(0.1356 0.0041351 0)
(0.130054 0.00351904 0)
(0.124858 0.00297919 0)
(0.120016 0.00251699 0)
(0.115521 0.00212916 0)
(0.111357 0.00180907 0)
(0.107505 0.00154813 0)
(0.103943 0.00133706 0)
(0.100646 0.00116678 0)
(0.0975929 0.00102909 0)
(0.0947601 0.000916973 0)
(0.0921273 0.000824683 0)
(0.0896753 0.000747681 0)
(0.087387 0.000682482 0)
(0.0852468 0.000626461 0)
(0.0832412 0.000577668 0)
(0.0813578 0.000534664 0)
(0.079586 0.000496383 0)
(0.0779162 0.000462028 0)
(0.07634 0.000430991 0)
(0.0748499 0.000402801 0)
(0.0734394 0.000377079 0)
(0.0721026 0.000353518 0)
(0.0708342 0.000331859 0)
(0.0696296 0.000311883 0)
(0.0684846 0.0002934 0)
(0.0673956 0.000276246 0)
(0.0663591 0.000260278 0)
(0.0653721 0.000245368 0)
(0.0644321 0.000231406 0)
(0.0635366 0.000218294 0)
(0.0626835 0.000205945 0)
(0.0618707 0.000194283 0)
(0.0610967 0.000183238 0)
(0.0603598 0.00017275 0)
(0.0596587 0.000162764 0)
(0.0589921 0.000153232 0)
(0.0583589 0.00014411 0)
(0.0577583 0.000135357 0)
(0.0571894 0.000126939 0)
(0.0566514 0.000118822 0)
(0.0561437 0.000110979 0)
(0.0556658 0.000103384 0)
(0.0552173 9.60154e-05 0)
(0.0547979 8.88539e-05 0)
(0.0544071 8.18803e-05 0)
(0.054045 7.50725e-05 0)
(0.0537114 6.83989e-05 0)
(0.0534065 6.18111e-05 0)
(0.0531305 5.52344e-05 0)
(0.0528839 4.85581e-05 0)
(0.0526678 4.16295e-05 0)
(0.0524833 3.42575e-05 0)
(0.0523318 2.62472e-05 0)
(0.052215 1.75041e-05 0)
(0.0521342 8.10978e-06 0)
(0.0520903 -1.24379e-06 0)
(0.0520869 -9.18626e-06 0)
(0.0521134 -1.45284e-05 0)
(0.0521619 -1.82066e-05 0)
(0.0522266 -2.0788e-05 0)
(0.0523025 -2.24246e-05 0)
(0.0523855 -2.31944e-05 0)
(0.0524723 -2.32185e-05 0)
(0.0525601 -2.26669e-05 0)
(0.0526467 -2.17025e-05 0)
(0.0527307 -2.04681e-05 0)
(0.0528109 -1.90763e-05 0)
(0.0528867 -1.76137e-05 0)
(0.0529576 -1.61436e-05 0)
(0.0530235 -1.47102e-05 0)
(0.0530843 -1.33422e-05 0)
(0.0531403 -1.20559e-05 0)
(0.0531916 -1.08593e-05 0)
(0.0532385 -9.75405e-06 0)
(0.0532811 -8.7377e-06 0)
(0.0533198 -7.8057e-06 0)
(0.0533548 -6.95222e-06 0)
(0.0533863 -6.1708e-06 0)
(0.0534146 -5.45469e-06 0)
(0.0534399 -4.79693e-06 0)
(0.0534624 -4.19021e-06 0)
(0.0534823 -3.62648e-06 0)
(0.0534996 -3.09637e-06 0)
(0.0535146 -2.58836e-06 0)
(0.0535272 -2.08813e-06 0)
(0.0535375 -1.58078e-06 0)
(0.0535455 -1.07106e-06 0)
(0.0535509 -7.0845e-07 0)
(0.0535574 -1.38329e-06 0)
(0.19356 0.008927 0)
(0.194307 0.00995076 0)
(0.194461 0.0103358 0)
(0.193841 0.010362 0)
(0.192535 0.0101511 0)
(0.19066 0.0097492 0)
(0.188309 0.00920023 0)
(0.185572 0.00855309 0)
(0.182538 0.00785344 0)
(0.179295 0.00714021 0)
(0.175918 0.00644469 0)
(0.172473 0.00578998 0)
(0.169011 0.00519086 0)
(0.165571 0.00465462 0)
(0.162182 0.00418245 0)
(0.158866 0.00377121 0)
(0.155636 0.00341511 0)
(0.1525 0.00310714 0)
(0.149462 0.00284015 0)
(0.146525 0.0026075 0)
(0.143687 0.00240337 0)
(0.140948 0.00222292 0)
(0.138306 0.0020622 0)
(0.135758 0.00191804 0)
(0.133302 0.00178793 0)
(0.130936 0.00166987 0)
(0.128656 0.00156228 0)
(0.12646 0.00146384 0)
(0.124344 0.00137349 0)
(0.122308 0.00129033 0)
(0.120347 0.00121358 0)
(0.118459 0.00114259 0)
(0.116642 0.00107677 0)
(0.114893 0.00101561 0)
(0.11321 0.000958634 0)
(0.111591 0.00090545 0)
(0.110033 0.000855686 0)
(0.108535 0.000809014 0)
(0.107095 0.000765139 0)
(0.105711 0.000723795 0)
(0.10438 0.000684743 0)
(0.103103 0.000647766 0)
(0.101876 0.00061267 0)
(0.100699 0.000579277 0)
(0.0995715 0.000547428 0)
(0.0984911 0.000516976 0)
(0.0974574 0.000487788 0)
(0.0964695 0.000459742 0)
(0.0955267 0.000432727 0)
(0.0946282 0.000406641 0)
(0.0937738 0.000381391 0)
(0.0929628 0.000356892 0)
(0.0921951 0.000333064 0)
(0.0914705 0.000309838 0)
(0.0907888 0.000287144 0)
(0.0901501 0.000264914 0)
(0.0895546 0.00024307 0)
(0.0890025 0.00022152 0)
(0.0884943 0.000200142 0)
(0.0880307 0.000178783 0)
(0.0876125 0.00015725 0)
(0.0872407 0.00013533 0)
(0.0869165 0.00011282 0)
(0.0866405 8.95891e-05 0)
(0.0864133 6.56569e-05 0)
(0.0862336 4.12228e-05 0)
(0.0860974 1.67296e-05 0)
(0.086001 -6.33102e-06 0)
(0.0859577 -2.51971e-05 0)
(0.0859575 -3.83882e-05 0)
(0.0859892 -4.68522e-05 0)
(0.0860446 -5.20729e-05 0)
(0.0861172 -5.49502e-05 0)
(0.0862016 -5.59527e-05 0)
(0.0862933 -5.54546e-05 0)
(0.0863889 -5.38072e-05 0)
(0.0864855 -5.13517e-05 0)
(0.0865811 -4.83781e-05 0)
(0.0866741 -4.51176e-05 0)
(0.0867635 -4.17426e-05 0)
(0.0868486 -3.83764e-05 0)
(0.0869289 -3.51024e-05 0)
(0.0870043 -3.19732e-05 0)
(0.0870746 -2.90189e-05 0)
(0.0871399 -2.62529e-05 0)
(0.0872003 -2.36779e-05 0)
(0.0872559 -2.12895e-05 0)
(0.087307 -1.90792e-05 0)
(0.0873537 -1.70362e-05 0)
(0.0873963 -1.51481e-05 0)
(0.0874348 -1.34016e-05 0)
(0.0874696 -1.1782e-05 0)
(0.0875007 -1.02728e-05 0)
(0.0875284 -8.85439e-06 0)
(0.0875527 -7.5023e-06 0)
(0.0875738 -6.18666e-06 0)
(0.0875916 -4.87797e-06 0)
(0.0876062 -3.58554e-06 0)
(0.0876173 -2.54757e-06 0)
(0.0876279 -2.85726e-06 0)
(0.194597 0.00830644 0)
(0.195709 0.0093908 0)
(0.196745 0.009986 0)
(0.197486 0.0102502 0)
(0.197892 0.0102757 0)
(0.197963 0.0101011 0)
(0.197699 0.00976176 0)
(0.197105 0.00929952 0)
(0.196205 0.00875604 0)
(0.195034 0.00816885 0)
(0.193632 0.00756985 0)
(0.192044 0.00698437 0)
(0.190308 0.00643059 0)
(0.188461 0.00591977 0)
(0.186534 0.00545718 0)
(0.184553 0.00504348 0)
(0.182537 0.00467615 0)
(0.180503 0.00435085 0)
(0.178462 0.00406241 0)
(0.176422 0.00380558 0)
(0.17439 0.00357548 0)
(0.172371 0.00336782 0)
(0.170368 0.003179 0)
(0.168385 0.00300608 0)
(0.166423 0.00284669 0)
(0.164486 0.00269895 0)
(0.162576 0.00256136 0)
(0.160693 0.00243274 0)
(0.15884 0.00231211 0)
(0.157019 0.0021987 0)
(0.155229 0.00209183 0)
(0.153473 0.00199094 0)
(0.151752 0.00189553 0)
(0.150066 0.00180515 0)
(0.148416 0.00171942 0)
(0.146803 0.00163798 0)
(0.145227 0.00156048 0)
(0.143689 0.00148663 0)
(0.142189 0.00141616 0)
(0.140728 0.00134879 0)
(0.139307 0.00128428 0)
(0.137924 0.00122242 0)
(0.136581 0.00116299 0)
(0.135278 0.00110579 0)
(0.134016 0.00105065 0)
(0.132794 0.000997373 0)
(0.131612 0.000945813 0)
(0.130472 0.000895812 0)
(0.129374 0.000847227 0)
(0.128317 0.000799919 0)
(0.127303 0.000753763 0)
(0.126332 0.000708635 0)
(0.125405 0.000664423 0)
(0.124521 0.000621016 0)
(0.123683 0.000578307 0)
(0.12289 0.000536183 0)
(0.122143 0.000494521 0)
(0.121444 0.000453178 0)
(0.120794 0.000411982 0)
(0.120193 0.000370735 0)
(0.119643 0.000329219 0)
(0.119145 0.000287235 0)
(0.1187 0.000244666 0)
(0.118309 0.000201589 0)
(0.117971 0.00015843 0)
(0.117685 0.000116101 0)
(0.117447 7.56889e-05 0)
(0.117253 3.76876e-05 0)
(0.11709 2.90198e-06 0)
(0.116972 -2.68485e-05 0)
(0.116903 -4.97018e-05 0)
(0.116873 -6.54176e-05 0)
(0.116873 -7.54068e-05 0)
(0.116898 -8.11176e-05 0)
(0.116941 -8.36505e-05 0)
(0.116997 -8.37628e-05 0)
(0.117063 -8.20673e-05 0)
(0.117136 -7.90737e-05 0)
(0.117212 -7.52097e-05 0)
(0.117291 -7.08147e-05 0)
(0.117369 -6.61467e-05 0)
(0.117446 -6.13925e-05 0)
(0.117522 -5.6682e-05 0)
(0.117595 -5.21015e-05 0)
(0.117664 -4.77045e-05 0)
(0.117731 -4.35208e-05 0)
(0.117794 -3.95645e-05 0)
(0.117853 -3.58388e-05 0)
(0.117908 -3.23396e-05 0)
(0.11796 -2.90583e-05 0)
(0.118008 -2.59824e-05 0)
(0.118052 -2.30961e-05 0)
(0.118092 -2.03796e-05 0)
(0.118129 -1.78072e-05 0)
(0.118162 -1.53454e-05 0)
(0.118192 -1.29508e-05 0)
(0.118218 -1.05761e-05 0)
(0.11824 -8.21144e-06 0)
(0.118258 -6.07444e-06 0)
(0.118274 -5.13357e-06 0)
(0.195333 0.0078145 0)
(0.196313 0.00881647 0)
(0.197375 0.00943835 0)
(0.198355 0.00977438 0)
(0.1992 0.00989831 0)
(0.199889 0.00984504 0)
(0.200397 0.00964143 0)
(0.200703 0.00931887 0)
(0.200797 0.00891055 0)
(0.200684 0.00844785 0)
(0.200376 0.00795872 0)
(0.199893 0.00746656 0)
(0.199258 0.00698939 0)
(0.198494 0.00653958 0)
(0.197624 0.00612428 0)
(0.196667 0.00574631 0)
(0.19564 0.00540535 0)
(0.194557 0.005099 0)
(0.193429 0.0048237 0)
(0.192263 0.00457548 0)
(0.191068 0.00435044 0)
(0.189848 0.00414501 0)
(0.188606 0.00395611 0)
(0.187348 0.00378117 0)
(0.186074 0.0036181 0)
(0.184789 0.00346523 0)
(0.183495 0.0033212 0)
(0.182194 0.00318496 0)
(0.180888 0.00305566 0)
(0.179579 0.00293258 0)
(0.17827 0.00281516 0)
(0.176963 0.0027029 0)
(0.175659 0.00259536 0)
(0.174361 0.00249219 0)
(0.17307 0.00239305 0)
(0.171788 0.00229762 0)
(0.170517 0.00220564 0)
(0.169258 0.00211686 0)
(0.168012 0.00203103 0)
(0.166782 0.00194794 0)
(0.165569 0.00186738 0)
(0.164373 0.00178916 0)
(0.163198 0.00171309 0)
(0.162043 0.00163901 0)
(0.160911 0.00156674 0)
(0.159802 0.00149613 0)
(0.158718 0.00142704 0)
(0.15766 0.0013593 0)
(0.156629 0.0012928 0)
(0.155628 0.00122738 0)
(0.154656 0.00116293 0)
(0.153716 0.00109932 0)
(0.152809 0.00103642 0)
(0.151937 0.000974126 0)
(0.1511 0.000912306 0)
(0.1503 0.000850834 0)
(0.149539 0.000789569 0)
(0.148819 0.000728349 0)
(0.14814 0.000666994 0)
(0.147506 0.000605311 0)
(0.146916 0.000543125 0)
(0.146373 0.000480327 0)
(0.145878 0.000416966 0)
(0.145431 0.00035337 0)
(0.145031 0.000290279 0)
(0.144678 0.000228933 0)
(0.14437 0.000170959 0)
(0.144104 0.000117959 0)
(0.143877 7.02536e-05 0)
(0.143678 2.7606e-05 0)
(0.143504 -9.33753e-06 0)
(0.143367 -3.95409e-05 0)
(0.143268 -6.2305e-05 0)
(0.143201 -7.81231e-05 0)
(0.14316 -8.83392e-05 0)
(0.143141 -9.4226e-05 0)
(0.14314 -9.68284e-05 0)
(0.143154 -9.69439e-05 0)
(0.143179 -9.52175e-05 0)
(0.143213 -9.21695e-05 0)
(0.143254 -8.82174e-05 0)
(0.1433 -8.36843e-05 0)
(0.14335 -7.88133e-05 0)
(0.143401 -7.37829e-05 0)
(0.143454 -6.87192e-05 0)
(0.143507 -6.37096e-05 0)
(0.143559 -5.88127e-05 0)
(0.143611 -5.40662e-05 0)
(0.143661 -4.94929e-05 0)
(0.143709 -4.51041e-05 0)
(0.143755 -4.09028e-05 0)
(0.1438 -3.68843e-05 0)
(0.143841 -3.30361e-05 0)
(0.14388 -2.93363e-05 0)
(0.143916 -2.5751e-05 0)
(0.143949 -2.22303e-05 0)
(0.14398 -1.87103e-05 0)
(0.144006 -1.51373e-05 0)
(0.144029 -1.15796e-05 0)
(0.144048 -8.41944e-06 0)
(0.195961 0.00738699 0)
(0.196773 0.00827697 0)
(0.197701 0.00887672 0)
(0.198628 0.00923537 0)
(0.199503 0.00940611 0)
(0.200303 0.00941921 0)
(0.201004 0.00929711 0)
(0.201585 0.00906502 0)
(0.202031 0.00875034 0)
(0.202336 0.00837964 0)
(0.202503 0.00797706 0)
(0.202538 0.0075633 0)
(0.202455 0.00715487 0)
(0.202265 0.00676374 0)
(0.201985 0.00639748 0)
(0.201627 0.00605995 0)
(0.201205 0.00575207 0)
(0.200727 0.00547275 0)
(0.200204 0.00521966 0)
(0.19964 0.00498986 0)
(0.199041 0.00478026 0)
(0.198411 0.00458793 0)
(0.197752 0.00441024 0)
(0.197068 0.00424493 0)
(0.196361 0.00409011 0)
(0.195631 0.00394424 0)
(0.194881 0.00380607 0)
(0.194113 0.00367459 0)
(0.193327 0.00354899 0)
(0.192525 0.00342861 0)
(0.191709 0.00331289 0)
(0.19088 0.00320137 0)
(0.19004 0.00309367 0)
(0.18919 0.00298942 0)
(0.188332 0.00288835 0)
(0.187467 0.00279017 0)
(0.186597 0.00269464 0)
(0.185724 0.00260154 0)
(0.184848 0.00251065 0)
(0.183971 0.0024218 0)
(0.183095 0.00233479 0)
(0.182221 0.00224946 0)
(0.181351 0.00216564 0)
(0.180486 0.0020832 0)
(0.179628 0.00200196 0)
(0.178778 0.0019218 0)
(0.177938 0.00184258 0)
(0.17711 0.00176417 0)
(0.176294 0.00168643 0)
(0.175492 0.00160924 0)
(0.174707 0.00153247 0)
(0.173939 0.00145602 0)
(0.17319 0.00137975 0)
(0.172463 0.00130355 0)
(0.171758 0.0012273 0)
(0.171077 0.00115087 0)
(0.170423 0.00107412 0)
(0.169797 0.000996889 0)
(0.169201 0.000919022 0)
(0.168636 0.000840372 0)
(0.168104 0.000760841 0)
(0.167607 0.00068045 0)
(0.167145 0.000599432 0)
(0.166719 0.000518347 0)
(0.166329 0.000438186 0)
(0.165974 0.000360393 0)
(0.165654 0.000286729 0)
(0.165366 0.000218907 0)
(0.16511 0.000158092 0)
(0.164884 0.00010483 0)
(0.164684 5.85097e-05 0)
(0.164501 1.85711e-05 0)
(0.164337 -1.48288e-05 0)
(0.164199 -4.15786e-05 0)
(0.164087 -6.17539e-05 0)
(0.163997 -7.61047e-05 0)
(0.163928 -8.57286e-05 0)
(0.163876 -9.1627e-05 0)
(0.16384 -9.46375e-05 0)
(0.163817 -9.54248e-05 0)
(0.163805 -9.4528e-05 0)
(0.163802 -9.23786e-05 0)
(0.163807 -8.93192e-05 0)
(0.163819 -8.5618e-05 0)
(0.163836 -8.14796e-05 0)
(0.163856 -7.70586e-05 0)
(0.16388 -7.24709e-05 0)
(0.163907 -6.78025e-05 0)
(0.163935 -6.31164e-05 0)
(0.163964 -5.84577e-05 0)
(0.163993 -5.3857e-05 0)
(0.164023 -4.93324e-05 0)
(0.164052 -4.48894e-05 0)
(0.164081 -4.05201e-05 0)
(0.164109 -3.6199e-05 0)
(0.164135 -3.18781e-05 0)
(0.164159 -2.74797e-05 0)
(0.164182 -2.28908e-05 0)
(0.164202 -1.79414e-05 0)
(0.164218 -1.20452e-05 0)
(0.196511 0.00701827 0)
(0.197186 0.00780131 0)
(0.197976 0.00836438 0)
(0.198797 0.00872602 0)
(0.199602 0.0089206 0)
(0.200365 0.00897302 0)
(0.201066 0.00890295 0)
(0.201687 0.00873173 0)
(0.202216 0.00848264 0)
(0.202644 0.00817858 0)
(0.202972 0.00784061 0)
(0.203203 0.00748698 0)
(0.203345 0.00713259 0)
(0.203407 0.00678865 0)
(0.203398 0.00646273 0)
(0.20333 0.00615915 0)
(0.203211 0.00587967 0)
(0.20305 0.00562413 0)
(0.202852 0.00539112 0)
(0.202622 0.00517853 0)
(0.202366 0.00498395 0)
(0.202085 0.00480497 0)
(0.201782 0.00463932 0)
(0.201458 0.00448502 0)
(0.201114 0.00434034 0)
(0.200751 0.00420386 0)
(0.200371 0.00407439 0)
(0.199973 0.00395094 0)
(0.199559 0.00383273 0)
(0.199128 0.00371909 0)
(0.198683 0.00360947 0)
(0.198223 0.00350341 0)
(0.197749 0.00340052 0)
(0.197263 0.00330045 0)
(0.196764 0.0032029 0)
(0.196255 0.0031076 0)
(0.195735 0.00301432 0)
(0.195206 0.00292282 0)
(0.194668 0.00283291 0)
(0.194123 0.00274439 0)
(0.193571 0.00265709 0)
(0.193015 0.00257085 0)
(0.192454 0.0024855 0)
(0.19189 0.0024009 0)
(0.191323 0.00231689 0)
(0.190757 0.00223334 0)
(0.19019 0.00215012 0)
(0.189625 0.00206708 0)
(0.189064 0.00198411 0)
(0.188506 0.00190108 0)
(0.187954 0.00181786 0)
(0.187409 0.00173433 0)
(0.186873 0.00165038 0)
(0.186346 0.00156589 0)
(0.185831 0.00148073 0)
(0.185329 0.00139478 0)
(0.184841 0.0013079 0)
(0.184369 0.00121996 0)
(0.183914 0.00113084 0)
(0.183479 0.00104045 0)
(0.183063 0.000948776 0)
(0.182669 0.000855972 0)
(0.182296 0.000762429 0)
(0.181946 0.000668883 0)
(0.181618 0.000576485 0)
(0.181313 0.000486784 0)
(0.181029 0.00040156 0)
(0.180767 0.000322521 0)
(0.180527 0.000250949 0)
(0.180307 0.000187547 0)
(0.180108 0.000132532 0)
(0.179928 8.56264e-05 0)
(0.179765 4.58267e-05 0)
(0.179612 1.23756e-05 0)
(0.179472 -1.50409e-05 0)
(0.179348 -3.68142e-05 0)
(0.179241 -5.33888e-05 0)
(0.179149 -6.54946e-05 0)
(0.179071 -7.39535e-05 0)
(0.179005 -7.94911e-05 0)
(0.178951 -8.27152e-05 0)
(0.178906 -8.41134e-05 0)
(0.17887 -8.40805e-05 0)
(0.178842 -8.29352e-05 0)
(0.178821 -8.09313e-05 0)
(0.178806 -7.82704e-05 0)
(0.178795 -7.51126e-05 0)
(0.178789 -7.15841e-05 0)
(0.178786 -6.77842e-05 0)
(0.178786 -6.37906e-05 0)
(0.178789 -5.96625e-05 0)
(0.178793 -5.5443e-05 0)
(0.178799 -5.11591e-05 0)
(0.178806 -4.68205e-05 0)
(0.178813 -4.2415e-05 0)
(0.178821 -3.79007e-05 0)
(0.178829 -3.31899e-05 0)
(0.178837 -2.81105e-05 0)
(0.178843 -2.22421e-05 0)
(0.178846 -1.40038e-05 0)
(0.196994 0.00669842 0)
(0.197564 0.00738494 0)
(0.198237 0.00790422 0)
(0.198953 0.00825719 0)
(0.199672 0.00846365 0)
(0.200367 0.00854264 0)
(0.201018 0.0085109 0)
(0.20161 0.00838638 0)
(0.202132 0.0081887 0)
(0.202576 0.00793755 0)
(0.202942 0.0076513 0)
(0.203231 0.0073461 0)
(0.20345 0.00703543 0)
(0.203604 0.00672976 0)
(0.203704 0.00643648 0)
(0.203755 0.00616026 0)
(0.203768 0.00590345 0)
(0.203747 0.00566664 0)
(0.203699 0.0054492 0)
(0.203628 0.00524971 0)
(0.203538 0.00506639 0)
(0.203431 0.00489729 0)
(0.203309 0.00474056 0)
(0.203174 0.00459444 0)
(0.203025 0.00445743 0)
(0.202864 0.0043282 0)
(0.202692 0.00420563 0)
(0.202508 0.0040888 0)
(0.202313 0.00397692 0)
(0.202106 0.00386933 0)
(0.201889 0.00376548 0)
(0.201661 0.00366489 0)
(0.201423 0.00356716 0)
(0.201175 0.00347194 0)
(0.200917 0.00337889 0)
(0.20065 0.00328776 0)
(0.200374 0.00319827 0)
(0.20009 0.0031102 0)
(0.199797 0.00302332 0)
(0.199497 0.00293745 0)
(0.199189 0.00285239 0)
(0.198875 0.00276796 0)
(0.198555 0.002684 0)
(0.198229 0.00260035 0)
(0.197899 0.00251684 0)
(0.197565 0.00243334 0)
(0.197228 0.0023497 0)
(0.196888 0.00226577 0)
(0.196546 0.00218142 0)
(0.196203 0.00209651 0)
(0.195861 0.00201093 0)
(0.19552 0.00192453 0)
(0.19518 0.00183719 0)
(0.194843 0.0017488 0)
(0.194511 0.00165922 0)
(0.194183 0.00156834 0)
(0.193861 0.00147603 0)
(0.193546 0.00138218 0)
(0.19324 0.00128671 0)
(0.192942 0.00118958 0)
(0.192654 0.00109087 0)
(0.192376 0.000990832 0)
(0.192109 0.000889966 0)
(0.191853 0.000789114 0)
(0.191607 0.000689497 0)
(0.191373 0.000592675 0)
(0.191149 0.000500386 0)
(0.190937 0.000414279 0)
(0.190737 0.000335627 0)
(0.19055 0.000265211 0)
(0.190375 0.000203374 0)
(0.190213 0.000149991 0)
(0.190063 0.000104643 0)
(0.189925 6.66419e-05 0)
(0.189797 3.4935e-05 0)
(0.189677 8.72373e-06 0)
(0.189565 -1.25295e-05 0)
(0.189463 -2.93721e-05 0)
(0.189371 -4.23296e-05 0)
(0.189288 -5.19917e-05 0)
(0.189214 -5.89437e-05 0)
(0.189147 -6.36871e-05 0)
(0.189088 -6.66397e-05 0)
(0.189036 -6.8143e-05 0)
(0.188989 -6.84725e-05 0)
(0.188947 -6.78524e-05 0)
(0.18891 -6.64666e-05 0)
(0.188877 -6.44653e-05 0)
(0.188848 -6.1972e-05 0)
(0.188821 -5.90875e-05 0)
(0.188797 -5.58933e-05 0)
(0.188776 -5.24532e-05 0)
(0.188756 -4.88132e-05 0)
(0.188737 -4.49996e-05 0)
(0.188721 -4.10142e-05 0)
(0.188705 -3.68227e-05 0)
(0.18869 -3.23333e-05 0)
(0.188676 -2.73324e-05 0)
(0.188663 -2.12275e-05 0)
(0.188645 -1.18592e-05 0)
(0.197421 0.00641566 0)
(0.197908 0.00701706 0)
(0.198483 0.00749041 0)
(0.199106 0.00782798 0)
(0.199743 0.00803919 0)
(0.200368 0.00813735 0)
(0.200962 0.00813597 0)
(0.201509 0.00804983 0)
(0.202 0.00789525 0)
(0.202428 0.00768898 0)
(0.202791 0.00744693 0)
(0.20309 0.00718338 0)
(0.203329 0.00691048 0)
(0.203515 0.00663791 0)
(0.203653 0.00637287 0)
(0.20375 0.00612018 0)
(0.203815 0.00588262 0)
(0.203851 0.00566141 0)
(0.203865 0.00545656 0)
(0.203862 0.00526728 0)
(0.203843 0.00509236 0)
(0.203812 0.00493032 0)
(0.203771 0.00477966 0)
(0.203721 0.00463894 0)
(0.203663 0.00450685 0)
(0.203598 0.00438219 0)
(0.203525 0.00426398 0)
(0.203446 0.00415131 0)
(0.203361 0.00404347 0)
(0.20327 0.00393979 0)
(0.203172 0.00383975 0)
(0.203068 0.00374287 0)
(0.202958 0.00364874 0)
(0.202843 0.00355699 0)
(0.202721 0.0034673 0)
(0.202594 0.00337938 0)
(0.202461 0.00329296 0)
(0.202323 0.0032078 0)
(0.202179 0.00312367 0)
(0.20203 0.00304036 0)
(0.201876 0.00295767 0)
(0.201717 0.00287541 0)
(0.201553 0.0027934 0)
(0.201385 0.00271146 0)
(0.201213 0.00262943 0)
(0.201037 0.00254715 0)
(0.200858 0.00246446 0)
(0.200676 0.0023812 0)
(0.200491 0.00229724 0)
(0.200303 0.00221242 0)
(0.200114 0.0021266 0)
(0.199923 0.00203966 0)
(0.199732 0.00195146 0)
(0.19954 0.00186187 0)
(0.199348 0.00177076 0)
(0.199157 0.00167802 0)
(0.198967 0.00158354 0)
(0.198779 0.00148722 0)
(0.198592 0.00138903 0)
(0.198409 0.00128897 0)
(0.198228 0.00118719 0)
(0.19805 0.001084 0)
(0.197875 0.000979977 0)
(0.197703 0.000875995 0)
(0.197534 0.000773274 0)
(0.197368 0.000673315 0)
(0.197205 0.000577759 0)
(0.197045 0.000488156 0)
(0.196891 0.000405741 0)
(0.196742 0.000331317 0)
(0.196599 0.000265269 0)
(0.196464 0.000207584 0)
(0.196336 0.000157965 0)
(0.196216 0.00011585 0)
(0.196104 8.05465e-05 0)
(0.195999 5.12721e-05 0)
(0.1959 2.71156e-05 0)
(0.195807 7.36182e-06 0)
(0.195719 -8.54251e-06 0)
(0.195637 -2.1119e-05 0)
(0.195561 -3.0829e-05 0)
(0.195491 -3.81079e-05 0)
(0.195425 -4.33583e-05 0)
(0.195364 -4.69271e-05 0)
(0.195306 -4.91007e-05 0)
(0.195253 -5.0117e-05 0)
(0.195202 -5.01742e-05 0)
(0.195154 -4.94386e-05 0)
(0.195108 -4.80506e-05 0)
(0.195064 -4.61289e-05 0)
(0.195022 -4.37732e-05 0)
(0.194981 -4.10658e-05 0)
(0.194941 -3.8071e-05 0)
(0.194902 -3.48324e-05 0)
(0.194865 -3.13677e-05 0)
(0.194828 -2.76553e-05 0)
(0.194792 -2.36091e-05 0)
(0.194757 -1.90069e-05 0)
(0.194723 -1.32266e-05 0)
(0.194683 -4.17058e-06 0)
(0.197797 0.00616178 0)
(0.198218 0.00668946 0)
(0.198713 0.00711805 0)
(0.199256 0.00743644 0)
(0.199819 0.00764724 0)
(0.200378 0.00775882 0)
(0.200915 0.00778155 0)
(0.201416 0.00772734 0)
(0.201871 0.0076096 0)
(0.202274 0.0074424 0)
(0.202623 0.00723938 0)
(0.202916 0.00701306 0)
(0.203158 0.00677428 0)
(0.203352 0.00653194 0)
(0.203505 0.00629288 0)
(0.203621 0.00606194 0)
(0.203706 0.00584223 0)
(0.203767 0.00563541 0)
(0.203807 0.00544201 0)
(0.203831 0.00526183 0)
(0.203843 0.00509411 0)
(0.203843 0.00493783 0)
(0.203836 0.00479186 0)
(0.203821 0.00465503 0)
(0.203801 0.00452624 0)
(0.203776 0.00440449 0)
(0.203746 0.00428887 0)
(0.203713 0.00417861 0)
(0.203676 0.00407301 0)
(0.203636 0.00397148 0)
(0.203593 0.0038735 0)
(0.203547 0.00377861 0)
(0.203497 0.00368641 0)
(0.203445 0.00359656 0)
(0.20339 0.00350871 0)
(0.203332 0.0034226 0)
(0.203272 0.00333794 0)
(0.203209 0.00325449 0)
(0.203143 0.00317201 0)
(0.203074 0.0030903 0)
(0.203003 0.00300915 0)
(0.202929 0.00292836 0)
(0.202852 0.00284774 0)
(0.202773 0.00276711 0)
(0.202692 0.0026863 0)
(0.202608 0.00260514 0)
(0.202522 0.00252346 0)
(0.202434 0.0024411 0)
(0.202344 0.00235791 0)
(0.202252 0.00227374 0)
(0.202158 0.00218844 0)
(0.202062 0.00210187 0)
(0.201965 0.0020139 0)
(0.201866 0.00192438 0)
(0.201767 0.00183321 0)
(0.201666 0.00174027 0)
(0.201564 0.00164546 0)
(0.201462 0.00154872 0)
(0.201358 0.00145003 0)
(0.201254 0.00134945 0)
(0.201148 0.00124716 0)
(0.201042 0.00114351 0)
(0.200934 0.00103911 0)
(0.200824 0.000934826 0)
(0.200712 0.000831821 0)
(0.200598 0.000731496 0)
(0.200483 0.000635359 0)
(0.200367 0.000544839 0)
(0.200251 0.0004611 0)
(0.200136 0.000384938 0)
(0.200023 0.000316769 0)
(0.199913 0.000256655 0)
(0.199807 0.000204375 0)
(0.199706 0.000159482 0)
(0.199609 0.000121386 0)
(0.199518 8.94e-05 0)
(0.199432 6.28165e-05 0)
(0.19935 4.0938e-05 0)
(0.199273 2.30574e-05 0)
(0.199199 8.58953e-06 0)
(0.199129 -2.92789e-06 0)
(0.199062 -1.19161e-05 0)
(0.198998 -1.87414e-05 0)
(0.198937 -2.37188e-05 0)
(0.198879 -2.71285e-05 0)
(0.198822 -2.92133e-05 0)
(0.198767 -3.01816e-05 0)
(0.198713 -3.02135e-05 0)
(0.19866 -2.94654e-05 0)
(0.198608 -2.80741e-05 0)
(0.198557 -2.61592e-05 0)
(0.198505 -2.38237e-05 0)
(0.198453 -2.11535e-05 0)
(0.198402 -1.82142e-05 0)
(0.19835 -1.50459e-05 0)
(0.198299 -1.1654e-05 0)
(0.198247 -7.97773e-06 0)
(0.198197 -3.82105e-06 0)
(0.198147 1.34359e-06 0)
(0.198088 9.03817e-06 0)
(0.19813 0.00593118 0)
(0.198497 0.00639558 0)
(0.198926 0.00678227 0)
(0.199399 0.0070796 0)
(0.199895 0.00728612 0)
(0.200394 0.0074064 0)
(0.200878 0.00744797 0)
(0.201335 0.00742022 0)
(0.201755 0.007334 0)
(0.202131 0.00720098 0)
(0.202461 0.00703272 0)
(0.202745 0.00684006 0)
(0.202983 0.0066326 0)
(0.203178 0.0064184 0)
(0.203336 0.00620388 0)
(0.203461 0.00599378 0)
(0.203557 0.00579138 0)
(0.20363 0.00559865 0)
(0.203683 0.00541657 0)
(0.203721 0.00524536 0)
(0.203746 0.00508471 0)
(0.203761 0.00493398 0)
(0.203768 0.00479238 0)
(0.203769 0.00465901 0)
(0.203764 0.004533 0)
(0.203756 0.0044135 0)
(0.203744 0.00429976 0)
(0.203729 0.00419108 0)
(0.203712 0.00408684 0)
(0.203693 0.0039865 0)
(0.203672 0.00388959 0)
(0.20365 0.00379567 0)
(0.203626 0.00370438 0)
(0.203601 0.00361536 0)
(0.203574 0.00352831 0)
(0.203547 0.00344296 0)
(0.203518 0.00335903 0)
(0.203489 0.00327629 0)
(0.203459 0.00319452 0)
(0.203427 0.00311349 0)
(0.203395 0.00303301 0)
(0.203361 0.00295287 0)
(0.203327 0.0028729 0)
(0.203292 0.00279291 0)
(0.203256 0.00271272 0)
(0.203218 0.00263217 0)
(0.20318 0.00255109 0)
(0.203141 0.00246931 0)
(0.2031 0.00238669 0)
(0.203059 0.00230307 0)
(0.203016 0.00221831 0)
(0.202972 0.00213225 0)
(0.202927 0.00204477 0)
(0.202881 0.00195575 0)
(0.202833 0.00186506 0)
(0.202784 0.00177261 0)
(0.202733 0.00167832 0)
(0.20268 0.00158214 0)
(0.202625 0.00148408 0)
(0.202568 0.00138423 0)
(0.202508 0.00128282 0)
(0.202445 0.0011802 0)
(0.202379 0.00107699 0)
(0.202309 0.000974009 0)
(0.202234 0.000872346 0)
(0.202155 0.000773279 0)
(0.202072 0.000678169 0)
(0.201986 0.000588314 0)
(0.201897 0.000504789 0)
(0.201807 0.000428361 0)
(0.201716 0.00035946 0)
(0.201626 0.000298205 0)
(0.201538 0.000244448 0)
(0.201452 0.000197831 0)
(0.201369 0.000157852 0)
(0.201289 0.000123916 0)
(0.201213 9.53962e-05 0)
(0.20114 7.16544e-05 0)
(0.201071 5.20889e-05 0)
(0.201004 3.61517e-05 0)
(0.200941 2.33267e-05 0)
(0.20088 1.31647e-05 0)
(0.20082 5.3012e-06 0)
(0.200763 -5.71818e-07 0)
(0.200706 -4.73145e-06 0)
(0.200651 -7.42166e-06 0)
(0.200596 -8.85632e-06 0)
(0.200542 -9.22484e-06 0)
(0.200487 -8.6969e-06 0)
(0.200432 -7.426e-06 0)
(0.200377 -5.55154e-06 0)
(0.200321 -3.19925e-06 0)
(0.200264 -4.80014e-07 0)
(0.200206 2.51338e-06 0)
(0.200147 5.71174e-06 0)
(0.200087 9.07789e-06 0)
(0.200027 1.2632e-05 0)
(0.199966 1.65039e-05 0)
(0.199907 2.10416e-05 0)
(0.199835 2.6976e-05 0)
(0.198424 0.00571987 0)
(0.198747 0.00613012 0)
(0.199121 0.00647856 0)
(0.199534 0.00675434 0)
(0.199971 0.00695389 0)
(0.200415 0.00707909 0)
(0.20085 0.00713505 0)
(0.201265 0.00712899 0)
(0.20165 0.00706955 0)
(0.202 0.00696627 0)
(0.202311 0.00682885 0)
(0.202582 0.00666657 0)
(0.202813 0.00648784 0)
(0.203007 0.00629988 0)
(0.203167 0.00610862 0)
(0.203296 0.00591863 0)
(0.203398 0.00573321 0)
(0.203479 0.00555455 0)
(0.20354 0.00538395 0)
(0.203586 0.00522198 0)
(0.20362 0.00506869 0)
(0.203643 0.00492379 0)
(0.203658 0.00478678 0)
(0.203667 0.00465702 0)
(0.203671 0.00453384 0)
(0.20367 0.00441658 0)
(0.203666 0.0043046 0)
(0.203659 0.00419732 0)
(0.203651 0.00409419 0)
(0.20364 0.00399473 0)
(0.203629 0.00389852 0)
(0.203616 0.00380517 0)
(0.203602 0.00371432 0)
(0.203588 0.00362566 0)
(0.203573 0.0035389 0)
(0.203558 0.00345377 0)
(0.203542 0.00337003 0)
(0.203526 0.00328744 0)
(0.20351 0.0032058 0)
(0.203494 0.00312489 0)
(0.203478 0.00304452 0)
(0.203462 0.00296449 0)
(0.203446 0.00288464 0)
(0.203429 0.00280477 0)
(0.203413 0.00272473 0)
(0.203396 0.00264435 0)
(0.203379 0.00256346 0)
(0.203362 0.00248191 0)
(0.203344 0.00239955 0)
(0.203326 0.00231622 0)
(0.203307 0.00223179 0)
(0.203288 0.00214613 0)
(0.203268 0.0020591 0)
(0.203247 0.00197059 0)
(0.203224 0.0018805 0)
(0.203201 0.00178873 0)
(0.203175 0.00169524 0)
(0.203148 0.00159999 0)
(0.203118 0.00150303 0)
(0.203086 0.00140447 0)
(0.20305 0.00130454 0)
(0.20301 0.00120363 0)
(0.202967 0.00110232 0)
(0.202918 0.00100139 0)
(0.202865 0.00090184 0)
(0.202806 0.00080481 0)
(0.202743 0.000711525 0)
(0.202675 0.000623148 0)
(0.202604 0.000540661 0)
(0.202529 0.000464788 0)
(0.202454 0.000395963 0)
(0.202378 0.000334342 0)
(0.202302 0.000279842 0)
(0.202227 0.000232184 0)
(0.202153 0.000190947 0)
(0.202082 0.000155621 0)
(0.202014 0.000125649 0)
(0.201948 0.000100465 0)
(0.201884 7.95204e-05 0)
(0.201823 6.23008e-05 0)
(0.201764 4.83352e-05 0)
(0.201707 3.72127e-05 0)
(0.201651 2.85668e-05 0)
(0.201597 2.20715e-05 0)
(0.201543 1.74438e-05 0)
(0.20149 1.44361e-05 0)
(0.201437 1.28279e-05 0)
(0.201383 1.24199e-05 0)
(0.201329 1.30285e-05 0)
(0.201274 1.44824e-05 0)
(0.201218 1.66207e-05 0)
(0.20116 1.92926e-05 0)
(0.201101 2.23588e-05 0)
(0.20104 2.56953e-05 0)
(0.200978 2.91987e-05 0)
(0.200914 3.27973e-05 0)
(0.200849 3.64643e-05 0)
(0.200784 4.02372e-05 0)
(0.200719 4.4246e-05 0)
(0.20064 4.85128e-05 0)
(0.198684 0.00552498 0)
(0.19897 0.00588892 0)
(0.199297 0.00620298 0)
(0.199659 0.00645768 0)
(0.200045 0.00664857 0)
(0.200439 0.00677571 0)
(0.200829 0.00684235 0)
(0.201204 0.00685382 0)
(0.201557 0.00681691 0)
(0.20188 0.00673931 0)
(0.202171 0.00662907 0)
(0.202428 0.00649405 0)
(0.202651 0.00634152 0)
(0.202841 0.00617791 0)
(0.203 0.00600861 0)
(0.203131 0.00583791 0)
(0.203238 0.0056691 0)
(0.203323 0.00550446 0)
(0.203391 0.0053455 0)
(0.203443 0.00519307 0)
(0.203483 0.00504752 0)
(0.203513 0.00490885 0)
(0.203534 0.00477682 0)
(0.203548 0.00465101 0)
(0.203557 0.00453097 0)
(0.203561 0.00441619 0)
(0.203562 0.00430615 0)
(0.20356 0.00420039 0)
(0.203556 0.00409844 0)
(0.20355 0.00399989 0)
(0.203543 0.00390435 0)
(0.203534 0.0038115 0)
(0.203525 0.00372099 0)
(0.203515 0.00363256 0)
(0.203505 0.00354592 0)
(0.203494 0.00346084 0)
(0.203484 0.00337708 0)
(0.203474 0.00329442 0)
(0.203463 0.00321267 0)
(0.203453 0.00313163 0)
(0.203443 0.00305111 0)
(0.203434 0.00297093 0)
(0.203424 0.00289093 0)
(0.203415 0.00281093 0)
(0.203406 0.00273078 0)
(0.203398 0.0026503 0)
(0.203389 0.00256936 0)
(0.203381 0.00248781 0)
(0.203372 0.00240549 0)
(0.203364 0.00232227 0)
(0.203355 0.00223802 0)
(0.203346 0.00215261 0)
(0.203336 0.00206593 0)
(0.203326 0.00197787 0)
(0.203314 0.00188834 0)
(0.203301 0.00179728 0)
(0.203287 0.00170465 0)
(0.203271 0.00161044 0)
(0.203252 0.00151472 0)
(0.203231 0.00141762 0)
(0.203206 0.00131939 0)
(0.203178 0.00122042 0)
(0.203145 0.00112125 0)
(0.203108 0.00102263 0)
(0.203065 0.000925437 0)
(0.203018 0.000830719 0)
(0.202965 0.000739557 0)
(0.202908 0.000652988 0)
(0.202847 0.000571904 0)
(0.202783 0.000496978 0)
(0.202717 0.000428639 0)
(0.20265 0.000367072 0)
(0.202582 0.000312243 0)
(0.202514 0.000263943 0)
(0.202448 0.000221828 0)
(0.202383 0.000185462 0)
(0.20232 0.000154361 0)
(0.202258 0.000128022 0)
(0.202199 0.000105949 0)
(0.202142 8.76744e-05 0)
(0.202086 7.27635e-05 0)
(0.202032 6.08262e-05 0)
(0.201979 5.15102e-05 0)
(0.201926 4.45024e-05 0)
(0.201875 3.95271e-05 0)
(0.201823 3.63362e-05 0)
(0.201771 3.47031e-05 0)
(0.201719 3.44167e-05 0)
(0.201666 3.52777e-05 0)
(0.201611 3.70947e-05 0)
(0.201556 3.96829e-05 0)
(0.201498 4.28635e-05 0)
(0.201439 4.64662e-05 0)
(0.201378 5.03319e-05 0)
(0.201315 5.43187e-05 0)
(0.20125 5.83095e-05 0)
(0.201184 6.22179e-05 0)
(0.201117 6.59875e-05 0)
(0.20105 6.95551e-05 0)
(0.200968 7.24847e-05 0)
(0.198914 0.00534439 0)
(0.199168 0.00566866 0)
(0.199455 0.00595216 0)
(0.199773 0.00618686 0)
(0.200113 0.00636815 0)
(0.200463 0.00649499 0)
(0.200812 0.00656922 0)
(0.201151 0.00659465 0)
(0.201472 0.0065765 0)
(0.20177 0.00652091 0)
(0.202041 0.00643445 0)
(0.202283 0.00632371 0)
(0.202496 0.00619494 0)
(0.20268 0.00605375 0)
(0.202837 0.00590502 0)
(0.202968 0.00575272 0)
(0.203077 0.0056 0)
(0.203166 0.00544919 0)
(0.203238 0.00530193 0)
(0.203296 0.00515926 0)
(0.203341 0.00502178 0)
(0.203375 0.00488972 0)
(0.203401 0.00476305 0)
(0.20342 0.00464158 0)
(0.203433 0.00452502 0)
(0.203442 0.00441303 0)
(0.203446 0.00430521 0)
(0.203448 0.0042012 0)
(0.203447 0.00410062 0)
(0.203444 0.00400313 0)
(0.203439 0.0039084 0)
(0.203433 0.00381613 0)
(0.203427 0.00372604 0)
(0.20342 0.00363786 0)
(0.203412 0.00355136 0)
(0.203404 0.00346632 0)
(0.203396 0.00338252 0)
(0.203388 0.00329976 0)
(0.20338 0.00321785 0)
(0.203372 0.00313661 0)
(0.203365 0.00305587 0)
(0.203358 0.00297546 0)
(0.203351 0.00289522 0)
(0.203345 0.00281499 0)
(0.203338 0.00273462 0)
(0.203333 0.00265396 0)
(0.203327 0.00257287 0)
(0.203322 0.00249121 0)
(0.203317 0.00240884 0)
(0.203312 0.00232564 0)
(0.203306 0.00224148 0)
(0.203301 0.00215626 0)
(0.203295 0.00206986 0)
(0.203288 0.00198221 0)
(0.203281 0.00189322 0)
(0.203272 0.00180285 0)
(0.203262 0.00171107 0)
(0.20325 0.00161792 0)
(0.203236 0.00152346 0)
(0.203219 0.00142785 0)
(0.203199 0.00133136 0)
(0.203175 0.00123435 0)
(0.203148 0.00113735 0)
(0.203115 0.00104104 0)
(0.203079 0.00094623 0)
(0.203037 0.000853845 0)
(0.20299 0.000764848 0)
(0.202939 0.000680165 0)
(0.202885 0.000600599 0)
(0.202827 0.000526776 0)
(0.202767 0.00045911 0)
(0.202705 0.000397804 0)
(0.202643 0.00034287 0)
(0.202581 0.000294157 0)
(0.20252 0.000251388 0)
(0.202459 0.000214198 0)
(0.2024 0.000182169 0)
(0.202342 0.000154859 0)
(0.202286 0.000131826 0)
(0.202231 0.000112645 0)
(0.202178 9.69172e-05 0)
(0.202126 8.42792e-05 0)
(0.202075 7.43997e-05 0)
(0.202024 6.69798e-05 0)
(0.201974 6.17491e-05 0)
(0.201924 5.84598e-05 0)
(0.201874 5.68804e-05 0)
(0.201823 5.6791e-05 0)
(0.201771 5.79781e-05 0)
(0.201717 6.02323e-05 0)
(0.201662 6.33455e-05 0)
(0.201605 6.7112e-05 0)
(0.201547 7.13295e-05 0)
(0.201486 7.58033e-05 0)
(0.201424 8.03509e-05 0)
(0.20136 8.48072e-05 0)
(0.201294 8.90253e-05 0)
(0.201227 9.2862e-05 0)
(0.20116 9.61063e-05 0)
(0.201077 9.81028e-05 0)
(0.199116 0.00517654 0)
(0.199342 0.00546676 0)
(0.199596 0.00572325 0)
(0.199875 0.00593936 0)
(0.200175 0.00611068 0)
(0.200486 0.00623561 0)
(0.200798 0.00631494 0)
(0.201103 0.0063513 0)
(0.201394 0.00634862 0)
(0.201667 0.00631171 0)
(0.201918 0.0062459 0)
(0.202145 0.00615665 0)
(0.202347 0.00604925 0)
(0.202524 0.00592858 0)
(0.202677 0.00579897 0)
(0.202807 0.00566404 0)
(0.202917 0.00552678 0)
(0.203009 0.00538948 0)
(0.203084 0.00525384 0)
(0.203145 0.00512104 0)
(0.203194 0.00499185 0)
(0.203232 0.00486668 0)
(0.203263 0.00474571 0)
(0.203285 0.00462892 0)
(0.203302 0.00451618 0)
(0.203314 0.00440729 0)
(0.203322 0.00430198 0)
(0.203327 0.00419997 0)
(0.203328 0.00410099 0)
(0.203328 0.00400476 0)
(0.203326 0.00391099 0)
(0.203322 0.00381945 0)
(0.203318 0.00372989 0)
(0.203312 0.00364208 0)
(0.203306 0.00355581 0)
(0.2033 0.00347087 0)
(0.203293 0.00338708 0)
(0.203287 0.00330426 0)
(0.20328 0.00322222 0)
(0.203274 0.00314081 0)
(0.203267 0.00305986 0)
(0.203262 0.00297923 0)
(0.203256 0.00289875 0)
(0.203251 0.00281828 0)
(0.203246 0.00273769 0)
(0.203241 0.00265683 0)
(0.203237 0.00257557 0)
(0.203233 0.00249379 0)
(0.203228 0.00241135 0)
(0.203224 0.00232815 0)
(0.20322 0.00224407 0)
(0.203216 0.00215901 0)
(0.203211 0.00207289 0)
(0.203206 0.00198563 0)
(0.203199 0.00189717 0)
(0.203192 0.00180748 0)
(0.203183 0.00171656 0)
(0.203172 0.00162446 0)
(0.20316 0.00153125 0)
(0.203145 0.00143712 0)
(0.203126 0.00134233 0)
(0.203105 0.00124724 0)
(0.203079 0.00115235 0)
(0.20305 0.00105828 0)
(0.203016 0.000965759 0)
(0.202977 0.000875625 0)
(0.202935 0.000788729 0)
(0.202888 0.000705896 0)
(0.202837 0.000627851 0)
(0.202784 0.00055517 0)
(0.202729 0.000488253 0)
(0.202671 0.000427314 0)
(0.202614 0.000372401 0)
(0.202555 0.000323413 0)
(0.202498 0.000280133 0)
(0.20244 0.000242261 0)
(0.202384 0.00020944 0)
(0.20233 0.000181285 0)
(0.202276 0.000157407 0)
(0.202224 0.000137422 0)
(0.202173 0.00012097 0)
(0.202122 0.000107712 0)
(0.202073 9.73406e-05 0)
(0.202024 8.95692e-05 0)
(0.201976 8.41357e-05 0)
(0.201927 8.07949e-05 0)
(0.201878 7.93128e-05 0)
(0.201828 7.94615e-05 0)
(0.201777 8.1015e-05 0)
(0.201725 8.37457e-05 0)
(0.201671 8.74232e-05 0)
(0.201616 9.18142e-05 0)
(0.201558 9.66845e-05 0)
(0.201499 0.000101803 0)
(0.201437 0.000106946 0)
(0.201374 0.000111901 0)
(0.20131 0.000116462 0)
(0.201244 0.000120412 0)
(0.201179 0.000123442 0)
(0.201096 0.000124843 0)
(0.199294 0.00502022 0)
(0.199496 0.00528116 0)
(0.199719 0.00551389 0)
(0.199966 0.00571295 0)
(0.200231 0.00587436 0)
(0.200506 0.00599624 0)
(0.200784 0.0060787 0)
(0.201058 0.00612345 0)
(0.201321 0.00613339 0)
(0.201571 0.00611222 0)
(0.201802 0.00606421 0)
(0.202014 0.00599384 0)
(0.202204 0.00590554 0)
(0.202373 0.0058035 0)
(0.202521 0.00569152 0)
(0.202648 0.00557288 0)
(0.202757 0.00545033 0)
(0.20285 0.0053261 0)
(0.202927 0.00520187 0)
(0.20299 0.00507893 0)
(0.203042 0.00495814 0)
(0.203084 0.00484007 0)
(0.203118 0.00472505 0)
(0.203144 0.00461323 0)
(0.203165 0.0045046 0)
(0.20318 0.0043991 0)
(0.20319 0.00429656 0)
(0.203198 0.00419681 0)
(0.203202 0.00409965 0)
(0.203204 0.00400487 0)
(0.203204 0.00391226 0)
(0.203202 0.00382161 0)
(0.203199 0.00373271 0)
(0.203195 0.00364539 0)
(0.203191 0.00355945 0)
(0.203186 0.00347471 0)
(0.203181 0.00339102 0)
(0.203175 0.0033082 0)
(0.20317 0.0032261 0)
(0.203164 0.00314457 0)
(0.203159 0.00306346 0)
(0.203154 0.00298264 0)
(0.203149 0.00290196 0)
(0.203144 0.00282128 0)
(0.20314 0.00274049 0)
(0.203136 0.00265946 0)
(0.203132 0.00257805 0)
(0.203128 0.00249616 0)
(0.203124 0.00241367 0)
(0.203121 0.00233049 0)
(0.203117 0.0022465 0)
(0.203113 0.00216162 0)
(0.203108 0.00207579 0)
(0.203103 0.00198893 0)
(0.203097 0.00190101 0)
(0.20309 0.00181201 0)
(0.203081 0.00172195 0)
(0.203071 0.00163088 0)
(0.203059 0.00153892 0)
(0.203044 0.00144623 0)
(0.203027 0.00135309 0)
(0.203006 0.00125985 0)
(0.202982 0.00116698 0)
(0.202954 0.00107504 0)
(0.202923 0.000984696 0)
(0.202887 0.000896695 0)
(0.202847 0.000811797 0)
(0.202803 0.000730738 0)
(0.202756 0.00065417 0)
(0.202706 0.000582626 0)
(0.202654 0.000516484 0)
(0.202601 0.00045597 0)
(0.202546 0.000401157 0)
(0.202492 0.00035199 0)
(0.202437 0.000308305 0)
(0.202383 0.000269856 0)
(0.20233 0.000236347 0)
(0.202278 0.000207446 0)
(0.202227 0.000182812 0)
(0.202176 0.000162105 0)
(0.202127 0.000144998 0)
(0.202079 0.000131183 0)
(0.202031 0.000120371 0)
(0.201984 0.000112293 0)
(0.201937 0.000106695 0)
(0.20189 0.000103335 0)
(0.201842 0.000101979 0)
(0.201794 0.00010239 0)
(0.201744 0.00010433 0)
(0.201693 0.000107555 0)
(0.201641 0.000111811 0)
(0.201587 0.000116839 0)
(0.201531 0.000122372 0)
(0.201473 0.000128143 0)
(0.201413 0.000133888 0)
(0.201352 0.000139348 0)
(0.201289 0.000144265 0)
(0.201225 0.000148361 0)
(0.201161 0.00015127 0)
(0.20108 0.000152318 0)
(0.199449 0.00487449 0)
(0.199629 0.00511019 0)
(0.199827 0.00532207 0)
(0.200044 0.00550568 0)
(0.200278 0.00565751 0)
(0.200522 0.00577562 0)
(0.20077 0.00585969 0)
(0.201015 0.00591075 0)
(0.201253 0.00593086 0)
(0.201479 0.00592285 0)
(0.201692 0.00589007 0)
(0.201888 0.00583616 0)
(0.202066 0.0057648 0)
(0.202226 0.00567954 0)
(0.202367 0.0055837 0)
(0.202491 0.00548018 0)
(0.202598 0.0053715 0)
(0.20269 0.00525976 0)
(0.202768 0.00514662 0)
(0.202833 0.00503338 0)
(0.202887 0.00492099 0)
(0.202932 0.00481012 0)
(0.202968 0.00470123 0)
(0.202997 0.00459458 0)
(0.20302 0.0044903 0)
(0.203038 0.00438841 0)
(0.203051 0.00428888 0)
(0.203061 0.00419161 0)
(0.203067 0.00409648 0)
(0.203071 0.00400335 0)
(0.203073 0.00391205 0)
(0.203074 0.00382245 0)
(0.203072 0.00373437 0)
(0.20307 0.00364766 0)
(0.203067 0.00356216 0)
(0.203063 0.00347773 0)
(0.203059 0.00339422 0)
(0.203055 0.0033115 0)
(0.20305 0.00322941 0)
(0.203046 0.00314783 0)
(0.203041 0.00306663 0)
(0.203037 0.00298567 0)
(0.203033 0.00290484 0)
(0.203029 0.00282401 0)
(0.203025 0.00274307 0)
(0.203021 0.0026619 0)
(0.203017 0.00258038 0)
(0.203014 0.00249842 0)
(0.20301 0.00241592 0)
(0.203006 0.00233278 0)
(0.203003 0.00224891 0)
(0.202999 0.00216424 0)
(0.202994 0.00207871 0)
(0.202989 0.00199228 0)
(0.202983 0.00190492 0)
(0.202976 0.00181662 0)
(0.202967 0.00172742 0)
(0.202957 0.00163738 0)
(0.202945 0.00154664 0)
(0.202931 0.00145537 0)
(0.202914 0.00136383 0)
(0.202895 0.00127236 0)
(0.202871 0.00118141 0)
(0.202845 0.00109148 0)
(0.202815 0.00100319 0)
(0.202781 0.000917205 0)
(0.202743 0.000834194 0)
(0.202702 0.000754819 0)
(0.202658 0.00067967 0)
(0.202612 0.000609237 0)
(0.202563 0.000543879 0)
(0.202513 0.000483826 0)
(0.202462 0.000429174 0)
(0.202411 0.000379904 0)
(0.202359 0.000335899 0)
(0.202308 0.000296967 0)
(0.202258 0.000262862 0)
(0.202208 0.000233303 0)
(0.202159 0.000207995 0)
(0.202111 0.000186639 0)
(0.202064 0.000168943 0)
(0.202018 0.000154627 0)
(0.201972 0.000143423 0)
(0.201926 0.000135079 0)
(0.201881 0.000129351 0)
(0.201835 0.000126001 0)
(0.201789 0.000124792 0)
(0.201742 0.000125483 0)
(0.201694 0.000127823 0)
(0.201644 0.000131552 0)
(0.201593 0.000136393 0)
(0.201541 0.000142061 0)
(0.201487 0.000148258 0)
(0.201431 0.000154681 0)
(0.201373 0.000161027 0)
(0.201313 0.000166993 0)
(0.201253 0.000172273 0)
(0.201191 0.000176544 0)
(0.201128 0.000179412 0)
(0.20105 0.000180269 0)
(0.199583 0.00473866 0)
(0.199744 0.00495256 0)
(0.199919 0.00514616 0)
(0.200111 0.00531585 0)
(0.200318 0.00545859 0)
(0.200533 0.00557251 0)
(0.200753 0.00565704 0)
(0.200972 0.0057127 0)
(0.201186 0.00574093 0)
(0.201391 0.00574382 0)
(0.201585 0.005724 0)
(0.201766 0.00568436 0)
(0.201932 0.00562795 0)
(0.202082 0.00555775 0)
(0.202216 0.00547658 0)
(0.202335 0.00538702 0)
(0.202439 0.00529134 0)
(0.202529 0.00519148 0)
(0.202606 0.00508902 0)
(0.202672 0.00498526 0)
(0.202728 0.00488118 0)
(0.202774 0.00477754 0)
(0.202812 0.00467487 0)
(0.202844 0.00457354 0)
(0.202869 0.00447377 0)
(0.202889 0.0043757 0)
(0.202904 0.00427937 0)
(0.202916 0.00418476 0)
(0.202925 0.00409184 0)
(0.202931 0.00400052 0)
(0.202934 0.0039107 0)
(0.202936 0.00382228 0)
(0.202937 0.00373513 0)
(0.202936 0.00364915 0)
(0.202934 0.0035642 0)
(0.202932 0.00348017 0)
(0.202929 0.00339693 0)
(0.202926 0.00331437 0)
(0.202922 0.00323236 0)
(0.202918 0.00315079 0)
(0.202914 0.00306955 0)
(0.202911 0.00298852 0)
(0.202907 0.00290759 0)
(0.202903 0.00282665 0)
(0.2029 0.00274559 0)
(0.202896 0.00266432 0)
(0.202893 0.00258274 0)
(0.20289 0.00250075 0)
(0.202886 0.00241825 0)
(0.202883 0.00233519 0)
(0.202879 0.00225147 0)
(0.202875 0.00216703 0)
(0.202871 0.00208184 0)
(0.202865 0.00199585 0)
(0.202859 0.00190906 0)
(0.202852 0.00182146 0)
(0.202844 0.00173312 0)
(0.202834 0.00164411 0)
(0.202822 0.00155456 0)
(0.202808 0.00146466 0)
(0.202792 0.00137467 0)
(0.202773 0.0012849 0)
(0.202751 0.00119576 0)
(0.202726 0.00110774 0)
(0.202697 0.00102139 0)
(0.202665 0.000937286 0)
(0.20263 0.00085605 0)
(0.202592 0.000778269 0)
(0.202551 0.000704475 0)
(0.202507 0.000635118 0)
(0.202462 0.000570541 0)
(0.202415 0.000510973 0)
(0.202367 0.000456527 0)
(0.202319 0.000407218 0)
(0.202271 0.000362969 0)
(0.202223 0.000323633 0)
(0.202175 0.000289012 0)
(0.202128 0.000258873 0)
(0.202081 0.000232963 0)
(0.202036 0.000211024 0)
(0.201991 0.000192796 0)
(0.201946 0.000178027 0)
(0.201902 0.000166473 0)
(0.201858 0.000157895 0)
(0.201814 0.000152061 0)
(0.20177 0.000148739 0)
(0.201726 0.000147691 0)
(0.20168 0.000148668 0)
(0.201634 0.000151411 0)
(0.201586 0.000155641 0)
(0.201537 0.000161063 0)
(0.201487 0.000167362 0)
(0.201434 0.000174211 0)
(0.20138 0.000181274 0)
(0.201324 0.000188209 0)
(0.201267 0.000194671 0)
(0.201209 0.000200316 0)
(0.201149 0.000204784 0)
(0.201089 0.000207669 0)
(0.201012 0.000208426 0)
(0.199697 0.00461217 0)
(0.199841 0.00480725 0)
(0.199997 0.00498489 0)
(0.200166 0.00514215 0)
(0.200348 0.00527643 0)
(0.200539 0.00538599 0)
(0.200734 0.00547011 0)
(0.200929 0.00552898 0)
(0.20112 0.00556355 0)
(0.201306 0.00557535 0)
(0.201482 0.0055664 0)
(0.201647 0.00553899 0)
(0.2018 0.0054956 0)
(0.20194 0.0054387 0)
(0.202067 0.00537071 0)
(0.20218 0.00529387 0)
(0.20228 0.00521019 0)
(0.202367 0.00512144 0)
(0.202443 0.00502912 0)
(0.202509 0.00493448 0)
(0.202564 0.00483852 0)
(0.202612 0.00474202 0)
(0.202651 0.00464558 0)
(0.202684 0.00454964 0)
(0.202711 0.00445451 0)
(0.202733 0.00436041 0)
(0.20275 0.00426744 0)
(0.202764 0.00417568 0)
(0.202774 0.00408514 0)
(0.202782 0.0039958 0)
(0.202787 0.00390762 0)
(0.202791 0.00382053 0)
(0.202792 0.00373447 0)
(0.202793 0.00364935 0)
(0.202793 0.00356507 0)
(0.202791 0.00348155 0)
(0.202789 0.00339868 0)
(0.202787 0.00331638 0)
(0.202784 0.00323454 0)
(0.202781 0.00315307 0)
(0.202778 0.00307186 0)
(0.202775 0.00299082 0)
(0.202772 0.00290985 0)
(0.202769 0.00282886 0)
(0.202766 0.00274775 0)
(0.202763 0.00266643 0)
(0.202759 0.00258482 0)
(0.202756 0.00250284 0)
(0.202753 0.0024204 0)
(0.20275 0.00233745 0)
(0.202746 0.00225391 0)
(0.202742 0.00216974 0)
(0.202738 0.0020849 0)
(0.202733 0.00199938 0)
(0.202727 0.00191317 0)
(0.20272 0.00182629 0)
(0.202711 0.00173881 0)
(0.202702 0.00165081 0)
(0.20269 0.00156243 0)
(0.202677 0.00147385 0)
(0.202661 0.00138533 0)
(0.202643 0.00129718 0)
(0.202622 0.00120977 0)
(0.202598 0.00112354 0)
(0.202571 0.001039 0)
(0.202541 0.000956673 0)
(0.202508 0.000877105 0)
(0.202473 0.000800828 0)
(0.202434 0.000728325 0)
(0.202394 0.00066001 0)
(0.202352 0.000596207 0)
(0.202308 0.000537144 0)
(0.202263 0.000482951 0)
(0.202218 0.000433665 0)
(0.202173 0.000389246 0)
(0.202128 0.000349588 0)
(0.202083 0.000314537 0)
(0.202038 0.000283902 0)
(0.201994 0.000257472 0)
(0.201951 0.000235024 0)
(0.201908 0.000216332 0)
(0.201866 0.000201171 0)
(0.201824 0.000189318 0)
(0.201782 0.000180551 0)
(0.20174 0.000174649 0)
(0.201698 0.000171384 0)
(0.201655 0.000170519 0)
(0.201611 0.000171801 0)
(0.201567 0.000174959 0)
(0.201521 0.000179698 0)
(0.201474 0.000185703 0)
(0.201425 0.000192633 0)
(0.201375 0.000200133 0)
(0.201323 0.000207831 0)
(0.20127 0.000215351 0)
(0.201215 0.00022231 0)
(0.201159 0.000228329 0)
(0.201102 0.000233022 0)
(0.201044 0.00023598 0)
(0.200971 0.000236687 0)
(0.199795 0.00449435 0)
(0.199923 0.0046731 0)
(0.20006 0.00483676 0)
(0.20021 0.00498296 0)
(0.20037 0.00510948 0)
(0.200538 0.00521474 0)
(0.20071 0.00529796 0)
(0.200883 0.0053591 0)
(0.201054 0.00539872 0)
(0.201221 0.00541793 0)
(0.20138 0.00541823 0)
(0.20153 0.00540142 0)
(0.201671 0.00536947 0)
(0.2018 0.00532443 0)
(0.201918 0.00526833 0)
(0.202025 0.00520309 0)
(0.20212 0.00513049 0)
(0.202204 0.00505212 0)
(0.202278 0.00496937 0)
(0.202342 0.00488343 0)
(0.202397 0.00479528 0)
(0.202444 0.00470573 0)
(0.202485 0.00461541 0)
(0.202518 0.00452482 0)
(0.202546 0.00443432 0)
(0.202569 0.0043442 0)
(0.202588 0.00425465 0)
(0.202603 0.00416579 0)
(0.202615 0.0040777 0)
(0.202624 0.00399042 0)
(0.202631 0.00390395 0)
(0.202635 0.00381827 0)
(0.202638 0.00373336 0)
(0.20264 0.00364916 0)
(0.202641 0.00356562 0)
(0.20264 0.00348267 0)
(0.202639 0.00340024 0)
(0.202638 0.00331825 0)
(0.202636 0.00323664 0)
(0.202634 0.0031553 0)
(0.202631 0.00307418 0)
(0.202629 0.00299317 0)
(0.202626 0.00291221 0)
(0.202623 0.0028312 0)
(0.202621 0.00275007 0)
(0.202618 0.00266875 0)
(0.202615 0.00258715 0)
(0.202612 0.00250521 0)
(0.202609 0.00242286 0)
(0.202606 0.00234004 0)
(0.202602 0.00225671 0)
(0.202599 0.00217283 0)
(0.202594 0.00208837 0)
(0.202589 0.00200332 0)
(0.202583 0.0019177 0)
(0.202576 0.00183154 0)
(0.202568 0.0017449 0)
(0.202559 0.00165789 0)
(0.202548 0.00157064 0)
(0.202535 0.00148334 0)
(0.20252 0.00139624 0)
(0.202503 0.00130961 0)
(0.202483 0.00122383 0)
(0.20246 0.00113929 0)
(0.202435 0.00105644 0)
(0.202407 0.000975764 0)
(0.202377 0.000897756 0)
(0.202343 0.000822889 0)
(0.202308 0.000751605 0)
(0.20227 0.000684283 0)
(0.202231 0.000621231 0)
(0.202191 0.000562673 0)
(0.20215 0.00050875 0)
(0.202108 0.000459523 0)
(0.202065 0.000414982 0)
(0.202023 0.000375057 0)
(0.201981 0.000339633 0)
(0.201939 0.000308559 0)
(0.201898 0.000281661 0)
(0.201857 0.000258752 0)
(0.201817 0.000239637 0)
(0.201776 0.000224116 0)
(0.201737 0.000211989 0)
(0.201697 0.000203049 0)
(0.201657 0.000197088 0)
(0.201617 0.000193882 0)
(0.201576 0.000193194 0)
(0.201534 0.000194769 0)
(0.201492 0.000198323 0)
(0.201448 0.000203548 0)
(0.201404 0.000210107 0)
(0.201357 0.000217638 0)
(0.201309 0.000225754 0)
(0.20126 0.000234055 0)
(0.201209 0.000242128 0)
(0.201157 0.000249559 0)
(0.201104 0.000255937 0)
(0.201049 0.000260855 0)
(0.200994 0.000263912 0)
(0.200924 0.000264588 0)
(0.199892 0.00436569 0)
(0.200003 0.00452763 0)
(0.200122 0.00467672 0)
(0.20025 0.00481108 0)
(0.200387 0.00492891 0)
(0.200531 0.00502885 0)
(0.200679 0.00511012 0)
(0.200828 0.00517253 0)
(0.200976 0.00521634 0)
(0.20112 0.00524226 0)
(0.20126 0.00525135 0)
(0.201393 0.00524491 0)
(0.201518 0.00522446 0)
(0.201635 0.00519159 0)
(0.201742 0.00514792 0)
(0.201839 0.00509502 0)
(0.201927 0.00503441 0)
(0.202006 0.00496745 0)
(0.202075 0.0048954 0)
(0.202136 0.00481933 0)
(0.20219 0.00474017 0)
(0.202236 0.00465873 0)
(0.202275 0.00457565 0)
(0.202309 0.00449146 0)
(0.202338 0.00440659 0)
(0.202361 0.00432137 0)
(0.202381 0.00423606 0)
(0.202397 0.00415085 0)
(0.20241 0.00406588 0)
(0.20242 0.00398124 0)
(0.202428 0.003897 0)
(0.202434 0.00381319 0)
(0.202438 0.00372982 0)
(0.202441 0.00364688 0)
(0.202442 0.00356436 0)
(0.202443 0.00348223 0)
(0.202443 0.00340043 0)
(0.202443 0.00331894 0)
(0.202441 0.00323768 0)
(0.20244 0.00315662 0)
(0.202438 0.00307567 0)
(0.202436 0.00299479 0)
(0.202434 0.0029139 0)
(0.202432 0.00283295 0)
(0.20243 0.00275186 0)
(0.202428 0.00267058 0)
(0.202425 0.00258905 0)
(0.202423 0.0025072 0)
(0.20242 0.00242499 0)
(0.202417 0.00234238 0)
(0.202414 0.00225933 0)
(0.20241 0.00217581 0)
(0.202406 0.00209181 0)
(0.202401 0.00200734 0)
(0.202396 0.00192242 0)
(0.202389 0.0018371 0)
(0.202382 0.00175145 0)
(0.202373 0.00166558 0)
(0.202362 0.00157963 0)
(0.20235 0.00149378 0)
(0.202336 0.00140827 0)
(0.20232 0.00132336 0)
(0.202302 0.00123939 0)
(0.202281 0.00115672 0)
(0.202259 0.00107575 0)
(0.202233 0.000996916 0)
(0.202206 0.000920644 0)
(0.202176 0.00084736 0)
(0.202144 0.000777458 0)
(0.20211 0.000711284 0)
(0.202075 0.000649125 0)
(0.202038 0.0005912 0)
(0.202001 0.000537659 0)
(0.201963 0.000488585 0)
(0.201924 0.000443997 0)
(0.201886 0.000403865 0)
(0.201847 0.000368113 0)
(0.201809 0.000336634 0)
(0.201771 0.000309296 0)
(0.201734 0.000285949 0)
(0.201696 0.000266434 0)
(0.201659 0.000250581 0)
(0.201622 0.000238214 0)
(0.201585 0.000229149 0)
(0.201548 0.000223186 0)
(0.201511 0.000220111 0)
(0.201473 0.000219689 0)
(0.201434 0.000221657 0)
(0.201394 0.000225723 0)
(0.201354 0.00023156 0)
(0.201312 0.000238809 0)
(0.201268 0.000247078 0)
(0.201224 0.000255951 0)
(0.201178 0.000264988 0)
(0.20113 0.000273741 0)
(0.201082 0.00028176 0)
(0.201032 0.000288601 0)
(0.200981 0.000293837 0)
(0.200929 0.000297065 0)
(0.200864 0.000297827 0)
(0.199975 0.0042283 0)
(0.200068 0.00437418 0)
(0.200167 0.0045093 0)
(0.200273 0.00463225 0)
(0.200386 0.00474161 0)
(0.200505 0.00483621 0)
(0.200628 0.00491533 0)
(0.200752 0.00497864 0)
(0.200876 0.00502618 0)
(0.200998 0.00505833 0)
(0.201117 0.00507573 0)
(0.201231 0.00507928 0)
(0.201339 0.00507004 0)
(0.20144 0.00504917 0)
(0.201535 0.00501791 0)
(0.201621 0.0049775 0)
(0.2017 0.00492916 0)
(0.201772 0.00487403 0)
(0.201836 0.00481318 0)
(0.201893 0.00474757 0)
(0.201943 0.00467806 0)
(0.201987 0.00460541 0)
(0.202026 0.00453026 0)
(0.202059 0.00445317 0)
(0.202087 0.0043746 0)
(0.202111 0.00429492 0)
(0.202131 0.00421446 0)
(0.202148 0.00413346 0)
(0.202162 0.00405211 0)
(0.202173 0.00397058 0)
(0.202182 0.00388898 0)
(0.20219 0.00380739 0)
(0.202195 0.00372589 0)
(0.202199 0.0036445 0)
(0.202202 0.00356325 0)
(0.202204 0.00348214 0)
(0.202205 0.00340117 0)
(0.202206 0.00332032 0)
(0.202206 0.00323957 0)
(0.202205 0.00315888 0)
(0.202204 0.00307823 0)
(0.202203 0.00299755 0)
(0.202202 0.00291683 0)
(0.2022 0.002836 0)
(0.202199 0.00275502 0)
(0.202197 0.00267385 0)
(0.202195 0.00259244 0)
(0.202193 0.00251075 0)
(0.202191 0.00242876 0)
(0.202188 0.00234642 0)
(0.202185 0.00226372 0)
(0.202182 0.00218064 0)
(0.202178 0.0020972 0)
(0.202174 0.00201341 0)
(0.202169 0.0019293 0)
(0.202163 0.00184493 0)
(0.202155 0.00176039 0)
(0.202147 0.00167579 0)
(0.202138 0.00159126 0)
(0.202127 0.00150699 0)
(0.202114 0.0014232 0)
(0.2021 0.00134014 0)
(0.202083 0.00125809 0)
(0.202065 0.0011774 0)
(0.202045 0.00109842 0)
(0.202022 0.00102151 0)
(0.201998 0.00094706 0)
(0.201971 0.00087544 0)
(0.201943 0.000806997 0)
(0.201914 0.000742043 0)
(0.201883 0.000680843 0)
(0.20185 0.00062361 0)
(0.201818 0.000570502 0)
(0.201784 0.000521619 0)
(0.20175 0.000477014 0)
(0.201716 0.00043669 0)
(0.201682 0.000400615 0)
(0.201647 0.000368724 0)
(0.201614 0.000340928 0)
(0.20158 0.000317119 0)
(0.201546 0.000297176 0)
(0.201513 0.000280961 0)
(0.201479 0.000268325 0)
(0.201446 0.000259106 0)
(0.201412 0.00025312 0)
(0.201378 0.000250161 0)
(0.201343 0.000249996 0)
(0.201308 0.000252357 0)
(0.201272 0.00025694 0)
(0.201235 0.000263399 0)
(0.201196 0.000271352 0)
(0.201157 0.000280376 0)
(0.201116 0.00029002 0)
(0.201074 0.000299807 0)
(0.201031 0.000309249 0)
(0.200987 0.000317859 0)
(0.200941 0.000325162 0)
(0.200895 0.000330713 0)
(0.200848 0.000334106 0)
(0.200788 0.000334996 0)
(0.200035 0.00410013 0)
(0.200111 0.00423211 0)
(0.200191 0.00435499 0)
(0.200276 0.0044677 0)
(0.200367 0.00456914 0)
(0.200463 0.00465833 0)
(0.200562 0.00473463 0)
(0.200662 0.00479768 0)
(0.200763 0.00484737 0)
(0.200863 0.00488387 0)
(0.20096 0.00490754 0)
(0.201054 0.00491895 0)
(0.201145 0.00491881 0)
(0.20123 0.00490797 0)
(0.20131 0.00488732 0)
(0.201385 0.0048578 0)
(0.201453 0.00482036 0)
(0.201516 0.00477594 0)
(0.201573 0.00472542 0)
(0.201624 0.00466962 0)
(0.201669 0.00460932 0)
(0.20171 0.00454519 0)
(0.201745 0.00447786 0)
(0.201776 0.00440786 0)
(0.201803 0.00433568 0)
(0.201826 0.0042617 0)
(0.201846 0.00418629 0)
(0.201863 0.00410973 0)
(0.201877 0.00403227 0)
(0.201889 0.00395411 0)
(0.201899 0.00387542 0)
(0.201907 0.00379632 0)
(0.201913 0.00371693 0)
(0.201918 0.00363733 0)
(0.201922 0.00355757 0)
(0.201925 0.0034777 0)
(0.201927 0.00339775 0)
(0.201929 0.00331773 0)
(0.20193 0.00323766 0)
(0.20193 0.00315751 0)
(0.201931 0.00307728 0)
(0.20193 0.00299696 0)
(0.20193 0.00291652 0)
(0.201929 0.00283594 0)
(0.201928 0.00275518 0)
(0.201927 0.00267423 0)
(0.201926 0.00259305 0)
(0.201925 0.00251162 0)
(0.201923 0.00242992 0)
(0.201921 0.00234795 0)
(0.201919 0.00226568 0)
(0.201916 0.00218313 0)
(0.201913 0.00210032 0)
(0.201909 0.00201727 0)
(0.201904 0.00193403 0)
(0.201899 0.00185067 0)
(0.201893 0.00176728 0)
(0.201886 0.00168397 0)
(0.201878 0.00160088 0)
(0.201868 0.00151819 0)
(0.201857 0.00143609 0)
(0.201845 0.00135483 0)
(0.201831 0.00127468 0)
(0.201815 0.00119591 0)
(0.201797 0.00111885 0)
(0.201778 0.00104382 0)
(0.201757 0.000971151 0)
(0.201735 0.000901175 0)
(0.201711 0.000834197 0)
(0.201686 0.000770498 0)
(0.201659 0.000710326 0)
(0.201632 0.000653884 0)
(0.201604 0.000601334 0)
(0.201575 0.000552794 0)
(0.201546 0.000508339 0)
(0.201517 0.000468006 0)
(0.201487 0.000431797 0)
(0.201458 0.000399689 0)
(0.201428 0.00037163 0)
(0.201399 0.000347553 0)
(0.20137 0.00032737 0)
(0.20134 0.000310977 0)
(0.201311 0.000298253 0)
(0.201282 0.000289055 0)
(0.201252 0.000283215 0)
(0.201222 0.000280538 0)
(0.201191 0.000280792 0)
(0.20116 0.000283704 0)
(0.201128 0.000288958 0)
(0.201095 0.000296193 0)
(0.201061 0.000304998 0)
(0.201026 0.000314923 0)
(0.20099 0.00032548 0)
(0.200953 0.000336156 0)
(0.200915 0.000346423 0)
(0.200876 0.000355758 0)
(0.200836 0.000363656 0)
(0.200795 0.000369652 0)
(0.200753 0.000373333 0)
(0.2007 0.000374382 0)
(0.200069 0.0039846 0)
(0.200129 0.00410509 0)
(0.200191 0.00421779 0)
(0.200257 0.00432194 0)
(0.200327 0.00441663 0)
(0.200401 0.00450108 0)
(0.200477 0.00457472 0)
(0.200555 0.00463718 0)
(0.200633 0.00468829 0)
(0.200711 0.00472804 0)
(0.200788 0.00475662 0)
(0.200862 0.00477435 0)
(0.200934 0.00478169 0)
(0.201003 0.0047792 0)
(0.201068 0.00476753 0)
(0.201128 0.00474736 0)
(0.201185 0.00471943 0)
(0.201237 0.00468446 0)
(0.201285 0.00464317 0)
(0.201328 0.00459626 0)
(0.201367 0.00454438 0)
(0.201402 0.00448816 0)
(0.201433 0.00442816 0)
(0.201461 0.0043649 0)
(0.201485 0.00429884 0)
(0.201506 0.00423039 0)
(0.201524 0.00415993 0)
(0.20154 0.00408778 0)
(0.201554 0.0040142 0)
(0.201565 0.00393945 0)
(0.201575 0.00386372 0)
(0.201583 0.00378719 0)
(0.20159 0.00371001 0)
(0.201596 0.00363228 0)
(0.2016 0.00355412 0)
(0.201604 0.00347559 0)
(0.201607 0.00339676 0)
(0.201609 0.00331767 0)
(0.201611 0.00323836 0)
(0.201613 0.00315884 0)
(0.201614 0.00307914 0)
(0.201614 0.00299924 0)
(0.201615 0.00291916 0)
(0.201615 0.00283889 0)
(0.201615 0.00275841 0)
(0.201614 0.00267772 0)
(0.201614 0.00259682 0)
(0.201613 0.00251568 0)
(0.201612 0.00243432 0)
(0.201611 0.00235272 0)
(0.201609 0.0022709 0)
(0.201607 0.00218887 0)
(0.201605 0.00210667 0)
(0.201602 0.00202433 0)
(0.201599 0.00194191 0)
(0.201595 0.00185949 0)
(0.20159 0.00177715 0)
(0.201584 0.00169503 0)
(0.201577 0.00161324 0)
(0.201569 0.00153197 0)
(0.20156 0.00145139 0)
(0.20155 0.00137174 0)
(0.201539 0.00129324 0)
(0.201526 0.00121616 0)
(0.201512 0.00114077 0)
(0.201496 0.00106737 0)
(0.20148 0.000996247 0)
(0.201461 0.000927687 0)
(0.201442 0.000861968 0)
(0.201422 0.000799343 0)
(0.2014 0.000740042 0)
(0.201378 0.000684262 0)
(0.201355 0.000632168 0)
(0.201332 0.000583888 0)
(0.201308 0.000539517 0)
(0.201284 0.000499119 0)
(0.20126 0.000462727 0)
(0.201236 0.00043035 0)
(0.201211 0.000401974 0)
(0.201187 0.000377563 0)
(0.201162 0.000357062 0)
(0.201138 0.000340398 0)
(0.201114 0.000327473 0)
(0.201089 0.000318165 0)
(0.201064 0.000312323 0)
(0.201039 0.000309759 0)
(0.201013 0.000310245 0)
(0.200987 0.000313504 0)
(0.20096 0.000319211 0)
(0.200932 0.000326989 0)
(0.200903 0.000336406 0)
(0.200874 0.000346985 0)
(0.200843 0.000358208 0)
(0.200812 0.000369529 0)
(0.20078 0.000380388 0)
(0.200746 0.000390231 0)
(0.200712 0.000398527 0)
(0.200678 0.000404798 0)
(0.200642 0.00040863 0)
(0.200597 0.000409741 0)
(0.200078 0.00388623 0)
(0.200121 0.00399755 0)
(0.200166 0.00410207 0)
(0.200213 0.00419919 0)
(0.200264 0.00428821 0)
(0.200317 0.00436846 0)
(0.200372 0.00443945 0)
(0.200428 0.00450082 0)
(0.200484 0.00455236 0)
(0.200541 0.004594 0)
(0.200597 0.00462578 0)
(0.200651 0.00464786 0)
(0.200704 0.00466054 0)
(0.200755 0.00466417 0)
(0.200804 0.00465922 0)
(0.20085 0.00464618 0)
(0.200893 0.0046256 0)
(0.200933 0.00459805 0)
(0.20097 0.00456412 0)
(0.201003 0.00452438 0)
(0.201034 0.0044794 0)
(0.201062 0.00442973 0)
(0.201087 0.00437587 0)
(0.20111 0.00431831 0)
(0.20113 0.0042575 0)
(0.201148 0.00419384 0)
(0.201163 0.00412771 0)
(0.201177 0.00405945 0)
(0.201189 0.00398934 0)
(0.2012 0.00391766 0)
(0.201209 0.00384464 0)
(0.201216 0.00377048 0)
(0.201223 0.00369535 0)
(0.201229 0.00361941 0)
(0.201234 0.00354278 0)
(0.201238 0.00346557 0)
(0.201241 0.00338786 0)
(0.201244 0.00330972 0)
(0.201247 0.00323122 0)
(0.201249 0.00315239 0)
(0.20125 0.00307328 0)
(0.201252 0.0029939 0)
(0.201253 0.00291427 0)
(0.201254 0.0028344 0)
(0.201255 0.00275431 0)
(0.201255 0.002674 0)
(0.201256 0.00259348 0)
(0.201256 0.00251275 0)
(0.201256 0.00243181 0)
(0.201255 0.0023507 0)
(0.201254 0.00226942 0)
(0.201253 0.002188 0)
(0.201252 0.00210649 0)
(0.20125 0.00202493 0)
(0.201248 0.00194338 0)
(0.201245 0.00186194 0)
(0.201242 0.00178069 0)
(0.201238 0.00169975 0)
(0.201233 0.00161926 0)
(0.201227 0.00153938 0)
(0.201221 0.00146028 0)
(0.201213 0.00138217 0)
(0.201205 0.00130527 0)
(0.201195 0.0012298 0)
(0.201185 0.00115603 0)
(0.201173 0.00108421 0)
(0.201161 0.0010146 0)
(0.201147 0.00094746 0)
(0.201133 0.000883035 0)
(0.201117 0.00082156 0)
(0.201101 0.00076325 0)
(0.201085 0.000708296 0)
(0.201068 0.000656863 0)
(0.20105 0.000609088 0)
(0.201032 0.00056508 0)
(0.201014 0.000524924 0)
(0.200996 0.000488679 0)
(0.200977 0.000456381 0)
(0.200958 0.000428045 0)
(0.20094 0.000403666 0)
(0.200921 0.000383216 0)
(0.200902 0.000366648 0)
(0.200883 0.000353887 0)
(0.200864 0.000344831 0)
(0.200845 0.000339341 0)
(0.200825 0.00033724 0)
(0.200805 0.000338302 0)
(0.200784 0.000342247 0)
(0.200763 0.000348742 0)
(0.200742 0.000357392 0)
(0.200719 0.000367746 0)
(0.200696 0.0003793 0)
(0.200672 0.000391505 0)
(0.200647 0.000403782 0)
(0.200622 0.000415538 0)
(0.200595 0.000426183 0)
(0.200569 0.00043516 0)
(0.200541 0.000441964 0)
(0.200513 0.000446165 0)
(0.200478 0.000447474 0)
(0.200062 0.00381099 0)
(0.200088 0.00391582 0)
(0.200115 0.00401454 0)
(0.200144 0.00410667 0)
(0.200175 0.00419164 0)
(0.200208 0.00426888 0)
(0.200242 0.00433794 0)
(0.200276 0.00439849 0)
(0.200311 0.00445032 0)
(0.200346 0.00449328 0)
(0.200381 0.00452735 0)
(0.200415 0.00455261 0)
(0.200449 0.00456921 0)
(0.200481 0.0045774 0)
(0.200513 0.0045775 0)
(0.200542 0.00456987 0)
(0.20057 0.00455494 0)
(0.200597 0.00453315 0)
(0.200621 0.00450499 0)
(0.200644 0.00447094 0)
(0.200665 0.00443148 0)
(0.200685 0.00438709 0)
(0.200702 0.00433825 0)
(0.200719 0.00428539 0)
(0.200733 0.00422895 0)
(0.200746 0.00416932 0)
(0.200758 0.00410686 0)
(0.200769 0.00404192 0)
(0.200778 0.0039748 0)
(0.200787 0.00390579 0)
(0.200794 0.00383514 0)
(0.200801 0.00376306 0)
(0.200807 0.00368976 0)
(0.200812 0.0036154 0)
(0.200817 0.00354014 0)
(0.200821 0.0034641 0)
(0.200825 0.0033874 0)
(0.200828 0.00331012 0)
(0.200831 0.00323234 0)
(0.200834 0.00315413 0)
(0.200837 0.00307553 0)
(0.200839 0.00299659 0)
(0.200841 0.00291735 0)
(0.200843 0.00283783 0)
(0.200845 0.00275804 0)
(0.200846 0.00267802 0)
(0.200848 0.00259778 0)
(0.200849 0.00251734 0)
(0.20085 0.00243672 0)
(0.20085 0.00235594 0)
(0.200851 0.00227503 0)
(0.200851 0.00219404 0)
(0.200851 0.002113 0)
(0.200851 0.00203198 0)
(0.20085 0.00195104 0)
(0.200849 0.00187026 0)
(0.200848 0.00178976 0)
(0.200846 0.00170964 0)
(0.200843 0.00163003 0)
(0.20084 0.0015511 0)
(0.200837 0.00147301 0)
(0.200832 0.00139594 0)
(0.200827 0.00132011 0)
(0.200822 0.00124572 0)
(0.200816 0.00117301 0)
(0.200809 0.00110222 0)
(0.200801 0.00103358 0)
(0.200793 0.000967321 0)
(0.200784 0.000903682 0)
(0.200774 0.000842879 0)
(0.200765 0.000785116 0)
(0.200754 0.000730578 0)
(0.200743 0.00067943 0)
(0.200732 0.000631813 0)
(0.200721 0.00058785 0)
(0.200709 0.000547638 0)
(0.200697 0.000511254 0)
(0.200686 0.000478755 0)
(0.200674 0.000450177 0)
(0.200661 0.000425536 0)
(0.200649 0.000404827 0)
(0.200637 0.000388021 0)
(0.200625 0.000375061 0)
(0.200612 0.000365859 0)
(0.200599 0.000360289 0)
(0.200586 0.000358178 0)
(0.200573 0.000359305 0)
(0.200559 0.000363391 0)
(0.200545 0.000370095 0)
(0.20053 0.000379013 0)
(0.200515 0.000389682 0)
(0.200499 0.000401579 0)
(0.200482 0.000414136 0)
(0.200465 0.000426753 0)
(0.200448 0.000438813 0)
(0.20043 0.000449706 0)
(0.200411 0.000458855 0)
(0.200392 0.000465747 0)
(0.200372 0.000469965 0)
(0.200347 0.000471306 0)
(0.200023 0.00376634 0)
(0.200033 0.00386707 0)
(0.200043 0.00396201 0)
(0.200053 0.00405075 0)
(0.200065 0.00413279 0)
(0.200077 0.00420759 0)
(0.200089 0.00427477 0)
(0.200102 0.00433402 0)
(0.200116 0.0043851 0)
(0.200129 0.00442787 0)
(0.200143 0.0044623 0)
(0.200157 0.0044884 0)
(0.20017 0.00450628 0)
(0.200184 0.00451614 0)
(0.200197 0.00451823 0)
(0.20021 0.00451286 0)
(0.200222 0.00450037 0)
(0.200234 0.00448117 0)
(0.200245 0.00445567 0)
(0.200256 0.00442431 0)
(0.200267 0.00438753 0)
(0.200277 0.00434577 0)
(0.200286 0.00429947 0)
(0.200295 0.00424904 0)
(0.200303 0.00419491 0)
(0.200311 0.00413744 0)
(0.200319 0.00407701 0)
(0.200326 0.00401395 0)
(0.200333 0.00394857 0)
(0.200339 0.00388115 0)
(0.200345 0.00381195 0)
(0.200351 0.00374119 0)
(0.200356 0.00366909 0)
(0.200362 0.00359582 0)
(0.200367 0.00352154 0)
(0.200371 0.00344639 0)
(0.200376 0.0033705 0)
(0.20038 0.00329396 0)
(0.200385 0.00321686 0)
(0.200389 0.00313927 0)
(0.200393 0.00306125 0)
(0.200397 0.00298286 0)
(0.2004 0.00290413 0)
(0.200404 0.00282511 0)
(0.200407 0.00274582 0)
(0.200411 0.00266628 0)
(0.200414 0.00258653 0)
(0.200417 0.00250659 0)
(0.20042 0.00242648 0)
(0.200423 0.00234625 0)
(0.200426 0.00226591 0)
(0.200428 0.00218552 0)
(0.200431 0.00210513 0)
(0.200433 0.0020248 0)
(0.200435 0.00194459 0)
(0.200437 0.00186461 0)
(0.200438 0.00178494 0)
(0.200439 0.00170571 0)
(0.200441 0.00162704 0)
(0.200441 0.00154909 0)
(0.200442 0.00147201 0)
(0.200442 0.001396 0)
(0.200442 0.00132124 0)
(0.200441 0.00124794 0)
(0.20044 0.00117631 0)
(0.200439 0.00110659 0)
(0.200438 0.00103899 0)
(0.200436 0.000973732 0)
(0.200433 0.000911041 0)
(0.200431 0.000851124 0)
(0.200428 0.000794177 0)
(0.200425 0.000740382 0)
(0.200422 0.000689902 0)
(0.200418 0.000642883 0)
(0.200414 0.000599452 0)
(0.20041 0.000559716 0)
(0.200406 0.000523763 0)
(0.200402 0.000491663 0)
(0.200398 0.000463468 0)
(0.200393 0.000439208 0)
(0.200388 0.000418897 0)
(0.200383 0.000402519 0)
(0.200378 0.000390033 0)
(0.200372 0.000381365 0)
(0.200367 0.000376398 0)
(0.200361 0.000374969 0)
(0.200354 0.000376861 0)
(0.200348 0.000381795 0)
(0.200341 0.000389425 0)
(0.200333 0.000399341 0)
(0.200326 0.000411064 0)
(0.200317 0.000424053 0)
(0.200308 0.000437717 0)
(0.200299 0.000451426 0)
(0.200289 0.000464534 0)
(0.200279 0.00047639 0)
(0.200268 0.000486368 0)
(0.200257 0.000493881 0)
(0.200246 0.000498383 0)
(0.200233 0.000499428 0)
(0.199973 1.3769e-05 0)
(0.199888 3.29495e-05 0)
(0.199744 5.75021e-05 0)
(0.199548 8.77579e-05 0)
(0.199305 0.000124405 0)
(0.199009 0.00016858 0)
(0.198655 0.000222078 0)
(0.198232 0.000287723 0)
(0.197723 0.000370098 0)
(0.197099 0.000477105 0)
(0.196312 0.000623681 0)
(0.195267 0.000842162 0)
(0.193748 0.00121893 0)
(0.191162 0.00208892 0)
(0.190225 0.0048937 0)
(0.199974 2.89837e-05 0)
(0.19989 6.29962e-05 0)
(0.199747 0.000102919 0)
(0.199554 0.000149747 0)
(0.199312 0.000204963 0)
(0.199019 0.00027077 0)
(0.19867 0.000350481 0)
(0.198253 0.000449217 0)
(0.197752 0.000575301 0)
(0.197144 0.000743209 0)
(0.196384 0.000980539 0)
(0.195402 0.00134684 0)
(0.194072 0.00199393 0)
(0.192235 0.0034196 0)
(0.191653 0.00735195 0)
(0.199974 4.20309e-05 0)
(0.199892 8.77331e-05 0)
(0.199751 0.000139448 0)
(0.19956 0.000198862 0)
(0.199322 0.000268106 0)
(0.199034 0.000350215 0)
(0.19869 0.000449641 0)
(0.198282 0.000573183 0)
(0.197795 0.000731811 0)
(0.197209 0.000944399 0)
(0.196492 0.00124611 0)
(0.195598 0.00170891 0)
(0.194483 0.00249536 0)
(0.193214 0.00399749 0)
(0.192881 0.00708383 0)
(0.199975 5.4892e-05 0)
(0.199894 0.000112546 0)
(0.199756 0.000176462 0)
(0.199568 0.000248997 0)
(0.199333 0.000332878 0)
(0.199051 0.00043192 0)
(0.198715 0.000551622 0)
(0.198318 0.000700272 0)
(0.19785 0.000891022 0)
(0.197294 0.00114594 0)
(0.196629 0.00150436 0)
(0.195835 0.00204067 0)
(0.194922 0.00289991 0)
(0.194036 0.00434539 0)
(0.19388 0.00670616 0)
(0.199976 6.79667e-05 0)
(0.199896 0.000138058 0)
(0.199761 0.000214605 0)
(0.199576 0.000300621 0)
(0.199347 0.000399411 0)
(0.199071 0.000515499 0)
(0.198745 0.000655314 0)
(0.198363 0.000828371 0)
(0.197916 0.00104942 0)
(0.197394 0.00134237 0)
(0.196788 0.00174755 0)
(0.196098 0.0023345 0)
(0.195367 0.00321968 0)
(0.194754 0.00456513 0)
(0.194727 0.00646091 0)
(0.199976 8.12011e-05 0)
(0.199899 0.000163989 0)
(0.199766 0.000253338 0)
(0.199586 0.000352917 0)
(0.199362 0.000466583 0)
(0.199095 0.000599485 0)
(0.19878 0.000758812 0)
(0.198414 0.000954974 0)
(0.197992 0.00120365 0)
(0.197509 0.00152919 0)
(0.196966 0.00197012 0)
(0.196377 0.00258659 0)
(0.195801 0.00346451 0)
(0.195388 0.00469255 0)
(0.19545 0.00625463 0)
(0.199977 9.45598e-05 0)
(0.199901 0.000190233 0)
(0.199772 0.000292524 0)
(0.199597 0.000405718 0)
(0.19938 0.000534173 0)
(0.199122 0.000683554 0)
(0.19882 0.000861611 0)
(0.198473 0.00107928 0)
(0.198078 0.00135248 0)
(0.197637 0.00170476 0)
(0.197156 0.0021708 0)
(0.196662 0.00279923 0)
(0.196218 0.00364829 0)
(0.19595 0.00475703 0)
(0.19607 0.00606622 0)
(0.199977 0.000108012 0)
(0.199904 0.00021671 0)
(0.199779 0.000332029 0)
(0.199609 0.000458812 0)
(0.1994 0.000601851 0)
(0.199152 0.000767201 0)
(0.198864 0.000962954 0)
(0.198538 0.0012002 0)
(0.198173 0.00149446 0)
(0.197774 0.00186746 0)
(0.197356 0.00234879 0)
(0.196948 0.00297523 0)
(0.196613 0.00378234 0)
(0.196451 0.00477791 0)
(0.196607 0.00589044 0)
(0.199978 0.000121519 0)
(0.199908 0.000243318 0)
(0.199786 0.000371685 0)
(0.199623 0.000511939 0)
(0.199422 0.00066923 0)
(0.199185 0.000849868 0)
(0.198913 0.00106207 0)
(0.198609 0.00131671 0)
(0.198274 0.00162836 0)
(0.197919 0.0020162 0)
(0.19756 0.00250414 0)
(0.197229 0.00311807 0)
(0.196982 0.00387618 0)
(0.196898 0.004768 0)
(0.197076 0.00572383 0)
(0.199979 0.000135035 0)
(0.199911 0.000269948 0)
(0.199794 0.000411306 0)
(0.199637 0.000564821 0)
(0.199445 0.000735911 0)
(0.199221 0.000931002 0)
(0.198966 0.00115821 0)
(0.198685 0.00142788 0)
(0.198382 0.0017532 0)
(0.198069 0.00215036 0)
(0.197764 0.00263762 0)
(0.197501 0.00323145 0)
(0.197326 0.00393763 0)
(0.197299 0.00473608 0)
(0.197488 0.00556455 0)
(0.19998 0.000148507 0)
(0.199915 0.00029648 0)
(0.199803 0.000450695 0)
(0.199653 0.000617168 0)
(0.199471 0.000801486 0)
(0.19926 0.00101005 0)
(0.199023 0.00125068 0)
(0.198765 0.00153292 0)
(0.198493 0.00186826 0)
(0.198221 0.00226976 0)
(0.197967 0.0027504 0)
(0.197761 0.00331905 0)
(0.197644 0.00397307 0)
(0.197658 0.00468836 0)
(0.19785 0.00541173 0)
(0.199981 0.000161877 0)
(0.199919 0.000322785 0)
(0.199812 0.000489642 0)
(0.19967 0.000668676 0)
(0.199498 0.000865543 0)
(0.199301 0.00108649 0)
(0.199082 0.00133885 0)
(0.198848 0.00163118 0)
(0.198607 0.0019731 0)
(0.198373 0.00237457 0)
(0.198164 0.00284396 0)
(0.198008 0.0033843 0)
(0.197936 0.00398769 0)
(0.19798 0.00462935 0)
(0.198171 0.005265 0)
(0.199982 0.00017508 0)
(0.199923 0.000348729 0)
(0.199822 0.000527932 0)
(0.199688 0.00071904 0)
(0.199527 0.000927677 0)
(0.199344 0.00115982 0)
(0.199144 0.00142217 0)
(0.198933 0.00172215 0)
(0.198722 0.00206748 0)
(0.198523 0.00246525 0)
(0.198355 0.00291996 0)
(0.19824 0.00343039 0)
(0.198204 0.00398575 0)
(0.198268 0.00456243 0)
(0.198455 0.00512418 0)
(0.199983 0.00018805 0)
(0.199927 0.000374171 0)
(0.199832 0.000565344 0)
(0.199707 0.000767954 0)
(0.199557 0.0009875 0)
(0.199389 0.00122958 0)
(0.199207 0.00150018 0)
(0.19902 0.00180549 0)
(0.198836 0.00215141 0)
(0.19867 0.00254247 0)
(0.198537 0.0029801 0)
(0.198457 0.00346021 0)
(0.198448 0.00397069 0)
(0.198526 0.00449014 0)
(0.198706 0.0049892 0)
(0.199984 0.000200718 0)
(0.199931 0.000398969 0)
(0.199843 0.000601659 0)
(0.199726 0.000815124 0)
(0.199588 0.00104465 0)
(0.199435 0.00129539 0)
(0.199271 0.00157251 0)
(0.199106 0.00188102 0)
(0.198949 0.00222508 0)
(0.198812 0.00260708 0)
(0.198709 0.00302612 0)
(0.198657 0.00347631 0)
(0.198669 0.00394537 0)
(0.198756 0.00441449 0)
(0.198927 0.00486004 0)
(0.199985 0.000213012 0)
(0.199936 0.00042298 0)
(0.199854 0.000636664 0)
(0.199746 0.000860271 0)
(0.19962 0.00109881 0)
(0.199481 0.0013569 0)
(0.199336 0.00163892 0)
(0.199192 0.00194868 0)
(0.199059 0.00228884 0)
(0.198948 0.00266003 0)
(0.198871 0.0030597 0)
(0.198841 0.003481 0)
(0.198869 0.00391216 0)
(0.19896 0.00433703 0)
(0.199122 0.00473672 0)
(0.199986 0.000224865 0)
(0.199941 0.000446066 0)
(0.199865 0.000670154 0)
(0.199767 0.00090314 0)
(0.199652 0.0011497 0)
(0.199527 0.00141388 0)
(0.199399 0.00169926 0)
(0.199275 0.00200857 0)
(0.199164 0.00234318 0)
(0.199076 0.00270236 0)
(0.199021 0.00308245 0)
(0.199009 0.00347628 0)
(0.199048 0.00387302 0)
(0.199141 0.00425901 0)
(0.199293 0.00461925 0)
(0.199987 0.000236208 0)
(0.199946 0.000468094 0)
(0.199877 0.000701941 0)
(0.199787 0.000943505 0)
(0.199684 0.00119707 0)
(0.199573 0.00146614 0)
(0.199461 0.0017535 0)
(0.199356 0.00206092 0)
(0.199264 0.00238871 0)
(0.199196 0.00273514 0)
(0.199159 0.00309592 0)
(0.199161 0.00346398 0)
(0.199208 0.00382964 0)
(0.1993 0.00418149 0)
(0.199441 0.00450771 0)
(0.199988 0.000246985 0)
(0.199951 0.000488946 0)
(0.199888 0.000731855 0)
(0.199807 0.000981163 0)
(0.199715 0.00124075 0)
(0.199618 0.00151355 0)
(0.199521 0.00180165 0)
(0.199433 0.00210598 0)
(0.199359 0.00242602 0)
(0.199307 0.00275937 0)
(0.199285 0.00310146 0)
(0.199298 0.0034456 0)
(0.199349 0.00378333 0)
(0.199439 0.00410526 0)
(0.19957 0.0044021 0)
(0.199989 0.000257136 0)
(0.199955 0.000508545 0)
(0.199899 0.000759825 0)
(0.199827 0.00101607 0)
(0.199746 0.00128075 0)
(0.199661 0.00155627 0)
(0.199579 0.00184406 0)
(0.199505 0.00214438 0)
(0.199447 0.00245609 0)
(0.19941 0.00277635 0)
(0.199399 0.00310061 0)
(0.19942 0.00342272 0)
(0.199474 0.0037354 0)
(0.19956 0.00403103 0)
(0.19968 0.00430236 0)
(0.199991 0.000268177 0)
(0.199961 0.000529867 0)
(0.199912 0.000790118 0)
(0.19985 0.00105357 0)
(0.199781 0.00132319 0)
(0.199711 0.00160079 0)
(0.199644 0.00188716 0)
(0.199587 0.00218194 0)
(0.199544 0.00248346 0)
(0.199521 0.00278867 0)
(0.199522 0.00309323 0)
(0.199549 0.00339175 0)
(0.199603 0.00367826 0)
(0.199684 0.00394687 0)
(0.199791 0.00419218 0)
(0.199992 0.000280013 0)
(0.199967 0.000552589 0)
(0.199927 0.000822069 0)
(0.199876 0.00109255 0)
(0.199821 0.00136643 0)
(0.199765 0.00164495 0)
(0.199714 0.00192829 0)
(0.199672 0.00221557 0)
(0.199644 0.00250482 0)
(0.199633 0.00279303 0)
(0.199642 0.00307636 0)
(0.199672 0.00335035 0)
(0.199724 0.00361046 0)
(0.199796 0.00385242 0)
(0.199889 0.00407252 0)
(0.199994 0.000290913 0)
(0.199974 0.000573377 0)
(0.199942 0.000851013 0)
(0.199902 0.00112734 0)
(0.199859 0.00140427 0)
(0.199817 0.00168249 0)
(0.19978 0.00196174 0)
(0.199752 0.00224083 0)
(0.199735 0.00251771 0)
(0.199733 0.00278963 0)
(0.199747 0.0030533 0)
(0.199777 0.00330528 0)
(0.199825 0.00354218 0)
(0.199887 0.0037611 0)
(0.199964 0.00395957 0)
(0.199995 0.000300481 0)
(0.19998 0.000591523 0)
(0.199956 0.00087602 0)
(0.199926 0.00115694 0)
(0.199895 0.00143572 0)
(0.199865 0.00171265 0)
(0.19984 0.00198717 0)
(0.199823 0.00225794 0)
(0.199815 0.00252301 0)
(0.199818 0.00277999 0)
(0.199833 0.00302624 0)
(0.199861 0.00325917 0)
(0.199901 0.00347641 0)
(0.199952 0.00367606 0)
(0.200014 0.00385661 0)
(0.199997 0.000308334 0)
(0.199986 0.000606335 0)
(0.19997 0.000896222 0)
(0.199949 0.00118047 0)
(0.199928 0.00146012 0)
(0.199909 0.00173519 0)
(0.199894 0.00200494 0)
(0.199884 0.00226803 0)
(0.199881 0.0025227 0)
(0.199886 0.00276694 0)
(0.1999 0.00299871 0)
(0.199923 0.0032161 0)
(0.199954 0.00341754 0)
(0.199992 0.00360186 0)
(0.200038 0.00376823 0)
(0.199998 0.000314081 0)
(0.199992 0.000617125 0)
(0.199982 0.000910799 0)
(0.19997 0.00119717 0)
(0.199958 0.00147702 0)
(0.199948 0.00175018 0)
(0.199939 0.00201582 0)
(0.199935 0.00227268 0)
(0.199935 0.0025192 0)
(0.199939 0.00275371 0)
(0.199949 0.00297462 0)
(0.199964 0.00318058 0)
(0.199984 0.00337054 0)
(0.200008 0.00354384 0)
(0.200037 0.00370008 0)
(0.199999 0.000317256 0)
(0.199997 0.000623096 0)
(0.199994 0.000918863 0)
(0.19999 0.00120639 0)
(0.199986 0.00148628 0)
(0.199982 0.00175827 0)
(0.199979 0.0020215 0)
(0.199978 0.00227474 0)
(0.199978 0.00251654 0)
(0.19998 0.00274545 0)
(0.199983 0.00296012 0)
(0.199989 0.00315948 0)
(0.199996 0.00334277 0)
(0.200004 0.0035096 0)
(0.200014 0.00365978 0)
)
;

boundaryField
{
    top
    {
        type            zeroGradient;
    }
    inlet
    {
        type            fixedValue;
        value           uniform (0.2 0 0);
    }
    outlet
    {
        type            zeroGradient;
    }
    plate
    {
        type            fixedValue;
        value           uniform (0 0 0);
    }
    symmBound
    {
        type            zeroGradient;
    }
    frontAndBack
    {
        type            empty;
    }
}


// ************************************************************************* //
