/*--------------------------------*- C++ -*----------------------------------*\
| =========                 |                                                 |
| \\      /  F ield         | OpenFOAM: The Open Source CFD Toolbox           |
|  \\    /   O peration     | Version:  2.3.0                                 |
|   \\  /    A nd           | Web:      www.OpenFOAM.org                      |
|    \\/     M anipulation  |                                                 |
\*---------------------------------------------------------------------------*/
FoamFile
{
    version     2.0;
    format      ascii;
    class       surfaceScalarField;
    location    "0.2";
    object      phi_0;
}
// * * * * * * * * * * * * * * * * * * * * * * * * * * * * * * * * * * * * * //

dimensions      [0 3 -1 0 0 0 0];

internalField   nonuniform List<scalar> 
3859
(
2.88235e-08
2.77139e-09
-3.15949e-08
2.53624e-08
3.46116e-09
2.19322e-08
3.4302e-09
1.8759e-08
3.17318e-09
1.58669e-08
2.89213e-09
1.33311e-08
2.53578e-09
1.12492e-08
2.08185e-09
9.6402e-09
1.60903e-09
8.46783e-09
1.17237e-09
7.64644e-09
8.21391e-10
7.07805e-09
5.68388e-10
6.67758e-09
4.0047e-10
6.38161e-09
2.95978e-10
6.14758e-09
2.34029e-10
5.94787e-09
1.99706e-10
5.76627e-09
1.81601e-10
5.59505e-09
1.71224e-10
5.43192e-09
1.63129e-10
5.27705e-09
1.54866e-10
5.1311e-09
1.4595e-10
4.99452e-09
1.36581e-10
4.86755e-09
1.26967e-10
4.75022e-09
1.17336e-10
4.64215e-09
1.0807e-10
4.54275e-09
9.93912e-11
4.45151e-09
9.12434e-11
4.36781e-09
8.36966e-11
4.2909e-09
7.69146e-11
4.2201e-09
7.0797e-11
4.15496e-09
6.51446e-11
4.09504e-09
5.99204e-11
4.03994e-09
5.50994e-11
3.98935e-09
5.05845e-11
3.94303e-09
4.63234e-11
3.90073e-09
4.22998e-11
3.86226e-09
3.84684e-11
3.8275e-09
3.4763e-11
3.79634e-09
3.11552e-11
3.76866e-09
2.76822e-11
3.74432e-09
2.4338e-11
3.7233e-09
2.10291e-11
3.70556e-09
1.77369e-11
3.691e-09
1.45587e-11
3.67948e-09
1.15178e-11
3.67098e-09
8.50192e-12
3.6655e-09
5.4827e-12
3.66294e-09
2.56118e-12
3.66309e-09
-1.58343e-13
3.66575e-09
-2.6545e-12
3.67041e-09
-4.65768e-12
3.6769e-09
-6.49419e-12
3.68462e-09
-7.72365e-12
3.69318e-09
-8.55762e-12
3.70211e-09
-8.9257e-12
3.71099e-09
-8.88318e-12
3.71953e-09
-8.54172e-12
3.72753e-09
-7.99333e-12
3.73485e-09
-7.3265e-12
3.74147e-09
-6.61697e-12
3.74739e-09
-5.91642e-12
3.75264e-09
-5.25365e-12
3.75728e-09
-4.64262e-12
3.76137e-09
-4.09152e-12
3.76497e-09
-3.60109e-12
3.76814e-09
-3.16709e-12
3.77092e-09
-2.78133e-12
3.77336e-09
-2.43609e-12
3.77548e-09
-2.12569e-12
3.77733e-09
-1.84463e-12
3.77892e-09
-1.59073e-12
3.78028e-09
-1.36286e-12
3.78144e-09
-1.15932e-12
3.78242e-09
-9.78023e-13
3.78324e-09
-8.16053e-13
3.78391e-09
-6.71961e-13
3.78445e-09
-5.42842e-13
3.78488e-09
-4.29406e-13
3.78521e-09
-3.29322e-13
3.78546e-09
-2.45068e-13
3.78563e-09
-1.74157e-13
3.78575e-09
-1.17706e-13
3.78582e-09
-7.38285e-14
3.78586e-09
-4.06327e-14
3.78588e-09
-1.72712e-14
3.78588e-09
-7.27075e-16
3.78587e-09
9.61507e-15
3.78585e-09
1.54093e-14
3.78584e-09
1.91071e-14
3.78582e-09
2.0157e-14
3.78579e-09
2.03205e-14
3.78578e-09
1.93228e-14
3.78576e-09
1.76279e-14
3.78574e-09
1.59547e-14
3.78573e-09
1.41538e-14
3.78572e-09
1.21746e-14
3.78571e-09
9.85874e-15
3.7857e-09
8.56166e-15
3.78569e-09
5.91619e-15
3.78569e-09
5.59076e-15
3.45079e-17
3.62428e-08
2.4732e-09
-3.59446e-08
3.60794e-08
3.6246e-09
3.5381e-08
4.12857e-09
3.44066e-08
4.14763e-09
3.32656e-08
4.03314e-09
3.19722e-08
3.82919e-09
3.05467e-08
3.50729e-09
2.90655e-08
3.09022e-09
2.76067e-08
2.63116e-09
2.62291e-08
2.19905e-09
2.49591e-08
1.83839e-09
2.3799e-08
1.56054e-09
2.27447e-08
1.35028e-09
2.17945e-08
1.18424e-09
2.09389e-08
1.0553e-09
2.01671e-08
9.53414e-10
1.94686e-08
8.69719e-10
1.88343e-08
7.97444e-10
1.82563e-08
7.3286e-10
1.77278e-08
6.7442e-10
1.72431e-08
6.21267e-10
1.67976e-08
5.72515e-10
1.63874e-08
5.27547e-10
1.60091e-08
4.86296e-10
1.566e-08
4.48558e-10
1.53374e-08
4.13784e-10
1.50393e-08
3.81825e-10
1.47635e-08
3.52746e-10
1.45082e-08
3.26122e-10
1.42719e-08
3.01407e-10
1.40534e-08
2.78387e-10
1.38516e-08
2.56879e-10
1.36656e-08
2.36614e-10
1.34945e-08
2.17415e-10
1.33377e-08
1.99154e-10
1.31945e-08
1.81684e-10
1.30644e-08
1.64832e-10
1.2947e-08
1.48494e-10
1.2842e-08
1.32707e-10
1.27489e-08
1.17444e-10
1.26674e-08
1.02518e-10
1.25973e-08
8.78835e-11
1.25381e-08
7.37527e-11
1.24894e-08
6.01916e-11
1.24509e-08
4.69811e-11
1.24223e-08
3.4135e-11
1.24028e-08
2.20165e-11
1.23918e-08
1.08169e-11
1.23885e-08
6.73455e-13
1.23915e-08
-7.59312e-12
1.23999e-08
-1.49586e-11
1.24124e-08
-2.0195e-11
1.24277e-08
-2.39096e-11
1.24448e-08
-2.59737e-11
1.24625e-08
-2.66124e-11
1.24802e-08
-2.61799e-11
1.24972e-08
-2.49865e-11
1.25131e-08
-2.33224e-11
1.2528e-08
-2.14337e-11
1.25415e-08
-1.94905e-11
1.25539e-08
-1.75944e-11
1.2565e-08
-1.58025e-11
1.25751e-08
-1.4147e-11
1.25841e-08
-1.26362e-11
1.25922e-08
-1.12635e-11
1.25995e-08
-1.00112e-11
1.26059e-08
-8.86234e-12
1.26116e-08
-7.80451e-12
1.26165e-08
-6.82645e-12
1.26209e-08
-5.9252e-12
1.26246e-08
-5.10005e-12
1.26278e-08
-4.34932e-12
1.26305e-08
-3.67041e-12
1.26327e-08
-3.05924e-12
1.26346e-08
-2.514e-12
1.26361e-08
-2.02973e-12
1.26372e-08
-1.60771e-12
1.26382e-08
-1.24264e-12
1.26389e-08
-9.37678e-13
1.26394e-08
-6.85395e-13
1.26397e-08
-4.85132e-13
1.264e-08
-3.2939e-13
1.26402e-08
-2.11306e-13
1.26403e-08
-1.25559e-13
1.26403e-08
-6.42677e-14
1.26404e-08
-2.19581e-14
1.26404e-08
4.15462e-15
1.26404e-08
2.2651e-14
1.26404e-08
3.1805e-14
1.26403e-08
3.80116e-14
1.26403e-08
3.88325e-14
1.26403e-08
3.80642e-14
1.26403e-08
3.56221e-14
1.26403e-08
3.28929e-14
1.26402e-08
2.8809e-14
1.26402e-08
2.3923e-14
1.26402e-08
2.10411e-14
1.26402e-08
1.46599e-14
1.26402e-08
1.51625e-14
-4.60526e-16
4.02877e-08
2.34766e-09
-4.01622e-08
4.07156e-08
3.19675e-09
4.09831e-08
3.86104e-09
4.10635e-08
4.0672e-09
4.10353e-08
4.06141e-09
4.08914e-08
3.9731e-09
4.05913e-08
3.80735e-09
4.0131e-08
3.55047e-09
3.95393e-08
3.22291e-09
3.88618e-08
2.8765e-09
3.81394e-08
2.56083e-09
3.73987e-08
2.30126e-09
3.66542e-08
2.09476e-09
3.59114e-08
1.92701e-09
3.51769e-08
1.78985e-09
3.44547e-08
1.6756e-09
3.37485e-08
1.5759e-09
3.30617e-08
1.48429e-09
3.23962e-08
1.39832e-09
3.17527e-08
1.3179e-09
3.11312e-08
1.24282e-09
3.05318e-08
1.1719e-09
2.99552e-08
1.10414e-09
2.94021e-08
1.03941e-09
2.88731e-08
9.77485e-10
2.83689e-08
9.18018e-10
2.78894e-08
8.6136e-10
2.74342e-08
8.07891e-10
2.70032e-08
7.57105e-10
2.65962e-08
7.08434e-10
2.62128e-08
6.61779e-10
2.58527e-08
6.17031e-10
2.55153e-08
5.7401e-10
2.52001e-08
5.32601e-10
2.49066e-08
4.92602e-10
2.46345e-08
4.53836e-10
2.43832e-08
4.16158e-10
2.41522e-08
3.79421e-10
2.39413e-08
3.43654e-10
2.37499e-08
3.08866e-10
2.35775e-08
2.74846e-10
2.34239e-08
2.4152e-10
2.32885e-08
2.09191e-10
2.31707e-08
1.7801e-10
2.30699e-08
1.47698e-10
2.29857e-08
1.18384e-10
2.2917e-08
9.06982e-11
2.28628e-08
6.50491e-11
2.28218e-08
4.16202e-11
2.27932e-08
2.1005e-11
2.27753e-08
2.94544e-12
2.27661e-08
-1.09882e-11
2.27642e-08
-2.19975e-11
2.27679e-08
-2.96945e-11
2.27757e-08
-3.44334e-11
2.27864e-08
-3.68045e-11
2.27987e-08
-3.73462e-11
2.2812e-08
-3.65991e-11
2.28256e-08
-3.50468e-11
2.28392e-08
-3.30411e-11
2.28524e-08
-3.08222e-11
2.28651e-08
-2.85465e-11
2.28773e-08
-2.63132e-11
2.28888e-08
-2.41707e-11
2.28997e-08
-2.21345e-11
2.29099e-08
-2.01938e-11
2.29194e-08
-1.8335e-11
2.29281e-08
-1.65489e-11
2.29361e-08
-1.48258e-11
2.29434e-08
-1.31699e-11
2.29498e-08
-1.15886e-11
2.29556e-08
-1.00889e-11
2.29606e-08
-8.67735e-12
2.29649e-08
-7.36066e-12
2.29685e-08
-6.14792e-12
2.29715e-08
-5.04527e-12
2.2974e-08
-4.06381e-12
2.2976e-08
-3.20521e-12
2.29775e-08
-2.47715e-12
2.29787e-08
-1.87098e-12
2.29796e-08
-1.38334e-12
2.29803e-08
-9.98975e-13
2.29807e-08
-7.03821e-13
2.29811e-08
-4.81964e-13
2.29814e-08
-3.20234e-13
2.29815e-08
-2.01879e-13
2.29817e-08
-1.22611e-13
2.29818e-08
-6.25614e-14
2.29818e-08
-2.58562e-14
2.29818e-08
2.28113e-15
2.29819e-08
1.65205e-14
2.29819e-08
2.63301e-14
2.29819e-08
3.01227e-14
2.29819e-08
3.22632e-14
2.29819e-08
3.04232e-14
2.29819e-08
2.61961e-14
2.29819e-08
2.45146e-14
2.29819e-08
1.59388e-14
2.29819e-08
1.90365e-14
-3.10085e-15
4.47615e-08
2.29258e-09
-4.47064e-08
4.50799e-08
2.87833e-09
4.54834e-08
3.45752e-09
4.57978e-08
3.75283e-09
4.60441e-08
3.81509e-09
4.62499e-08
3.76738e-09
4.63906e-08
3.66664e-09
4.64358e-08
3.5052e-09
4.6373e-08
3.28571e-09
4.62156e-08
3.0339e-09
4.5991e-08
2.78548e-09
4.57228e-08
2.56942e-09
4.54255e-08
2.39214e-09
4.51043e-08
2.24817e-09
4.47637e-08
2.13044e-09
4.44063e-08
2.03303e-09
4.4034e-08
1.94822e-09
4.36496e-08
1.86866e-09
4.32569e-08
1.791e-09
4.28592e-08
1.71565e-09
4.24579e-08
1.64409e-09
4.2053e-08
1.57676e-09
4.16443e-08
1.51289e-09
4.12326e-08
1.45108e-09
4.08206e-08
1.38954e-09
4.04111e-08
1.3275e-09
4.0006e-08
1.26645e-09
3.96061e-08
1.2078e-09
3.92123e-08
1.15093e-09
3.8826e-08
1.09471e-09
3.84488e-08
1.03894e-09
3.80822e-08
9.83694e-10
3.77271e-08
9.29098e-10
3.73844e-08
8.75276e-10
3.7055e-08
8.22013e-10
3.67398e-08
7.69068e-10
3.64395e-08
7.16425e-10
3.61548e-08
6.64088e-10
3.58863e-08
6.12153e-10
3.56345e-08
5.60691e-10
3.53997e-08
5.09613e-10
3.51823e-08
4.58994e-10
3.49823e-08
4.09198e-10
3.47998e-08
3.60442e-10
3.46349e-08
3.12638e-10
3.44871e-08
2.6616e-10
3.43561e-08
2.21723e-10
3.42414e-08
1.79728e-10
3.41424e-08
1.40652e-10
3.40581e-08
1.05322e-10
3.39871e-08
7.39078e-11
3.39289e-08
4.72362e-11
3.38819e-08
2.50078e-11
3.38448e-08
7.33929e-12
3.38163e-08
-5.93538e-12
3.37951e-08
-1.55936e-11
3.378e-08
-2.22165e-11
3.37699e-08
-2.64609e-11
3.37638e-08
-2.89752e-11
3.3761e-08
-3.02379e-11
3.37608e-08
-3.06376e-11
3.37627e-08
-3.04586e-11
3.37663e-08
-2.99071e-11
3.37712e-08
-2.91106e-11
3.37772e-08
-2.81365e-11
3.37841e-08
-2.70027e-11
3.37914e-08
-2.572e-11
3.37992e-08
-2.43044e-11
3.38071e-08
-2.2764e-11
3.38151e-08
-2.11251e-11
3.38229e-08
-1.94076e-11
3.38304e-08
-1.76279e-11
3.38376e-08
-1.57986e-11
3.38442e-08
-1.39419e-11
3.38501e-08
-1.20878e-11
3.38553e-08
-1.02769e-11
3.38598e-08
-8.5575e-12
3.38636e-08
-6.97197e-12
3.38667e-08
-5.56246e-12
3.38691e-08
-4.34375e-12
3.38711e-08
-3.32998e-12
3.38726e-08
-2.50532e-12
3.38737e-08
-1.85691e-12
3.38746e-08
-1.35368e-12
3.38753e-08
-9.77361e-13
3.38758e-08
-6.93409e-13
3.38761e-08
-4.91377e-13
3.38764e-08
-3.37295e-13
3.38766e-08
-2.31584e-13
3.38768e-08
-1.51147e-13
3.38769e-08
-9.81723e-14
3.3877e-08
-5.8697e-14
3.3877e-08
-3.38991e-14
3.38771e-08
-1.48005e-14
3.38771e-08
-5.42135e-15
3.38771e-08
-7.61548e-16
3.38772e-08
3.14971e-15
3.38772e-08
-1.49378e-15
3.38772e-08
2.93683e-15
-1.38857e-14
4.97169e-08
2.22864e-09
-4.9653e-08
4.99357e-08
2.65957e-09
5.02925e-08
3.1007e-09
5.0634e-08
3.41135e-09
5.0917e-08
3.53214e-09
5.11603e-08
3.52403e-09
5.13761e-08
3.4509e-09
5.15466e-08
3.33462e-09
5.16529e-08
3.17943e-09
5.16917e-08
2.99512e-09
5.16756e-08
2.80158e-09
5.16237e-08
2.62131e-09
5.15489e-08
2.46695e-09
5.14572e-08
2.33985e-09
5.13518e-08
2.23589e-09
5.12337e-08
2.15111e-09
5.1103e-08
2.07888e-09
5.09601e-08
2.01155e-09
5.08064e-08
1.94473e-09
5.0644e-08
1.87801e-09
5.0475e-08
1.81306e-09
5.03e-08
1.75184e-09
5.01171e-08
1.69571e-09
4.99244e-08
1.64381e-09
4.97219e-08
1.59204e-09
4.95123e-08
1.53708e-09
4.92984e-08
1.48042e-09
4.90807e-08
1.42548e-09
4.88588e-08
1.37284e-09
4.86328e-08
1.32072e-09
4.8404e-08
1.26767e-09
4.81743e-08
1.21342e-09
4.79448e-08
1.1586e-09
4.77162e-08
1.10388e-09
4.74891e-08
1.04905e-09
4.72647e-08
9.93492e-10
4.70441e-08
9.3709e-10
4.68281e-08
8.80025e-10
4.66178e-08
8.22502e-10
4.64139e-08
7.64589e-10
4.62172e-08
7.0627e-10
4.60285e-08
6.47712e-10
4.58484e-08
5.89278e-10
4.56776e-08
5.31283e-10
4.55163e-08
4.73948e-10
4.53648e-08
4.17678e-10
4.52234e-08
3.63082e-10
4.50924e-08
3.10766e-10
4.49715e-08
2.61469e-10
4.48609e-08
2.15927e-10
4.47604e-08
1.7446e-10
4.46699e-08
1.37694e-10
4.45891e-08
1.05802e-10
4.45175e-08
7.8916e-11
4.44548e-08
5.68417e-11
4.44002e-08
3.89971e-11
4.43532e-08
2.47822e-11
4.43131e-08
1.36115e-11
4.42794e-08
4.7829e-12
4.42512e-08
-2.10474e-12
4.42281e-08
-7.50424e-12
4.42094e-08
-1.1747e-11
4.41946e-08
-1.51254e-11
4.41833e-08
-1.78506e-11
4.41752e-08
-2.00305e-11
4.41699e-08
-2.16887e-11
4.4167e-08
-2.28333e-11
4.41662e-08
-2.3494e-11
4.41672e-08
-2.3704e-11
4.41696e-08
-2.35424e-11
4.41732e-08
-2.30653e-11
4.41779e-08
-2.23045e-11
4.41834e-08
-2.12559e-11
4.41893e-08
-1.99161e-11
4.41955e-08
-1.82891e-11
4.42017e-08
-1.64186e-11
4.42075e-08
-1.43815e-11
4.42128e-08
-1.22772e-11
4.42175e-08
-1.02229e-11
4.42214e-08
-8.30108e-12
4.42247e-08
-6.59634e-12
4.42273e-08
-5.13039e-12
4.42294e-08
-3.92495e-12
4.4231e-08
-2.95337e-12
4.42322e-08
-2.20053e-12
4.42331e-08
-1.62014e-12
4.42338e-08
-1.19057e-12
4.42344e-08
-8.63225e-13
4.42348e-08
-6.27884e-13
4.42351e-08
-4.49687e-13
4.42353e-08
-3.24603e-13
4.42355e-08
-2.29517e-13
4.42356e-08
-1.65285e-13
4.42357e-08
-1.13936e-13
4.42358e-08
-8.34093e-14
4.42358e-08
-5.94212e-14
4.42359e-08
-4.62094e-14
4.42359e-08
-3.87543e-14
4.42359e-08
-3.49602e-14
-3.55601e-14
5.51643e-08
2.15142e-09
-5.50871e-08
5.53355e-08
2.48838e-09
5.5621e-08
2.81526e-09
5.59354e-08
3.0969e-09
5.62173e-08
3.25027e-09
5.64557e-08
3.28561e-09
5.66638e-08
3.24277e-09
5.68423e-08
3.15619e-09
5.69805e-08
3.04116e-09
5.70721e-08
2.90358e-09
5.71208e-08
2.75292e-09
5.71381e-08
2.60399e-09
5.71357e-08
2.46927e-09
5.71213e-08
2.35429e-09
5.70988e-08
2.25843e-09
5.70701e-08
2.17978e-09
5.70359e-08
2.11313e-09
5.69959e-08
2.05149e-09
5.69503e-08
1.99034e-09
5.68996e-08
1.92874e-09
5.6845e-08
1.86762e-09
5.6788e-08
1.80885e-09
5.67284e-08
1.75534e-09
5.6664e-08
1.70821e-09
5.65929e-08
1.66317e-09
5.65157e-08
1.61428e-09
5.64347e-08
1.56136e-09
5.63512e-08
1.50899e-09
5.62643e-08
1.45975e-09
5.61729e-08
1.41219e-09
5.6077e-08
1.36358e-09
5.59777e-08
1.31263e-09
5.58762e-08
1.26017e-09
5.57724e-08
1.20764e-09
5.56663e-08
1.15512e-09
5.55582e-08
1.10164e-09
5.54486e-08
1.04667e-09
5.53382e-08
9.90411e-10
5.52275e-08
9.3319e-10
5.5117e-08
8.75154e-10
5.50069e-08
8.16303e-10
5.48979e-08
7.56728e-10
5.47905e-08
6.96739e-10
5.4685e-08
6.36761e-10
5.45817e-08
5.77205e-10
5.44809e-08
5.18465e-10
5.43829e-08
4.61073e-10
5.4288e-08
4.05675e-10
5.41965e-08
3.5299e-10
5.41087e-08
3.03709e-10
5.40249e-08
2.58257e-10
5.39455e-08
2.1709e-10
5.38709e-08
1.80436e-10
5.38014e-08
1.48436e-10
5.37372e-08
1.20992e-10
5.36785e-08
9.77512e-11
5.3625e-08
7.82321e-11
5.35768e-08
6.18125e-11
5.35337e-08
4.78934e-11
5.34955e-08
3.60985e-11
5.34619e-08
2.61067e-11
5.34325e-08
1.76596e-11
5.34069e-08
1.0441e-11
5.33849e-08
4.13039e-12
5.33663e-08
-1.42261e-12
5.33509e-08
-6.26719e-12
5.33385e-08
-1.03716e-11
5.33287e-08
-1.3719e-11
5.33213e-08
-1.62993e-11
5.3316e-08
-1.82313e-11
5.33125e-08
-1.963e-11
5.33108e-08
-2.05917e-11
5.33107e-08
-2.11356e-11
5.3312e-08
-2.12343e-11
5.33146e-08
-2.08285e-11
5.3318e-08
-1.98915e-11
5.33221e-08
-1.84546e-11
5.33264e-08
-1.66059e-11
5.33307e-08
-1.45042e-11
5.33347e-08
-1.22912e-11
5.33382e-08
-1.01415e-11
5.33413e-08
-8.14968e-12
5.33437e-08
-6.40801e-12
5.33457e-08
-4.93491e-12
5.33473e-08
-3.74246e-12
5.33484e-08
-2.79683e-12
5.33493e-08
-2.07405e-12
5.335e-08
-1.51894e-12
5.33505e-08
-1.11111e-12
5.33508e-08
-8.0298e-13
5.33511e-08
-5.84312e-13
5.33513e-08
-4.18101e-13
5.33514e-08
-3.05034e-13
5.33515e-08
-2.15422e-13
5.33516e-08
-1.60672e-13
5.33516e-08
-1.15218e-13
5.33517e-08
-9.24317e-14
5.33517e-08
-7.22418e-14
5.33518e-08
-6.88829e-14
-5.58916e-14
6.1157e-08
2.07e-09
-6.10755e-08
6.13047e-08
2.34063e-09
6.15273e-08
2.5927e-09
6.18e-08
2.82415e-09
6.20643e-08
2.98598e-09
6.22965e-08
3.05339e-09
6.24943e-08
3.04497e-09
6.26628e-08
2.98771e-09
6.28015e-08
2.90248e-09
6.29066e-08
2.79849e-09
6.29778e-08
2.68172e-09
6.302e-08
2.56173e-09
6.30415e-08
2.44783e-09
6.30502e-08
2.34551e-09
6.30515e-08
2.25715e-09
6.30483e-08
2.183e-09
6.3042e-08
2.11946e-09
6.3033e-08
2.06041e-09
6.30215e-08
2.00193e-09
6.30067e-08
1.94346e-09
6.2989e-08
1.88536e-09
6.29695e-08
1.82831e-09
6.29499e-08
1.77501e-09
6.293e-08
1.72809e-09
6.29083e-08
1.68481e-09
6.28838e-08
1.63877e-09
6.28573e-08
1.58789e-09
6.283e-08
1.53626e-09
6.28021e-08
1.48774e-09
6.27725e-08
1.44173e-09
6.2741e-08
1.39509e-09
6.27078e-08
1.34584e-09
6.26733e-08
1.29466e-09
6.26376e-08
1.2433e-09
6.26005e-08
1.19226e-09
6.25616e-08
1.14057e-09
6.25209e-08
1.08733e-09
6.24788e-08
1.03257e-09
6.24352e-08
9.76751e-10
6.23903e-08
9.20055e-10
6.23441e-08
8.62453e-10
6.22968e-08
8.04025e-10
6.22485e-08
7.45043e-10
6.21994e-08
6.8589e-10
6.21495e-08
6.27113e-10
6.20987e-08
5.69234e-10
6.20471e-08
5.12663e-10
6.19949e-08
4.57876e-10
6.19424e-08
4.05558e-10
6.18897e-08
3.56369e-10
6.18372e-08
3.10735e-10
6.17854e-08
2.68928e-10
6.17347e-08
2.31106e-10
6.16858e-08
1.97345e-10
6.16392e-08
1.67593e-10
6.15953e-08
1.41718e-10
6.15541e-08
1.19355e-10
6.1516e-08
9.99514e-11
6.1481e-08
8.29265e-11
6.14491e-08
6.8002e-11
6.14203e-08
5.48947e-11
6.13944e-08
4.3534e-11
6.13712e-08
3.36624e-11
6.13504e-08
2.48632e-11
6.1332e-08
1.69878e-11
6.13159e-08
9.88305e-12
6.13019e-08
3.59203e-12
6.129e-08
-1.84375e-12
6.12801e-08
-6.30585e-12
6.12717e-08
-9.90957e-12
6.12649e-08
-1.27908e-11
6.12594e-08
-1.51165e-11
6.12553e-08
-1.69753e-11
6.12524e-08
-1.83709e-11
6.12508e-08
-1.92289e-11
6.12504e-08
-1.94602e-11
6.12509e-08
-1.90258e-11
6.12523e-08
-1.79454e-11
6.12541e-08
-1.63521e-11
6.12562e-08
-1.43881e-11
6.12583e-08
-1.22687e-11
6.12603e-08
-1.01425e-11
6.12621e-08
-8.16161e-12
6.12636e-08
-6.40238e-12
6.12647e-08
-4.91586e-12
6.12656e-08
-3.70061e-12
6.12663e-08
-2.74506e-12
6.12668e-08
-2.00063e-12
6.12671e-08
-1.44578e-12
6.12673e-08
-1.02645e-12
6.12675e-08
-7.28981e-13
6.12676e-08
-5.05952e-13
6.12676e-08
-3.54903e-13
6.12677e-08
-2.40408e-13
6.12677e-08
-1.70251e-13
6.12677e-08
-1.15826e-13
6.12677e-08
-8.87718e-14
6.12677e-08
-6.74423e-14
6.12676e-08
-6.43721e-14
-5.37021e-14
6.77587e-08
1.99039e-09
-6.76791e-08
6.78882e-08
2.21114e-09
6.80683e-08
2.41259e-09
6.82943e-08
2.59811e-09
6.8531e-08
2.74927e-09
6.87512e-08
2.83319e-09
6.8942e-08
2.85417e-09
6.91027e-08
2.82703e-09
6.92363e-08
2.76894e-09
6.93434e-08
2.69134e-09
6.94238e-08
2.60137e-09
6.94791e-08
2.50637e-09
6.95139e-08
2.41303e-09
6.95341e-08
2.3253e-09
6.95453e-08
2.24595e-09
6.95514e-08
2.17691e-09
6.95544e-08
2.11651e-09
6.95549e-08
2.05985e-09
6.95533e-08
2.00362e-09
6.95488e-08
1.9479e-09
6.95413e-08
1.8929e-09
6.95313e-08
1.83829e-09
6.95205e-08
1.78578e-09
6.95106e-08
1.73799e-09
6.95016e-08
1.69379e-09
6.94921e-08
1.64834e-09
6.9481e-08
1.59897e-09
6.94691e-08
1.54813e-09
6.94574e-08
1.49941e-09
6.94462e-08
1.45292e-09
6.94352e-08
1.40613e-09
6.94238e-08
1.35726e-09
6.94118e-08
1.30664e-09
6.93995e-08
1.25559e-09
6.93869e-08
1.20482e-09
6.93738e-08
1.15374e-09
6.93597e-08
1.10137e-09
6.93447e-08
1.04758e-09
6.93287e-08
9.928e-10
6.93115e-08
9.37206e-10
6.92932e-08
8.80745e-10
6.92737e-08
8.23513e-10
6.9253e-08
7.65763e-10
6.9231e-08
7.07872e-10
6.92077e-08
6.50452e-10
6.91829e-08
5.94073e-10
6.91564e-08
5.39089e-10
6.91284e-08
4.85933e-10
6.90987e-08
4.35208e-10
6.90677e-08
3.87413e-10
6.90356e-08
3.42871e-10
6.90027e-08
3.01796e-10
6.89695e-08
2.64274e-10
6.89366e-08
2.30264e-10
6.89045e-08
1.99688e-10
6.88737e-08
1.72545e-10
6.88444e-08
1.48606e-10
6.8817e-08
1.27407e-10
6.87915e-08
1.08429e-10
6.8768e-08
9.14334e-11
6.87467e-08
7.62389e-11
6.87274e-08
6.28615e-11
6.87099e-08
5.1101e-11
6.86942e-08
4.06098e-11
6.868e-08
3.1169e-11
6.86673e-08
2.26122e-11
6.8656e-08
1.48952e-11
6.8646e-08
8.14454e-12
6.86372e-08
2.42558e-12
6.86296e-08
-2.2872e-12
6.8623e-08
-6.12647e-12
6.86171e-08
-9.28785e-12
6.86121e-08
-1.19164e-11
6.86078e-08
-1.40659e-11
6.86042e-08
-1.56996e-11
6.86015e-08
-1.67215e-11
6.85995e-08
-1.70659e-11
6.85983e-08
-1.67024e-11
6.85977e-08
-1.57196e-11
6.85975e-08
-1.42289e-11
6.85977e-08
-1.24339e-11
6.8598e-08
-1.04959e-11
6.85984e-08
-8.58637e-12
6.85989e-08
-6.81852e-12
6.85992e-08
-5.26983e-12
6.85995e-08
-3.96958e-12
6.85997e-08
-2.92383e-12
6.85998e-08
-2.09687e-12
6.85998e-08
-1.47419e-12
6.85998e-08
-1.00435e-12
6.85997e-08
-6.72129e-13
6.85996e-08
-4.29206e-13
6.85995e-08
-2.66055e-13
6.85995e-08
-1.51931e-13
6.85994e-08
-8.28973e-14
6.85993e-08
-3.90978e-14
6.85992e-08
-1.68483e-14
6.85992e-08
-1.09981e-14
6.85991e-08
-1.02153e-14
-1.99637e-14
6.79553e-08
1.92392e-09
-6.78888e-08
6.80572e-08
2.10924e-09
6.8194e-08
2.27581e-09
6.83627e-08
2.42937e-09
6.85497e-08
2.56227e-09
6.87329e-08
2.64999e-09
6.88985e-08
2.68858e-09
6.90406e-08
2.68496e-09
6.91592e-08
2.65029e-09
6.9256e-08
2.59452e-09
6.9332e-08
2.52537e-09
6.93885e-08
2.44988e-09
6.94278e-08
2.37373e-09
6.94532e-08
2.29992e-09
6.94691e-08
2.23009e-09
6.94796e-08
2.16638e-09
6.94868e-08
2.10927e-09
6.94913e-08
2.05541e-09
6.94933e-08
2.00165e-09
6.94928e-08
1.94833e-09
6.94896e-08
1.89607e-09
6.94839e-08
1.84404e-09
6.94767e-08
1.79296e-09
6.94698e-08
1.74494e-09
6.94639e-08
1.69964e-09
6.94584e-08
1.65382e-09
6.9452e-08
1.60539e-09
6.94445e-08
1.5557e-09
6.94368e-08
1.50709e-09
6.943e-08
1.45973e-09
6.94241e-08
1.41203e-09
6.94184e-08
1.36294e-09
6.94124e-08
1.31263e-09
6.94062e-08
1.26181e-09
6.94e-08
1.21104e-09
6.93936e-08
1.16006e-09
6.93869e-08
1.10807e-09
6.93797e-08
1.05483e-09
6.93718e-08
1.00071e-09
6.93631e-08
9.45872e-10
6.93536e-08
8.90229e-10
6.93433e-08
8.33871e-10
6.93319e-08
7.77098e-10
6.93195e-08
7.20333e-10
6.93058e-08
6.64137e-10
6.92908e-08
6.09035e-10
6.92745e-08
5.55433e-10
6.92566e-08
5.03823e-10
6.92371e-08
4.54687e-10
6.92162e-08
4.08332e-10
6.91941e-08
3.64986e-10
6.9171e-08
3.24848e-10
6.91474e-08
2.87942e-10
6.91235e-08
2.54108e-10
6.91e-08
2.23249e-10
6.90771e-08
1.95392e-10
6.90553e-08
1.70412e-10
6.90348e-08
1.47938e-10
6.90156e-08
1.27565e-10
6.8998e-08
1.09042e-10
6.89819e-08
9.23435e-11
6.89673e-08
7.74532e-11
6.89542e-08
6.42204e-11
6.89424e-08
5.2416e-11
6.89318e-08
4.17864e-11
6.89223e-08
3.21438e-11
6.89137e-08
2.34554e-11
6.8906e-08
1.5822e-11
6.88992e-08
9.25222e-12
6.88931e-08
3.79499e-12
6.88877e-08
-7.04062e-13
6.88828e-08
-4.42555e-12
6.88785e-08
-7.53278e-12
6.88745e-08
-1.0106e-11
6.88709e-08
-1.21501e-11
6.88678e-08
-1.35905e-11
6.88651e-08
-1.43736e-11
6.88629e-08
-1.44614e-11
6.88611e-08
-1.39198e-11
6.88597e-08
-1.28379e-11
6.88586e-08
-1.13926e-11
6.88579e-08
-9.73726e-12
6.88573e-08
-8.03499e-12
6.88569e-08
-6.41044e-12
6.88566e-08
-4.95051e-12
6.88563e-08
-3.70072e-12
6.88561e-08
-2.68111e-12
6.88559e-08
-1.86553e-12
6.88556e-08
-1.24855e-12
6.88554e-08
-7.86832e-13
6.88552e-08
-4.62494e-13
6.8855e-08
-2.33184e-13
6.88548e-08
-8.23023e-14
6.88547e-08
1.16523e-14
6.88545e-08
6.54994e-14
6.88544e-08
8.55079e-14
6.88543e-08
9.55193e-14
6.88542e-08
7.59895e-14
6.88541e-08
7.14325e-14
3.29799e-14
7.52102e-08
1.8607e-09
-7.5147e-08
7.53011e-08
2.01839e-09
7.54192e-08
2.15773e-09
7.55619e-08
2.28661e-09
7.57231e-08
2.40108e-09
7.58861e-08
2.48696e-09
7.60395e-08
2.53525e-09
7.61754e-08
2.54902e-09
7.62908e-08
2.5349e-09
7.63858e-08
2.49955e-09
7.64619e-08
2.44929e-09
7.65209e-08
2.39085e-09
7.65648e-08
2.3298e-09
7.65958e-08
2.26892e-09
7.66169e-08
2.20905e-09
7.66316e-08
2.15167e-09
7.66424e-08
2.09844e-09
7.66498e-08
2.04799e-09
7.66541e-08
1.99733e-09
7.66561e-08
1.94641e-09
7.66554e-08
1.8967e-09
7.6652e-08
1.84744e-09
7.6647e-08
1.79798e-09
7.66419e-08
1.7501e-09
7.66371e-08
1.70442e-09
7.66324e-08
1.65847e-09
7.66273e-08
1.6105e-09
7.66213e-08
1.56171e-09
7.66149e-08
1.51348e-09
7.66092e-08
1.46551e-09
7.66041e-08
1.41705e-09
7.65993e-08
1.36777e-09
7.65944e-08
1.31755e-09
7.65894e-08
1.26677e-09
7.65844e-08
1.21604e-09
7.65793e-08
1.16519e-09
7.65738e-08
1.11352e-09
7.65678e-08
1.06088e-09
7.65611e-08
1.00741e-09
7.65538e-08
9.53125e-10
7.6546e-08
8.98107e-10
7.65373e-08
8.42555e-10
7.65277e-08
7.86668e-10
7.65172e-08
7.30882e-10
7.65055e-08
6.75834e-10
7.64925e-08
6.21981e-10
7.64783e-08
5.69685e-10
7.64626e-08
5.19505e-10
7.64454e-08
4.71894e-10
7.64268e-08
4.26957e-10
7.6407e-08
3.84779e-10
7.63862e-08
3.45575e-10
7.63648e-08
3.09327e-10
7.63432e-08
2.75781e-10
7.63216e-08
2.44805e-10
7.63006e-08
2.16418e-10
7.62804e-08
1.90585e-10
7.62614e-08
1.66997e-10
7.62436e-08
1.45335e-10
7.62272e-08
1.25442e-10
7.62122e-08
1.07355e-10
7.61985e-08
9.10835e-11
7.61863e-08
7.64863e-11
7.61753e-08
6.34212e-11
7.61654e-08
5.16267e-11
7.61566e-08
4.09671e-11
7.61487e-08
3.13871e-11
7.61416e-08
2.29528e-11
7.61351e-08
1.56613e-11
7.61294e-08
9.53076e-12
7.61243e-08
4.43499e-12
7.61196e-08
1.9379e-13
7.61155e-08
-3.34419e-12
7.61116e-08
-6.26658e-12
7.61081e-08
-8.61514e-12
7.61048e-08
-1.03374e-11
7.61019e-08
-1.1407e-11
7.60992e-08
-1.18032e-11
7.60969e-08
-1.15873e-11
7.60949e-08
-1.08426e-11
7.60932e-08
-9.72017e-12
7.60918e-08
-8.361e-12
7.60907e-08
-6.91186e-12
7.60898e-08
-5.49393e-12
7.6089e-08
-4.19589e-12
7.60884e-08
-3.06867e-12
7.60879e-08
-2.14189e-12
7.60874e-08
-1.39401e-12
7.6087e-08
-8.30004e-13
7.60866e-08
-4.17423e-13
7.60863e-08
-1.32259e-13
7.6086e-08
5.89002e-14
7.60857e-08
1.78365e-13
7.60855e-08
2.35423e-13
7.60853e-08
2.63034e-13
7.60851e-08
2.49019e-13
7.6085e-08
2.39894e-13
7.60849e-08
1.8762e-13
7.60848e-08
1.74362e-13
9.93827e-14
8.32186e-08
1.80174e-09
-8.31596e-08
8.32992e-08
1.93781e-09
8.34009e-08
2.05601e-09
8.35216e-08
2.16593e-09
8.3658e-08
2.26467e-09
8.37992e-08
2.3457e-09
8.39361e-08
2.39835e-09
8.40614e-08
2.42372e-09
8.41705e-08
2.42581e-09
8.42617e-08
2.4084e-09
8.43358e-08
2.37518e-09
8.43949e-08
2.33173e-09
8.44408e-08
2.28387e-09
8.44752e-08
2.23455e-09
8.45e-08
2.18426e-09
8.45179e-08
2.13373e-09
8.45316e-08
2.08477e-09
8.45416e-08
2.03797e-09
8.45479e-08
1.99105e-09
8.45516e-08
1.94271e-09
8.45533e-08
1.89499e-09
8.45523e-08
1.84848e-09
8.45491e-08
1.8011e-09
8.45458e-08
1.75348e-09
8.45425e-08
1.70772e-09
8.45388e-08
1.66217e-09
8.45346e-08
1.61468e-09
8.45298e-08
1.56653e-09
8.45245e-08
1.51874e-09
8.45197e-08
1.4703e-09
8.45155e-08
1.42122e-09
8.45113e-08
1.37203e-09
8.45067e-08
1.3221e-09
8.45021e-08
1.27138e-09
8.44975e-08
1.22069e-09
8.44928e-08
1.1699e-09
8.44879e-08
1.1184e-09
8.44824e-08
1.06635e-09
8.44761e-08
1.01373e-09
8.44691e-08
9.60104e-10
8.44615e-08
9.05708e-10
8.44531e-08
8.50933e-10
8.4444e-08
7.95791e-10
8.44341e-08
7.40765e-10
8.44232e-08
6.86757e-10
8.4411e-08
6.34143e-10
8.43977e-08
5.83072e-10
8.4383e-08
5.34155e-10
8.43669e-08
4.87953e-10
8.43495e-08
4.44412e-10
8.43309e-08
4.03406e-10
8.43113e-08
3.65106e-10
8.42912e-08
3.295e-10
8.42707e-08
2.96271e-10
8.42502e-08
2.65237e-10
8.42302e-08
2.36446e-10
8.42109e-08
2.09864e-10
8.41927e-08
1.85268e-10
8.41756e-08
1.62423e-10
8.41597e-08
1.41282e-10
8.41452e-08
1.2191e-10
8.41319e-08
1.04322e-10
8.412e-08
8.84375e-11
8.41093e-08
7.41279e-11
8.40997e-08
6.11981e-11
8.40912e-08
4.95247e-11
8.40835e-08
3.90681e-11
8.40766e-08
2.98564e-11
8.40703e-08
2.18962e-11
8.40647e-08
1.51289e-11
8.40597e-08
9.45933e-12
8.40552e-08
4.70022e-12
8.40511e-08
7.301e-13
8.40474e-08
-2.53057e-12
8.40439e-08
-5.16359e-12
8.40407e-08
-7.11639e-12
8.40377e-08
-8.40235e-12
8.40349e-08
-9.02667e-12
8.40324e-08
-9.0555e-12
8.40301e-08
-8.5785e-12
8.40282e-08
-7.73189e-12
8.40264e-08
-6.64276e-12
8.4025e-08
-5.44462e-12
8.40237e-08
-4.24848e-12
8.40227e-08
-3.14093e-12
8.40218e-08
-2.17467e-12
8.4021e-08
-1.37902e-12
8.40204e-08
-7.34014e-13
8.40198e-08
-2.5296e-13
8.40193e-08
7.77453e-14
8.40188e-08
3.02634e-13
8.40185e-08
4.32889e-13
8.40181e-08
5.0295e-13
8.40179e-08
5.09951e-13
8.40176e-08
5.00566e-13
8.40174e-08
4.43322e-13
8.40173e-08
4.09106e-13
8.40171e-08
3.17323e-13
8.4017e-08
2.9121e-13
1.78209e-13
9.20606e-08
1.74861e-09
-9.20074e-08
9.21302e-08
1.86816e-09
9.22161e-08
1.97015e-09
9.23168e-08
2.06524e-09
9.24297e-08
2.15174e-09
9.25489e-08
2.22652e-09
9.26665e-08
2.28072e-09
9.27771e-08
2.31313e-09
9.28764e-08
2.3265e-09
9.29616e-08
2.32327e-09
9.30318e-08
2.30489e-09
9.30887e-08
2.27489e-09
9.31339e-08
2.23867e-09
9.31691e-08
2.19935e-09
9.31958e-08
2.15753e-09
9.32157e-08
2.11383e-09
9.32309e-08
2.06955e-09
9.32427e-08
2.02616e-09
9.32509e-08
1.98292e-09
9.32559e-08
1.93767e-09
9.32592e-08
1.89172e-09
9.32604e-08
1.84723e-09
9.32594e-08
1.80212e-09
9.32575e-08
1.75539e-09
9.32554e-08
1.70977e-09
9.32529e-08
1.66476e-09
9.32498e-08
1.61769e-09
9.32465e-08
1.56985e-09
9.32426e-08
1.52267e-09
9.32385e-08
1.47441e-09
9.32349e-08
1.42486e-09
9.32314e-08
1.37547e-09
9.32278e-08
1.32574e-09
9.32239e-08
1.27521e-09
9.32198e-08
1.22487e-09
9.32152e-08
1.17447e-09
9.32104e-08
1.12319e-09
9.32053e-08
1.07144e-09
9.31997e-08
1.01938e-09
9.31934e-08
9.66382e-10
9.31864e-08
9.12661e-10
9.31786e-08
8.58736e-10
9.31699e-08
8.04463e-10
9.31605e-08
7.50195e-10
9.31502e-08
6.97031e-10
9.31389e-08
6.4545e-10
9.31265e-08
5.95478e-10
9.3113e-08
5.47699e-10
9.30982e-08
5.02748e-10
9.30821e-08
4.60497e-10
9.30649e-08
4.20627e-10
9.30468e-08
3.83208e-10
9.30281e-08
3.48225e-10
9.3009e-08
3.15349e-10
9.29899e-08
2.84344e-10
9.29711e-08
2.55233e-10
9.29529e-08
2.28014e-10
9.29357e-08
2.02522e-10
9.29195e-08
1.7862e-10
9.29044e-08
1.56334e-10
9.28906e-08
1.35758e-10
9.2878e-08
1.16949e-10
9.28665e-08
9.98592e-11
9.28563e-08
8.43928e-11
9.28471e-08
7.03831e-11
9.28388e-08
5.7766e-11
9.28315e-08
4.64533e-11
9.28248e-08
3.64901e-11
9.28188e-08
2.78904e-11
9.28135e-08
2.04734e-11
9.28087e-08
1.42832e-11
9.28043e-08
9.00925e-12
9.28004e-08
4.63634e-12
9.27968e-08
1.06789e-12
9.27935e-08
-1.86326e-12
9.27904e-08
-4.01176e-12
9.27875e-08
-5.4638e-12
9.27847e-08
-6.25493e-12
9.27821e-08
-6.4666e-12
9.27798e-08
-6.191e-12
9.27776e-08
-5.56158e-12
9.27756e-08
-4.70167e-12
9.27739e-08
-3.72675e-12
9.27724e-08
-2.74179e-12
9.27711e-08
-1.83174e-12
9.277e-08
-1.05018e-12
9.2769e-08
-4.10421e-13
9.27682e-08
1.05223e-13
9.27675e-08
4.64179e-13
9.27668e-08
6.98111e-13
9.27663e-08
8.36214e-13
9.27659e-08
8.8631e-13
9.27655e-08
8.8932e-13
9.27651e-08
8.33285e-13
9.27649e-08
7.75029e-13
9.27646e-08
6.6609e-13
9.27645e-08
5.99816e-13
9.27643e-08
4.63552e-13
9.27642e-08
4.2233e-13
2.61363e-13
1.01824e-07
1.70286e-09
-1.01778e-07
1.01882e-07
1.81008e-09
1.01952e-07
1.90029e-09
1.02033e-07
1.98429e-09
1.02123e-07
2.06133e-09
1.0222e-07
2.12975e-09
1.02317e-07
2.18383e-09
1.0241e-07
2.22044e-09
1.02495e-07
2.24111e-09
1.02571e-07
2.24782e-09
1.02634e-07
2.24128e-09
1.02686e-07
2.22293e-09
1.02728e-07
2.19669e-09
1.02762e-07
2.16579e-09
1.02788e-07
2.13123e-09
1.02808e-07
2.0937e-09
1.02824e-07
2.0541e-09
1.02836e-07
2.01383e-09
1.02845e-07
1.97351e-09
1.02852e-07
1.93143e-09
1.02856e-07
1.88759e-09
1.02858e-07
1.84448e-09
1.02859e-07
1.80123e-09
1.02859e-07
1.75587e-09
1.02858e-07
1.71049e-09
1.02857e-07
1.66602e-09
1.02855e-07
1.61988e-09
1.02852e-07
1.57221e-09
1.0285e-07
1.5249e-09
1.02848e-07
1.47697e-09
1.02845e-07
1.42772e-09
1.02842e-07
1.37836e-09
1.02839e-07
1.32874e-09
1.02836e-07
1.27832e-09
1.02833e-07
1.22799e-09
1.02829e-07
1.17792e-09
1.02825e-07
1.12728e-09
1.0282e-07
1.07615e-09
1.02815e-07
1.02464e-09
1.02809e-07
9.72142e-10
1.02803e-07
9.18808e-10
1.02797e-07
8.65348e-10
1.02789e-07
8.11818e-10
1.02781e-07
7.58398e-10
1.02772e-07
7.06047e-10
1.02762e-07
6.55421e-10
1.02751e-07
6.06584e-10
1.02739e-07
5.59886e-10
1.02726e-07
5.15879e-10
1.02711e-07
4.74618e-10
1.02696e-07
4.35803e-10
1.0268e-07
3.99261e-10
1.02664e-07
3.64845e-10
1.02647e-07
3.32274e-10
1.0263e-07
3.01346e-10
1.02613e-07
2.7203e-10
1.02597e-07
2.44301e-10
1.02581e-07
2.18059e-10
1.02566e-07
1.93266e-10
1.02553e-07
1.70002e-10
1.0254e-07
1.48382e-10
1.02529e-07
1.28489e-10
1.02518e-07
1.10323e-10
1.02509e-07
9.37923e-11
1.025e-07
7.87951e-11
1.02493e-07
6.52864e-11
1.02486e-07
5.31928e-11
1.0248e-07
4.25542e-11
1.02475e-07
3.33234e-11
1.0247e-07
2.54076e-11
1.02465e-07
1.86563e-11
1.02461e-07
1.29568e-11
1.02458e-07
8.20237e-12
1.02454e-07
4.32467e-12
1.02451e-07
1.2149e-12
1.02448e-07
-1.10582e-12
1.02446e-07
-2.67783e-12
1.02443e-07
-3.57701e-12
1.0244e-07
-3.90632e-12
1.02438e-07
-3.77088e-12
1.02436e-07
-3.29705e-12
1.02434e-07
-2.6083e-12
1.02432e-07
-1.80957e-12
1.0243e-07
-1.01351e-12
1.02428e-07
-2.7469e-13
1.02427e-07
3.13821e-13
1.02426e-07
7.91219e-13
1.02425e-07
1.13613e-12
1.02424e-07
1.35484e-12
1.02423e-07
1.46025e-12
1.02423e-07
1.48479e-12
1.02422e-07
1.43116e-12
1.02422e-07
1.34811e-12
1.02421e-07
1.21111e-12
1.02421e-07
1.09193e-12
1.02421e-07
9.19043e-13
1.0242e-07
8.13686e-13
1.0242e-07
6.24682e-13
1.0242e-07
5.62397e-13
3.60253e-13
1.12609e-07
1.66654e-09
-1.12572e-07
1.12654e-07
1.76497e-09
1.12706e-07
1.84752e-09
1.12767e-07
1.92391e-09
1.12835e-07
1.99348e-09
1.12908e-07
2.05615e-09
1.12983e-07
2.10946e-09
1.13054e-07
2.14878e-09
1.13121e-07
2.17391e-09
1.13183e-07
2.18648e-09
1.13236e-07
2.18816e-09
1.1328e-07
2.17931e-09
1.13315e-07
2.16118e-09
1.13344e-07
2.13657e-09
1.13368e-07
2.10772e-09
1.13386e-07
2.07549e-09
1.134e-07
2.04004e-09
1.13412e-07
2.0023e-09
1.13421e-07
1.96393e-09
1.13428e-07
1.92468e-09
1.13432e-07
1.88322e-09
1.13436e-07
1.84077e-09
1.13439e-07
1.79867e-09
1.13439e-07
1.75545e-09
1.13439e-07
1.71055e-09
1.13439e-07
1.66557e-09
1.13439e-07
1.62039e-09
1.13437e-07
1.57377e-09
1.13436e-07
1.5262e-09
1.13435e-07
1.47821e-09
1.13433e-07
1.42935e-09
1.13432e-07
1.37985e-09
1.1343e-07
1.33036e-09
1.13428e-07
1.2807e-09
1.13425e-07
1.23063e-09
1.13423e-07
1.18044e-09
1.1342e-07
1.13015e-09
1.13416e-07
1.07947e-09
1.13413e-07
1.02831e-09
1.13408e-07
9.7656e-10
1.13403e-07
9.24089e-10
1.13397e-07
8.71069e-10
1.13391e-07
8.17891e-10
1.13385e-07
7.65003e-10
1.13378e-07
7.13112e-10
1.1337e-07
6.63035e-10
1.13361e-07
6.15194e-10
1.13352e-07
5.69649e-10
1.13341e-07
5.26545e-10
1.13329e-07
4.86108e-10
1.13317e-07
4.48232e-10
1.13304e-07
4.12473e-10
1.1329e-07
3.78467e-10
1.13276e-07
3.46093e-10
1.13262e-07
3.15283e-10
1.13248e-07
2.85898e-10
1.13235e-07
2.57804e-10
1.13222e-07
2.30975e-10
1.1321e-07
2.05478e-10
1.13198e-07
1.81419e-10
1.13188e-07
1.58928e-10
1.13178e-07
1.38127e-10
1.1317e-07
1.19051e-10
1.13162e-07
1.01645e-10
1.13155e-07
8.58424e-11
1.13148e-07
7.1581e-11
1.13143e-07
5.88361e-11
1.13138e-07
4.76049e-11
1.13133e-07
3.78287e-11
1.13129e-07
2.94338e-11
1.13126e-07
2.22591e-11
1.13122e-07
1.62141e-11
1.13119e-07
1.11914e-11
1.13117e-07
7.08629e-12
1.13114e-07
3.85519e-12
1.13111e-07
1.42896e-12
1.13109e-07
-1.56312e-13
1.13106e-07
-1.08292e-12
1.13104e-07
-1.43798e-12
1.13101e-07
-1.33862e-12
1.13099e-07
-9.37196e-13
1.13097e-07
-3.90282e-13
1.13095e-07
2.92793e-13
1.13093e-07
9.40787e-13
1.13091e-07
1.49757e-12
1.13089e-07
1.92425e-12
1.13088e-07
2.21715e-12
1.13087e-07
2.38305e-12
1.13086e-07
2.43471e-12
1.13085e-07
2.38407e-12
1.13084e-07
2.26763e-12
1.13083e-07
2.08688e-12
1.13083e-07
1.89501e-12
1.13082e-07
1.6599e-12
1.13082e-07
1.46379e-12
1.13082e-07
1.21608e-12
1.13081e-07
1.06162e-12
1.13081e-07
8.14005e-13
1.13081e-07
7.29184e-13
4.60155e-13
1.24526e-07
1.64269e-09
-1.24502e-07
1.24555e-07
1.73547e-09
1.24589e-07
1.81376e-09
1.24627e-07
1.88571e-09
1.2467e-07
1.9501e-09
1.24718e-07
2.00845e-09
1.24767e-07
2.06071e-09
1.24814e-07
2.10167e-09
1.24859e-07
2.1292e-09
1.24901e-07
2.14466e-09
1.24938e-07
2.1509e-09
1.24969e-07
2.14831e-09
1.24994e-07
2.13578e-09
1.25016e-07
2.11514e-09
1.25033e-07
2.08994e-09
1.25047e-07
2.06144e-09
1.25058e-07
2.02909e-09
1.25068e-07
1.99313e-09
1.25076e-07
1.95563e-09
1.25082e-07
1.91823e-09
1.25086e-07
1.8792e-09
1.2509e-07
1.8372e-09
1.25094e-07
1.79504e-09
1.25095e-07
1.75361e-09
1.25096e-07
1.70989e-09
1.25097e-07
1.66436e-09
1.25098e-07
1.61953e-09
1.25098e-07
1.57379e-09
1.25098e-07
1.52587e-09
1.25099e-07
1.47792e-09
1.25098e-07
1.43002e-09
1.25097e-07
1.38054e-09
1.25097e-07
1.33057e-09
1.25097e-07
1.28121e-09
1.25096e-07
1.2315e-09
1.25095e-07
1.18151e-09
1.25093e-07
1.13187e-09
1.25091e-07
1.0817e-09
1.25089e-07
1.03051e-09
1.25086e-07
9.79011e-10
1.25083e-07
9.27077e-10
1.2508e-07
8.74293e-10
1.25076e-07
8.215e-10
1.25072e-07
7.69467e-10
1.25067e-07
7.18204e-10
1.25061e-07
6.68356e-10
1.25056e-07
6.20955e-10
1.25049e-07
5.76069e-10
1.25042e-07
5.33436e-10
1.25035e-07
4.93462e-10
1.25027e-07
4.56363e-10
1.25018e-07
4.21426e-10
1.25008e-07
3.87913e-10
1.24999e-07
3.5577e-10
1.24989e-07
3.25086e-10
1.24979e-07
2.95655e-10
1.2497e-07
2.67265e-10
1.24961e-07
2.39978e-10
1.24952e-07
2.13969e-10
1.24944e-07
1.89366e-10
1.24937e-07
1.66285e-10
1.2493e-07
1.44856e-10
1.24924e-07
1.25143e-10
1.24919e-07
1.07125e-10
1.24914e-07
9.07367e-11
1.24909e-07
7.59334e-11
1.24906e-07
6.27024e-11
1.24902e-07
5.10341e-11
1.24899e-07
4.08783e-11
1.24896e-07
3.21363e-11
1.24894e-07
2.46705e-11
1.24892e-07
1.83608e-11
1.2489e-07
1.31129e-11
1.24888e-07
8.87368e-12
1.24886e-07
5.59513e-12
1.24885e-07
3.23209e-12
1.24883e-07
1.71805e-12
1.24881e-07
9.28504e-13
1.24879e-07
7.10349e-13
1.24876e-07
9.10002e-13
1.24874e-07
1.38162e-12
1.24872e-07
1.99653e-12
1.24869e-07
2.63457e-12
1.24867e-07
3.20199e-12
1.24865e-07
3.63723e-12
1.24863e-07
3.91233e-12
1.24861e-07
4.02701e-12
1.24859e-07
3.99871e-12
1.24858e-07
3.85755e-12
1.24857e-07
3.61511e-12
1.24856e-07
3.32309e-12
1.24855e-07
2.97503e-12
1.24854e-07
2.64204e-12
1.24853e-07
2.27232e-12
1.24853e-07
1.97484e-12
1.24853e-07
1.62232e-12
1.24852e-07
1.40361e-12
1.24852e-07
1.07119e-12
1.24852e-07
9.53634e-13
6.31643e-13
1.37703e-07
-1.37695e-07
1.37712e-07
1.37724e-07
1.37737e-07
1.37752e-07
1.37769e-07
1.37786e-07
1.37803e-07
1.3782e-07
1.37836e-07
1.37851e-07
1.37863e-07
1.37874e-07
1.37883e-07
1.37891e-07
1.37898e-07
1.37903e-07
1.37908e-07
1.37913e-07
1.37917e-07
1.3792e-07
1.37923e-07
1.37925e-07
1.37927e-07
1.37929e-07
1.37931e-07
1.37933e-07
1.37934e-07
1.37936e-07
1.37937e-07
1.37939e-07
1.3794e-07
1.37941e-07
1.37942e-07
1.37943e-07
1.37944e-07
1.37945e-07
1.37946e-07
1.37946e-07
1.37946e-07
1.37946e-07
1.37946e-07
1.37946e-07
1.37946e-07
1.37945e-07
1.37945e-07
1.37944e-07
1.37942e-07
1.3794e-07
1.37938e-07
1.37935e-07
1.37933e-07
1.3793e-07
1.37927e-07
1.37924e-07
1.3792e-07
1.37917e-07
1.37914e-07
1.3791e-07
1.37907e-07
1.37905e-07
1.37902e-07
1.379e-07
1.37898e-07
1.37897e-07
1.37895e-07
1.37894e-07
1.37893e-07
1.37892e-07
1.37892e-07
1.37891e-07
1.37891e-07
1.3789e-07
1.37889e-07
1.37889e-07
1.37888e-07
1.37886e-07
1.37885e-07
1.37883e-07
1.37881e-07
1.37879e-07
1.37876e-07
1.37874e-07
1.37871e-07
1.37868e-07
1.37866e-07
1.37863e-07
1.37861e-07
1.37859e-07
1.37857e-07
1.37855e-07
1.37854e-07
1.37853e-07
1.37852e-07
1.37851e-07
1.3785e-07
1.37849e-07
1.37849e-07
1.37848e-07
3.44472e-08
1.04245e-10
3.44458e-08
-5.99206e-11
3.44373e-08
2.5064e-11
3.44351e-08
-7.87907e-11
3.44259e-08
1.52957e-10
3.44208e-08
7.53007e-11
3.44015e-08
7.24729e-11
3.43804e-08
-1.6136e-10
3.43555e-08
-3.78249e-11
3.43367e-08
3.15498e-11
3.43104e-08
2.76178e-10
3.42862e-08
2.20278e-10
3.42503e-08
1.82728e-10
3.42032e-08
-2.90489e-11
3.41541e-08
-2.06926e-11
3.41079e-08
-7.1389e-12
3.40385e-08
1.37573e-10
3.39712e-08
2.20443e-10
3.38792e-08
3.06532e-10
3.3786e-08
3.39051e-10
3.3658e-08
3.38378e-10
3.34916e-08
4.20354e-10
3.3226e-08
4.89941e-10
3.26586e-08
9.54522e-10
1.57249e-09
3.80435e-08
1.09442e-10
3.80413e-08
-5.77137e-11
3.80304e-08
3.59557e-11
3.8024e-08
-7.23381e-11
3.80156e-08
1.61274e-10
3.80075e-08
8.34134e-11
3.79913e-08
8.87368e-11
3.7961e-08
-1.31075e-10
3.79374e-08
-1.42076e-11
3.79069e-08
6.19879e-11
3.78931e-08
2.90035e-10
3.78554e-08
2.57989e-10
3.78307e-08
2.0743e-10
3.77628e-08
3.88516e-11
3.77245e-08
1.75498e-11
3.76437e-08
7.36852e-11
3.75988e-08
1.82442e-10
3.74877e-08
3.31593e-10
3.74289e-08
3.65292e-10
3.72759e-08
4.92035e-10
3.71751e-08
4.39248e-10
3.69225e-08
6.72906e-10
3.66667e-08
7.45729e-10
3.62341e-08
1.38714e-09
1.86195e-09
4.20235e-08
9.50792e-11
4.19993e-08
-3.34593e-11
4.20077e-08
2.75198e-11
4.19766e-08
-4.11693e-11
4.19922e-08
1.45587e-10
4.19629e-08
1.12753e-10
4.19675e-08
8.41128e-11
4.19086e-08
-7.21559e-11
4.18997e-08
-5.32458e-12
4.18456e-08
1.16105e-10
4.18527e-08
2.8292e-10
4.18003e-08
3.10438e-10
4.17866e-08
2.21075e-10
4.17021e-08
1.23362e-10
4.16587e-08
6.09492e-11
4.15671e-08
1.65266e-10
4.15085e-08
2.4108e-10
4.141e-08
4.30055e-10
4.13157e-08
4.5959e-10
4.1197e-08
6.10758e-10
4.1017e-08
6.19283e-10
4.08343e-08
8.5561e-10
4.0523e-08
1.05706e-09
4.03463e-08
1.56384e-09
2.04601e-09
4.64062e-08
7.08176e-11
4.63732e-08
-5.41113e-13
4.63858e-08
1.49251e-11
4.63466e-08
-1.97056e-12
4.63672e-08
1.2507e-10
4.63388e-08
1.411e-10
4.63407e-08
8.22703e-11
4.62785e-08
-9.96853e-12
4.62555e-08
1.76339e-11
4.62079e-08
1.63712e-10
4.62051e-08
2.85764e-10
4.61707e-08
3.44817e-10
4.61381e-08
2.53676e-10
4.60664e-08
1.95051e-10
4.59891e-08
1.38247e-10
4.59104e-08
2.43965e-10
4.58195e-08
3.3198e-10
4.57427e-08
5.06847e-10
4.562e-08
5.82293e-10
4.55135e-08
7.17214e-10
4.53191e-08
8.13706e-10
4.51525e-08
1.02217e-09
4.49139e-08
1.29575e-09
4.48097e-08
1.66802e-09
2.14926e-09
5.12314e-08
4.92037e-11
5.12051e-08
2.56923e-11
5.12071e-08
1.29269e-11
5.11749e-08
3.03125e-11
5.11858e-08
1.14143e-10
5.11716e-08
1.55301e-10
5.11586e-08
9.52111e-11
5.11048e-08
4.38459e-11
5.10609e-08
6.16172e-11
5.10252e-08
1.99317e-10
5.10096e-08
3.0145e-10
5.09919e-08
3.62436e-10
5.09444e-08
3.01168e-10
5.08779e-08
2.61586e-10
5.07801e-08
2.3602e-10
5.06986e-08
3.25461e-10
5.05963e-08
4.34284e-10
5.05159e-08
5.87281e-10
5.03946e-08
7.036e-10
5.02768e-08
8.35016e-10
5.01101e-08
9.80448e-10
4.99503e-08
1.18189e-09
4.97932e-08
1.45293e-09
4.96907e-08
1.77049e-09
2.18694e-09
5.65545e-08
3.49067e-11
5.65397e-08
4.04671e-11
5.65289e-08
2.37451e-11
5.65056e-08
5.35859e-11
5.65055e-08
1.14284e-10
5.65015e-08
1.59297e-10
5.64773e-08
1.19359e-10
5.64293e-08
9.19e-11
5.63741e-08
1.16756e-10
5.63427e-08
2.30784e-10
5.63202e-08
3.23909e-10
5.63057e-08
3.76902e-10
5.62533e-08
3.53573e-10
5.61827e-08
3.32248e-10
5.60792e-08
3.39499e-10
5.59869e-08
4.17778e-10
5.58834e-08
5.37784e-10
5.57915e-08
6.79107e-10
5.56786e-08
8.16557e-10
5.55587e-08
9.54896e-10
5.54185e-08
1.12064e-09
5.52805e-08
1.31987e-09
5.5169e-08
1.56452e-09
5.50872e-08
1.85228e-09
2.18697e-09
6.24334e-08
2.68803e-11
6.24272e-08
4.67228e-11
6.24095e-08
4.14361e-11
6.23908e-08
7.23198e-11
6.23831e-08
1.21948e-10
6.23804e-08
1.61963e-10
6.2352e-08
1.47741e-10
6.23063e-08
1.37602e-10
6.22498e-08
1.73345e-10
6.22158e-08
2.6477e-10
6.21894e-08
3.50255e-10
6.21682e-08
3.98118e-10
6.21151e-08
4.06667e-10
6.20386e-08
4.08796e-10
6.19367e-08
4.41394e-10
6.18358e-08
5.18643e-10
6.17329e-08
6.40637e-10
6.16341e-08
7.78005e-10
6.15281e-08
9.22459e-10
6.14152e-08
1.06787e-09
6.12972e-08
1.23861e-09
6.11871e-08
1.43001e-09
6.11026e-08
1.64896e-09
6.10541e-08
1.90081e-09
2.16553e-09
6.89271e-08
2.30675e-11
6.89246e-08
4.91608e-11
6.89065e-08
5.95806e-11
6.88889e-08
8.99295e-11
6.88768e-08
1.3399e-10
6.88694e-08
1.69388e-10
6.88408e-08
1.76324e-10
6.87963e-08
1.82065e-10
6.87433e-08
2.26364e-10
6.87047e-08
3.03385e-10
6.86744e-08
3.80592e-10
6.86431e-08
4.29399e-10
6.85884e-08
4.61334e-10
6.85086e-08
4.88634e-10
6.84105e-08
5.39462e-10
6.83077e-08
6.21447e-10
6.82064e-08
7.41921e-10
6.81068e-08
8.77624e-10
6.80072e-08
1.0221e-09
6.79055e-08
1.16959e-09
6.7808e-08
1.33606e-09
6.77252e-08
1.51285e-09
6.76647e-08
1.70946e-09
6.76438e-08
1.92162e-09
2.1303e-09
6.89245e-08
2.18143e-11
6.89222e-08
5.14484e-11
6.89078e-08
7.39693e-11
6.88927e-08
1.0506e-10
6.88799e-08
1.46809e-10
6.8867e-08
1.82214e-10
6.88412e-08
2.0214e-10
6.88026e-08
2.20642e-10
6.87581e-08
2.70927e-10
6.87196e-08
3.41871e-10
6.86878e-08
4.12438e-10
6.86519e-08
4.65278e-10
6.85995e-08
5.13742e-10
6.85269e-08
5.61217e-10
6.84419e-08
6.24444e-10
6.83519e-08
7.11491e-10
6.82632e-08
8.30556e-10
6.81767e-08
9.64117e-10
6.80936e-08
1.10523e-09
6.80135e-08
1.24966e-09
6.7943e-08
1.4066e-09
6.78868e-08
1.56901e-09
6.78518e-08
1.74445e-09
6.78502e-08
1.92331e-09
2.09162e-09
7.60973e-08
2.19144e-11
7.60944e-08
5.44223e-11
7.60819e-08
8.63764e-11
7.60672e-08
1.19808e-10
7.60537e-08
1.60299e-10
7.60365e-08
1.99418e-10
7.60098e-08
2.28862e-10
7.59736e-08
2.5682e-10
7.59321e-08
3.12439e-10
7.58914e-08
3.82606e-10
7.58548e-08
4.49032e-10
7.58138e-08
5.06278e-10
7.57589e-08
5.68567e-10
7.56873e-08
6.32815e-10
7.56062e-08
7.05566e-10
7.55212e-08
7.96493e-10
7.54372e-08
9.1458e-10
7.53562e-08
1.04516e-09
7.52807e-08
1.18067e-09
7.52125e-08
1.31786e-09
7.51574e-08
1.46177e-09
7.51153e-08
1.61108e-09
7.50955e-08
1.76418e-09
7.51045e-08
1.91432e-09
2.04915e-09
8.40173e-08
2.30042e-11
8.40137e-08
5.80463e-11
8.40029e-08
9.7094e-11
8.39885e-08
1.34196e-10
8.39749e-08
1.73921e-10
8.39561e-08
2.18222e-10
8.39284e-08
2.56625e-10
8.38939e-08
2.91294e-10
8.38558e-08
3.50562e-10
8.38148e-08
4.23523e-10
8.37742e-08
4.89721e-10
8.37296e-08
5.50788e-10
8.36746e-08
6.23582e-10
8.3606e-08
7.01437e-10
8.35296e-08
7.81981e-10
8.34509e-08
8.75145e-10
8.3374e-08
9.91552e-10
8.3301e-08
1.11813e-09
8.32353e-08
1.24636e-09
8.31803e-08
1.37287e-09
8.31372e-08
1.50488e-09
8.31077e-08
1.64051e-09
8.30992e-08
1.77269e-09
8.31157e-08
1.89782e-09
2.00525e-09
9.27623e-08
2.45007e-11
9.27577e-08
6.26396e-11
9.27489e-08
1.0588e-10
9.2735e-08
1.48107e-10
9.27208e-08
1.88126e-10
9.27034e-08
2.3565e-10
9.26764e-08
2.83589e-10
9.26424e-08
3.253e-10
9.26075e-08
3.85444e-10
9.25697e-08
4.6138e-10
9.25271e-08
5.32271e-10
9.24802e-08
5.9768e-10
9.24275e-08
6.76273e-10
9.23651e-08
7.63854e-10
9.22949e-08
8.5216e-10
9.22234e-08
9.46737e-10
9.21556e-08
1.05927e-09
9.20936e-08
1.18015e-09
9.204e-08
1.29997e-09
9.19961e-08
1.41679e-09
9.19632e-08
1.53777e-09
9.19446e-08
1.65907e-09
9.19441e-08
1.7732e-09
9.19647e-08
1.87721e-09
1.96255e-09
1.02418e-07
2.56428e-11
1.02413e-07
6.85194e-11
1.02406e-07
1.12428e-10
1.02393e-07
1.60641e-10
1.02378e-07
2.03567e-10
1.02363e-07
2.50291e-10
1.02341e-07
3.0633e-10
1.02307e-07
3.58622e-10
1.02275e-07
4.17729e-10
1.02243e-07
4.9296e-10
1.02203e-07
5.72346e-10
1.02156e-07
6.45232e-10
1.02107e-07
7.24671e-10
1.02055e-07
8.16263e-10
1.01994e-07
9.12996e-10
1.01931e-07
1.01031e-09
1.01873e-07
1.11637e-09
1.01825e-07
1.22848e-09
1.01784e-07
1.3413e-09
1.01748e-07
1.45217e-09
1.01724e-07
1.56175e-09
1.01715e-07
1.66891e-09
1.01719e-07
1.76864e-09
1.0174e-07
1.8564e-09
1.9241e-09
1.1308e-07
2.59709e-11
1.13073e-07
7.51598e-11
1.13069e-07
1.17077e-10
1.13059e-07
1.7002e-10
1.13043e-07
2.19579e-10
1.13031e-07
2.62214e-10
1.13016e-07
3.22148e-10
1.12986e-07
3.88295e-10
1.12957e-07
4.47137e-10
1.12933e-07
5.16591e-10
1.129e-07
6.04767e-10
1.12857e-07
6.89038e-10
1.12815e-07
7.66557e-10
1.12775e-07
8.55961e-10
1.12727e-07
9.607e-10
1.12674e-07
1.06333e-09
1.1263e-07
1.1608e-09
1.12596e-07
1.26267e-09
1.12565e-07
1.37199e-09
1.12538e-07
1.47893e-09
1.12521e-07
1.57889e-09
1.12517e-07
1.67298e-09
1.12524e-07
1.76188e-09
1.12541e-07
1.83891e-09
1.89318e-09
1.24851e-07
2.56354e-11
1.24846e-07
8.08096e-11
1.24842e-07
1.20296e-10
1.24837e-07
1.75512e-10
1.24824e-07
2.32686e-10
1.24815e-07
2.70924e-10
1.24806e-07
3.30812e-10
1.24785e-07
4.09824e-10
1.24762e-07
4.70168e-10
1.24747e-07
5.31681e-10
1.24725e-07
6.25935e-10
1.24693e-07
7.21981e-10
1.24662e-07
7.97547e-10
1.24636e-07
8.81408e-10
1.24605e-07
9.91985e-10
1.24568e-07
1.10054e-09
1.24538e-07
1.19056e-09
1.24516e-07
1.28477e-09
1.24496e-07
1.3916e-09
1.24478e-07
1.49696e-09
1.24466e-07
1.59064e-09
1.24465e-07
1.67461e-09
1.2447e-07
1.75617e-09
1.24482e-07
1.82755e-09
1.87319e-09
1.37847e-07
1.37844e-07
1.37843e-07
1.37841e-07
1.37836e-07
1.37832e-07
1.37829e-07
1.3782e-07
1.37811e-07
1.37805e-07
1.37796e-07
1.37782e-07
1.37769e-07
1.37759e-07
1.37746e-07
1.37731e-07
1.37718e-07
1.37709e-07
1.37701e-07
1.37693e-07
1.37687e-07
1.37685e-07
1.37686e-07
1.37689e-07
)
;

boundaryField
{
    top
    {
        type            calculated;
        value           nonuniform List<scalar> 
125
(
1.63507e-09
1.72559e-09
1.8024e-09
1.87277e-09
1.93509e-09
1.99159e-09
2.04311e-09
2.08448e-09
2.11262e-09
2.12866e-09
2.13616e-09
2.13581e-09
2.12528e-09
2.10585e-09
2.08191e-09
2.05482e-09
2.02355e-09
1.9883e-09
1.95117e-09
1.91428e-09
1.87601e-09
1.83432e-09
1.79232e-09
1.75156e-09
1.70808e-09
1.66217e-09
1.6177e-09
1.57268e-09
1.52456e-09
1.47623e-09
1.42849e-09
1.37917e-09
1.32939e-09
1.28043e-09
1.23077e-09
1.18048e-09
1.13086e-09
1.08092e-09
1.02993e-09
9.78837e-10
9.27325e-10
8.7457e-10
8.21635e-10
7.69637e-10
7.18489e-10
6.68851e-10
6.21964e-10
5.77719e-10
5.35498e-10
4.95748e-10
4.58892e-10
4.24186e-10
3.90794e-10
3.58746e-10
3.2822e-10
2.98938e-10
2.706e-10
2.43273e-10
2.17156e-10
1.92366e-10
1.69027e-10
1.47305e-10
1.27289e-10
1.08971e-10
9.22983e-11
7.72551e-11
6.38329e-11
5.20012e-11
4.16887e-11
3.28065e-11
2.52575e-11
1.89285e-11
1.37135e-11
9.55601e-12
6.40356e-12
4.21543e-12
2.91488e-12
2.38032e-12
2.45282e-12
2.95694e-12
3.69462e-12
4.50703e-12
5.26808e-12
5.88781e-12
6.30419e-12
6.49351e-12
6.47209e-12
6.2639e-12
5.92323e-12
5.46249e-12
4.96009e-12
4.39752e-12
3.87822e-12
3.31988e-12
2.87704e-12
2.36701e-12
2.05014e-12
1.58455e-12
1.41912e-12
9.33326e-13
2.54413e-11
8.30742e-11
1.21399e-10
1.77513e-10
2.38195e-10
2.74447e-10
3.34069e-10
4.18759e-10
4.79707e-10
5.37507e-10
6.3459e-10
7.35942e-10
8.10379e-10
8.91534e-10
1.00484e-09
1.11606e-09
1.20307e-09
1.29385e-09
1.40003e-09
1.50518e-09
1.59642e-09
1.6762e-09
1.75502e-09
1.82474e-09
1.86731e-09
)
;
    }
    inlet
    {
        type            calculated;
        value           nonuniform List<scalar> 
16
(
-6.89232e-08
-7.60974e-08
-8.40184e-08
-9.27638e-08
-1.0242e-07
-1.1308e-07
-1.24851e-07
-1.37846e-07
-3.44616e-08
-3.80487e-08
-4.20092e-08
-4.63819e-08
-5.12098e-08
-5.65402e-08
-6.24254e-08
-6.89232e-08
)
;
    }
    outlet
    {
        type            calculated;
        value           nonuniform List<scalar> 
16
(
6.88541e-08
7.60847e-08
8.40169e-08
9.27641e-08
1.0242e-07
1.13081e-07
1.24852e-07
1.37848e-07
3.78569e-09
1.26402e-08
2.29819e-08
3.38772e-08
4.4236e-08
5.33518e-08
6.12676e-08
6.85991e-08
)
;
    }
    plate
    {
        type            calculated;
        value           uniform 0;
    }
    symmBound
    {
        type            calculated;
        value           nonuniform List<scalar> 
25
(
-8.97825e-11
6.12879e-11
-1.65277e-11
8.09871e-11
-1.43769e-10
-7.01881e-11
-5.32001e-11
1.82427e-10
6.27187e-11
-1.27062e-11
-2.49861e-10
-1.96119e-10
-1.46803e-10
7.60846e-11
6.98086e-11
5.3374e-11
-6.81957e-11
-1.53152e-10
-2.14538e-10
-2.4577e-10
-2.10476e-10
-2.53922e-10
-2.24365e-10
-3.87036e-10
-5.08856e-10
)
;
    }
    frontAndBack
    {
        type            empty;
        value           nonuniform 0();
    }
}


// ************************************************************************* //
