0.001	1.18135e-10
0.002	9.17495e-11
0.003	8.42709e-11
0.004	5.6304e-11
0.005	6.87753e-11
0.006	6.92199e-11
0.007	6.04633e-11
0.008	6.617e-11
0.009	6.81407e-11
0.01	6.59635e-11
0.011	6.40978e-11
0.012	6.89474e-11
0.013	5.15191e-11
0.014	5.56954e-11
0.015	4.41886e-11
0.016	4.89428e-11
0.017	4.34518e-11
0.018	4.39217e-11
0.019	4.7705e-11
0.02	4.58346e-11
0.021	4.87313e-11
0.022	4.31885e-11
0.023	4.32152e-11
0.024	4.3212e-11
0.025	4.36036e-11
0.026	4.55678e-11
0.027	3.72196e-11
0.028	4.19408e-11
0.029	3.67581e-11
0.03	3.60731e-11
0.031	3.23813e-11
0.032	3.63896e-11
0.033	3.51914e-11
0.034	3.80568e-11
0.035	3.4907e-11
0.036	3.23627e-11
0.037	3.91349e-11
0.038	3.33887e-11
0.039	3.58248e-11
0.04	3.64974e-11
0.041	3.74267e-11
0.042	3.26827e-11
0.043	3.26745e-11
0.044	3.25757e-11
0.045	3.19106e-11
0.046	3.30769e-11
0.047	3.19926e-11
0.048	3.25609e-11
0.049	3.0977e-11
0.05	3.21062e-11
0.051	3.2481e-11
0.052	3.48414e-11
0.053	3.24805e-11
0.054	2.79597e-11
0.055	3.02214e-11
0.056	2.94334e-11
0.057	3.2522e-11
0.058	2.92096e-11
0.059	3.15158e-11
0.06	2.95135e-11
0.061	2.72524e-11
0.062	2.97968e-11
0.063	2.68271e-11
0.064	2.91666e-11
0.065	2.82824e-11
0.066	2.92028e-11
0.067	3.12677e-11
0.068	3.02729e-11
0.069	2.77406e-11
0.07	2.7883e-11
0.071	2.9407e-11
0.072	2.89811e-11
0.073	2.84912e-11
0.074	2.65356e-11
0.075	2.53666e-11
0.076	2.68438e-11
0.077	2.65417e-11
0.078	2.80944e-11
0.079	2.71055e-11
0.08	2.69798e-11
0.081	2.52697e-11
0.082	2.71177e-11
0.083	2.85295e-11
0.084	2.83693e-11
0.085	2.69918e-11
0.086	2.70536e-11
0.087	2.65959e-11
0.088	2.75217e-11
0.089	2.62989e-11
0.09	2.43414e-11
0.091	2.35481e-11
0.092	2.35367e-11
0.093	2.42317e-11
0.094	2.05246e-11
0.095	2.23573e-11
0.096	2.44818e-11
0.097	2.57656e-11
0.098	2.0575e-11
0.099	2.36366e-11
0.1	2.46274e-11
0.101	2.29143e-11
0.102	2.37417e-11
0.103	2.4994e-11
0.104	2.56336e-11
0.105	2.17218e-11
0.106	2.56847e-11
0.107	2.35205e-11
0.108	2.42397e-11
0.109	2.47943e-11
0.11	2.4672e-11
0.111	2.28186e-11
0.112	2.47758e-11
0.113	2.24107e-11
0.114	2.09249e-11
0.115	2.49279e-11
0.116	2.27596e-11
0.117	2.47458e-11
0.118	2.44734e-11
0.119	2.40694e-11
0.12	2.16795e-11
0.121	2.04466e-11
0.122	2.13844e-11
0.123	2.22857e-11
0.124	2.43065e-11
0.125	2.0982e-11
0.126	2.35876e-11
0.127	2.13543e-11
0.128	2.21731e-11
0.129	2.09156e-11
0.13	1.94095e-11
0.131	1.97186e-11
0.132	2.33933e-11
0.133	2.052e-11
0.134	2.27766e-11
0.135	2.12303e-11
0.136	2.12675e-11
0.137	2.20223e-11
0.138	2.04141e-11
0.139	2.22274e-11
0.14	2.11315e-11
0.141	2.23425e-11
0.142	2.08223e-11
0.143	1.91898e-11
0.144	2.32811e-11
0.145	1.778e-11
0.146	2.22724e-11
0.147	2.03257e-11
0.148	2.34104e-11
0.149	2.20796e-11
0.15	2.28198e-11
0.151	2.16781e-11
0.152	2.25339e-11
0.153	2.24298e-11
0.154	1.93951e-11
0.155	2.1992e-11
0.156	2.11335e-11
0.157	2.04927e-11
0.158	1.89824e-11
0.159	2.14612e-11
0.16	2.02261e-11
0.161	1.99189e-11
0.162	2.01051e-11
0.163	1.87789e-11
0.164	1.8219e-11
0.165	2.1425e-11
0.166	2.01843e-11
0.167	2.1349e-11
0.168	2.06784e-11
0.169	2.04607e-11
0.17	2.06827e-11
0.171	1.76218e-11
0.172	2.0718e-11
0.173	1.78778e-11
0.174	1.96189e-11
0.175	1.83571e-11
0.176	1.67865e-11
0.177	1.8031e-11
0.178	2.04653e-11
0.179	1.84702e-11
0.18	1.77217e-11
0.181	1.99068e-11
0.182	2.12239e-11
0.183	1.64137e-11
0.184	1.93982e-11
0.185	2.1118e-11
0.186	2.18671e-11
0.187	2.01689e-11
0.188	1.86614e-11
0.189	2.01673e-11
0.19	2.05888e-11
0.191	2.16743e-11
0.192	2.06727e-11
0.193	2.02259e-11
0.194	1.96665e-11
0.195	2.07547e-11
0.196	1.98658e-11
0.197	2.11038e-11
0.198	2.10809e-11
0.199	1.74376e-11
0.2	2.06865e-11
0.201	1.85173e-11
0.202	1.95165e-11
0.203	2.09446e-11
0.204	1.9634e-11
0.205	2.08703e-11
0.206	2.09929e-11
0.207	2.11501e-11
0.208	2.04785e-11
0.209	1.87572e-11
0.21	1.71518e-11
0.211	1.54289e-11
0.212	1.92372e-11
0.213	1.93744e-11
0.214	1.92064e-11
0.215	1.75692e-11
0.216	1.9438e-11
0.217	1.98099e-11
0.218	1.91065e-11
0.219	1.87042e-11
0.22	2.05669e-11
0.221	2.04627e-11
0.222	1.91701e-11
0.223	2.01783e-11
0.224	2.11307e-11
0.225	1.71181e-11
0.226	1.88464e-11
0.227	1.77307e-11
0.228	2.02312e-11
0.229	2.0099e-11
0.23	1.77249e-11
0.231	1.81737e-11
0.232	1.93636e-11
0.233	1.80998e-11
0.234	1.93787e-11
0.235	1.81133e-11
0.236	1.79154e-11
0.237	1.62392e-11
0.238	1.84777e-11
0.239	1.71952e-11
0.24	1.86408e-11
0.241	1.58874e-11
0.242	1.93701e-11
0.243	1.57799e-11
0.244	1.85721e-11
0.245	1.67635e-11
0.246	1.97093e-11
0.247	1.67002e-11
0.248	2.1068e-11
0.249	1.92534e-11
0.25	2.04262e-11
0.251	1.95319e-11
0.252	2.0732e-11
0.253	1.83415e-11
0.254	2.04982e-11
0.255	1.99322e-11
0.256	1.9965e-11
0.257	1.80702e-11
0.258	1.9963e-11
0.259	1.87626e-11
0.26	1.89061e-11
0.261	1.96041e-11
0.262	1.83244e-11
0.263	1.77853e-11
0.264	1.89122e-11
0.265	1.84884e-11
0.266	1.62859e-11
0.267	1.92994e-11
0.268	1.95415e-11
0.269	1.63278e-11
0.27	1.99808e-11
0.271	1.78364e-11
0.272	1.9742e-11
0.273	1.87699e-11
0.274	1.85881e-11
0.275	2.02381e-11
0.276	1.6635e-11
0.277	1.96105e-11
0.278	1.87818e-11
0.279	1.99651e-11
0.28	1.85243e-11
0.281	1.94631e-11
0.282	1.93757e-11
0.283	1.98227e-11
0.284	1.69638e-11
0.285	1.69542e-11
0.286	1.921e-11
0.287	1.53106e-11
0.288	1.74646e-11
0.289	1.78388e-11
0.29	1.75704e-11
0.291	1.83026e-11
0.292	1.88572e-11
0.293	1.98813e-11
0.294	1.85321e-11
0.295	1.98476e-11
0.296	2.00681e-11
0.297	1.66222e-11
0.298	1.78295e-11
0.299	1.9825e-11
0.3	1.98576e-11
0.301	1.73377e-11
0.302	2.0187e-11
0.303	1.81794e-11
0.304	1.9535e-11
0.305	1.81248e-11
0.306	1.81397e-11
0.307	1.97574e-11
0.308	1.92173e-11
0.309	1.65434e-11
0.31	1.59311e-11
0.311	1.88674e-11
0.312	1.84539e-11
0.313	1.95416e-11
0.314	1.86762e-11
0.315	1.69925e-11
0.316	1.69323e-11
0.317	1.74946e-11
0.318	1.62784e-11
0.319	1.88762e-11
0.32	1.79497e-11
0.321	2.00083e-11
0.322	1.77796e-11
0.323	1.79869e-11
0.324	1.94203e-11
0.325	1.99734e-11
0.326	1.68583e-11
0.327	1.54008e-11
0.328	1.59997e-11
0.329	1.74488e-11
0.33	1.83797e-11
0.331	1.86301e-11
0.332	1.78775e-11
0.333	1.62823e-11
0.334	1.8095e-11
0.335	1.72789e-11
0.336	1.82103e-11
0.337	1.86745e-11
0.338	1.85966e-11
0.339	1.97642e-11
0.34	1.96245e-11
0.341	1.96057e-11
0.342	1.84326e-11
0.343	1.78858e-11
0.344	1.83496e-11
0.345	1.86756e-11
0.346	1.94405e-11
0.347	2.01049e-11
0.348	2.00969e-11
0.349	2.01789e-11
0.35	1.81824e-11
0.351	1.59808e-11
0.352	1.90236e-11
0.353	1.75185e-11
0.354	1.97869e-11
0.355	1.90466e-11
0.356	1.84102e-11
0.357	1.78708e-11
0.358	2.01764e-11
0.359	1.74175e-11
0.36	1.77436e-11
0.361	1.84125e-11
0.362	1.91456e-11
0.363	1.99327e-11
0.364	1.92697e-11
0.365	2.00982e-11
0.366	1.80626e-11
0.367	1.87688e-11
0.368	1.90943e-11
0.369	1.90525e-11
0.37	1.9939e-11
0.371	2.00065e-11
0.372	1.95327e-11
0.373	1.83279e-11
0.374	1.9996e-11
0.375	1.92007e-11
0.376	1.85568e-11
0.377	1.68689e-11
0.378	1.87021e-11
0.379	1.7402e-11
0.38	1.64498e-11
0.381	1.57976e-11
0.382	2.00244e-11
0.383	2.00685e-11
0.384	2.02704e-11
0.385	1.66585e-11
0.386	1.77988e-11
0.387	1.89623e-11
0.388	1.88216e-11
0.389	1.98115e-11
0.39	1.95536e-11
0.391	2.00256e-11
0.392	2.03065e-11
0.393	2.03891e-11
0.394	2.02481e-11
0.395	1.99522e-11
0.396	1.95407e-11
0.397	1.90244e-11
0.398	2.0304e-11
0.399	1.94079e-11
0.4	1.83295e-11
0.401	1.73253e-11
0.402	1.95625e-11
0.403	1.98333e-11
0.404	2.0536e-11
0.405	2.03748e-11
0.406	1.96477e-11
0.407	1.97912e-11
0.408	2.01425e-11
0.409	2.05621e-11
0.41	1.76315e-11
0.411	1.80845e-11
0.412	1.88687e-11
0.413	1.99373e-11
0.414	1.63959e-11
0.415	1.61228e-11
0.416	1.99954e-11
0.417	1.90219e-11
0.418	1.80531e-11
0.419	1.71001e-11
0.42	2.00957e-11
0.421	1.93623e-11
0.422	1.9087e-11
0.423	2.05721e-11
0.424	2.0191e-11
0.425	1.99868e-11
0.426	1.97146e-11
0.427	1.95333e-11
0.428	1.92757e-11
0.429	1.9084e-11
0.43	1.90292e-11
0.431	1.88591e-11
0.432	1.88338e-11
0.433	2.06403e-11
0.434	2.05203e-11
0.435	2.04156e-11
0.436	1.99668e-11
0.437	1.9774e-11
0.438	2.06445e-11
0.439	1.8614e-11
0.44	1.88208e-11
0.441	1.85382e-11
0.442	2.06541e-11
0.443	2.03232e-11
0.444	1.99579e-11
0.445	1.96817e-11
0.446	2.07991e-11
0.447	2.07055e-11
0.448	2.05132e-11
0.449	2.00044e-11
0.45	1.9426e-11
0.451	1.87589e-11
0.452	1.80333e-11
0.453	2.03113e-11
0.454	1.98404e-11
0.455	1.92975e-11
0.456	1.88484e-11
0.457	1.85344e-11
0.458	2.08054e-11
0.459	2.0361e-11
0.46	1.9774e-11
0.461	2.06393e-11
0.462	2.09518e-11
0.463	1.9062e-11
0.464	1.93539e-11
0.465	1.96239e-11
0.466	1.98365e-11
0.467	1.99912e-11
0.468	2.00155e-11
0.469	1.98013e-11
0.47	1.95611e-11
0.471	2.07732e-11
0.472	2.00415e-11
0.473	1.93623e-11
0.474	1.81435e-11
0.475	2.13136e-11
0.476	2.03419e-11
0.477	1.95893e-11
0.478	1.89988e-11
0.479	1.85724e-11
0.48	1.82842e-11
0.481	1.82124e-11
0.482	2.10574e-11
0.483	2.06136e-11
0.484	2.00135e-11
0.485	1.91005e-11
0.486	2.10092e-11
0.487	1.97904e-11
0.488	1.84146e-11
0.489	1.83758e-11
0.49	2.13682e-11
0.491	1.8708e-11
0.492	1.97455e-11
0.493	2.09329e-11
0.494	1.86428e-11
0.495	1.88526e-11
0.496	2.1565e-11
0.497	2.10131e-11
0.498	2.14616e-11
0.499	1.99072e-11
0.5	2.12021e-11
0.501	1.93649e-11
0.502	1.92452e-11
0.503	2.11897e-11
0.504	1.92572e-11
0.505	2.12299e-11
0.506	1.99737e-11
0.507	2.04575e-11
0.508	2.06032e-11
0.509	2.03149e-11
0.51	1.99023e-11
0.511	1.95796e-11
0.512	2.16135e-11
0.513	2.11571e-11
0.514	2.08961e-11
0.515	2.19242e-11
0.516	2.05398e-11
0.517	2.10099e-11
0.518	2.1639e-11
0.519	2.1052e-11
0.52	2.11061e-11
0.521	2.06627e-11
0.522	2.02241e-11
0.523	1.98223e-11
0.524	1.92018e-11
0.525	1.88294e-11
0.526	2.16255e-11
0.527	2.10918e-11
0.528	2.16622e-11
0.529	2.19642e-11
0.53	2.20622e-11
0.531	2.21121e-11
0.532	2.20201e-11
0.533	2.17038e-11
0.534	2.18649e-11
0.535	2.17317e-11
0.536	2.13908e-11
0.537	2.13309e-11
0.538	2.03483e-11
0.539	1.98487e-11
0.54	2.03447e-11
0.541	2.04079e-11
0.542	2.04311e-11
0.543	2.04059e-11
0.544	2.03554e-11
0.545	2.0412e-11
0.546	2.06574e-11
0.547	2.09012e-11
0.548	2.10841e-11
0.549	2.06548e-11
0.55	2.07539e-11
0.551	2.00193e-11
0.552	1.99126e-11
0.553	1.96884e-11
0.554	1.95516e-11
0.555	1.94291e-11
0.556	1.93161e-11
0.557	1.91523e-11
0.558	1.90118e-11
0.559	2.25341e-11
0.56	2.24278e-11
0.561	2.20472e-11
0.562	2.21553e-11
0.563	2.16475e-11
0.564	2.1272e-11
0.565	2.12904e-11
0.566	2.11187e-11
0.567	2.08409e-11
0.568	2.05163e-11
0.569	2.04172e-11
0.57	2.02741e-11
0.571	2.02586e-11
0.572	2.00666e-11
0.573	2.01232e-11
0.574	2.03091e-11
0.575	2.04617e-11
0.576	2.03606e-11
0.577	2.04265e-11
0.578	2.05543e-11
0.579	2.06826e-11
0.58	2.08521e-11
0.581	2.09656e-11
0.582	2.09782e-11
0.583	2.09088e-11
0.584	2.28598e-11
0.585	2.24622e-11
0.586	2.23045e-11
0.587	2.15707e-11
0.588	2.1421e-11
0.589	2.11182e-11
0.59	2.10565e-11
0.591	2.10446e-11
0.592	2.1005e-11
0.593	2.09393e-11
0.594	2.08315e-11
0.595	2.06426e-11
0.596	2.31696e-11
0.597	2.28524e-11
0.598	2.30707e-11
0.599	2.30193e-11
0.6	1.97365e-11
0.601	1.96227e-11
0.602	1.96956e-11
0.603	1.98329e-11
0.604	1.99272e-11
0.605	1.99266e-11
0.606	1.98861e-11
0.607	1.9813e-11
0.608	1.97598e-11
0.609	1.97533e-11
0.61	1.98992e-11
0.611	1.99984e-11
0.612	2.25849e-11
0.613	2.26566e-11
0.614	2.2213e-11
0.615	2.16514e-11
0.616	2.13008e-11
0.617	2.10924e-11
0.618	2.08499e-11
0.619	2.34338e-11
0.62	2.29949e-11
0.621	2.2686e-11
0.622	2.2618e-11
0.623	2.27707e-11
0.624	2.25813e-11
0.625	2.28863e-11
0.626	2.32329e-11
0.627	2.35288e-11
0.628	1.98839e-11
0.629	2.001e-11
0.63	2.00498e-11
0.631	2.36025e-11
0.632	2.35623e-11
0.633	2.32536e-11
0.634	2.30086e-11
0.635	2.26051e-11
0.636	2.24558e-11
0.637	2.15544e-11
0.638	2.06108e-11
0.639	2.10957e-11
0.64	2.12277e-11
0.641	2.09122e-11
0.642	2.05177e-11
0.643	2.35995e-11
0.644	2.31286e-11
0.645	2.2707e-11
0.646	2.2477e-11
0.647	2.25102e-11
0.648	2.31566e-11
0.649	2.32408e-11
0.65	2.37621e-11
0.651	2.35906e-11
0.652	2.31979e-11
0.653	2.33531e-11
0.654	2.36374e-11
0.655	2.36998e-11
0.656	2.37646e-11
0.657	2.37038e-11
0.658	2.39037e-11
0.659	2.35555e-11
0.66	2.36033e-11
0.661	2.34112e-11
0.662	2.38345e-11
0.663	2.27239e-11
0.664	2.32445e-11
0.665	2.25946e-11
0.666	2.22973e-11
0.667	2.21295e-11
0.668	2.38287e-11
0.669	2.34288e-11
0.67	2.31639e-11
0.671	2.30565e-11
0.672	2.38493e-11
0.673	2.27653e-11
0.674	2.25646e-11
0.675	2.36919e-11
0.676	2.27629e-11
0.677	2.31129e-11
0.678	2.31294e-11
0.679	2.34134e-11
0.68	2.35857e-11
0.681	2.37644e-11
0.682	2.38613e-11
0.683	2.39475e-11
0.684	2.20368e-11
0.685	2.33124e-11
0.686	2.30591e-11
0.687	2.40287e-11
0.688	2.20965e-11
0.689	2.35652e-11
0.69	2.41867e-11
0.691	2.27917e-11
0.692	2.37087e-11
0.693	2.32186e-11
0.694	2.24343e-11
0.695	2.23265e-11
0.696	2.27014e-11
0.697	2.19899e-11
0.698	2.38036e-11
0.699	2.19701e-11
0.7	2.27473e-11
0.701	2.22395e-11
0.702	2.15585e-11
0.703	2.27721e-11
0.704	2.34157e-11
0.705	2.23984e-11
0.706	2.22831e-11
0.707	2.23913e-11
0.708	2.24151e-11
0.709	2.24411e-11
0.71	2.25012e-11
0.711	2.42488e-11
0.712	2.1965e-11
0.713	2.29047e-11
0.714	2.38214e-11
0.715	2.39596e-11
0.716	2.38251e-11
0.717	2.36033e-11
0.718	2.37891e-11
0.719	2.40481e-11
0.72	2.41004e-11
0.721	2.41463e-11
0.722	2.44183e-11
0.723	2.26294e-11
0.724	2.44365e-11
0.725	2.42769e-11
0.726	2.36722e-11
0.727	2.29437e-11
0.728	2.35441e-11
0.729	2.27535e-11
0.73	2.34183e-11
0.731	2.31388e-11
0.732	2.44036e-11
0.733	2.33226e-11
0.734	2.18666e-11
0.735	2.34951e-11
0.736	2.18959e-11
0.737	2.31125e-11
0.738	2.38784e-11
0.739	2.21546e-11
0.74	2.2766e-11
0.741	2.22287e-11
0.742	2.27596e-11
0.743	2.16906e-11
0.744	2.22004e-11
0.745	2.15404e-11
0.746	2.41011e-11
0.747	2.31426e-11
0.748	2.15044e-11
0.749	2.44828e-11
0.75	2.28346e-11
0.751	2.13356e-11
0.752	1.98399e-11
0.753	2.06851e-11
0.754	2.20009e-11
0.755	2.44973e-11
0.756	2.1948e-11
0.757	2.43407e-11
0.758	2.43662e-11
0.759	2.07201e-11
0.76	2.34862e-11
0.761	2.43521e-11
0.762	2.42342e-11
0.763	2.36808e-11
0.764	2.32732e-11
0.765	2.42955e-11
0.766	2.27196e-11
0.767	2.334e-11
0.768	2.25938e-11
0.769	2.39002e-11
0.77	2.26348e-11
0.771	2.33072e-11
0.772	2.26195e-11
0.773	2.37225e-11
0.774	2.35594e-11
0.775	2.31419e-11
0.776	2.32967e-11
0.777	2.28608e-11
0.778	2.34037e-11
0.779	2.26012e-11
0.78	2.37931e-11
0.781	2.25013e-11
0.782	2.25965e-11
0.783	2.25474e-11
0.784	2.41386e-11
0.785	2.386e-11
0.786	2.24706e-11
0.787	2.19801e-11
0.788	2.34165e-11
0.789	2.4725e-11
0.79	2.38229e-11
0.791	2.43735e-11
0.792	2.42219e-11
0.793	2.4137e-11
0.794	2.39968e-11
0.795	2.37658e-11
0.796	2.35884e-11
0.797	2.34656e-11
0.798	2.32781e-11
0.799	2.31853e-11
0.8	2.28366e-11
0.801	2.28089e-11
0.802	2.48441e-11
0.803	2.2504e-11
0.804	2.38723e-11
0.805	2.45449e-11
0.806	2.45537e-11
0.807	2.43914e-11
0.808	2.41877e-11
0.809	2.39971e-11
0.81	2.38354e-11
0.811	2.35947e-11
0.812	2.34416e-11
0.813	2.34958e-11
0.814	2.29689e-11
0.815	2.32585e-11
0.816	2.27952e-11
0.817	2.29721e-11
0.818	2.25987e-11
0.819	2.26198e-11
0.82	2.46657e-11
0.821	2.48391e-11
0.822	2.46515e-11
0.823	2.44539e-11
0.824	2.42612e-11
0.825	2.40365e-11
0.826	2.36238e-11
0.827	2.35808e-11
0.828	2.34196e-11
0.829	2.30482e-11
0.83	2.31183e-11
0.831	2.26931e-11
0.832	2.28932e-11
0.833	2.47206e-11
0.834	2.48889e-11
0.835	2.48981e-11
0.836	2.47687e-11
0.837	2.4646e-11
0.838	2.44896e-11
0.839	2.43385e-11
0.84	2.41481e-11
0.841	2.3885e-11
0.842	2.38194e-11
0.843	2.36307e-11
0.844	2.33911e-11
0.845	2.32432e-11
0.846	2.30773e-11
0.847	2.28989e-11
0.848	2.27867e-11
0.849	2.48409e-11
0.85	2.50202e-11
0.851	2.49256e-11
0.852	2.47476e-11
0.853	2.45696e-11
0.854	2.44086e-11
0.855	2.42723e-11
0.856	2.41656e-11
0.857	2.40025e-11
0.858	2.3625e-11
0.859	2.3336e-11
0.86	2.35469e-11
0.861	2.35151e-11
0.862	2.31812e-11
0.863	2.31739e-11
0.864	2.29185e-11
0.865	2.50592e-11
0.866	2.28599e-11
0.867	2.48059e-11
0.868	2.38695e-11
0.869	2.43398e-11
0.87	2.43708e-11
0.871	2.415e-11
0.872	2.39544e-11
0.873	2.37341e-11
0.874	2.3381e-11
0.875	2.30474e-11
0.876	2.32304e-11
0.877	2.31e-11
0.878	2.28839e-11
0.879	2.28814e-11
0.88	2.49844e-11
0.881	2.40897e-11
0.882	2.50425e-11
0.883	2.49245e-11
0.884	2.47399e-11
0.885	2.46049e-11
0.886	2.44143e-11
0.887	2.40917e-11
0.888	2.38891e-11
0.889	2.35367e-11
0.89	2.36225e-11
0.891	2.3387e-11
0.892	2.32371e-11
0.893	2.30007e-11
0.894	2.29174e-11
0.895	2.51498e-11
0.896	2.46904e-11
0.897	2.4616e-11
0.898	2.47234e-11
0.899	2.46192e-11
0.9	2.44249e-11
0.901	2.42112e-11
0.902	2.41896e-11
0.903	2.38808e-11
0.904	2.41211e-11
0.905	2.34499e-11
0.906	2.38837e-11
0.907	2.35349e-11
0.908	2.35369e-11
0.909	2.3144e-11
0.91	2.32242e-11
0.911	2.51069e-11
0.912	2.44366e-11
0.913	2.27958e-11
0.914	2.46358e-11
0.915	2.43209e-11
0.916	2.45488e-11
0.917	2.33941e-11
0.918	2.41e-11
0.919	2.40124e-11
0.92	2.38026e-11
0.921	2.48975e-11
0.922	2.35898e-11
0.923	2.36182e-11
0.924	2.34025e-11
0.925	2.33022e-11
0.926	2.3156e-11
0.927	2.30149e-11
0.928	2.52042e-11
0.929	2.3755e-11
0.93	2.48327e-11
0.931	2.46381e-11
0.932	2.41987e-11
0.933	2.43979e-11
0.934	2.34043e-11
0.935	2.38977e-11
0.936	2.36595e-11
0.937	2.3733e-11
0.938	2.28433e-11
0.939	2.34441e-11
0.94	2.31636e-11
0.941	2.31809e-11
0.942	2.51925e-11
0.943	2.41351e-11
0.944	2.40962e-11
0.945	2.43629e-11
0.946	2.41165e-11
0.947	2.31368e-11
0.948	2.40324e-11
0.949	2.41329e-11
0.95	2.37781e-11
0.951	2.39978e-11
0.952	2.33508e-11
0.953	2.36537e-11
0.954	2.30792e-11
0.955	2.3299e-11
0.956	2.3207e-11
0.957	2.29712e-11
0.958	2.52534e-11
0.959	2.43626e-11
0.96	2.34708e-11
0.961	2.36718e-11
0.962	2.35622e-11
0.963	2.42e-11
0.964	2.40852e-11
0.965	2.37633e-11
0.966	2.30573e-11
0.967	2.34855e-11
0.968	2.29394e-11
0.969	2.35244e-11
0.97	2.30781e-11
0.971	2.3246e-11
0.972	2.31147e-11
0.973	2.4361e-11
0.974	2.44707e-11
0.975	2.44963e-11
0.976	2.40396e-11
0.977	2.32557e-11
0.978	2.34191e-11
0.979	2.3322e-11
0.98	2.36202e-11
0.981	2.39194e-11
0.982	2.30921e-11
0.983	2.34686e-11
0.984	2.29062e-11
0.985	2.31562e-11
0.986	2.32808e-11
0.987	2.30539e-11
0.988	2.30839e-11
0.989	2.28309e-11
0.99	2.28331e-11
0.991	2.52938e-11
0.992	2.39336e-11
0.993	2.46633e-11
0.994	2.45495e-11
0.995	2.37723e-11
0.996	2.39894e-11
0.997	2.33342e-11
0.998	2.36069e-11
0.999	2.36378e-11
1	2.36171e-11
