/*--------------------------------*- C++ -*----------------------------------*\
| =========                 |                                                 |
| \\      /  F ield         | OpenFOAM: The Open Source CFD Toolbox           |
|  \\    /   O peration     | Version:  2.3.0                                 |
|   \\  /    A nd           | Web:      www.OpenFOAM.org                      |
|    \\/     M anipulation  |                                                 |
\*---------------------------------------------------------------------------*/
FoamFile
{
    version     2.0;
    format      ascii;
    class       surfaceScalarField;
    location    "0.35";
    object      phi_0;
}
// * * * * * * * * * * * * * * * * * * * * * * * * * * * * * * * * * * * * * //

dimensions      [0 3 -1 0 0 0 0];

internalField   nonuniform List<scalar> 
4357
(
4.99656e-08
2.04715e-09
-5.20127e-08
4.78111e-08
2.15446e-09
4.56468e-08
2.16425e-09
4.34985e-08
2.1483e-09
4.13783e-08
2.12021e-09
3.92971e-08
2.08123e-09
3.72636e-08
2.0335e-09
3.52846e-08
1.97899e-09
3.33656e-08
1.91901e-09
3.15113e-08
1.85427e-09
2.9726e-08
1.78529e-09
2.80136e-08
1.71249e-09
2.63772e-08
1.63633e-09
2.482e-08
1.55727e-09
2.33441e-08
1.47584e-09
2.19515e-08
1.39262e-09
2.06433e-08
1.30823e-09
1.94199e-08
1.22337e-09
1.82811e-08
1.13876e-09
1.7226e-08
1.05512e-09
1.62528e-08
9.73194e-10
1.53591e-08
8.93684e-10
1.45419e-08
8.17245e-10
1.37974e-08
7.44458e-10
1.31216e-08
6.75816e-10
1.25099e-08
6.11705e-10
1.19575e-08
5.52398e-10
1.14595e-08
4.9805e-10
1.10108e-08
4.48702e-10
1.06065e-08
4.04288e-10
1.02418e-08
3.64651e-10
9.91229e-09
3.2955e-10
9.6136e-09
2.98688e-10
9.34188e-09
2.71721e-10
9.0936e-09
2.48279e-10
8.86562e-09
2.27981e-10
8.65517e-09
2.1045e-10
8.45985e-09
1.95321e-10
8.27759e-09
1.82253e-10
8.10666e-09
1.70932e-10
7.94558e-09
1.61076e-10
7.79315e-09
1.52435e-10
7.64835e-09
1.44794e-10
7.51038e-09
1.37971e-10
7.37857e-09
1.31811e-10
7.25239e-09
1.26187e-10
7.13139e-09
1.20997e-10
7.01523e-09
1.16158e-10
6.90363e-09
1.11603e-10
6.79634e-09
1.07283e-10
6.69319e-09
1.03159e-10
6.59398e-09
9.92004e-11
6.4986e-09
9.53847e-11
6.40691e-09
9.16948e-11
6.31879e-09
8.81177e-11
6.23414e-09
8.46431e-11
6.15288e-09
8.12629e-11
6.07491e-09
7.79703e-11
6.00015e-09
7.47592e-11
5.92853e-09
7.16242e-11
5.85997e-09
6.85604e-11
5.7944e-09
6.55629e-11
5.73178e-09
6.26271e-11
5.67203e-09
5.97485e-11
5.61511e-09
5.69224e-11
5.56096e-09
5.41441e-11
5.50955e-09
5.14078e-11
5.46085e-09
4.8707e-11
5.41481e-09
4.60335e-11
5.37144e-09
4.33777e-11
5.33071e-09
4.07285e-11
5.29263e-09
3.80745e-11
5.25723e-09
3.54053e-11
5.22451e-09
3.27138e-11
5.19452e-09
2.99981e-11
5.16725e-09
2.72642e-11
5.14272e-09
2.45269e-11
5.12091e-09
2.18114e-11
5.10176e-09
1.9152e-11
5.08517e-09
1.65905e-11
5.071e-09
1.41739e-11
5.05905e-09
1.1951e-11
5.04908e-09
9.96905e-12
5.04081e-09
8.27033e-12
5.03392e-09
6.88934e-12
5.02807e-09
5.85014e-12
5.0229e-09
5.16429e-12
5.01807e-09
4.82977e-12
5.01324e-09
4.83047e-12
5.00811e-09
5.13633e-12
5.0024e-09
5.70392e-12
4.99592e-09
6.47809e-12
4.98852e-09
7.40144e-12
4.9801e-09
8.42621e-12
4.9706e-09
9.49244e-12
4.96007e-09
1.0534e-11
4.94852e-09
1.15528e-11
4.93589e-09
1.26249e-11
4.92188e-09
1.40118e-11
3.00503e-11
5.77118e-08
2.15746e-09
-5.78221e-08
5.7469e-08
2.39722e-09
5.70919e-08
2.5414e-09
5.66012e-08
2.639e-09
5.60115e-08
2.70992e-09
5.53343e-08
2.75838e-09
5.45808e-08
2.78701e-09
5.37611e-08
2.79868e-09
5.28846e-08
2.79551e-09
5.196e-08
2.77886e-09
5.09956e-08
2.74973e-09
4.99991e-08
2.70897e-09
4.8978e-08
2.65746e-09
4.79392e-08
2.59608e-09
4.68892e-08
2.52578e-09
4.58343e-08
2.44759e-09
4.47799e-08
2.36261e-09
4.37312e-08
2.27203e-09
4.26929e-08
2.17708e-09
4.1669e-08
2.07905e-09
4.0663e-08
1.9792e-09
3.96779e-08
1.87879e-09
3.87161e-08
1.77901e-09
3.77796e-08
1.68095e-09
3.68699e-08
1.58558e-09
3.59878e-08
1.49372e-09
3.51342e-08
1.40605e-09
3.43092e-08
1.32306e-09
3.35128e-08
1.24509e-09
3.27447e-08
1.17232e-09
3.20046e-08
1.10479e-09
3.12917e-08
1.04243e-09
3.06054e-08
9.85037e-10
2.99447e-08
9.32366e-10
2.93089e-08
8.84101e-10
2.8697e-08
8.39892e-10
2.81081e-08
7.99374e-10
2.75412e-08
7.62181e-10
2.69955e-08
7.27954e-10
2.64701e-08
6.96357e-10
2.59641e-08
6.67077e-10
2.54767e-08
6.39829e-10
2.50071e-08
6.14359e-10
2.45547e-08
5.90447e-10
2.41186e-08
5.67901e-10
2.36982e-08
5.46553e-10
2.32929e-08
5.26262e-10
2.29022e-08
5.06908e-10
2.25254e-08
4.88388e-10
2.21621e-08
4.70616e-10
2.18117e-08
4.53522e-10
2.14739e-08
4.37042e-10
2.11481e-08
4.21125e-10
2.08341e-08
4.05724e-10
2.05314e-08
3.90799e-10
2.02397e-08
3.76314e-10
1.99588e-08
3.62236e-10
1.96882e-08
3.48535e-10
1.94278e-08
3.35182e-10
1.91773e-08
3.22151e-10
1.89364e-08
3.09416e-10
1.8705e-08
2.96954e-10
1.84829e-08
2.84741e-10
1.82699e-08
2.72757e-10
1.80658e-08
2.6098e-10
1.78706e-08
2.49389e-10
1.7684e-08
2.37963e-10
1.75061e-08
2.2668e-10
1.73366e-08
2.15517e-10
1.71755e-08
2.04449e-10
1.70228e-08
1.93455e-10
1.68783e-08
1.82516e-10
1.67421e-08
1.71621e-10
1.66141e-08
1.60774e-10
1.64941e-08
1.49996e-10
1.6382e-08
1.39332e-10
1.62777e-08
1.28856e-10
1.61808e-08
1.18664e-10
1.60911e-08
1.08878e-10
1.6008e-08
9.96393e-11
1.59311e-08
9.10953e-11
1.58597e-08
8.33951e-11
1.5793e-08
7.66768e-11
1.57302e-08
7.10589e-11
1.56704e-08
6.66318e-11
1.56128e-08
6.34511e-11
1.55565e-08
6.1532e-11
1.55004e-08
6.08468e-11
1.5444e-08
6.13226e-11
1.53862e-08
6.28443e-11
1.53267e-08
6.52586e-11
1.52648e-08
6.83817e-11
1.52002e-08
7.20132e-11
1.51326e-08
7.59593e-11
1.50621e-08
8.00389e-11
1.49885e-08
8.41001e-11
1.4912e-08
8.81051e-11
1.48323e-08
9.23006e-11
1.47472e-08
9.91226e-11
1.21377e-10
6.27605e-08
2.14991e-09
-6.2753e-08
6.27724e-08
2.3853e-09
6.2756e-08
2.55778e-09
6.27031e-08
2.69197e-09
6.261e-08
2.80294e-09
6.24737e-08
2.89468e-09
6.22923e-08
2.96845e-09
6.20652e-08
3.02573e-09
6.17929e-08
3.06782e-09
6.14763e-08
3.09554e-09
6.11166e-08
3.10942e-09
6.07156e-08
3.1099e-09
6.02756e-08
3.09746e-09
5.97991e-08
3.07265e-09
5.92887e-08
3.03617e-09
5.87474e-08
2.98883e-09
5.81785e-08
2.93157e-09
5.7585e-08
2.86548e-09
5.69703e-08
2.79179e-09
5.63376e-08
2.71178e-09
5.56899e-08
2.62682e-09
5.50305e-08
2.53827e-09
5.4362e-08
2.4475e-09
5.36871e-08
2.3558e-09
5.30083e-08
2.26436e-09
5.23278e-08
2.17425e-09
5.16475e-08
2.08639e-09
5.0969e-08
2.00152e-09
5.02939e-08
1.92021e-09
4.96233e-08
1.84288e-09
4.89584e-08
1.76977e-09
4.82998e-08
1.70099e-09
4.76483e-08
1.63652e-09
4.70044e-08
1.57624e-09
4.63686e-08
1.51994e-09
4.57411e-08
1.46738e-09
4.51222e-08
1.41826e-09
4.45121e-08
1.37227e-09
4.3911e-08
1.3291e-09
4.33189e-08
1.28843e-09
4.2736e-08
1.24998e-09
4.21624e-08
1.21347e-09
4.15981e-08
1.17867e-09
4.10432e-08
1.14534e-09
4.04978e-08
1.1133e-09
3.9962e-08
1.08238e-09
3.94358e-08
1.05243e-09
3.89194e-08
1.02334e-09
3.84127e-08
9.95006e-10
3.7916e-08
9.67335e-10
3.74293e-08
9.40256e-10
3.69526e-08
9.13706e-10
3.64861e-08
8.87634e-10
3.60298e-08
8.61993e-10
3.55839e-08
8.36742e-10
3.51484e-08
8.11847e-10
3.47233e-08
7.87275e-10
3.43089e-08
7.62994e-10
3.39051e-08
7.38978e-10
3.3512e-08
7.15198e-10
3.31298e-08
6.91631e-10
3.27585e-08
6.68251e-10
3.23982e-08
6.45036e-10
3.2049e-08
6.21963e-10
3.1711e-08
5.9901e-10
3.13842e-08
5.76157e-10
3.10688e-08
5.53381e-10
3.07648e-08
5.30661e-10
3.04724e-08
5.07977e-10
3.01915e-08
4.8531e-10
2.99223e-08
4.62649e-10
2.96648e-08
4.39993e-10
2.94191e-08
4.1736e-10
2.91851e-08
3.94795e-10
2.89627e-08
3.72374e-10
2.87518e-08
3.50214e-10
2.85522e-08
3.28477e-10
2.83635e-08
3.07365e-10
2.81852e-08
2.87116e-10
2.80169e-08
2.67996e-10
2.78577e-08
2.50283e-10
2.77068e-08
2.34252e-10
2.75634e-08
2.20158e-10
2.74262e-08
2.08218e-10
2.72942e-08
1.98599e-10
2.71663e-08
1.91405e-10
2.70412e-08
1.86666e-10
2.69177e-08
1.84337e-10
2.67947e-08
1.84291e-10
2.66712e-08
1.86324e-10
2.65463e-08
1.90166e-10
2.64192e-08
1.95494e-10
2.62893e-08
2.0195e-10
2.6156e-08
2.09175e-10
2.60192e-08
2.16831e-10
2.58787e-08
2.24649e-10
2.57343e-08
2.3254e-10
2.55856e-08
2.40969e-10
2.5432e-08
2.52733e-10
2.73969e-10
6.80027e-08
2.17359e-09
-6.80263e-08
6.80071e-08
2.38084e-09
6.80144e-08
2.55054e-09
6.80153e-08
2.69098e-09
6.80072e-08
2.81104e-09
6.79875e-08
2.91445e-09
6.79535e-08
3.00244e-09
6.79031e-08
3.07608e-09
6.78346e-08
3.13637e-09
6.77461e-08
3.18399e-09
6.76362e-08
3.21932e-09
6.75035e-08
3.24261e-09
6.73469e-08
3.25409e-09
6.71655e-08
3.25402e-09
6.69589e-08
3.24278e-09
6.67269e-08
3.22085e-09
6.64696e-08
3.18887e-09
6.61875e-08
3.14761e-09
6.58813e-08
3.09798e-09
6.5552e-08
3.04102e-09
6.5201e-08
2.97786e-09
6.48296e-08
2.90969e-09
6.44393e-08
2.83773e-09
6.4032e-08
2.76317e-09
6.36091e-08
2.68718e-09
6.31726e-08
2.6108e-09
6.2724e-08
2.535e-09
6.22649e-08
2.46059e-09
6.17969e-08
2.38824e-09
6.13213e-08
2.31847e-09
6.08394e-08
2.25165e-09
6.03524e-08
2.18802e-09
5.98612e-08
2.1277e-09
5.93668e-08
2.07068e-09
5.88698e-08
2.01688e-09
5.83711e-08
1.96615e-09
5.78711e-08
1.91828e-09
5.73703e-08
1.87305e-09
5.68692e-08
1.83019e-09
5.63681e-08
1.78946e-09
5.58675e-08
1.75059e-09
5.53677e-08
1.71334e-09
5.48689e-08
1.67748e-09
5.43714e-08
1.64281e-09
5.38756e-08
1.60913e-09
5.33816e-08
1.5763e-09
5.28899e-08
1.54415e-09
5.24007e-08
1.51257e-09
5.19142e-08
1.48145e-09
5.14309e-08
1.45069e-09
5.09509e-08
1.42023e-09
5.04746e-08
1.38998e-09
5.00024e-08
1.35989e-09
4.95345e-08
1.32991e-09
4.90712e-08
1.3e-09
4.8613e-08
1.27011e-09
4.816e-08
1.2402e-09
4.77128e-08
1.21025e-09
4.72715e-08
1.18023e-09
4.68366e-08
1.15009e-09
4.64084e-08
1.11982e-09
4.59873e-08
1.08939e-09
4.55736e-08
1.05878e-09
4.51676e-08
1.02795e-09
4.47697e-08
9.96896e-10
4.43802e-08
9.65592e-10
4.39996e-08
9.3402e-10
4.36281e-08
9.02165e-10
4.32661e-08
8.70016e-10
4.29138e-08
8.3757e-10
4.25716e-08
8.04838e-10
4.22398e-08
7.71851e-10
4.19184e-08
7.38667e-10
4.16079e-08
7.05386e-10
4.13081e-08
6.7215e-10
4.10191e-08
6.3916e-10
4.07409e-08
6.06669e-10
4.04733e-08
5.74985e-10
4.0216e-08
5.44463e-10
3.99685e-08
5.15489e-10
3.97303e-08
4.88466e-10
3.95008e-08
4.63788e-10
3.92791e-08
4.41822e-10
3.90644e-08
4.22889e-10
3.88558e-08
4.07236e-10
3.86522e-08
3.9503e-10
3.84525e-08
3.86337e-10
3.82557e-08
3.81118e-10
3.80608e-08
3.79227e-10
3.78667e-08
3.80413e-10
3.76725e-08
3.84332e-10
3.74775e-08
3.90566e-10
3.72808e-08
3.98647e-10
3.70818e-08
4.08093e-10
3.68802e-08
4.18446e-10
3.66755e-08
4.2933e-10
3.64675e-08
4.40584e-10
3.62559e-08
4.52586e-10
3.60417e-08
4.66955e-10
4.83926e-10
7.36449e-08
2.23235e-09
-7.37037e-08
7.36147e-08
2.4111e-09
7.35968e-08
2.56841e-09
7.3583e-08
2.70471e-09
7.35702e-08
2.82385e-09
7.35563e-08
2.92842e-09
7.35392e-08
3.01955e-09
7.35172e-08
3.09803e-09
7.3489e-08
3.16459e-09
7.34532e-08
3.2198e-09
7.34085e-08
3.26405e-09
7.33535e-08
3.29759e-09
7.32869e-08
3.32064e-09
7.32075e-08
3.3334e-09
7.31141e-08
3.33618e-09
7.30057e-08
3.32932e-09
7.28812e-08
3.31331e-09
7.27401e-08
3.28871e-09
7.25819e-08
3.25623e-09
7.24062e-08
3.21667e-09
7.22132e-08
3.17092e-09
7.20029e-08
3.11996e-09
7.17758e-08
3.06479e-09
7.15326e-08
3.00642e-09
7.12739e-08
2.94585e-09
7.10007e-08
2.88402e-09
7.07139e-08
2.82179e-09
7.04146e-08
2.75994e-09
7.01037e-08
2.69912e-09
6.97823e-08
2.63986e-09
6.94514e-08
2.58257e-09
6.91118e-08
2.52756e-09
6.87645e-08
2.475e-09
6.84102e-08
2.42497e-09
6.80496e-08
2.37747e-09
6.76833e-08
2.33243e-09
6.73119e-08
2.28973e-09
6.69358e-08
2.24918e-09
6.65554e-08
2.21061e-09
6.6171e-08
2.17379e-09
6.57831e-08
2.13852e-09
6.53918e-08
2.10459e-09
6.49975e-08
2.07178e-09
6.46004e-08
2.03992e-09
6.42007e-08
2.00882e-09
6.37987e-08
1.97832e-09
6.33946e-08
1.94828e-09
6.29886e-08
1.91857e-09
6.2581e-08
1.88907e-09
6.2172e-08
1.85968e-09
6.17619e-08
1.83033e-09
6.13509e-08
1.80092e-09
6.09395e-08
1.77138e-09
6.05277e-08
1.74166e-09
6.0116e-08
1.7117e-09
5.97046e-08
1.68145e-09
5.9294e-08
1.65085e-09
5.88844e-08
1.61987e-09
5.84762e-08
1.58845e-09
5.80697e-08
1.55657e-09
5.76653e-08
1.52419e-09
5.72635e-08
1.49126e-09
5.68645e-08
1.45776e-09
5.64688e-08
1.42366e-09
5.60767e-08
1.38893e-09
5.56888e-08
1.35355e-09
5.53053e-08
1.3175e-09
5.49267e-08
1.28076e-09
5.45534e-08
1.24334e-09
5.41857e-08
1.20523e-09
5.38241e-08
1.16648e-09
5.34688e-08
1.12714e-09
5.31201e-08
1.0873e-09
5.27784e-08
1.04711e-09
5.24438e-08
1.00677e-09
5.21164e-08
9.66525e-10
5.17964e-08
9.26716e-10
5.14836e-08
8.87725e-10
5.11781e-08
8.49989e-10
5.08796e-08
8.13981e-10
5.05879e-08
7.80193e-10
5.03026e-08
7.49106e-10
5.00232e-08
7.21173e-10
4.97493e-08
6.96787e-10
4.94803e-08
6.76268e-10
4.92155e-08
6.59833e-10
4.89542e-08
6.47593e-10
4.86958e-08
6.39532e-10
4.84395e-08
6.35514e-10
4.81847e-08
6.35281e-10
4.79305e-08
6.38464e-10
4.76765e-08
6.4461e-10
4.74219e-08
6.532e-10
4.71663e-08
6.63694e-10
4.69092e-08
6.75566e-10
4.66502e-08
6.88367e-10
4.6389e-08
7.01816e-10
4.61256e-08
7.15931e-10
4.58617e-08
7.30827e-10
7.43259e-10
7.97354e-08
2.31732e-09
-7.98204e-08
7.96751e-08
2.47144e-09
7.963e-08
2.61355e-09
7.95931e-08
2.7416e-09
7.95606e-08
2.85632e-09
7.95302e-08
2.95885e-09
7.94999e-08
3.04983e-09
7.94683e-08
3.12968e-09
7.9434e-08
3.19881e-09
7.93962e-08
3.25761e-09
7.93539e-08
3.3064e-09
7.93061e-08
3.3454e-09
7.92518e-08
3.37485e-09
7.91903e-08
3.39497e-09
7.91204e-08
3.40603e-09
7.90414e-08
3.40837e-09
7.89523e-08
3.40239e-09
7.88524e-08
3.38858e-09
7.87411e-08
3.36754e-09
7.86179e-08
3.33992e-09
7.84823e-08
3.30646e-09
7.83343e-08
3.26797e-09
7.81738e-08
3.22529e-09
7.8001e-08
3.17927e-09
7.78161e-08
3.13076e-09
7.76195e-08
3.08056e-09
7.74119e-08
3.02946e-09
7.71937e-08
2.97813e-09
7.69656e-08
2.92717e-09
7.67284e-08
2.87711e-09
7.64826e-08
2.82835e-09
7.62289e-08
2.7812e-09
7.59681e-08
2.73589e-09
7.57005e-08
2.69253e-09
7.54268e-08
2.65118e-09
7.51474e-08
2.61183e-09
7.48627e-08
2.57441e-09
7.45731e-08
2.5388e-09
7.42788e-08
2.50488e-09
7.39802e-08
2.47246e-09
7.36773e-08
2.44139e-09
7.33704e-08
2.41148e-09
7.30596e-08
2.38255e-09
7.27451e-08
2.35443e-09
7.2427e-08
2.32695e-09
7.21054e-08
2.29997e-09
7.17803e-08
2.27334e-09
7.14519e-08
2.24693e-09
7.11204e-08
2.22062e-09
7.07858e-08
2.19431e-09
7.04482e-08
2.16789e-09
7.01078e-08
2.14127e-09
6.97648e-08
2.11439e-09
6.94194e-08
2.08714e-09
6.90716e-08
2.05948e-09
6.87217e-08
2.03133e-09
6.83699e-08
2.00263e-09
6.80164e-08
1.97333e-09
6.76615e-08
1.94336e-09
6.73054e-08
1.91268e-09
6.69484e-08
1.88123e-09
6.65907e-08
1.84897e-09
6.62326e-08
1.81586e-09
6.58744e-08
1.78185e-09
6.55164e-08
1.74691e-09
6.5159e-08
1.71101e-09
6.48023e-08
1.67413e-09
6.44468e-08
1.63625e-09
6.40928e-08
1.59737e-09
6.37405e-08
1.55751e-09
6.33903e-08
1.51671e-09
6.30424e-08
1.47504e-09
6.26971e-08
1.43263e-09
6.23545e-08
1.38964e-09
6.2015e-08
1.34629e-09
6.16786e-08
1.3029e-09
6.13455e-08
1.25981e-09
6.10158e-08
1.21745e-09
6.06895e-08
1.17631e-09
6.03666e-08
1.1369e-09
6.0047e-08
1.09976e-09
5.97307e-08
1.0654e-09
5.94176e-08
1.03433e-09
5.91073e-08
1.00699e-09
5.87999e-08
9.83731e-10
5.84949e-08
9.64818e-10
5.81921e-08
9.50393e-10
5.78912e-08
9.40474e-10
5.75917e-08
9.3495e-10
5.72934e-08
9.33581e-10
5.69959e-08
9.36016e-10
5.66987e-08
9.41807e-10
5.64014e-08
9.50436e-10
5.61038e-08
9.61352e-10
5.58053e-08
9.74005e-10
5.55058e-08
9.87891e-10
5.5205e-08
1.00259e-09
5.49033e-08
1.0177e-09
5.46018e-08
1.03228e-09
1.04211e-09
8.63104e-08
2.42315e-09
-8.64162e-08
8.62245e-08
2.55735e-09
8.61532e-08
2.68479e-09
8.60917e-08
2.80316e-09
8.60362e-08
2.91176e-09
8.59845e-08
3.01059e-09
8.59345e-08
3.09977e-09
8.58849e-08
3.17937e-09
8.58341e-08
3.24953e-09
8.57813e-08
3.31042e-09
8.57255e-08
3.36222e-09
8.56658e-08
3.4051e-09
8.56014e-08
3.43924e-09
8.55315e-08
3.46485e-09
8.54554e-08
3.48216e-09
8.53723e-08
3.49146e-09
8.52816e-08
3.49311e-09
8.51826e-08
3.48754e-09
8.50749e-08
3.47525e-09
8.4958e-08
3.45681e-09
8.48317e-08
3.43283e-09
8.46956e-08
3.40401e-09
8.45499e-08
3.37105e-09
8.43945e-08
3.33468e-09
8.42296e-08
3.29564e-09
8.40555e-08
3.25464e-09
8.38726e-08
3.21235e-09
8.36814e-08
3.16938e-09
8.34822e-08
3.1263e-09
8.32758e-08
3.08358e-09
8.30625e-08
3.04163e-09
8.28429e-08
3.00076e-09
8.26176e-08
2.96121e-09
8.2387e-08
2.92315e-09
8.21515e-08
2.88667e-09
8.19115e-08
2.85181e-09
8.16674e-08
2.81855e-09
8.14193e-08
2.78683e-09
8.11676e-08
2.75656e-09
8.09125e-08
2.72762e-09
8.0654e-08
2.69989e-09
8.03923e-08
2.6732e-09
8.01274e-08
2.64742e-09
7.98594e-08
2.6224e-09
7.95884e-08
2.59799e-09
7.93143e-08
2.57405e-09
7.90372e-08
2.55045e-09
7.87571e-08
2.52706e-09
7.84739e-08
2.50376e-09
7.81878e-08
2.48045e-09
7.78986e-08
2.45702e-09
7.76065e-08
2.43337e-09
7.73115e-08
2.40941e-09
7.70136e-08
2.38507e-09
7.67128e-08
2.36026e-09
7.64093e-08
2.33489e-09
7.6103e-08
2.30891e-09
7.57941e-08
2.28224e-09
7.54826e-08
2.25482e-09
7.51687e-08
2.22657e-09
7.48525e-08
2.19745e-09
7.45341e-08
2.16738e-09
7.42136e-08
2.13633e-09
7.38912e-08
2.10423e-09
7.35671e-08
2.07105e-09
7.32413e-08
2.03676e-09
7.29142e-08
2.00131e-09
7.25857e-08
1.9647e-09
7.22562e-08
1.92692e-09
7.19257e-08
1.88799e-09
7.15944e-08
1.84797e-09
7.12625e-08
1.80693e-09
7.09302e-08
1.765e-09
7.05974e-08
1.72236e-09
7.02645e-08
1.67925e-09
6.99314e-08
1.63597e-09
6.95983e-08
1.5929e-09
6.92653e-08
1.55046e-09
6.89325e-08
1.50913e-09
6.85999e-08
1.46944e-09
6.82678e-08
1.43193e-09
6.79361e-08
1.39712e-09
6.76049e-08
1.36552e-09
6.72743e-08
1.33759e-09
6.69443e-08
1.3137e-09
6.6615e-08
1.29413e-09
6.62863e-08
1.27905e-09
6.59583e-08
1.26851e-09
6.56308e-08
1.26243e-09
6.53038e-08
1.26061e-09
6.4977e-08
1.26274e-09
6.46505e-08
1.26839e-09
6.43238e-08
1.27708e-09
6.39969e-08
1.28829e-09
6.36694e-08
1.30147e-09
6.33412e-08
1.31607e-09
6.30123e-08
1.33155e-09
6.26827e-08
1.34722e-09
6.23532e-08
1.3618e-09
1.37182e-09
9.3408e-08
2.54775e-09
-9.35326e-08
9.32992e-08
2.66612e-09
9.32034e-08
2.78062e-09
9.31173e-08
2.88929e-09
9.3038e-08
2.99101e-09
9.29634e-08
3.08521e-09
9.28916e-08
3.17157e-09
9.2821e-08
3.24992e-09
9.27504e-08
3.32017e-09
9.26785e-08
3.38228e-09
9.26045e-08
3.43631e-09
9.25272e-08
3.48232e-09
9.24461e-08
3.5204e-09
9.23602e-08
3.55071e-09
9.22689e-08
3.57343e-09
9.21716e-08
3.5888e-09
9.20676e-08
3.5971e-09
9.19564e-08
3.59871e-09
9.18377e-08
3.59403e-09
9.17109e-08
3.58355e-09
9.1576e-08
3.56779e-09
9.14326e-08
3.54733e-09
9.12809e-08
3.52277e-09
9.11208e-08
3.49475e-09
9.09526e-08
3.46389e-09
9.07764e-08
3.4308e-09
9.05927e-08
3.39609e-09
9.04018e-08
3.36031e-09
9.02041e-08
3.32397e-09
9.00002e-08
3.28751e-09
8.97905e-08
3.25133e-09
8.95755e-08
3.21575e-09
8.93557e-08
3.18102e-09
8.91315e-08
3.14732e-09
8.89033e-08
3.1148e-09
8.86716e-08
3.08354e-09
8.84366e-08
3.05355e-09
8.81986e-08
3.02482e-09
8.79579e-08
2.99732e-09
8.77145e-08
2.97097e-09
8.74687e-08
2.94568e-09
8.72206e-08
2.92134e-09
8.69702e-08
2.89784e-09
8.67175e-08
2.87505e-09
8.64626e-08
2.85286e-09
8.62056e-08
2.83114e-09
8.59462e-08
2.80977e-09
8.56846e-08
2.78864e-09
8.54208e-08
2.76764e-09
8.51545e-08
2.74666e-09
8.4886e-08
2.72561e-09
8.46149e-08
2.70437e-09
8.43415e-08
2.68288e-09
8.40655e-08
2.66102e-09
8.37871e-08
2.63873e-09
8.3506e-08
2.61592e-09
8.32224e-08
2.59251e-09
8.29363e-08
2.56842e-09
8.26475e-08
2.54359e-09
8.23561e-08
2.51794e-09
8.20621e-08
2.49141e-09
8.17656e-08
2.46393e-09
8.14665e-08
2.43545e-09
8.11648e-08
2.4059e-09
8.08606e-08
2.37525e-09
8.05539e-08
2.34345e-09
8.02448e-08
2.31047e-09
7.99332e-08
2.27629e-09
7.96192e-08
2.24092e-09
7.93028e-08
2.20437e-09
7.89841e-08
2.16669e-09
7.8663e-08
2.12798e-09
7.83397e-08
2.08835e-09
7.8014e-08
2.04799e-09
7.76862e-08
2.00713e-09
7.73561e-08
1.96606e-09
7.70238e-08
1.92514e-09
7.66895e-08
1.88478e-09
7.63532e-08
1.84544e-09
7.6015e-08
1.80762e-09
7.56752e-08
1.77183e-09
7.53337e-08
1.73858e-09
7.49909e-08
1.70836e-09
7.46468e-08
1.68162e-09
7.43018e-08
1.65872e-09
7.3956e-08
1.63995e-09
7.36095e-08
1.6255e-09
7.32626e-08
1.61544e-09
7.29153e-08
1.60972e-09
7.25677e-08
1.60819e-09
7.22199e-08
1.61058e-09
7.18718e-08
1.61651e-09
7.15233e-08
1.62556e-09
7.11744e-08
1.63723e-09
7.08248e-08
1.65099e-09
7.04746e-08
1.66629e-09
7.01237e-08
1.68252e-09
6.9772e-08
1.69891e-09
6.94194e-08
1.71432e-09
1.72682e-09
1.0107e-07
2.69053e-09
-1.01213e-07
1.0094e-07
2.7964e-09
1.00821e-07
2.89998e-09
1.0071e-07
2.99979e-09
1.00607e-07
3.0947e-09
1.00508e-07
3.18395e-09
1.00412e-07
3.267e-09
1.00319e-07
3.34349e-09
1.00226e-07
3.41316e-09
1.00132e-07
3.47585e-09
1.00037e-07
3.53146e-09
9.99394e-08
3.57998e-09
9.98384e-08
3.62141e-09
9.97333e-08
3.65583e-09
9.96234e-08
3.68336e-09
9.9508e-08
3.70418e-09
9.93866e-08
3.7185e-09
9.92587e-08
3.72663e-09
9.91238e-08
3.72889e-09
9.89817e-08
3.72568e-09
9.8832e-08
3.71743e-09
9.86747e-08
3.70463e-09
9.85097e-08
3.68779e-09
9.8337e-08
3.66743e-09
9.81568e-08
3.6441e-09
9.79693e-08
3.61832e-09
9.77748e-08
3.59063e-09
9.75736e-08
3.56151e-09
9.73661e-08
3.53142e-09
9.71529e-08
3.50079e-09
9.69342e-08
3.46998e-09
9.67107e-08
3.43931e-09
9.64826e-08
3.40904e-09
9.62506e-08
3.37938e-09
9.60149e-08
3.35049e-09
9.57759e-08
3.32249e-09
9.5534e-08
3.29543e-09
9.52895e-08
3.26936e-09
9.50426e-08
3.24425e-09
9.47935e-08
3.2201e-09
9.45423e-08
3.19684e-09
9.42892e-08
3.1744e-09
9.40344e-08
3.15271e-09
9.37777e-08
3.13167e-09
9.35194e-08
3.11119e-09
9.32594e-08
3.09117e-09
9.29977e-08
3.0715e-09
9.27342e-08
3.05209e-09
9.2469e-08
3.03284e-09
9.2202e-08
3.01365e-09
9.19332e-08
2.99443e-09
9.16625e-08
2.97509e-09
9.13898e-08
2.95554e-09
9.11152e-08
2.93569e-09
9.08384e-08
2.91546e-09
9.05596e-08
2.89478e-09
9.02785e-08
2.87355e-09
8.99952e-08
2.85172e-09
8.97097e-08
2.82919e-09
8.94217e-08
2.80591e-09
8.91313e-08
2.78179e-09
8.88384e-08
2.75679e-09
8.85431e-08
2.73084e-09
8.82451e-08
2.70389e-09
8.79444e-08
2.67588e-09
8.76411e-08
2.64678e-09
8.7335e-08
2.61655e-09
8.70261e-08
2.5852e-09
8.67143e-08
2.55271e-09
8.63996e-08
2.51911e-09
8.60818e-08
2.48445e-09
8.5761e-08
2.44882e-09
8.5437e-08
2.41235e-09
8.51098e-08
2.3752e-09
8.47793e-08
2.33759e-09
8.44456e-08
2.2998e-09
8.41086e-08
2.26216e-09
8.37683e-08
2.22506e-09
8.34248e-08
2.18891e-09
8.30782e-08
2.15417e-09
8.27287e-08
2.12133e-09
8.23765e-08
2.09084e-09
8.20217e-08
2.06317e-09
8.16646e-08
2.03874e-09
8.13054e-08
2.01789e-09
8.09444e-08
2.00092e-09
8.05819e-08
1.988e-09
8.02181e-08
1.97924e-09
7.98532e-08
1.97461e-09
7.94874e-08
1.974e-09
7.91208e-08
1.97719e-09
7.87535e-08
1.98386e-09
7.83854e-08
1.99363e-09
7.80166e-08
2.00606e-09
7.76469e-08
2.02064e-09
7.72763e-08
2.03686e-09
7.69047e-08
2.0541e-09
7.6532e-08
2.07168e-09
7.61575e-08
2.08878e-09
2.10466e-09
1.09343e-07
2.85174e-09
-1.09504e-07
1.09191e-07
2.94783e-09
1.09049e-07
3.04251e-09
1.08914e-07
3.1347e-09
1.08785e-07
3.22342e-09
1.08661e-07
3.30791e-09
1.08541e-07
3.38756e-09
1.08422e-07
3.46191e-09
1.08305e-07
3.53062e-09
1.08187e-07
3.59341e-09
1.08069e-07
3.65012e-09
1.07948e-07
3.70062e-09
1.07825e-07
3.74485e-09
1.07698e-07
3.78284e-09
1.07566e-07
3.81461e-09
1.0743e-07
3.8403e-09
1.07289e-07
3.86006e-09
1.07141e-07
3.8741e-09
1.06987e-07
3.88269e-09
1.06827e-07
3.88615e-09
1.06659e-07
3.88482e-09
1.06485e-07
3.8791e-09
1.06303e-07
3.86941e-09
1.06115e-07
3.8562e-09
1.05919e-07
3.83992e-09
1.05716e-07
3.82103e-09
1.05507e-07
3.79998e-09
1.05291e-07
3.77722e-09
1.05069e-07
3.75314e-09
1.04842e-07
3.72814e-09
1.04609e-07
3.70256e-09
1.04372e-07
3.67671e-09
1.0413e-07
3.65085e-09
1.03884e-07
3.62521e-09
1.03635e-07
3.59995e-09
1.03382e-07
3.57521e-09
1.03126e-07
3.55111e-09
1.02868e-07
3.52769e-09
1.02607e-07
3.50499e-09
1.02344e-07
3.48302e-09
1.0208e-07
3.46177e-09
1.01813e-07
3.44119e-09
1.01544e-07
3.42124e-09
1.01274e-07
3.40185e-09
1.01002e-07
3.38296e-09
1.00729e-07
3.36448e-09
1.00454e-07
3.34635e-09
1.00178e-07
3.32847e-09
9.98998e-08
3.31076e-09
9.96203e-08
3.29315e-09
9.93392e-08
3.27553e-09
9.90565e-08
3.25783e-09
9.8772e-08
3.23998e-09
9.84859e-08
3.22188e-09
9.81979e-08
3.20347e-09
9.7908e-08
3.18465e-09
9.76162e-08
3.16537e-09
9.73223e-08
3.14554e-09
9.70264e-08
3.12509e-09
9.67284e-08
3.10396e-09
9.64281e-08
3.08209e-09
9.61255e-08
3.0594e-09
9.58205e-08
3.03584e-09
9.5513e-08
3.01137e-09
9.52029e-08
2.98594e-09
9.48902e-08
2.95952e-09
9.45747e-08
2.93207e-09
9.42563e-08
2.9036e-09
9.39349e-08
2.8741e-09
9.36104e-08
2.84361e-09
9.32827e-08
2.81218e-09
9.29516e-08
2.77989e-09
9.26171e-08
2.74687e-09
9.2279e-08
2.71328e-09
9.19373e-08
2.67932e-09
9.15918e-08
2.64525e-09
9.12426e-08
2.61137e-09
9.08896e-08
2.57802e-09
9.05329e-08
2.5456e-09
9.01726e-08
2.51451e-09
8.98088e-08
2.48518e-09
8.94415e-08
2.45805e-09
8.90712e-08
2.43352e-09
8.86979e-08
2.41199e-09
8.83221e-08
2.39378e-09
8.79438e-08
2.37917e-09
8.75635e-08
2.36834e-09
8.71813e-08
2.36139e-09
8.67976e-08
2.35835e-09
8.64125e-08
2.35911e-09
8.60261e-08
2.36351e-09
8.56387e-08
2.3713e-09
8.52502e-08
2.38213e-09
8.48606e-08
2.39562e-09
8.447e-08
2.41133e-09
8.4078e-08
2.42877e-09
8.36847e-08
2.44742e-09
8.32897e-08
2.4667e-09
8.28924e-08
2.48607e-09
2.50527e-09
6.85677e-08
2.71867e-09
-6.84347e-08
6.87074e-08
2.8082e-09
6.88533e-08
2.89657e-09
6.90051e-08
2.9829e-09
6.91622e-08
3.06633e-09
6.9324e-08
3.14613e-09
6.94898e-08
3.22172e-09
6.96591e-08
3.29264e-09
6.98312e-08
3.3585e-09
7.00056e-08
3.41902e-09
7.01818e-08
3.47398e-09
7.03591e-08
3.52324e-09
7.05373e-08
3.56672e-09
7.07157e-08
3.60438e-09
7.08941e-08
3.63625e-09
7.1072e-08
3.66242e-09
7.1249e-08
3.68299e-09
7.1425e-08
3.69817e-09
7.15995e-08
3.70816e-09
7.17724e-08
3.71324e-09
7.19435e-08
3.71373e-09
7.21126e-08
3.70996e-09
7.22797e-08
3.70231e-09
7.24448e-08
3.69117e-09
7.26077e-08
3.67695e-09
7.27687e-08
3.66007e-09
7.29277e-08
3.64093e-09
7.3085e-08
3.61992e-09
7.32407e-08
3.59744e-09
7.3395e-08
3.57384e-09
7.35482e-08
3.54944e-09
7.37003e-08
3.52453e-09
7.38518e-08
3.49938e-09
7.40028e-08
3.47421e-09
7.41536e-08
3.44918e-09
7.43043e-08
3.42446e-09
7.44553e-08
3.40015e-09
7.46066e-08
3.37633e-09
7.47586e-08
3.35305e-09
7.49113e-08
3.33034e-09
7.50648e-08
3.3082e-09
7.52194e-08
3.28661e-09
7.53751e-08
3.26555e-09
7.5532e-08
3.24496e-09
7.56901e-08
3.2248e-09
7.58496e-08
3.20499e-09
7.60105e-08
3.18548e-09
7.61728e-08
3.16619e-09
7.63365e-08
3.14706e-09
7.65016e-08
3.12799e-09
7.66683e-08
3.10892e-09
7.68363e-08
3.08977e-09
7.70058e-08
3.07047e-09
7.71768e-08
3.05094e-09
7.73491e-08
3.0311e-09
7.75229e-08
3.01089e-09
7.7698e-08
2.99022e-09
7.78745e-08
2.96904e-09
7.80524e-08
2.94728e-09
7.82314e-08
2.92487e-09
7.84118e-08
2.90175e-09
7.85933e-08
2.87787e-09
7.8776e-08
2.85317e-09
7.89598e-08
2.82761e-09
7.91446e-08
2.80115e-09
7.93303e-08
2.77376e-09
7.9517e-08
2.74543e-09
7.97044e-08
2.71615e-09
7.98926e-08
2.68593e-09
8.00814e-08
2.65482e-09
8.02707e-08
2.62287e-09
8.04604e-08
2.59016e-09
8.06505e-08
2.55682e-09
8.08407e-08
2.52301e-09
8.10311e-08
2.48891e-09
8.12216e-08
2.45479e-09
8.14121e-08
2.4209e-09
8.16025e-08
2.38758e-09
8.17929e-08
2.35517e-09
8.19834e-08
2.32405e-09
8.2174e-08
2.29461e-09
8.23648e-08
2.26724e-09
8.2556e-08
2.24232e-09
8.27478e-08
2.22019e-09
8.29404e-08
2.20117e-09
8.31341e-08
2.18549e-09
8.33291e-08
2.17335e-09
8.35257e-08
2.16483e-09
8.3724e-08
2.15997e-09
8.39244e-08
2.1587e-09
8.41271e-08
2.16087e-09
8.43321e-08
2.16628e-09
8.45396e-08
2.17464e-09
8.47496e-08
2.1856e-09
8.49621e-08
2.19879e-09
8.51771e-08
2.21377e-09
8.53945e-08
2.2301e-09
8.56138e-08
2.24733e-09
8.58349e-08
2.26501e-09
2.28267e-09
7.57752e-08
2.57326e-09
-7.56298e-08
7.59267e-08
2.65669e-09
7.60841e-08
2.73916e-09
7.62471e-08
2.81992e-09
7.64152e-08
2.89824e-09
7.65878e-08
2.97345e-09
7.67646e-08
3.045e-09
7.69448e-08
3.11242e-09
7.71279e-08
3.17534e-09
7.73135e-08
3.23345e-09
7.7501e-08
3.28651e-09
7.76899e-08
3.33436e-09
7.78797e-08
3.37687e-09
7.80701e-08
3.414e-09
7.82606e-08
3.44574e-09
7.84509e-08
3.47213e-09
7.86406e-08
3.49327e-09
7.88295e-08
3.50931e-09
7.90172e-08
3.52043e-09
7.92036e-08
3.52687e-09
7.93884e-08
3.52889e-09
7.95716e-08
3.52678e-09
7.9753e-08
3.52088e-09
7.99326e-08
3.51154e-09
8.01105e-08
3.49912e-09
8.02866e-08
3.48398e-09
8.0461e-08
3.4665e-09
8.06339e-08
3.44703e-09
8.08054e-08
3.42594e-09
8.09757e-08
3.40354e-09
8.1145e-08
3.38014e-09
8.13135e-08
3.35603e-09
8.14814e-08
3.33145e-09
8.1649e-08
3.30661e-09
8.18165e-08
3.28171e-09
8.19841e-08
3.25689e-09
8.21519e-08
3.23228e-09
8.23203e-08
3.20796e-09
8.24893e-08
3.18401e-09
8.26592e-08
3.16047e-09
8.28301e-08
3.13735e-09
8.3002e-08
3.11466e-09
8.31752e-08
3.09238e-09
8.33497e-08
3.07048e-09
8.35255e-08
3.04893e-09
8.37028e-08
3.02767e-09
8.38817e-08
3.00666e-09
8.4062e-08
2.98582e-09
8.4244e-08
2.96511e-09
8.44275e-08
2.94444e-09
8.46127e-08
2.92376e-09
8.47995e-08
2.90298e-09
8.49879e-08
2.88205e-09
8.51779e-08
2.8609e-09
8.53696e-08
2.83945e-09
8.55629e-08
2.81763e-09
8.57577e-08
2.79538e-09
8.59541e-08
2.77264e-09
8.6152e-08
2.74934e-09
8.63515e-08
2.72542e-09
8.65524e-08
2.70083e-09
8.67547e-08
2.67552e-09
8.69585e-08
2.64943e-09
8.71635e-08
2.62254e-09
8.73699e-08
2.5948e-09
8.75774e-08
2.56621e-09
8.77861e-08
2.53673e-09
8.79959e-08
2.50639e-09
8.82066e-08
2.4752e-09
8.84182e-08
2.44321e-09
8.86306e-08
2.41047e-09
8.88437e-08
2.37707e-09
8.90574e-08
2.34314e-09
8.92716e-08
2.30883e-09
8.94861e-08
2.27434e-09
8.97011e-08
2.23987e-09
8.99162e-08
2.20571e-09
9.01317e-08
2.17213e-09
9.03474e-08
2.13947e-09
9.05634e-08
2.10806e-09
9.07797e-08
2.07826e-09
9.09965e-08
2.05043e-09
9.12139e-08
2.02489e-09
9.14322e-08
2.00198e-09
9.16514e-08
1.98197e-09
9.18718e-08
1.96508e-09
9.20936e-08
1.95148e-09
9.23172e-08
1.94128e-09
9.25426e-08
1.93451e-09
9.27702e-08
1.93112e-09
9.30001e-08
1.93099e-09
9.32324e-08
1.93395e-09
9.34673e-08
1.93976e-09
9.37048e-08
1.94811e-09
9.39449e-08
1.95868e-09
9.41876e-08
1.9711e-09
9.44327e-08
1.98499e-09
9.46801e-08
1.99994e-09
9.49295e-08
2.01554e-09
2.03143e-09
8.37368e-08
2.41468e-09
-8.35782e-08
8.39011e-08
2.49242e-09
8.40709e-08
2.56935e-09
8.4246e-08
2.64483e-09
8.4426e-08
2.71823e-09
8.46105e-08
2.78895e-09
8.4799e-08
2.85649e-09
8.4991e-08
2.9204e-09
8.51861e-08
2.9803e-09
8.53836e-08
3.03588e-09
8.55833e-08
3.08688e-09
8.57845e-08
3.13313e-09
8.59869e-08
3.17448e-09
8.619e-08
3.21086e-09
8.63935e-08
3.24222e-09
8.65971e-08
3.26859e-09
8.68003e-08
3.29003e-09
8.7003e-08
3.30666e-09
8.72048e-08
3.31862e-09
8.74055e-08
3.3261e-09
8.76051e-08
3.32934e-09
8.78033e-08
3.32859e-09
8.8e-08
3.32414e-09
8.81953e-08
3.31629e-09
8.8389e-08
3.30536e-09
8.85813e-08
3.29168e-09
8.87723e-08
3.27558e-09
8.89619e-08
3.2574e-09
8.91504e-08
3.23744e-09
8.93379e-08
3.21602e-09
8.95246e-08
3.19342e-09
8.97108e-08
3.16991e-09
8.98965e-08
3.14572e-09
9.0082e-08
3.12107e-09
9.02676e-08
3.09614e-09
9.04534e-08
3.0711e-09
9.06396e-08
3.04607e-09
9.08264e-08
3.02114e-09
9.1014e-08
2.99642e-09
9.12026e-08
2.97193e-09
9.13922e-08
2.94774e-09
9.1583e-08
2.92384e-09
9.17751e-08
2.90024e-09
9.19687e-08
2.87692e-09
9.21638e-08
2.85387e-09
9.23604e-08
2.83105e-09
9.25586e-08
2.80841e-09
9.27585e-08
2.7859e-09
9.29602e-08
2.76348e-09
9.31635e-08
2.74108e-09
9.33687e-08
2.71864e-09
9.35755e-08
2.6961e-09
9.37842e-08
2.67339e-09
9.39946e-08
2.65046e-09
9.42069e-08
2.62723e-09
9.44208e-08
2.60365e-09
9.46366e-08
2.57965e-09
9.4854e-08
2.55517e-09
9.50732e-08
2.53016e-09
9.52941e-08
2.50455e-09
9.55166e-08
2.47831e-09
9.57408e-08
2.45137e-09
9.59665e-08
2.42371e-09
9.61938e-08
2.39528e-09
9.64225e-08
2.36606e-09
9.66527e-08
2.33605e-09
9.68842e-08
2.30522e-09
9.7117e-08
2.27361e-09
9.73509e-08
2.24122e-09
9.7586e-08
2.20811e-09
9.78222e-08
2.17435e-09
9.80592e-08
2.14002e-09
9.82971e-08
2.10525e-09
9.85357e-08
2.0702e-09
9.8775e-08
2.03503e-09
9.9015e-08
1.99997e-09
9.92554e-08
1.96525e-09
9.94964e-08
1.93114e-09
9.97379e-08
1.89795e-09
9.998e-08
1.86599e-09
1.00223e-07
1.83557e-09
1.00466e-07
1.80701e-09
1.0071e-07
1.78062e-09
1.00956e-07
1.75669e-09
1.01202e-07
1.73548e-09
1.0145e-07
1.71718e-09
1.017e-07
1.70197e-09
1.01951e-07
1.68994e-09
1.02204e-07
1.68112e-09
1.0246e-07
1.6755e-09
1.02718e-07
1.67297e-09
1.02978e-07
1.6734e-09
1.03242e-07
1.67657e-09
1.03508e-07
1.68223e-09
1.03776e-07
1.69009e-09
1.04047e-07
1.69984e-09
1.04321e-07
1.71114e-09
1.04598e-07
1.72362e-09
1.04876e-07
1.73695e-09
1.75083e-09
9.2534e-08
2.242e-09
-9.23613e-08
9.27119e-08
2.31453e-09
9.28949e-08
2.38633e-09
9.30828e-08
2.45689e-09
9.32754e-08
2.52565e-09
9.34723e-08
2.59207e-09
9.36731e-08
2.6557e-09
9.38774e-08
2.71611e-09
9.40847e-08
2.77295e-09
9.42947e-08
2.8259e-09
9.45069e-08
2.87471e-09
9.47208e-08
2.91917e-09
9.49362e-08
2.95914e-09
9.51526e-08
2.9945e-09
9.53696e-08
3.0252e-09
9.55869e-08
3.05125e-09
9.58043e-08
3.07266e-09
9.60214e-08
3.08953e-09
9.62381e-08
3.10197e-09
9.6454e-08
3.11013e-09
9.66692e-08
3.11421e-09
9.68833e-08
3.11444e-09
9.70964e-08
3.11104e-09
9.73084e-08
3.1043e-09
9.75193e-08
3.09449e-09
9.77291e-08
3.08191e-09
9.79378e-08
3.06685e-09
9.81456e-08
3.04961e-09
9.83525e-08
3.03048e-09
9.85588e-08
3.00975e-09
9.87645e-08
2.98768e-09
9.89699e-08
2.96453e-09
9.91751e-08
2.94051e-09
9.93803e-08
2.91585e-09
9.95858e-08
2.89072e-09
9.97916e-08
2.86528e-09
9.9998e-08
2.83967e-09
1.00205e-07
2.81401e-09
1.00413e-07
2.78837e-09
1.00622e-07
2.76283e-09
1.00833e-07
2.73744e-09
1.01044e-07
2.71222e-09
1.01257e-07
2.6872e-09
1.01472e-07
2.66236e-09
1.01688e-07
2.63771e-09
1.01906e-07
2.61321e-09
1.02125e-07
2.58883e-09
1.02347e-07
2.56454e-09
1.0257e-07
2.54029e-09
1.02795e-07
2.51604e-09
1.03022e-07
2.49172e-09
1.03251e-07
2.46728e-09
1.03481e-07
2.44267e-09
1.03714e-07
2.41782e-09
1.03949e-07
2.39268e-09
1.04185e-07
2.36719e-09
1.04423e-07
2.34128e-09
1.04664e-07
2.31492e-09
1.04906e-07
2.28803e-09
1.0515e-07
2.26058e-09
1.05396e-07
2.23251e-09
1.05643e-07
2.20378e-09
1.05893e-07
2.17436e-09
1.06144e-07
2.14422e-09
1.06396e-07
2.11334e-09
1.06651e-07
2.08171e-09
1.06907e-07
2.04934e-09
1.07164e-07
2.01623e-09
1.07423e-07
1.98243e-09
1.07683e-07
1.94798e-09
1.07944e-07
1.91296e-09
1.08207e-07
1.87745e-09
1.0847e-07
1.84159e-09
1.08735e-07
1.80551e-09
1.09001e-07
1.76939e-09
1.09267e-07
1.73343e-09
1.09535e-07
1.69786e-09
1.09803e-07
1.66292e-09
1.10072e-07
1.62889e-09
1.10342e-07
1.59606e-09
1.10613e-07
1.56471e-09
1.10885e-07
1.53514e-09
1.11158e-07
1.50762e-09
1.11432e-07
1.48242e-09
1.11708e-07
1.45977e-09
1.11985e-07
1.43986e-09
1.12264e-07
1.42284e-09
1.12545e-07
1.40882e-09
1.12828e-07
1.39782e-09
1.13114e-07
1.38985e-09
1.13402e-07
1.38482e-09
1.13693e-07
1.38262e-09
1.13987e-07
1.38307e-09
1.14283e-07
1.38596e-09
1.14582e-07
1.39103e-09
1.14884e-07
1.398e-09
1.15188e-07
1.40658e-09
1.15495e-07
1.41647e-09
1.15805e-07
1.42737e-09
1.43902e-09
1.02255e-07
2.05414e-09
-1.02067e-07
1.02448e-07
2.122e-09
1.02645e-07
2.18919e-09
1.02847e-07
2.25526e-09
1.03053e-07
2.31974e-09
1.03262e-07
2.38216e-09
1.03476e-07
2.44208e-09
1.03693e-07
2.49912e-09
1.03913e-07
2.55294e-09
1.04136e-07
2.60323e-09
1.04361e-07
2.64974e-09
1.04588e-07
2.69226e-09
1.04816e-07
2.73063e-09
1.05046e-07
2.76472e-09
1.05277e-07
2.79447e-09
1.05508e-07
2.81984e-09
1.0574e-07
2.84085e-09
1.05972e-07
2.85755e-09
1.06204e-07
2.87003e-09
1.06436e-07
2.87842e-09
1.06667e-07
2.88288e-09
1.06898e-07
2.88359e-09
1.07128e-07
2.88077e-09
1.07358e-07
2.87465e-09
1.07587e-07
2.86548e-09
1.07815e-07
2.85352e-09
1.08043e-07
2.83905e-09
1.0827e-07
2.82232e-09
1.08497e-07
2.80362e-09
1.08724e-07
2.78319e-09
1.0895e-07
2.76129e-09
1.09176e-07
2.73815e-09
1.09403e-07
2.71401e-09
1.0963e-07
2.68905e-09
1.09857e-07
2.66346e-09
1.10085e-07
2.6374e-09
1.10313e-07
2.61101e-09
1.10543e-07
2.58441e-09
1.10774e-07
2.5577e-09
1.11006e-07
2.53095e-09
1.11239e-07
2.50422e-09
1.11473e-07
2.47755e-09
1.1171e-07
2.45097e-09
1.11948e-07
2.4245e-09
1.12187e-07
2.39812e-09
1.12429e-07
2.37183e-09
1.12672e-07
2.34561e-09
1.12917e-07
2.31942e-09
1.13164e-07
2.29323e-09
1.13413e-07
2.267e-09
1.13664e-07
2.24068e-09
1.13917e-07
2.21423e-09
1.14172e-07
2.18758e-09
1.14429e-07
2.16069e-09
1.14688e-07
2.13351e-09
1.1495e-07
2.10597e-09
1.15213e-07
2.07802e-09
1.15478e-07
2.04962e-09
1.15746e-07
2.02071e-09
1.16015e-07
1.99125e-09
1.16286e-07
1.9612e-09
1.16559e-07
1.93051e-09
1.16835e-07
1.89916e-09
1.17112e-07
1.86713e-09
1.17391e-07
1.83439e-09
1.17671e-07
1.80095e-09
1.17954e-07
1.76682e-09
1.18238e-07
1.73201e-09
1.18524e-07
1.69656e-09
1.18811e-07
1.66053e-09
1.191e-07
1.62399e-09
1.19391e-07
1.58704e-09
1.19683e-07
1.54979e-09
1.19976e-07
1.51239e-09
1.2027e-07
1.47501e-09
1.20566e-07
1.43782e-09
1.20863e-07
1.40106e-09
1.21161e-07
1.36495e-09
1.2146e-07
1.32975e-09
1.2176e-07
1.2957e-09
1.22062e-07
1.26309e-09
1.22365e-07
1.23218e-09
1.22669e-07
1.20323e-09
1.22975e-07
1.17646e-09
1.23283e-07
1.15211e-09
1.23592e-07
1.13035e-09
1.23904e-07
1.11131e-09
1.24217e-07
1.0951e-09
1.24533e-07
1.08176e-09
1.24852e-07
1.0713e-09
1.25173e-07
1.06365e-09
1.25497e-07
1.05871e-09
1.25824e-07
1.05635e-09
1.26153e-07
1.05637e-09
1.26486e-07
1.05854e-09
1.26821e-07
1.06264e-09
1.27159e-07
1.06839e-09
1.275e-07
1.07554e-09
1.27844e-07
1.08384e-09
1.09306e-09
1.12999e-07
1.84999e-09
-1.12794e-07
1.13207e-07
1.91381e-09
1.13419e-07
1.97699e-09
1.13635e-07
2.03913e-09
1.13855e-07
2.09981e-09
1.14079e-07
2.15861e-09
1.14305e-07
2.21514e-09
1.14536e-07
2.26903e-09
1.14768e-07
2.31997e-09
1.15004e-07
2.36765e-09
1.15242e-07
2.41184e-09
1.15482e-07
2.45231e-09
1.15724e-07
2.48889e-09
1.15967e-07
2.52146e-09
1.16211e-07
2.54994e-09
1.16457e-07
2.57427e-09
1.16703e-07
2.59445e-09
1.1695e-07
2.61051e-09
1.17198e-07
2.62253e-09
1.17446e-07
2.6306e-09
1.17694e-07
2.63487e-09
1.17942e-07
2.63549e-09
1.1819e-07
2.63264e-09
1.18438e-07
2.62655e-09
1.18686e-07
2.61742e-09
1.18934e-07
2.6055e-09
1.19182e-07
2.59103e-09
1.1943e-07
2.57427e-09
1.19678e-07
2.55544e-09
1.19927e-07
2.53481e-09
1.20176e-07
2.51261e-09
1.20425e-07
2.48905e-09
1.20674e-07
2.46436e-09
1.20925e-07
2.43873e-09
1.21176e-07
2.41234e-09
1.21428e-07
2.38535e-09
1.21681e-07
2.35789e-09
1.21935e-07
2.3301e-09
1.22191e-07
2.30208e-09
1.22448e-07
2.2739e-09
1.22706e-07
2.24564e-09
1.22967e-07
2.21735e-09
1.23229e-07
2.18906e-09
1.23492e-07
2.16079e-09
1.23758e-07
2.13255e-09
1.24025e-07
2.10434e-09
1.24295e-07
2.07614e-09
1.24566e-07
2.04793e-09
1.2484e-07
2.01968e-09
1.25115e-07
1.99136e-09
1.25393e-07
1.96292e-09
1.25673e-07
1.93432e-09
1.25955e-07
1.90552e-09
1.26239e-07
1.87646e-09
1.26526e-07
1.84709e-09
1.26814e-07
1.81737e-09
1.27105e-07
1.78724e-09
1.27398e-07
1.75666e-09
1.27693e-07
1.72557e-09
1.27991e-07
1.69394e-09
1.2829e-07
1.66174e-09
1.28592e-07
1.62891e-09
1.28895e-07
1.59545e-09
1.29201e-07
1.56132e-09
1.29509e-07
1.52653e-09
1.29819e-07
1.49106e-09
1.30131e-07
1.45494e-09
1.30445e-07
1.41818e-09
1.3076e-07
1.38082e-09
1.31078e-07
1.34293e-09
1.31397e-07
1.30458e-09
1.31719e-07
1.26587e-09
1.32041e-07
1.22691e-09
1.32366e-07
1.18784e-09
1.32692e-07
1.14883e-09
1.3302e-07
1.11005e-09
1.33349e-07
1.07171e-09
1.3368e-07
1.03403e-09
1.34013e-07
9.97245e-10
1.34347e-07
9.61594e-10
1.34683e-07
9.27331e-10
1.3502e-07
8.94699e-10
1.35359e-07
8.63939e-10
1.35701e-07
8.35273e-10
1.36044e-07
8.089e-10
1.36389e-07
7.84994e-10
1.36737e-07
7.63686e-10
1.37087e-07
7.4507e-10
1.37439e-07
7.292e-10
1.37795e-07
7.16079e-10
1.38153e-07
7.05668e-10
1.38513e-07
6.97881e-10
1.38877e-07
6.92591e-10
1.39244e-07
6.89633e-10
1.39614e-07
6.88813e-10
1.39986e-07
6.89912e-10
1.40362e-07
6.92702e-10
1.40741e-07
6.96947e-10
1.41122e-07
7.02422e-10
7.08886e-10
1.24872e-07
1.62853e-09
-1.24651e-07
1.25097e-07
1.68906e-09
1.25325e-07
1.74895e-09
1.25556e-07
1.80785e-09
1.25791e-07
1.86536e-09
1.26028e-07
1.92109e-09
1.26269e-07
1.97467e-09
1.26512e-07
2.02577e-09
1.26758e-07
2.07407e-09
1.27006e-07
2.11929e-09
1.27257e-07
2.16118e-09
1.2751e-07
2.19954e-09
1.27765e-07
2.23418e-09
1.28021e-07
2.26499e-09
1.28279e-07
2.29185e-09
1.28539e-07
2.31473e-09
1.28799e-07
2.3336e-09
1.29061e-07
2.34849e-09
1.29325e-07
2.35944e-09
1.29589e-07
2.36655e-09
1.29854e-07
2.36994e-09
1.30119e-07
2.36975e-09
1.30386e-07
2.36615e-09
1.30653e-07
2.35933e-09
1.30921e-07
2.3495e-09
1.3119e-07
2.33687e-09
1.31459e-07
2.32168e-09
1.31729e-07
2.30416e-09
1.32e-07
2.28453e-09
1.32272e-07
2.26305e-09
1.32544e-07
2.23991e-09
1.32818e-07
2.21536e-09
1.33093e-07
2.18958e-09
1.33369e-07
2.16278e-09
1.33646e-07
2.13512e-09
1.33925e-07
2.10678e-09
1.34205e-07
2.07788e-09
1.34486e-07
2.04855e-09
1.34769e-07
2.01891e-09
1.35054e-07
1.98903e-09
1.35341e-07
1.959e-09
1.35629e-07
1.92886e-09
1.3592e-07
1.89865e-09
1.36212e-07
1.86841e-09
1.36507e-07
1.83814e-09
1.36803e-07
1.80785e-09
1.37102e-07
1.77752e-09
1.37402e-07
1.74715e-09
1.37705e-07
1.71671e-09
1.38011e-07
1.68616e-09
1.38318e-07
1.65547e-09
1.38628e-07
1.6246e-09
1.3894e-07
1.59351e-09
1.39254e-07
1.56214e-09
1.39571e-07
1.53046e-09
1.3989e-07
1.49841e-09
1.40211e-07
1.46595e-09
1.40535e-07
1.43303e-09
1.40861e-07
1.3996e-09
1.41189e-07
1.36564e-09
1.4152e-07
1.3311e-09
1.41852e-07
1.29594e-09
1.42188e-07
1.26016e-09
1.42525e-07
1.22373e-09
1.42865e-07
1.18663e-09
1.43207e-07
1.14889e-09
1.43552e-07
1.11051e-09
1.43899e-07
1.07151e-09
1.44247e-07
1.03194e-09
1.44598e-07
9.9187e-10
1.44952e-07
9.51363e-10
1.45307e-07
9.10519e-10
1.45665e-07
8.69456e-10
1.46024e-07
8.28308e-10
1.46386e-07
7.87233e-10
1.46749e-07
7.46409e-10
1.47115e-07
7.06029e-10
1.47483e-07
6.66306e-10
1.47852e-07
6.27463e-10
1.48224e-07
5.89732e-10
1.48598e-07
5.5335e-10
1.48974e-07
5.1855e-10
1.49353e-07
4.85557e-10
1.49734e-07
4.54581e-10
1.50117e-07
4.25831e-10
1.50502e-07
3.99451e-10
1.5089e-07
3.75571e-10
1.51281e-07
3.54289e-10
1.51675e-07
3.35661e-10
1.52071e-07
3.19696e-10
1.5247e-07
3.06362e-10
1.52873e-07
2.95584e-10
1.53278e-07
2.87248e-10
1.53686e-07
2.81205e-10
1.54098e-07
2.77276e-10
1.54513e-07
2.7526e-10
1.5493e-07
2.74945e-10
1.55351e-07
2.7612e-10
1.55775e-07
2.78592e-10
2.82225e-10
1.37989e-07
-1.3775e-07
1.38231e-07
1.38476e-07
1.38722e-07
1.38972e-07
1.39223e-07
1.39477e-07
1.39733e-07
1.39992e-07
1.40253e-07
1.40516e-07
1.40781e-07
1.41048e-07
1.41318e-07
1.41589e-07
1.41863e-07
1.42138e-07
1.42415e-07
1.42694e-07
1.42974e-07
1.43257e-07
1.43541e-07
1.43827e-07
1.44114e-07
1.44403e-07
1.44694e-07
1.44986e-07
1.45281e-07
1.45576e-07
1.45874e-07
1.46173e-07
1.46474e-07
1.46776e-07
1.47081e-07
1.47387e-07
1.47695e-07
1.48005e-07
1.48317e-07
1.48631e-07
1.48948e-07
1.49266e-07
1.49586e-07
1.49909e-07
1.50233e-07
1.5056e-07
1.50889e-07
1.51221e-07
1.51555e-07
1.51891e-07
1.52229e-07
1.5257e-07
1.52913e-07
1.53259e-07
1.53607e-07
1.53957e-07
1.5431e-07
1.54666e-07
1.55024e-07
1.55384e-07
1.55747e-07
1.56113e-07
1.56481e-07
1.56851e-07
1.57225e-07
1.576e-07
1.57979e-07
1.5836e-07
1.58743e-07
1.59129e-07
1.59518e-07
1.59909e-07
1.60302e-07
1.60699e-07
1.61098e-07
1.61499e-07
1.61903e-07
1.6231e-07
1.62719e-07
1.6313e-07
1.63545e-07
1.63962e-07
1.64382e-07
1.64804e-07
1.65229e-07
1.65657e-07
1.66088e-07
1.66522e-07
1.66958e-07
1.67398e-07
1.6784e-07
1.68286e-07
1.68735e-07
1.69186e-07
1.69641e-07
1.701e-07
1.70561e-07
1.71026e-07
1.71493e-07
1.71965e-07
5.5203e-08
8.27346e-12
5.5194e-08
1.70815e-11
5.51812e-08
2.66131e-11
5.51647e-08
3.68065e-11
5.51445e-08
4.76826e-11
5.51207e-08
5.92854e-11
5.5093e-08
7.16738e-11
5.50615e-08
8.49211e-11
5.50258e-08
9.91179e-11
5.49857e-08
1.14379e-10
5.49409e-08
1.30851e-10
5.48909e-08
1.48727e-10
5.48352e-08
1.68267e-10
5.47731e-08
1.89823e-10
5.47035e-08
2.13885e-10
5.46252e-08
2.41154e-10
5.45365e-08
2.72661e-10
5.44346e-08
3.09986e-10
5.43158e-08
3.55673e-10
5.41738e-08
4.14093e-10
5.39983e-08
4.93407e-10
5.37696e-08
6.10458e-10
5.34474e-08
8.04297e-10
5.29364e-08
1.18001e-09
1.99985e-09
5.96228e-08
1.33288e-11
5.96133e-08
2.65467e-11
5.95998e-08
4.01946e-11
5.95822e-08
5.43687e-11
5.95607e-08
6.91703e-11
5.95353e-08
8.47187e-11
5.95058e-08
1.01138e-10
5.94722e-08
1.18562e-10
5.94341e-08
1.37139e-10
5.93915e-08
1.57049e-10
5.93438e-08
1.78514e-10
5.92907e-08
2.01818e-10
5.92316e-08
2.2734e-10
5.91659e-08
2.55588e-10
5.90925e-08
2.87266e-10
5.90103e-08
3.2337e-10
5.89176e-08
3.65353e-10
5.88122e-08
4.15405e-10
5.86909e-08
4.76958e-10
5.85493e-08
5.55645e-10
5.83816e-08
6.61151e-10
5.81812e-08
8.10819e-10
5.79497e-08
1.03587e-09
5.77422e-08
1.38752e-09
1.91992e-09
6.43964e-08
1.85961e-11
6.43864e-08
3.6554e-11
6.4372e-08
5.4593e-11
6.43533e-08
7.30076e-11
6.43305e-08
9.19901e-11
6.43035e-08
1.11734e-10
6.42722e-08
1.32431e-10
6.42365e-08
1.54274e-10
6.41962e-08
1.77472e-10
6.4151e-08
2.02265e-10
6.41005e-08
2.28948e-10
6.40444e-08
2.57888e-10
6.39822e-08
2.89568e-10
6.39132e-08
3.24627e-10
6.38365e-08
3.63941e-10
6.37512e-08
4.08724e-10
6.36558e-08
4.60706e-10
6.35488e-08
5.22405e-10
6.34282e-08
5.97573e-10
6.32919e-08
6.91906e-10
6.31389e-08
8.14122e-10
6.29725e-08
9.77256e-10
6.28094e-08
1.199e-09
6.27002e-08
1.4967e-09
1.86716e-09
6.95521e-08
2.40878e-11
6.95416e-08
4.70605e-11
6.95265e-08
6.97569e-11
6.95068e-08
9.26582e-11
6.94827e-08
1.16061e-10
6.94542e-08
1.40232e-10
6.94212e-08
1.6543e-10
6.93836e-08
1.91905e-10
6.93412e-08
2.19924e-10
6.92936e-08
2.49783e-10
6.92408e-08
2.81835e-10
6.91821e-08
3.16518e-10
6.91173e-08
3.54391e-10
6.90457e-08
3.96187e-10
6.89668e-08
4.42882e-10
6.88797e-08
4.95799e-10
6.87837e-08
5.5675e-10
6.86778e-08
6.28248e-10
6.85616e-08
7.13788e-10
6.84353e-08
8.18186e-10
6.83016e-08
9.47853e-10
6.81683e-08
1.11058e-09
6.80535e-08
1.31379e-09
6.7991e-08
1.55921e-09
1.83183e-09
7.51207e-08
2.97954e-11
7.51097e-08
5.80259e-11
7.50939e-08
8.56285e-11
7.50733e-08
1.13248e-10
7.5048e-08
1.4129e-10
7.50182e-08
1.70097e-10
7.49836e-08
1.99988e-10
7.49442e-08
2.31272e-10
7.48999e-08
2.64262e-10
7.48504e-08
2.99303e-10
7.47954e-08
3.36791e-10
7.47347e-08
3.77209e-10
7.4668e-08
4.21159e-10
7.45947e-08
4.6941e-10
7.45147e-08
5.22956e-10
7.44274e-08
5.83096e-10
7.43326e-08
6.51526e-10
7.42304e-08
7.30454e-10
7.41215e-08
8.22695e-10
7.4008e-08
9.31697e-10
7.38945e-08
1.06132e-09
7.379e-08
1.21505e-09
7.37096e-08
1.39421e-09
7.36742e-08
1.59468e-09
1.8023e-09
8.11351e-08
3.56962e-11
8.11237e-08
6.93895e-11
8.11072e-08
1.02111e-10
8.10858e-08
1.34646e-10
8.10596e-08
1.6751e-10
8.10286e-08
2.01119e-10
8.09927e-08
2.3585e-10
8.0952e-08
2.72061e-10
8.09061e-08
3.10105e-10
8.08551e-08
3.50357e-10
8.07986e-08
3.9324e-10
8.07366e-08
4.39247e-10
8.06688e-08
4.88981e-10
8.0595e-08
5.43184e-10
8.05152e-08
6.02779e-10
8.04293e-08
6.68916e-10
8.03379e-08
7.43008e-10
8.02416e-08
8.26751e-10
8.01422e-08
9.22085e-10
8.00428e-08
1.03103e-09
7.99488e-08
1.1553e-09
7.98684e-08
1.29555e-09
7.98124e-08
1.45014e-09
7.97935e-08
1.61364e-09
1.77536e-09
8.76311e-08
4.17478e-11
8.76194e-08
8.10581e-11
8.76025e-08
1.19058e-10
8.75804e-08
1.56659e-10
8.75535e-08
1.94477e-10
8.75216e-08
2.32999e-10
8.74848e-08
2.72655e-10
8.7443e-08
3.13841e-10
8.73962e-08
3.56937e-10
8.73442e-08
4.02332e-10
8.7287e-08
4.50445e-10
8.72245e-08
5.01751e-10
8.71567e-08
5.56802e-10
8.70836e-08
6.16253e-10
8.70055e-08
6.80876e-10
8.69228e-08
7.51575e-10
8.68365e-08
8.29374e-10
8.67479e-08
9.15372e-10
8.66593e-08
1.01064e-09
8.65743e-08
1.11599e-09
8.6498e-08
1.23163e-09
8.64369e-08
1.35666e-09
8.63986e-08
1.4884e-09
8.63904e-08
1.62186e-09
1.74957e-09
9.46472e-08
4.7884e-11
9.46353e-08
9.28984e-11
9.46181e-08
1.36269e-10
9.45958e-08
1.79016e-10
9.45684e-08
2.21851e-10
9.45361e-08
2.65325e-10
9.44988e-08
3.09912e-10
9.44566e-08
3.56034e-10
9.44095e-08
4.04081e-10
9.43574e-08
4.54436e-10
9.43003e-08
5.07488e-10
9.42384e-08
5.63656e-10
9.41718e-08
6.23401e-10
9.41009e-08
6.87237e-10
9.4026e-08
7.55728e-10
9.39481e-08
8.29474e-10
9.38684e-08
9.09079e-10
9.37887e-08
9.95068e-10
9.37116e-08
1.08777e-09
9.36404e-08
1.18715e-09
9.35795e-08
1.29252e-09
9.35339e-08
1.40229e-09
9.35086e-08
1.51373e-09
9.35076e-08
1.62284e-09
1.72455e-09
1.02225e-07
5.40089e-11
1.02213e-07
1.04728e-10
1.02196e-07
1.53468e-10
1.02174e-07
2.01355e-10
1.02146e-07
2.49182e-10
1.02114e-07
2.97555e-10
1.02077e-07
3.46981e-10
1.02035e-07
3.97896e-10
1.01989e-07
4.50685e-10
1.01937e-07
5.057e-10
1.01882e-07
5.63276e-10
1.01822e-07
6.23746e-10
1.01757e-07
6.87445e-10
1.0169e-07
7.54712e-10
1.0162e-07
8.25872e-10
1.01548e-07
9.01215e-10
1.01476e-07
9.80948e-10
1.01406e-07
1.06512e-09
1.0134e-07
1.15353e-09
1.01282e-07
1.24559e-09
1.01234e-07
1.34021e-09
1.01201e-07
1.43567e-09
1.01185e-07
1.52957e-09
1.01189e-07
1.61894e-09
1.70038e-09
1.1041e-07
5.99872e-11
1.10398e-07
1.16303e-10
1.10381e-07
1.70295e-10
1.1036e-07
2.23202e-10
1.10333e-07
2.75884e-10
1.10301e-07
3.28993e-10
1.10265e-07
3.83055e-10
1.10225e-07
4.38509e-10
1.1018e-07
4.95714e-10
1.1013e-07
5.54977e-10
1.10077e-07
6.16557e-10
1.1002e-07
6.80679e-10
1.0996e-07
7.47531e-10
1.09898e-07
8.17264e-10
1.09834e-07
8.89966e-10
1.09769e-07
9.65644e-10
1.09706e-07
1.04418e-09
1.09646e-07
1.12527e-09
1.09591e-07
1.20838e-09
1.09544e-07
1.29266e-09
1.09507e-07
1.3769e-09
1.09483e-07
1.45953e-09
1.09474e-07
1.53862e-09
1.09481e-07
1.61202e-09
1.67746e-09
6.89198e-08
6.33763e-11
6.89133e-08
1.22849e-10
6.89038e-08
1.79817e-10
6.88914e-08
2.35561e-10
6.88763e-08
2.90978e-10
6.88586e-08
3.4674e-10
6.88383e-08
4.03385e-10
6.88154e-08
4.61342e-10
6.87902e-08
5.20955e-10
6.87627e-08
5.82495e-10
6.8733e-08
6.46171e-10
6.87016e-08
7.1214e-10
6.86686e-08
7.80503e-10
6.86346e-08
8.51302e-10
6.86e-08
9.245e-10
6.85657e-08
9.99957e-10
6.85325e-08
1.0774e-09
6.85014e-08
1.15638e-09
6.84735e-08
1.23623e-09
6.84502e-08
1.31604e-09
6.84325e-08
1.39461e-09
6.84215e-08
1.47049e-09
6.84181e-08
1.54204e-09
6.84225e-08
1.60755e-09
1.66532e-09
7.6094e-08
6.68019e-11
7.60874e-08
1.29458e-10
7.60778e-08
1.89422e-10
7.60653e-08
2.48021e-10
7.60501e-08
3.06181e-10
7.60323e-08
3.64595e-10
7.60118e-08
4.23802e-10
7.5989e-08
4.84225e-10
7.59637e-08
5.46181e-10
7.59363e-08
6.09902e-10
7.5907e-08
6.75542e-10
7.58759e-08
7.43182e-10
7.58436e-08
8.12836e-10
7.58105e-08
8.84435e-10
7.57771e-08
9.5782e-10
7.57444e-08
1.03272e-09
7.5713e-08
1.10874e-09
7.56841e-08
1.1853e-09
7.56587e-08
1.26168e-09
7.56378e-08
1.33692e-09
7.56225e-08
1.40989e-09
7.56137e-08
1.47933e-09
7.56118e-08
1.54386e-09
7.56173e-08
1.60212e-09
1.65283e-09
8.4015e-08
7.01835e-11
8.40085e-08
1.35975e-10
8.3999e-08
1.98888e-10
8.39867e-08
2.60293e-10
8.39718e-08
3.21144e-10
8.39542e-08
3.82146e-10
8.39342e-08
4.4384e-10
8.39118e-08
5.06635e-10
8.38871e-08
5.7082e-10
8.38605e-08
6.36583e-10
8.3832e-08
7.04017e-10
8.3802e-08
7.73131e-10
8.3771e-08
8.43845e-10
8.37395e-08
9.15988e-10
8.3708e-08
9.89291e-10
8.36773e-08
1.06337e-09
8.36484e-08
1.13772e-09
8.3622e-08
1.2117e-09
8.35991e-08
1.28453e-09
8.35807e-08
1.35528e-09
8.35677e-08
1.42293e-09
8.35607e-08
1.48636e-09
8.35601e-08
1.54447e-09
8.3566e-08
1.5962e-09
1.64059e-09
9.27606e-08
7.34128e-11
9.27544e-08
1.42191e-10
9.27453e-08
2.07911e-10
9.27336e-08
2.71982e-10
9.27194e-08
3.35383e-10
9.27027e-08
3.98828e-10
9.26837e-08
4.62857e-10
9.26625e-08
5.27859e-10
9.26392e-08
5.94094e-10
9.26141e-08
6.61703e-10
9.25874e-08
7.30721e-10
9.25594e-08
8.01082e-10
9.25307e-08
8.7262e-10
9.25016e-08
9.45073e-10
9.24728e-08
1.01807e-09
9.2445e-08
1.09115e-09
9.2419e-08
1.16372e-09
9.23956e-08
1.23509e-09
9.23757e-08
1.30448e-09
9.23599e-08
1.37101e-09
9.23491e-08
1.43376e-09
9.23437e-08
1.4918e-09
9.23439e-08
1.54422e-09
9.23499e-08
1.59024e-09
1.62915e-09
1.02417e-07
7.6345e-11
1.02411e-07
1.47826e-10
1.02403e-07
2.16085e-10
1.02392e-07
2.82565e-10
1.02379e-07
3.48264e-10
1.02364e-07
4.13903e-10
1.02347e-07
4.80014e-10
1.02328e-07
5.46972e-10
1.02307e-07
6.15002e-10
1.02285e-07
6.84203e-10
1.02261e-07
7.54552e-10
1.02236e-07
8.25917e-10
1.0221e-07
8.98057e-10
1.02185e-07
9.70629e-10
1.0216e-07
1.04319e-09
1.02136e-07
1.1152e-09
1.02113e-07
1.18602e-09
1.02094e-07
1.25495e-09
1.02077e-07
1.32121e-09
1.02064e-07
1.38399e-09
1.02055e-07
1.44247e-09
1.02051e-07
1.49587e-09
1.02052e-07
1.54349e-09
1.02057e-07
1.58472e-09
1.61905e-09
1.13078e-07
7.87906e-11
1.13073e-07
1.52514e-10
1.13066e-07
2.22881e-10
1.13058e-07
2.9136e-10
1.13047e-07
3.58962e-10
1.13034e-07
4.26412e-10
1.1302e-07
4.94236e-10
1.13004e-07
5.62791e-10
1.12987e-07
6.32274e-10
1.12969e-07
7.02747e-10
1.12949e-07
7.74137e-10
1.12929e-07
8.46257e-10
1.12908e-07
9.18806e-10
1.12887e-07
9.91379e-10
1.12867e-07
1.06347e-09
1.12848e-07
1.1345e-09
1.1283e-07
1.20381e-09
1.12814e-07
1.27067e-09
1.12801e-07
1.33434e-09
1.12791e-07
1.39408e-09
1.12784e-07
1.44915e-09
1.12781e-07
1.49889e-09
1.12782e-07
1.54273e-09
1.12786e-07
1.58024e-09
1.61103e-09
1.24849e-07
8.05036e-11
1.24846e-07
1.55786e-10
1.24841e-07
2.27621e-10
1.24835e-07
2.97492e-10
1.24828e-07
3.6642e-10
1.24819e-07
4.35132e-10
1.24809e-07
5.04148e-10
1.24798e-07
5.73811e-10
1.24786e-07
6.443e-10
1.24773e-07
7.15647e-10
1.24759e-07
7.87747e-10
1.24745e-07
8.60374e-10
1.24731e-07
9.33185e-10
1.24716e-07
1.00574e-09
1.24702e-07
1.07749e-09
1.24689e-07
1.14782e-09
1.24677e-07
1.21606e-09
1.24666e-07
1.2815e-09
1.24657e-07
1.34341e-09
1.2465e-07
1.40109e-09
1.24645e-07
1.45387e-09
1.24643e-07
1.50117e-09
1.24643e-07
1.54252e-09
1.24646e-07
1.57755e-09
1.606e-09
1.37846e-07
1.37845e-07
1.37843e-07
1.3784e-07
1.37837e-07
1.37834e-07
1.37829e-07
1.37825e-07
1.3782e-07
1.37814e-07
1.37809e-07
1.37802e-07
1.37796e-07
1.3779e-07
1.37783e-07
1.37777e-07
1.37771e-07
1.37766e-07
1.37761e-07
1.37757e-07
1.37753e-07
1.37751e-07
1.3775e-07
1.37749e-07
)
;

boundaryField
{
    top
    {
        type            calculated;
        value           nonuniform List<scalar> 
125
(
1.38895e-09
1.44713e-09
1.50463e-09
1.56111e-09
1.61621e-09
1.66954e-09
1.72074e-09
1.76949e-09
1.81548e-09
1.85844e-09
1.89812e-09
1.93431e-09
1.96685e-09
1.99559e-09
2.02046e-09
2.04139e-09
2.05836e-09
2.07139e-09
2.08053e-09
2.08588e-09
2.08753e-09
2.08564e-09
2.08036e-09
2.07188e-09
2.06039e-09
2.04612e-09
2.02928e-09
2.0101e-09
1.98881e-09
1.96563e-09
1.94079e-09
1.91449e-09
1.88694e-09
1.85833e-09
1.82883e-09
1.79859e-09
1.76777e-09
1.73648e-09
1.70483e-09
1.67291e-09
1.64079e-09
1.60853e-09
1.57616e-09
1.54373e-09
1.51124e-09
1.4787e-09
1.44609e-09
1.41341e-09
1.38064e-09
1.34773e-09
1.31466e-09
1.2814e-09
1.24788e-09
1.21408e-09
1.17994e-09
1.14542e-09
1.11047e-09
1.07506e-09
1.03912e-09
1.00263e-09
9.65558e-10
9.27865e-10
8.89531e-10
8.50541e-10
8.10889e-10
7.7058e-10
7.29628e-10
6.88063e-10
6.45929e-10
6.03286e-10
5.60212e-10
5.16802e-10
4.73172e-10
4.29459e-10
3.85817e-10
3.42421e-10
2.99463e-10
2.57151e-10
2.15706e-10
1.75354e-10
1.36327e-10
9.88557e-11
6.31594e-11
2.9392e-11
-2.12606e-12
-3.13339e-11
-5.80914e-11
-8.22958e-11
-1.03896e-10
-1.22878e-10
-1.39269e-10
-1.53142e-10
-1.64605e-10
-1.73803e-10
-1.8091e-10
-1.86123e-10
-1.89653e-10
-1.91726e-10
-1.92578e-10
-1.92508e-10
8.11803e-11
1.57076e-10
2.29505e-10
2.99952e-10
3.69439e-10
4.38694e-10
5.08235e-10
5.78399e-10
6.49357e-10
7.21128e-10
7.93595e-10
8.66514e-10
9.39525e-10
1.01217e-09
1.08388e-09
1.15404e-09
1.22197e-09
1.28694e-09
1.34824e-09
1.40518e-09
1.45712e-09
1.50351e-09
1.5439e-09
1.57798e-09
1.6055e-09
)
;
    }
    inlet
    {
        type            calculated;
        value           nonuniform List<scalar> 
18
(
-6.89232e-08
-7.60974e-08
-8.40184e-08
-9.27638e-08
-1.0242e-07
-1.1308e-07
-1.24851e-07
-1.37846e-07
-5.52079e-08
-5.96279e-08
-6.44016e-08
-6.95576e-08
-7.51264e-08
-8.1141e-08
-8.76371e-08
-9.46533e-08
-1.02231e-07
-1.10416e-07
)
;
    }
    outlet
    {
        type            calculated;
        value           nonuniform List<scalar> 
18
(
8.60575e-08
9.51808e-08
1.05157e-07
1.16117e-07
1.2819e-07
1.41506e-07
1.56202e-07
1.72439e-07
4.89183e-09
1.46559e-08
2.52794e-08
3.58317e-08
4.56024e-08
5.4303e-08
6.20235e-08
6.90644e-08
7.57797e-08
8.24918e-08
)
;
    }
    plate
    {
        type            calculated;
        value           uniform 0;
    }
    symmBound
    {
        type            calculated;
        value           nonuniform List<scalar> 
25
(
-3.33482e-12
-8.11221e-12
-1.38043e-11
-2.02919e-11
-2.75063e-11
-3.54204e-11
-4.40324e-11
-5.33586e-11
-6.34322e-11
-7.43038e-11
-8.60453e-11
-9.87557e-11
-1.1257e-10
-1.27674e-10
-1.44325e-10
-1.62887e-10
-1.83888e-10
-2.08123e-10
-2.36843e-10
-2.72145e-10
-3.17858e-10
-3.81775e-10
-4.82091e-10
-6.69038e-10
-1.07614e-09
)
;
    }
    frontAndBack
    {
        type            empty;
        value           nonuniform 0();
    }
}


// ************************************************************************* //
