/*--------------------------------*- C++ -*----------------------------------*\
| =========                 |                                                 |
| \\      /  F ield         | OpenFOAM: The Open Source CFD Toolbox           |
|  \\    /   O peration     | Version:  2.3.0                                 |
|   \\  /    A nd           | Web:      www.OpenFOAM.org                      |
|    \\/     M anipulation  |                                                 |
\*---------------------------------------------------------------------------*/
FoamFile
{
    version     2.0;
    format      ascii;
    class       surfaceScalarField;
    location    "0.6";
    object      phi;
}
// * * * * * * * * * * * * * * * * * * * * * * * * * * * * * * * * * * * * * //

dimensions      [0 3 -1 0 0 0 0];

internalField   nonuniform List<scalar> 
5764
(
1.97601e-08
5.01175e-09
-2.47718e-08
1.4662e-08
5.09808e-09
1.08054e-08
3.85664e-09
8.21237e-09
2.59299e-09
6.57899e-09
1.63338e-09
5.62949e-09
9.49502e-10
5.035e-09
5.94483e-10
4.64306e-09
3.91945e-10
4.36407e-09
2.78991e-10
4.12125e-09
2.42816e-10
3.90351e-09
2.17743e-10
3.72413e-09
1.79376e-10
3.56952e-09
1.54619e-10
3.42594e-09
1.43576e-10
3.29533e-09
1.30608e-10
3.17699e-09
1.18337e-10
3.06839e-09
1.08602e-10
2.96989e-09
9.84968e-11
2.88118e-09
8.87155e-11
2.7991e-09
8.20797e-11
2.72239e-09
7.67092e-11
2.65223e-09
7.01647e-11
2.58657e-09
6.56532e-11
2.52366e-09
6.29078e-11
2.4637e-09
5.99645e-11
2.40792e-09
5.57752e-11
2.35652e-09
5.1408e-11
2.30842e-09
4.81017e-11
2.26287e-09
4.55441e-11
2.21872e-09
4.41468e-11
2.17623e-09
4.24944e-11
2.13669e-09
3.95431e-11
2.09954e-09
3.71489e-11
2.06393e-09
3.56041e-11
2.02963e-09
3.43086e-11
1.99625e-09
3.33726e-11
1.96485e-09
3.14061e-11
1.93498e-09
2.98679e-11
1.90667e-09
2.83111e-11
1.87985e-09
2.68189e-11
1.85321e-09
2.66431e-11
1.82734e-09
2.5864e-11
1.80291e-09
2.44328e-11
1.78002e-09
2.28901e-11
1.75776e-09
2.22621e-11
1.73645e-09
2.13057e-11
1.71647e-09
1.9984e-11
1.69648e-09
1.99873e-11
1.67715e-09
1.93321e-11
1.65875e-09
1.84018e-11
1.64111e-09
1.76393e-11
1.6246e-09
1.65087e-11
1.60833e-09
1.62715e-11
1.59275e-09
1.5573e-11
1.57726e-09
1.54906e-11
1.56283e-09
1.4428e-11
1.54947e-09
1.33648e-11
1.53616e-09
1.33108e-11
1.52325e-09
1.29123e-11
1.51143e-09
1.18163e-11
1.49953e-09
1.18998e-11
1.48855e-09
1.09818e-11
1.47813e-09
1.04194e-11
1.46782e-09
1.03113e-11
1.4578e-09
1.00138e-11
1.44913e-09
8.67656e-12
1.43986e-09
9.27254e-12
1.43145e-09
8.40414e-12
1.42364e-09
7.80735e-12
1.41639e-09
7.24932e-12
1.40754e-09
8.85058e-12
1.40191e-09
5.6384e-12
1.39332e-09
8.58068e-12
1.39088e-09
2.4455e-12
1.03142e-11
2.70173e-08
5.14103e-09
-2.71466e-08
2.55081e-08
6.60729e-09
2.34604e-08
5.90429e-09
2.12311e-08
4.82235e-09
1.91324e-08
3.73208e-09
1.73937e-08
2.68814e-09
1.59177e-08
2.07052e-09
1.47129e-08
1.59675e-09
1.37465e-08
1.24539e-09
1.29351e-08
1.05424e-09
1.22494e-08
9.03412e-10
1.16782e-08
7.50589e-10
1.11819e-08
6.50931e-10
1.07316e-08
5.93863e-10
1.03234e-08
5.38837e-10
9.95338e-09
4.88316e-10
9.61679e-09
4.45194e-10
9.31097e-09
4.04318e-10
9.03223e-09
3.67455e-10
8.77451e-09
3.39804e-10
8.5348e-09
3.16412e-10
8.3127e-09
2.92267e-10
8.10435e-09
2.74002e-10
7.90738e-09
2.59881e-10
7.72164e-09
2.45708e-10
7.54821e-09
2.29196e-10
7.38622e-09
2.13405e-10
7.23325e-09
2.01074e-10
7.08804e-09
1.90745e-10
6.9491e-09
1.8309e-10
6.81674e-09
1.74857e-10
6.69209e-09
1.64189e-10
6.57374e-09
1.55501e-10
6.46057e-09
1.48778e-10
6.3522e-09
1.42675e-10
6.248e-09
1.37578e-10
6.14902e-09
1.30378e-10
6.05451e-09
1.24379e-10
5.96442e-09
1.184e-10
5.87817e-09
1.13075e-10
5.79425e-09
1.10565e-10
5.71371e-09
1.06403e-10
5.63705e-09
1.01086e-10
5.56407e-09
9.58724e-11
5.49349e-09
9.28442e-11
5.42584e-09
8.8953e-11
5.36128e-09
8.45506e-11
5.29813e-09
8.31284e-11
5.2375e-09
7.9966e-11
5.17949e-09
7.64135e-11
5.12385e-09
7.32796e-11
5.07084e-09
6.9519e-11
5.01927e-09
6.7842e-11
4.96985e-09
6.4996e-11
4.92179e-09
6.35505e-11
4.87651e-09
5.97055e-11
4.83345e-09
5.64271e-11
4.79156e-09
5.52005e-11
4.7514e-09
5.3071e-11
4.71364e-09
4.95755e-11
4.67682e-09
4.87143e-11
4.64237e-09
4.5434e-11
4.60939e-09
4.34039e-11
4.57763e-09
4.20642e-11
4.54733e-09
4.03171e-11
4.51958e-09
3.64224e-11
4.49188e-09
3.69749e-11
4.46648e-09
3.38038e-11
4.44241e-09
3.18802e-11
4.41978e-09
2.98741e-11
4.39607e-09
3.25668e-11
4.37747e-09
2.42363e-11
4.35551e-09
3.05421e-11
4.34215e-09
1.5805e-11
3.26605e-11
2.84458e-08
4.62371e-09
-2.79285e-08
2.9181e-08
5.87211e-09
2.85007e-08
6.58457e-09
2.77382e-08
5.58482e-09
2.66431e-08
4.8272e-09
2.55294e-08
3.80185e-09
2.43446e-08
3.25529e-09
2.32141e-08
2.72723e-09
2.21629e-08
2.29661e-09
2.11731e-08
2.04406e-09
2.0271e-08
1.80548e-09
1.94782e-08
1.54339e-09
1.8766e-08
1.36318e-09
1.81041e-08
1.25576e-09
1.74875e-08
1.15539e-09
1.69164e-08
1.05945e-09
1.63901e-08
9.71455e-10
1.59066e-08
8.87831e-10
1.54607e-08
8.13392e-10
1.50448e-08
7.55667e-10
1.46555e-08
7.05713e-10
1.42921e-08
6.55663e-10
1.39499e-08
6.1623e-10
1.36256e-08
5.84172e-10
1.33185e-08
5.52858e-10
1.30297e-08
5.17949e-10
1.27583e-08
4.84806e-10
1.2501e-08
4.58325e-10
1.22562e-08
4.35575e-10
1.20218e-08
4.17538e-10
1.1798e-08
3.98588e-10
1.15863e-08
3.75965e-10
1.13845e-08
3.57255e-10
1.11914e-08
3.41905e-10
1.10064e-08
3.27692e-10
1.08285e-08
3.15436e-10
1.06589e-08
3.00013e-10
1.04965e-08
2.86752e-10
1.03412e-08
2.7366e-10
1.01922e-08
2.62065e-10
1.00479e-08
2.549e-10
9.90939e-09
2.4492e-10
9.77694e-09
2.33536e-10
9.65025e-09
2.22567e-10
9.52784e-09
2.15251e-10
9.41029e-09
2.06503e-10
9.29765e-09
1.97189e-10
9.18811e-09
1.92676e-10
9.08289e-09
1.85187e-10
8.98193e-09
1.77372e-10
8.88492e-09
1.70286e-10
8.7921e-09
1.62341e-10
8.70213e-09
1.5781e-10
8.61579e-09
1.51333e-10
8.53222e-09
1.4712e-10
8.45294e-09
1.38987e-10
8.3772e-09
1.32165e-10
8.30395e-09
1.28453e-10
8.23379e-09
1.23233e-10
8.16733e-09
1.16037e-10
8.1031e-09
1.12942e-10
8.04256e-09
1.05975e-10
7.98466e-09
1.01299e-10
7.92924e-09
9.74915e-11
7.87648e-09
9.30701e-11
7.82748e-09
8.5427e-11
7.77966e-09
8.47926e-11
7.73529e-09
7.81776e-11
7.69343e-09
7.37354e-11
7.65392e-09
6.93894e-11
7.61464e-09
7.18453e-11
7.58109e-09
5.77823e-11
7.54599e-09
6.56464e-11
7.51837e-09
4.34228e-11
6.57437e-11
2.92105e-08
4.32232e-09
-2.89091e-08
2.97792e-08
5.30347e-09
3.0054e-08
6.30974e-09
3.01994e-08
5.4394e-09
2.99808e-08
5.04584e-09
2.9613e-08
4.16966e-09
2.90535e-08
3.81472e-09
2.84531e-08
3.32769e-09
2.7797e-08
2.95268e-09
2.7087e-08
2.75404e-09
2.63648e-08
2.52771e-09
2.56803e-08
2.2279e-09
2.5035e-08
2.00844e-09
2.44089e-08
1.88185e-09
2.37939e-08
1.77043e-09
2.31921e-08
1.6612e-09
2.26136e-08
1.55001e-09
2.20664e-08
1.43504e-09
2.15506e-08
1.3291e-09
2.10595e-08
1.24681e-09
2.05901e-08
1.17512e-09
2.01446e-08
1.10112e-09
1.97204e-08
1.04044e-09
1.9314e-08
9.90576e-10
1.89235e-08
9.43351e-10
1.85511e-08
8.90386e-10
1.81976e-08
8.38307e-10
1.78606e-08
7.95318e-10
1.75379e-08
7.58308e-10
1.72262e-08
7.29184e-10
1.69263e-08
6.9846e-10
1.66406e-08
6.61723e-10
1.63672e-08
6.30671e-10
1.61044e-08
6.04714e-10
1.58513e-08
5.80716e-10
1.56071e-08
5.59652e-10
1.53732e-08
5.339e-10
1.51485e-08
5.11456e-10
1.49328e-08
4.89419e-10
1.47249e-08
4.69915e-10
1.45232e-08
4.56621e-10
1.43291e-08
4.3901e-10
1.41428e-08
4.19843e-10
1.3964e-08
4.01368e-10
1.37909e-08
3.88314e-10
1.36242e-08
3.7321e-10
1.3464e-08
3.57472e-10
1.33081e-08
3.48542e-10
1.31581e-08
3.35151e-10
1.30138e-08
3.21685e-10
1.28748e-08
3.09272e-10
1.27415e-08
2.95711e-10
1.26121e-08
2.87118e-10
1.24878e-08
2.75691e-10
1.23674e-08
2.67538e-10
1.22527e-08
2.53709e-10
1.21428e-08
2.42042e-10
1.20365e-08
2.34709e-10
1.19346e-08
2.25129e-10
1.18377e-08
2.12999e-10
1.17441e-08
2.06492e-10
1.16556e-08
1.94527e-10
1.15708e-08
1.86055e-10
1.14897e-08
1.78628e-10
1.14124e-08
1.70313e-10
1.13401e-08
1.577e-10
1.12701e-08
1.54792e-10
1.12048e-08
1.43572e-10
1.11432e-08
1.35338e-10
1.10848e-08
1.27734e-10
1.1028e-08
1.28622e-10
1.09775e-08
1.08297e-10
1.09277e-08
1.15485e-10
1.08835e-08
8.76236e-11
1.11097e-10
3.01475e-08
4.09454e-09
-2.99198e-08
3.05771e-08
4.87389e-09
3.10288e-08
5.85805e-09
3.12719e-08
5.19632e-09
3.12753e-08
5.04242e-09
3.1367e-08
4.07796e-09
3.12269e-08
3.9548e-09
3.10618e-08
3.49282e-09
3.08111e-08
3.20337e-09
3.0478e-08
3.08712e-09
3.0079e-08
2.92674e-09
2.96623e-08
2.64459e-09
2.92511e-08
2.41969e-09
2.88388e-08
2.29408e-09
2.84112e-08
2.19803e-09
2.79601e-08
2.11232e-09
2.74933e-08
2.01686e-09
2.70268e-08
1.90147e-09
2.65729e-08
1.78307e-09
2.61293e-08
1.69037e-09
2.56922e-08
1.61218e-09
2.52647e-08
1.52861e-09
2.48484e-08
1.45677e-09
2.44425e-08
1.39645e-09
2.40439e-08
1.34197e-09
2.3654e-08
1.28034e-09
2.32761e-08
1.21618e-09
2.29118e-08
1.15958e-09
2.25601e-08
1.11005e-09
2.22155e-08
1.07373e-09
2.18784e-08
1.03558e-09
2.15529e-08
9.87253e-10
2.12388e-08
9.4472e-10
2.09349e-08
9.08691e-10
2.06395e-08
8.76126e-10
2.03516e-08
8.47489e-10
2.00741e-08
8.11418e-10
1.9806e-08
7.79506e-10
1.95472e-08
7.48281e-10
1.92961e-08
7.21019e-10
1.90506e-08
7.02072e-10
1.8813e-08
6.76604e-10
1.85838e-08
6.49034e-10
1.83632e-08
6.22017e-10
1.81489e-08
6.02654e-10
1.79413e-08
5.80734e-10
1.77407e-08
5.5813e-10
1.75448e-08
5.44395e-10
1.73558e-08
5.24179e-10
1.71732e-08
5.04269e-10
1.69968e-08
4.85658e-10
1.6827e-08
4.65528e-10
1.66619e-08
4.52231e-10
1.65025e-08
4.35072e-10
1.63477e-08
4.22342e-10
1.61996e-08
4.01777e-10
1.60575e-08
3.84219e-10
1.59196e-08
3.72585e-10
1.5787e-08
3.57763e-10
1.56602e-08
3.39774e-10
1.55377e-08
3.29e-10
1.54212e-08
3.10961e-10
1.53095e-08
2.97769e-10
1.52023e-08
2.85898e-10
1.50999e-08
2.72637e-10
1.50036e-08
2.53992e-10
1.49105e-08
2.47954e-10
1.48229e-08
2.31172e-10
1.47403e-08
2.17915e-10
1.46616e-08
2.06442e-10
1.45858e-08
2.04407e-10
1.45164e-08
1.77729e-10
1.44503e-08
1.81518e-10
1.43873e-08
1.50629e-10
1.70484e-10
3.11323e-08
3.89945e-09
-3.09372e-08
3.1446e-08
4.56012e-09
3.19481e-08
5.35594e-09
3.20069e-08
5.13761e-09
3.22999e-08
4.74936e-09
3.24001e-08
3.97783e-09
3.23447e-08
4.0102e-09
3.23966e-08
3.44092e-09
3.23646e-08
3.23528e-09
3.22682e-08
3.18354e-09
3.21026e-08
3.09236e-09
3.19065e-08
2.84067e-09
3.17105e-08
2.61577e-09
3.15189e-08
2.48565e-09
3.13128e-08
2.40411e-09
3.1072e-08
2.35307e-09
3.07919e-08
2.29699e-09
3.04845e-08
2.20891e-09
3.01702e-08
2.0973e-09
2.98556e-08
2.00507e-09
2.95364e-08
1.93134e-09
2.92122e-08
1.85281e-09
2.88856e-08
1.78334e-09
2.85597e-08
1.72242e-09
2.82314e-08
1.67022e-09
2.78996e-08
1.61221e-09
2.75665e-08
1.54921e-09
2.72385e-08
1.48761e-09
2.69187e-08
1.42985e-09
2.66002e-08
1.39221e-09
2.62812e-08
1.3546e-09
2.59661e-08
1.3023e-09
2.56575e-08
1.2534e-09
2.53556e-08
1.21059e-09
2.50582e-08
1.17346e-09
2.47639e-08
1.14186e-09
2.44766e-08
1.09864e-09
2.4197e-08
1.05916e-09
2.39252e-08
1.02001e-09
2.36593e-08
9.86945e-10
2.3396e-08
9.65361e-10
2.31381e-08
9.34579e-10
2.2887e-08
9.00133e-10
2.26443e-08
8.6463e-10
2.24078e-08
8.39194e-10
2.21774e-08
8.11114e-10
2.19527e-08
7.82887e-10
2.17313e-08
7.65714e-10
2.15164e-08
7.39094e-10
2.13077e-08
7.12996e-10
2.11053e-08
6.88061e-10
2.09097e-08
6.61103e-10
2.07187e-08
6.43276e-10
2.05332e-08
6.20551e-10
2.0352e-08
6.03585e-10
2.01778e-08
5.75987e-10
2.001e-08
5.51942e-10
1.98467e-08
5.35944e-10
1.96887e-08
5.15746e-10
1.95368e-08
4.91651e-10
1.93895e-08
4.76317e-10
1.92488e-08
4.51606e-10
1.91134e-08
4.3319e-10
1.89827e-08
4.16642e-10
1.88575e-08
3.97818e-10
1.87391e-08
3.72437e-10
1.86242e-08
3.62774e-10
1.85155e-08
3.39952e-10
1.84127e-08
3.20644e-10
1.83139e-08
3.05275e-10
1.82192e-08
2.99061e-10
1.81303e-08
2.66655e-10
1.80478e-08
2.64062e-10
1.7965e-08
2.3336e-10
2.44921e-10
3.21376e-08
3.72204e-09
-3.19602e-08
3.23854e-08
4.31227e-09
3.28386e-08
4.90273e-09
3.29311e-08
5.04512e-09
3.32399e-08
4.44063e-09
3.31669e-08
4.05077e-09
3.30786e-08
4.0985e-09
3.33508e-08
3.16873e-09
3.34109e-08
3.17513e-09
3.34024e-08
3.19213e-09
3.33476e-08
3.14714e-09
3.32633e-08
2.92499e-09
3.31835e-08
2.69555e-09
3.31229e-08
2.54621e-09
3.30619e-08
2.46517e-09
3.2977e-08
2.43797e-09
3.2854e-08
2.41993e-09
3.26945e-08
2.36842e-09
3.25183e-08
2.27358e-09
3.23374e-08
2.18589e-09
3.21509e-08
2.11791e-09
3.19542e-08
2.04948e-09
3.17481e-08
1.98946e-09
3.15367e-08
1.93379e-09
3.13185e-08
1.88845e-09
3.10895e-08
1.84115e-09
3.08478e-08
1.79094e-09
3.06014e-08
1.734e-09
3.03586e-08
1.67264e-09
3.01127e-08
1.63816e-09
2.98596e-08
1.60765e-09
2.96019e-08
1.56002e-09
2.93432e-08
1.51205e-09
2.90867e-08
1.46717e-09
2.88296e-08
1.43053e-09
2.85692e-08
1.40228e-09
2.83102e-08
1.35764e-09
2.80547e-08
1.31465e-09
2.78051e-08
1.26959e-09
2.7559e-08
1.23302e-09
2.73114e-08
1.21304e-09
2.70638e-08
1.18214e-09
2.68186e-08
1.14537e-09
2.65799e-08
1.10325e-09
2.63466e-08
1.07254e-09
2.61186e-08
1.03911e-09
2.58939e-08
1.0076e-09
2.56693e-08
9.90264e-10
2.54487e-08
9.59709e-10
2.52323e-08
9.29394e-10
2.50214e-08
8.99013e-10
2.48168e-08
8.65635e-10
2.46161e-08
8.44056e-10
2.44197e-08
8.16928e-10
2.42259e-08
7.97405e-10
2.40381e-08
7.63705e-10
2.38569e-08
7.3322e-10
2.36795e-08
7.133e-10
2.35068e-08
6.88443e-10
2.33394e-08
6.59033e-10
2.3176e-08
6.39708e-10
2.30192e-08
6.08439e-10
2.28676e-08
5.84822e-10
2.27201e-08
5.64099e-10
2.25781e-08
5.39833e-10
2.24429e-08
5.07623e-10
2.23114e-08
4.94279e-10
2.21858e-08
4.65578e-10
2.20669e-08
4.39551e-10
2.19511e-08
4.21013e-10
2.18405e-08
4.09706e-10
2.17341e-08
3.73031e-10
2.16369e-08
3.6129e-10
2.15361e-08
3.34179e-10
3.33615e-10
3.31647e-08
3.55622e-09
-3.29989e-08
3.3377e-08
4.09992e-09
3.37194e-08
4.56037e-09
3.3933e-08
4.83155e-09
3.41372e-08
4.23642e-09
3.4177e-08
4.01092e-09
3.43004e-08
3.97508e-09
3.42967e-08
3.17248e-09
3.43707e-08
3.10111e-09
3.43844e-08
3.17843e-09
3.43608e-08
3.17071e-09
3.43219e-08
2.96394e-09
3.42841e-08
2.73337e-09
3.42719e-08
2.55836e-09
3.42706e-08
2.46644e-09
3.42606e-08
2.44796e-09
3.42248e-08
2.45575e-09
3.41586e-08
2.43461e-09
3.40751e-08
2.35713e-09
3.39858e-08
2.27522e-09
3.38943e-08
2.20933e-09
3.37956e-08
2.14822e-09
3.36898e-08
2.09527e-09
3.35792e-08
2.04442e-09
3.34628e-08
2.00481e-09
3.33355e-08
1.96847e-09
3.31901e-08
1.93634e-09
3.30349e-08
1.88924e-09
3.28814e-08
1.82613e-09
3.2723e-08
1.79648e-09
3.25553e-08
1.77541e-09
3.23775e-08
1.73779e-09
3.21932e-08
1.69633e-09
3.20078e-08
1.65259e-09
3.18183e-08
1.62009e-09
3.16201e-08
1.60046e-09
3.14173e-08
1.56048e-09
3.12128e-08
1.51906e-09
3.10124e-08
1.47007e-09
3.08144e-08
1.43097e-09
3.0612e-08
1.41546e-09
3.04042e-08
1.38996e-09
3.01921e-08
1.3575e-09
2.99825e-08
1.31283e-09
2.97764e-08
1.27857e-09
2.95757e-08
1.23981e-09
2.93766e-08
1.20673e-09
2.9174e-08
1.19291e-09
2.89712e-08
1.16245e-09
2.87687e-08
1.13194e-09
2.85693e-08
1.0984e-09
2.83752e-08
1.05977e-09
2.8184e-08
1.03525e-09
2.79957e-08
1.00517e-09
2.78073e-08
9.85795e-10
2.76226e-08
9.48436e-10
2.74433e-08
9.12543e-10
2.72672e-08
8.89417e-10
2.70945e-08
8.61062e-10
2.69255e-08
8.28079e-10
2.67588e-08
8.06377e-10
2.65976e-08
7.6962e-10
2.64411e-08
7.4138e-10
2.62876e-08
7.17614e-10
2.61386e-08
6.88849e-10
2.59956e-08
6.50557e-10
2.58559e-08
6.34019e-10
2.57212e-08
6.00263e-10
2.55935e-08
5.67266e-10
2.54675e-08
5.46957e-10
2.5347e-08
5.30253e-10
2.52285e-08
4.91484e-10
2.51211e-08
4.68701e-10
2.50072e-08
4.48128e-10
4.33242e-10
3.42036e-08
3.41391e-09
-3.40613e-08
3.43943e-08
3.90929e-09
3.46606e-08
4.29402e-09
3.49401e-08
4.55204e-09
3.506e-08
4.11654e-09
3.51929e-08
3.87801e-09
3.52847e-08
3.88332e-09
3.52761e-08
3.18106e-09
3.53418e-08
3.03542e-09
3.53615e-08
3.15878e-09
3.53523e-08
3.17987e-09
3.5332e-08
2.98422e-09
3.53077e-08
2.75763e-09
3.53028e-08
2.56331e-09
3.53149e-08
2.45434e-09
3.53261e-08
2.43673e-09
3.53231e-08
2.45874e-09
3.53013e-08
2.45646e-09
3.52662e-08
2.39226e-09
3.52217e-08
2.31971e-09
3.51783e-08
2.25265e-09
3.51325e-08
2.19407e-09
3.50872e-08
2.14055e-09
3.50411e-08
2.09053e-09
3.49926e-08
2.05329e-09
3.49361e-08
2.02501e-09
3.48612e-08
2.01124e-09
3.47772e-08
1.97325e-09
3.46973e-08
1.90595e-09
3.46131e-08
1.88068e-09
3.45204e-08
1.86819e-09
3.44164e-08
1.84179e-09
3.43039e-08
1.80878e-09
3.41906e-08
1.76588e-09
3.40727e-08
1.73797e-09
3.39439e-08
1.72925e-09
3.38061e-08
1.69836e-09
3.3662e-08
1.66313e-09
3.35205e-08
1.61151e-09
3.33826e-08
1.56895e-09
3.32403e-08
1.55772e-09
3.30895e-08
1.54077e-09
3.29283e-08
1.51868e-09
3.27645e-08
1.4766e-09
3.26014e-08
1.44173e-09
3.24443e-08
1.3969e-09
3.22887e-08
1.36229e-09
3.21276e-08
1.35398e-09
3.19629e-08
1.32724e-09
3.17933e-08
1.3015e-09
3.16233e-08
1.26836e-09
3.14564e-08
1.22672e-09
3.12917e-08
1.1999e-09
3.11292e-08
1.16768e-09
3.0964e-08
1.15097e-09
3.07991e-08
1.11335e-09
3.06374e-08
1.07425e-09
3.04779e-08
1.0489e-09
3.03209e-08
1.01809e-09
3.01655e-08
9.83517e-10
3.00101e-08
9.61714e-10
2.98582e-08
9.21518e-10
2.97098e-08
8.89829e-10
2.95629e-08
8.64519e-10
2.9419e-08
8.32751e-10
2.92797e-08
7.89891e-10
2.91424e-08
7.71258e-10
2.90088e-08
7.33864e-10
2.8882e-08
6.94103e-10
2.87552e-08
6.73713e-10
2.86335e-08
6.52015e-10
2.85113e-08
6.13633e-10
2.84006e-08
5.79419e-10
2.82815e-08
5.67208e-10
5.37999e-10
3.52535e-08
3.3118e-09
-3.51514e-08
3.54484e-08
3.71438e-09
3.56619e-08
4.08056e-09
3.59495e-08
4.26442e-09
3.60551e-08
4.01094e-09
3.61944e-08
3.73877e-09
3.62762e-08
3.80147e-09
3.62951e-08
3.16212e-09
3.63427e-08
2.98785e-09
3.63565e-08
3.14496e-09
3.63659e-08
3.17048e-09
3.63552e-08
2.99496e-09
3.63375e-08
2.77537e-09
3.6334e-08
2.56673e-09
3.63489e-08
2.43945e-09
3.6359e-08
2.42669e-09
3.63605e-08
2.45719e-09
3.63554e-08
2.46155e-09
3.6342e-08
2.40568e-09
3.63165e-08
2.34524e-09
3.62878e-08
2.28129e-09
3.6263e-08
2.21893e-09
3.6247e-08
2.1565e-09
3.62322e-08
2.10533e-09
3.62174e-08
2.06811e-09
3.61968e-08
2.04558e-09
3.61598e-08
2.04828e-09
3.61185e-08
2.01452e-09
3.6086e-08
1.93845e-09
3.60502e-08
1.91655e-09
3.60069e-08
1.9115e-09
3.59534e-08
1.89523e-09
3.58928e-08
1.8694e-09
3.58346e-08
1.82406e-09
3.57743e-08
1.79835e-09
3.57037e-08
1.79981e-09
3.56218e-08
1.78023e-09
3.55305e-08
1.75447e-09
3.54414e-08
1.7006e-09
3.5358e-08
1.6523e-09
3.52734e-08
1.6424e-09
3.51801e-08
1.634e-09
3.50732e-08
1.62561e-09
3.49595e-08
1.59031e-09
3.48428e-08
1.55839e-09
3.47333e-08
1.50643e-09
3.46266e-08
1.46898e-09
3.45149e-08
1.46573e-09
3.43978e-08
1.44426e-09
3.42722e-08
1.42716e-09
3.41426e-08
1.39797e-09
3.40128e-08
1.35648e-09
3.38847e-08
1.32797e-09
3.37588e-08
1.29361e-09
3.3629e-08
1.2808e-09
3.34964e-08
1.24595e-09
3.33642e-08
1.20646e-09
3.3233e-08
1.18009e-09
3.31035e-08
1.14753e-09
3.29742e-08
1.11288e-09
3.28429e-08
1.09304e-09
3.27125e-08
1.05189e-09
3.25839e-08
1.01838e-09
3.24553e-08
9.93139e-10
3.23281e-08
9.60018e-10
3.22035e-08
9.14411e-10
3.20796e-08
8.95205e-10
3.19575e-08
8.55964e-10
3.18414e-08
8.10194e-10
3.17239e-08
7.91227e-10
3.16103e-08
7.65555e-10
3.14943e-08
7.29651e-10
3.13883e-08
6.85402e-10
3.12737e-08
6.81813e-10
6.4056e-10
3.63415e-08
3.23209e-09
-3.62618e-08
3.65323e-08
3.52361e-09
3.67121e-08
3.90072e-09
3.6959e-08
4.01757e-09
3.71265e-08
3.8434e-09
3.72291e-08
3.63622e-09
3.72614e-08
3.76913e-09
3.73413e-08
3.08227e-09
3.73747e-08
2.95442e-09
3.73898e-08
3.12984e-09
3.73989e-08
3.16143e-09
3.73982e-08
2.99559e-09
3.73887e-08
2.78489e-09
3.7391e-08
2.56448e-09
3.74041e-08
2.42633e-09
3.74092e-08
2.42162e-09
3.7411e-08
2.45538e-09
3.74133e-08
2.45921e-09
3.7407e-08
2.41194e-09
3.73879e-08
2.36433e-09
3.73613e-08
2.30791e-09
3.73457e-08
2.23456e-09
3.73399e-08
2.16233e-09
3.73375e-08
2.10771e-09
3.73347e-08
2.07091e-09
3.73271e-08
2.05317e-09
3.73045e-08
2.07091e-09
3.72863e-08
2.03267e-09
3.72778e-08
1.94691e-09
3.72654e-08
1.92896e-09
3.72472e-08
1.92974e-09
3.72201e-08
1.92228e-09
3.71889e-08
1.90064e-09
3.71642e-08
1.84871e-09
3.71403e-08
1.82231e-09
3.71085e-08
1.83156e-09
3.70652e-08
1.82357e-09
3.70105e-08
1.80917e-09
3.69582e-08
1.75291e-09
3.69142e-08
1.69635e-09
3.68729e-08
1.6836e-09
3.68251e-08
1.68182e-09
3.67633e-08
1.68746e-09
3.66927e-08
1.66089e-09
3.6616e-08
1.63508e-09
3.65477e-08
1.57478e-09
3.64836e-08
1.53308e-09
3.64167e-08
1.53258e-09
3.63452e-08
1.51579e-09
3.62634e-08
1.50894e-09
3.61757e-08
1.48562e-09
3.60847e-08
1.4475e-09
3.59948e-08
1.41789e-09
3.59073e-08
1.38108e-09
3.58162e-08
1.37196e-09
3.57206e-08
1.34151e-09
3.5623e-08
1.30407e-09
3.55254e-08
1.27773e-09
3.54291e-08
1.24377e-09
3.53322e-08
1.20982e-09
3.52321e-08
1.19315e-09
3.51308e-08
1.15311e-09
3.50298e-08
1.11941e-09
3.49273e-08
1.09564e-09
3.48247e-08
1.06268e-09
3.47231e-08
1.01594e-09
3.46206e-08
9.97695e-10
3.45183e-08
9.58266e-10
3.44207e-08
9.07822e-10
3.43207e-08
8.91245e-10
3.42231e-08
8.63105e-10
3.41221e-08
8.30713e-10
3.40282e-08
7.79321e-10
3.3927e-08
7.8296e-10
7.33689e-10
3.74655e-08
3.15152e-09
-3.73849e-08
3.76293e-08
3.35977e-09
3.78234e-08
3.70659e-09
3.79851e-08
3.85594e-09
3.8237e-08
3.59143e-09
3.8226e-08
3.64727e-09
3.83909e-08
3.6042e-09
3.84189e-08
3.05431e-09
3.84398e-08
2.93351e-09
3.84638e-08
3.10583e-09
3.84782e-08
3.14703e-09
3.84718e-08
3.00199e-09
3.84664e-08
2.79026e-09
3.84756e-08
2.55531e-09
3.84847e-08
2.41719e-09
3.84864e-08
2.41996e-09
3.84908e-08
2.45098e-09
3.84983e-08
2.45174e-09
3.84947e-08
2.41553e-09
3.84767e-08
2.38235e-09
3.84535e-08
2.33105e-09
3.84411e-08
2.24702e-09
3.84336e-08
2.16979e-09
3.84362e-08
2.10512e-09
3.84368e-08
2.0703e-09
3.84322e-08
2.05778e-09
3.84169e-08
2.08618e-09
3.84066e-08
2.04296e-09
3.84084e-08
1.94514e-09
3.84035e-08
1.93386e-09
3.83967e-08
1.93654e-09
3.838e-08
1.93896e-09
3.83622e-08
1.91849e-09
3.83544e-08
1.85652e-09
3.83475e-08
1.82919e-09
3.83363e-08
1.84277e-09
3.83142e-08
1.84559e-09
3.82812e-08
1.84224e-09
3.82505e-08
1.78357e-09
3.82293e-08
1.71753e-09
3.82146e-08
1.69829e-09
3.81953e-08
1.70115e-09
3.81637e-08
1.71904e-09
3.81236e-08
1.701e-09
3.80753e-08
1.68335e-09
3.80372e-08
1.61297e-09
3.80033e-08
1.56689e-09
3.79695e-08
1.56641e-09
3.79328e-08
1.55251e-09
3.78863e-08
1.55545e-09
3.78342e-08
1.53772e-09
3.77765e-08
1.50522e-09
3.77195e-08
1.47487e-09
3.76649e-08
1.43564e-09
3.76077e-08
1.42917e-09
3.75459e-08
1.40334e-09
3.74807e-08
1.36925e-09
3.74152e-08
1.34324e-09
3.73511e-08
1.30784e-09
3.72861e-08
1.27485e-09
3.72175e-08
1.2617e-09
3.71467e-08
1.22393e-09
3.70751e-08
1.19107e-09
3.70012e-08
1.16953e-09
3.69259e-08
1.13791e-09
3.68507e-08
1.09122e-09
3.67732e-08
1.07516e-09
3.6695e-08
1.03648e-09
3.66197e-08
9.83079e-10
3.65419e-08
9.6911e-10
3.64646e-08
9.40371e-10
3.6384e-08
9.11283e-10
3.63069e-08
8.5643e-10
3.62254e-08
8.645e-10
8.11931e-10
3.86222e-08
3.06767e-09
-3.85384e-08
3.87692e-08
3.2128e-09
3.89621e-08
3.51369e-09
3.90777e-08
3.74033e-09
3.93283e-08
3.34085e-09
3.93263e-08
3.64919e-09
3.94905e-08
3.44006e-09
3.95246e-08
3.02016e-09
3.95367e-08
2.92144e-09
3.95625e-08
3.08005e-09
3.95927e-08
3.11679e-09
3.95748e-08
3.01992e-09
3.95741e-08
2.79099e-09
3.95899e-08
2.53945e-09
3.95938e-08
2.41332e-09
3.95963e-08
2.41743e-09
3.96062e-08
2.44108e-09
3.96156e-08
2.44231e-09
3.96109e-08
2.42024e-09
3.95928e-08
2.40049e-09
3.95703e-08
2.35351e-09
3.95619e-08
2.25545e-09
3.95535e-08
2.17822e-09
3.95608e-08
2.09781e-09
3.95618e-08
2.06928e-09
3.95536e-08
2.06599e-09
3.95451e-08
2.09468e-09
3.95379e-08
2.05014e-09
3.95384e-08
1.94468e-09
3.95339e-08
1.93835e-09
3.95281e-08
1.94236e-09
3.95179e-08
1.94917e-09
3.9507e-08
1.92938e-09
3.95044e-08
1.85912e-09
3.95044e-08
1.82919e-09
3.95006e-08
1.84651e-09
3.94882e-08
1.85806e-09
3.94679e-08
1.86245e-09
3.94498e-08
1.80173e-09
3.94389e-08
1.72837e-09
3.94368e-08
1.70048e-09
3.94309e-08
1.70702e-09
3.94159e-08
1.73404e-09
3.9394e-08
1.72284e-09
3.93629e-08
1.71453e-09
3.93444e-08
1.63146e-09
3.93284e-08
1.58283e-09
3.93143e-08
1.58055e-09
3.9299e-08
1.56778e-09
3.92761e-08
1.57836e-09
3.92491e-08
1.56471e-09
3.92158e-08
1.53856e-09
3.91835e-08
1.50719e-09
3.91524e-08
1.46672e-09
3.912e-08
1.4616e-09
3.90834e-08
1.43991e-09
3.90435e-08
1.40918e-09
3.9004e-08
1.38271e-09
3.89663e-08
1.34551e-09
3.89277e-08
1.3135e-09
3.88856e-08
1.3038e-09
3.88409e-08
1.26856e-09
3.87952e-08
1.23685e-09
3.87473e-08
1.21737e-09
3.86974e-08
1.1878e-09
3.86468e-08
1.14188e-09
3.85931e-08
1.12887e-09
3.85387e-08
1.09084e-09
3.84855e-08
1.03628e-09
3.84303e-08
1.0243e-09
3.83737e-08
9.96981e-10
3.83149e-08
9.70111e-10
3.82557e-08
9.15543e-10
3.81958e-08
9.24423e-10
8.7274e-10
3.98136e-08
2.97187e-09
-3.97178e-08
3.99543e-08
3.07209e-09
4.01247e-08
3.3433e-09
4.02359e-08
3.62915e-09
4.04175e-08
3.15917e-09
4.04879e-08
3.57887e-09
4.06016e-08
3.32635e-09
4.0647e-08
2.97471e-09
4.06759e-08
2.89255e-09
4.06988e-08
3.05721e-09
4.07178e-08
3.09778e-09
4.07122e-08
3.0255e-09
4.07225e-08
2.78064e-09
4.07375e-08
2.52452e-09
4.07356e-08
2.41521e-09
4.07412e-08
2.41176e-09
4.07563e-08
2.426e-09
4.07635e-08
2.4351e-09
4.0758e-08
2.42574e-09
4.07379e-08
2.42059e-09
4.07188e-08
2.37265e-09
4.07129e-08
2.26134e-09
4.07067e-08
2.18445e-09
4.0716e-08
2.0885e-09
4.07166e-08
2.06861e-09
4.07047e-08
2.07795e-09
4.07017e-08
2.09763e-09
4.0699e-08
2.05288e-09
4.06927e-08
1.95097e-09
4.06871e-08
1.94393e-09
4.06806e-08
1.94885e-09
4.06759e-08
1.95388e-09
4.0667e-08
1.93832e-09
4.06617e-08
1.86443e-09
4.06636e-08
1.82728e-09
4.06614e-08
1.84872e-09
4.06527e-08
1.86674e-09
4.06401e-08
1.87501e-09
4.06294e-08
1.81248e-09
4.06219e-08
1.73583e-09
4.06241e-08
1.6983e-09
4.06222e-08
1.7089e-09
4.06147e-08
1.74153e-09
4.06023e-08
1.73529e-09
4.0581e-08
1.73577e-09
4.05747e-08
1.63777e-09
4.05666e-08
1.59093e-09
4.05621e-08
1.58505e-09
4.05566e-08
1.57327e-09
4.05472e-08
1.58774e-09
4.05354e-08
1.57657e-09
4.05173e-08
1.55663e-09
4.05017e-08
1.52282e-09
4.04843e-08
1.48406e-09
4.04671e-08
1.47883e-09
4.04463e-08
1.46073e-09
4.04231e-08
1.4324e-09
4.04019e-08
1.40385e-09
4.03829e-08
1.36449e-09
4.03629e-08
1.33358e-09
4.03396e-08
1.32706e-09
4.03141e-08
1.29407e-09
4.02877e-08
1.26329e-09
4.02601e-08
1.2449e-09
4.02303e-08
1.21768e-09
4.01992e-08
1.17296e-09
4.01646e-08
1.16349e-09
4.01303e-08
1.12505e-09
4.00956e-08
1.07105e-09
4.00602e-08
1.05965e-09
4.00215e-08
1.03567e-09
3.9982e-08
1.00965e-09
3.99388e-08
9.58693e-10
3.98986e-08
9.64694e-10
9.1662e-10
4.104e-08
2.86115e-09
-4.09293e-08
4.11718e-08
2.94031e-09
4.13129e-08
3.2022e-09
4.14368e-08
3.50528e-09
4.15361e-08
3.05984e-09
4.16857e-08
3.42926e-09
4.1709e-08
3.30306e-09
4.17782e-08
2.90553e-09
4.18407e-08
2.83005e-09
4.18778e-08
3.02006e-09
4.18812e-08
3.09446e-09
4.18925e-08
3.01412e-09
4.19087e-08
2.76446e-09
4.19121e-08
2.52118e-09
4.19099e-08
2.41735e-09
4.19211e-08
2.40061e-09
4.19382e-08
2.4089e-09
4.19435e-08
2.42976e-09
4.19362e-08
2.43303e-09
4.19159e-08
2.44091e-09
4.19027e-08
2.38585e-09
4.18952e-08
2.26888e-09
4.18947e-08
2.18498e-09
4.18995e-08
2.08367e-09
4.19033e-08
2.06476e-09
4.18883e-08
2.09298e-09
4.18884e-08
2.09758e-09
4.18885e-08
2.05274e-09
4.18789e-08
1.96054e-09
4.18717e-08
1.95112e-09
4.1866e-08
1.95462e-09
4.18617e-08
1.95815e-09
4.18544e-08
1.9456e-09
4.18471e-08
1.87171e-09
4.1848e-08
1.82643e-09
4.18448e-08
1.8519e-09
4.18382e-08
1.8734e-09
4.18309e-08
1.88222e-09
4.18242e-08
1.81922e-09
4.1816e-08
1.74402e-09
4.18188e-08
1.69556e-09
4.18169e-08
1.7108e-09
4.18127e-08
1.74567e-09
4.18023e-08
1.74568e-09
4.17914e-08
1.74668e-09
4.17904e-08
1.63884e-09
4.17836e-08
1.59774e-09
4.1783e-08
1.58562e-09
4.17804e-08
1.57589e-09
4.17775e-08
1.59057e-09
4.17734e-08
1.58066e-09
4.17645e-08
1.5656e-09
4.17585e-08
1.52877e-09
4.17473e-08
1.4953e-09
4.17379e-08
1.48824e-09
4.17251e-08
1.47353e-09
4.17119e-08
1.44562e-09
4.17022e-08
1.41346e-09
4.16947e-08
1.37206e-09
4.16855e-08
1.34272e-09
4.16737e-08
1.33888e-09
4.16604e-08
1.30734e-09
4.16464e-08
1.27735e-09
4.16325e-08
1.25872e-09
4.16163e-08
1.23388e-09
4.15986e-08
1.19074e-09
4.15771e-08
1.18494e-09
4.1558e-08
1.14421e-09
4.15365e-08
1.09255e-09
4.15163e-08
1.07984e-09
4.14911e-08
1.06081e-09
4.14663e-08
1.03447e-09
4.14352e-08
9.89788e-10
4.141e-08
9.8986e-10
9.46334e-10
4.22961e-08
2.74409e-09
-4.21791e-08
4.24057e-08
2.83077e-09
4.25291e-08
3.07875e-09
4.2656e-08
3.37843e-09
4.27171e-08
2.99872e-09
4.28879e-08
3.25843e-09
4.2894e-08
3.297e-09
4.30025e-08
2.79704e-09
4.30013e-08
2.83118e-09
4.30454e-08
2.97598e-09
4.30912e-08
3.04866e-09
4.31274e-08
2.97796e-09
4.31205e-08
2.77134e-09
4.31167e-08
2.52501e-09
4.31152e-08
2.41882e-09
4.31355e-08
2.3803e-09
4.31518e-08
2.39257e-09
4.31568e-08
2.42477e-09
4.31461e-08
2.44373e-09
4.31313e-08
2.4557e-09
4.31198e-08
2.3974e-09
4.31114e-08
2.27721e-09
4.31173e-08
2.17914e-09
4.31234e-08
2.07754e-09
4.31206e-08
2.06761e-09
4.31053e-08
2.10822e-09
4.31031e-08
2.09984e-09
4.31065e-08
2.04928e-09
4.30999e-08
1.96714e-09
4.30909e-08
1.96015e-09
4.30876e-08
1.95794e-09
4.30805e-08
1.96517e-09
4.30739e-08
1.95225e-09
4.30668e-08
1.8788e-09
4.30638e-08
1.8294e-09
4.30595e-08
1.85623e-09
4.30537e-08
1.87924e-09
4.30507e-08
1.88519e-09
4.30457e-08
1.82419e-09
4.30382e-08
1.75158e-09
4.30409e-08
1.69288e-09
4.30367e-08
1.71499e-09
4.3036e-08
1.74631e-09
4.30246e-08
1.75707e-09
4.30189e-08
1.75238e-09
4.30172e-08
1.64054e-09
4.30136e-08
1.60137e-09
4.30147e-08
1.58454e-09
4.30099e-08
1.58069e-09
4.30109e-08
1.5896e-09
4.30096e-08
1.58189e-09
4.30068e-08
1.56846e-09
4.30051e-08
1.53038e-09
4.29955e-08
1.50498e-09
4.29894e-08
1.49433e-09
4.29808e-08
1.48208e-09
4.29738e-08
1.45267e-09
4.29699e-08
1.41736e-09
4.29672e-08
1.37478e-09
4.29636e-08
1.34628e-09
4.29581e-08
1.3444e-09
4.29525e-08
1.31297e-09
4.29451e-08
1.28468e-09
4.29389e-08
1.26493e-09
4.29305e-08
1.24236e-09
4.29206e-08
1.2006e-09
4.29071e-08
1.19842e-09
4.28982e-08
1.15315e-09
4.28849e-08
1.10584e-09
4.2875e-08
1.08973e-09
4.28588e-08
1.07699e-09
4.28437e-08
1.04953e-09
4.28205e-08
1.01299e-09
4.28052e-08
1.00521e-09
9.65669e-10
4.35819e-08
2.63242e-09
-4.34703e-08
4.36689e-08
2.74386e-09
4.37816e-08
2.96596e-09
4.38885e-08
3.27157e-09
4.39749e-08
2.91228e-09
4.40976e-08
3.13578e-09
4.41645e-08
3.23012e-09
4.42177e-08
2.74379e-09
4.42634e-08
2.78547e-09
4.43066e-08
2.93286e-09
4.43502e-08
3.00505e-09
4.43845e-08
2.94364e-09
4.4366e-08
2.78984e-09
4.43561e-08
2.5349e-09
4.43574e-08
2.41751e-09
4.4385e-08
2.35269e-09
4.43994e-08
2.37824e-09
4.44041e-08
2.42e-09
4.439e-08
2.45782e-09
4.43813e-08
2.4644e-09
4.43724e-08
2.40638e-09
4.43666e-08
2.28298e-09
4.4374e-08
2.17171e-09
4.43781e-08
2.0735e-09
4.43737e-08
2.07194e-09
4.43616e-08
2.1204e-09
4.43532e-08
2.10818e-09
4.43572e-08
2.04534e-09
4.43545e-08
1.96984e-09
4.43481e-08
1.96648e-09
4.43463e-08
1.95975e-09
4.43332e-08
1.97831e-09
4.43303e-08
1.95515e-09
4.43215e-08
1.88762e-09
4.43118e-08
1.83902e-09
4.43083e-08
1.85975e-09
4.43037e-08
1.88383e-09
4.43026e-08
1.88627e-09
4.43006e-08
1.82624e-09
4.42936e-08
1.75853e-09
4.42956e-08
1.69092e-09
4.42893e-08
1.72128e-09
4.4293e-08
1.74263e-09
4.42799e-08
1.77018e-09
4.42774e-08
1.75489e-09
4.4273e-08
1.64497e-09
4.42711e-08
1.6032e-09
4.4271e-08
1.58462e-09
4.42673e-08
1.58442e-09
4.42686e-08
1.58831e-09
4.42685e-08
1.58204e-09
4.42698e-08
1.56708e-09
4.42659e-08
1.53437e-09
4.42581e-08
1.51273e-09
4.42542e-08
1.49824e-09
4.4249e-08
1.48723e-09
4.42438e-08
1.45793e-09
4.42426e-08
1.41858e-09
4.42397e-08
1.37769e-09
4.42392e-08
1.34669e-09
4.42375e-08
1.34614e-09
4.42368e-08
1.31371e-09
4.42326e-08
1.28886e-09
4.42298e-08
1.26768e-09
4.42242e-08
1.24796e-09
4.42181e-08
1.20672e-09
4.42101e-08
1.20638e-09
4.4207e-08
1.15634e-09
4.41981e-08
1.11471e-09
4.41944e-08
1.09339e-09
4.41832e-08
1.0882e-09
4.41739e-08
1.05889e-09
4.41553e-08
1.03153e-09
4.41454e-08
1.01519e-09
9.78346e-10
4.48946e-08
2.53973e-09
-4.48019e-08
4.49655e-08
2.67297e-09
4.50786e-08
2.85279e-09
4.51553e-08
3.19494e-09
4.52424e-08
2.82511e-09
4.53598e-08
3.01838e-09
4.54796e-08
3.11032e-09
4.54784e-08
2.74504e-09
4.5537e-08
2.72688e-09
4.55812e-08
2.88862e-09
4.56372e-08
2.94901e-09
4.56487e-08
2.93217e-09
4.56532e-08
2.7854e-09
4.56334e-08
2.55463e-09
4.56425e-08
2.40843e-09
4.56725e-08
2.32265e-09
4.56843e-08
2.36646e-09
4.56855e-08
2.41886e-09
4.56696e-08
2.47364e-09
4.56648e-08
2.46922e-09
4.56584e-08
2.41277e-09
4.56632e-08
2.27819e-09
4.56655e-08
2.16938e-09
4.56656e-08
2.07348e-09
4.56646e-08
2.07293e-09
4.56537e-08
2.1313e-09
4.56411e-08
2.12075e-09
4.5642e-08
2.04448e-09
4.56428e-08
1.96902e-09
4.56409e-08
1.96833e-09
4.56312e-08
1.96947e-09
4.56258e-08
1.98374e-09
4.56207e-08
1.96019e-09
4.56099e-08
1.89844e-09
4.55975e-08
1.85139e-09
4.55925e-08
1.86474e-09
4.55904e-08
1.88595e-09
4.55905e-08
1.88618e-09
4.55911e-08
1.82564e-09
4.55879e-08
1.7617e-09
4.55834e-08
1.6955e-09
4.55808e-08
1.72384e-09
4.55794e-08
1.74404e-09
4.55718e-08
1.77778e-09
4.55726e-08
1.75402e-09
4.55648e-08
1.65282e-09
4.55624e-08
1.60558e-09
4.55608e-08
1.58625e-09
4.55572e-08
1.58801e-09
4.55585e-08
1.587e-09
4.55608e-08
1.57972e-09
4.55614e-08
1.56647e-09
4.55543e-08
1.54145e-09
4.55511e-08
1.51596e-09
4.55485e-08
1.50088e-09
4.5545e-08
1.49066e-09
4.554e-08
1.46299e-09
4.55393e-08
1.41923e-09
4.55347e-08
1.38232e-09
4.5536e-08
1.34534e-09
4.5536e-08
1.3462e-09
4.5537e-08
1.31265e-09
4.55352e-08
1.29075e-09
4.5533e-08
1.26981e-09
4.55307e-08
1.25029e-09
4.55222e-08
1.21526e-09
4.55232e-08
1.20538e-09
4.55187e-08
1.16078e-09
4.55132e-08
1.1202e-09
4.55131e-08
1.09356e-09
4.55034e-08
1.09788e-09
4.54969e-08
1.06534e-09
4.54818e-08
1.04669e-09
4.54737e-08
1.02325e-09
9.87387e-10
4.62187e-08
2.47987e-09
-4.61588e-08
4.62908e-08
2.6008e-09
4.64066e-08
2.73701e-09
4.6478e-08
3.12361e-09
4.65776e-08
2.72543e-09
4.66827e-08
2.91336e-09
4.67036e-08
3.0894e-09
4.68001e-08
2.64848e-09
4.68525e-08
2.67448e-09
4.68942e-08
2.84694e-09
4.69404e-08
2.90287e-09
4.69552e-08
2.91737e-09
4.69686e-08
2.77196e-09
4.69491e-08
2.57411e-09
4.69705e-08
2.38704e-09
4.69986e-08
2.29455e-09
4.70067e-08
2.35836e-09
4.70031e-08
2.4225e-09
4.69896e-08
2.48706e-09
4.69833e-08
2.4756e-09
4.6989e-08
2.40707e-09
4.69939e-08
2.27321e-09
4.699e-08
2.17336e-09
4.69886e-08
2.07484e-09
4.69914e-08
2.07016e-09
4.69836e-08
2.13904e-09
4.69708e-08
2.13359e-09
4.69703e-08
2.04501e-09
4.6959e-08
1.98031e-09
4.69603e-08
1.967e-09
4.69575e-08
1.97227e-09
4.69553e-08
1.9859e-09
4.69487e-08
1.96687e-09
4.69361e-08
1.91101e-09
4.69234e-08
1.86411e-09
4.69172e-08
1.87091e-09
4.69144e-08
1.88877e-09
4.69158e-08
1.88475e-09
4.69174e-08
1.82404e-09
4.69169e-08
1.76225e-09
4.6905e-08
1.70735e-09
4.69119e-08
1.71691e-09
4.69019e-08
1.75406e-09
4.69004e-08
1.77928e-09
4.69012e-08
1.75323e-09
4.68923e-08
1.66171e-09
4.68924e-08
1.60553e-09
4.68867e-08
1.59193e-09
4.68827e-08
1.59202e-09
4.68845e-08
1.58518e-09
4.68858e-08
1.57843e-09
4.68867e-08
1.56563e-09
4.68811e-08
1.547e-09
4.6878e-08
1.51906e-09
4.68773e-08
1.50159e-09
4.68746e-08
1.49339e-09
4.68715e-08
1.46605e-09
4.68692e-08
1.42153e-09
4.68639e-08
1.38762e-09
4.6865e-08
1.34422e-09
4.68655e-08
1.34578e-09
4.68664e-08
1.31165e-09
4.68655e-08
1.29166e-09
4.68645e-08
1.27086e-09
4.68643e-08
1.25045e-09
4.68542e-08
1.22543e-09
4.68548e-08
1.20474e-09
4.68527e-08
1.16282e-09
4.6851e-08
1.12191e-09
4.6851e-08
1.09361e-09
4.68425e-08
1.10642e-09
4.68364e-08
1.07137e-09
4.6825e-08
1.05815e-09
4.68166e-08
1.03164e-09
9.94878e-10
4.75884e-08
2.41955e-09
-4.7528e-08
4.76687e-08
2.52045e-09
4.77516e-08
2.65413e-09
4.78732e-08
3.00202e-09
4.79212e-08
2.67742e-09
4.80684e-08
2.76618e-09
4.80792e-08
3.07861e-09
4.81635e-08
2.56414e-09
4.81892e-08
2.64875e-09
4.82604e-08
2.77573e-09
4.82859e-08
2.87745e-09
4.8297e-08
2.90622e-09
4.83124e-08
2.75656e-09
4.83054e-08
2.58112e-09
4.83368e-08
2.35568e-09
4.83598e-08
2.27156e-09
4.83615e-08
2.3566e-09
4.83565e-08
2.42751e-09
4.83519e-08
2.49165e-09
4.83491e-08
2.47844e-09
4.83573e-08
2.39882e-09
4.83527e-08
2.27781e-09
4.83529e-08
2.17314e-09
4.83518e-08
2.07595e-09
4.83557e-08
2.06628e-09
4.83495e-08
2.14531e-09
4.83326e-08
2.15047e-09
4.83331e-08
2.04449e-09
4.83222e-08
1.99119e-09
4.83202e-08
1.96898e-09
4.83192e-08
1.97326e-09
4.83178e-08
1.98739e-09
4.83151e-08
1.96954e-09
4.83035e-08
1.92265e-09
4.82896e-08
1.87798e-09
4.82812e-08
1.87929e-09
4.82776e-08
1.89234e-09
4.82799e-08
1.88249e-09
4.82826e-08
1.82132e-09
4.82803e-08
1.76462e-09
4.82729e-08
1.71471e-09
4.82711e-08
1.71868e-09
4.82653e-08
1.75987e-09
4.82693e-08
1.77532e-09
4.82673e-08
1.75516e-09
4.82594e-08
1.66962e-09
4.82593e-08
1.60567e-09
4.82523e-08
1.59897e-09
4.82479e-08
1.59634e-09
4.8247e-08
1.58611e-09
4.82479e-08
1.57755e-09
4.82476e-08
1.5659e-09
4.82463e-08
1.54831e-09
4.82441e-08
1.52132e-09
4.82434e-08
1.5022e-09
4.8241e-08
1.49583e-09
4.824e-08
1.467e-09
4.82353e-08
1.4263e-09
4.82314e-08
1.39146e-09
4.82306e-08
1.34507e-09
4.82309e-08
1.34543e-09
4.82318e-08
1.31082e-09
4.82321e-08
1.29131e-09
4.82324e-08
1.27057e-09
4.82297e-08
1.25315e-09
4.82233e-08
1.23185e-09
4.8223e-08
1.20505e-09
4.82199e-08
1.16593e-09
4.82195e-08
1.12227e-09
4.82194e-08
1.0937e-09
4.82133e-08
1.11254e-09
4.82058e-08
1.07886e-09
4.8198e-08
1.06599e-09
4.81884e-08
1.04124e-09
1.00224e-09
4.90157e-08
2.34633e-09
-4.89424e-08
4.90769e-08
2.45923e-09
4.91528e-08
2.57827e-09
4.92807e-08
2.87405e-09
4.93225e-08
2.63569e-09
4.94253e-08
2.66334e-09
4.94647e-08
3.03924e-09
4.95647e-08
2.46413e-09
4.95615e-08
2.65193e-09
4.96546e-08
2.68268e-09
4.96436e-08
2.88837e-09
4.96579e-08
2.89193e-09
4.97035e-08
2.71103e-09
4.97189e-08
2.56564e-09
4.9734e-08
2.34063e-09
4.97489e-08
2.25665e-09
4.97587e-08
2.34685e-09
4.97502e-08
2.436e-09
4.97518e-08
2.49001e-09
4.97502e-08
2.48002e-09
4.97476e-08
2.40144e-09
4.97496e-08
2.27582e-09
4.97577e-08
2.16504e-09
4.97605e-08
2.07316e-09
4.97613e-08
2.06548e-09
4.97531e-08
2.15348e-09
4.97391e-08
2.1645e-09
4.97384e-08
2.04513e-09
4.97264e-08
2.00318e-09
4.97216e-08
1.97386e-09
4.97195e-08
1.97534e-09
4.97175e-08
1.98937e-09
4.97198e-08
1.96726e-09
4.97113e-08
1.93117e-09
4.96957e-08
1.89354e-09
4.96837e-08
1.89127e-09
4.9682e-08
1.89408e-09
4.96852e-08
1.87925e-09
4.96855e-08
1.82101e-09
4.96838e-08
1.76638e-09
4.96763e-08
1.72218e-09
4.96751e-08
1.71983e-09
4.96662e-08
1.76887e-09
4.96727e-08
1.76877e-09
4.96713e-08
1.75653e-09
4.96671e-08
1.67384e-09
4.96658e-08
1.60701e-09
4.96587e-08
1.60606e-09
4.96524e-08
1.60258e-09
4.96495e-08
1.589e-09
4.96479e-08
1.57914e-09
4.96492e-08
1.56469e-09
4.96492e-08
1.54828e-09
4.96482e-08
1.52231e-09
4.96485e-08
1.5019e-09
4.96472e-08
1.4971e-09
4.96475e-08
1.46672e-09
4.96405e-08
1.43326e-09
4.96379e-08
1.39407e-09
4.96344e-08
1.34861e-09
4.9636e-08
1.34385e-09
4.96361e-08
1.31067e-09
4.9637e-08
1.29045e-09
4.96373e-08
1.27025e-09
4.96345e-08
1.25593e-09
4.96324e-08
1.23395e-09
4.96269e-08
1.21055e-09
4.9625e-08
1.16779e-09
4.96259e-08
1.12142e-09
4.96246e-08
1.09502e-09
4.96205e-08
1.11661e-09
4.96122e-08
1.0871e-09
4.96057e-08
1.07254e-09
4.95962e-08
1.0507e-09
1.00994e-09
5.04679e-08
2.27067e-09
-5.03922e-08
5.05361e-08
2.39107e-09
5.06045e-08
2.50983e-09
5.07173e-08
2.76126e-09
5.07822e-08
2.57081e-09
5.08648e-08
2.5807e-09
5.09681e-08
2.9359e-09
5.09521e-08
2.48013e-09
5.10009e-08
2.60315e-09
5.10765e-08
2.60707e-09
5.10698e-08
2.89513e-09
5.11021e-08
2.85955e-09
5.11609e-08
2.65224e-09
5.11648e-08
2.56176e-09
5.11644e-08
2.34106e-09
5.1172e-08
2.249e-09
5.11924e-08
2.32645e-09
5.11933e-08
2.43514e-09
5.11894e-08
2.49394e-09
5.11818e-08
2.48754e-09
5.11829e-08
2.4004e-09
5.11955e-08
2.26319e-09
5.12076e-08
2.15292e-09
5.12072e-08
2.07365e-09
5.12045e-08
2.06814e-09
5.11929e-08
2.16509e-09
5.11896e-08
2.16779e-09
5.11772e-08
2.05748e-09
5.1166e-08
2.01439e-09
5.11623e-08
1.97761e-09
5.116e-08
1.97759e-09
5.11613e-08
1.98812e-09
5.11665e-08
1.96208e-09
5.11599e-08
1.93777e-09
5.11437e-08
1.90966e-09
5.11281e-08
1.90695e-09
5.11285e-08
1.89364e-09
5.11291e-08
1.87865e-09
5.11281e-08
1.82206e-09
5.11271e-08
1.76738e-09
5.11227e-08
1.72656e-09
5.11146e-08
1.72795e-09
5.11126e-08
1.77086e-09
5.11137e-08
1.76762e-09
5.11154e-08
1.75481e-09
5.11133e-08
1.67597e-09
5.11132e-08
1.60708e-09
5.11071e-08
1.61216e-09
5.10994e-08
1.61029e-09
5.10942e-08
1.59423e-09
5.10877e-08
1.58567e-09
5.10908e-08
1.56157e-09
5.10915e-08
1.54753e-09
5.10924e-08
1.52145e-09
5.10939e-08
1.50042e-09
5.10948e-08
1.49615e-09
5.10934e-08
1.46809e-09
5.1089e-08
1.43775e-09
5.10835e-08
1.39949e-09
5.10788e-08
1.35331e-09
5.10818e-08
1.34094e-09
5.10802e-08
1.31223e-09
5.10816e-08
1.289e-09
5.10817e-08
1.27024e-09
5.10812e-08
1.25636e-09
5.10787e-08
1.23651e-09
5.10735e-08
1.21575e-09
5.10678e-08
1.17342e-09
5.10702e-08
1.11911e-09
5.10682e-08
1.09693e-09
5.10676e-08
1.11722e-09
5.10593e-08
1.09545e-09
5.10527e-08
1.0791e-09
5.10429e-08
1.06055e-09
1.01765e-09
5.1976e-08
2.23274e-09
-5.19381e-08
5.20387e-08
2.32841e-09
5.2109e-08
2.43956e-09
5.21998e-08
2.67048e-09
5.22766e-08
2.49395e-09
5.23383e-08
2.51897e-09
5.24415e-08
2.83271e-09
5.24303e-08
2.49135e-09
5.25002e-08
2.53324e-09
5.2511e-08
2.59625e-09
5.25617e-08
2.84442e-09
5.2614e-08
2.80735e-09
5.2651e-08
2.61518e-09
5.26411e-08
2.57172e-09
5.26366e-08
2.34547e-09
5.26426e-08
2.24305e-09
5.26561e-08
2.31292e-09
5.26666e-08
2.42464e-09
5.26665e-08
2.49408e-09
5.26628e-08
2.49125e-09
5.26778e-08
2.38537e-09
5.26873e-08
2.25371e-09
5.26958e-08
2.14436e-09
5.26919e-08
2.07764e-09
5.26839e-08
2.07613e-09
5.26758e-08
2.17316e-09
5.2673e-08
2.1706e-09
5.26546e-08
2.07588e-09
5.26478e-08
2.02118e-09
5.26452e-08
1.98022e-09
5.26434e-08
1.97938e-09
5.26478e-08
1.98369e-09
5.26528e-08
1.95714e-09
5.26478e-08
1.9427e-09
5.26386e-08
1.91893e-09
5.26163e-08
1.9292e-09
5.26133e-08
1.89663e-09
5.2612e-08
1.87997e-09
5.26144e-08
1.81967e-09
5.26139e-08
1.7679e-09
5.26075e-08
1.73296e-09
5.25974e-08
1.738e-09
5.26001e-08
1.7682e-09
5.25962e-08
1.7715e-09
5.26002e-08
1.7508e-09
5.26003e-08
1.67592e-09
5.26009e-08
1.60644e-09
5.25978e-08
1.61523e-09
5.25884e-08
1.61975e-09
5.25808e-08
1.60179e-09
5.25722e-08
1.5943e-09
5.2574e-08
1.55977e-09
5.25752e-08
1.54634e-09
5.25779e-08
1.5187e-09
5.25809e-08
1.49745e-09
5.25826e-08
1.49443e-09
5.25809e-08
1.46978e-09
5.25774e-08
1.44132e-09
5.25717e-08
1.4052e-09
5.25655e-08
1.35949e-09
5.25684e-08
1.33808e-09
5.25652e-08
1.31541e-09
5.25679e-08
1.28625e-09
5.25682e-08
1.26992e-09
5.2569e-08
1.25561e-09
5.25654e-08
1.24009e-09
5.25624e-08
1.2187e-09
5.25522e-08
1.18364e-09
5.25586e-08
1.11271e-09
5.25522e-08
1.10333e-09
5.25534e-08
1.11609e-09
5.25484e-08
1.10038e-09
5.25409e-08
1.08665e-09
5.25307e-08
1.07078e-09
1.02534e-09
5.35417e-08
2.19173e-09
-5.35007e-08
5.35799e-08
2.29018e-09
5.36899e-08
2.32955e-09
5.37124e-08
2.64801e-09
5.38422e-08
2.3642e-09
5.38603e-08
2.50085e-09
5.39792e-08
2.71378e-09
5.39566e-08
2.51398e-09
5.401e-08
2.47978e-09
5.4015e-08
2.59125e-09
5.41139e-08
2.74556e-09
5.4161e-08
2.76023e-09
5.41536e-08
2.6226e-09
5.41618e-08
2.56356e-09
5.41506e-08
2.35662e-09
5.41642e-08
2.22947e-09
5.41632e-08
2.31386e-09
5.41833e-08
2.40461e-09
5.41837e-08
2.49367e-09
5.41937e-08
2.4812e-09
5.42176e-08
2.36151e-09
5.42165e-08
2.25486e-09
5.42222e-08
2.13856e-09
5.4217e-08
2.08289e-09
5.42064e-08
2.08674e-09
5.42038e-08
2.17573e-09
5.41885e-08
2.18589e-09
5.41711e-08
2.09334e-09
5.41729e-08
2.01936e-09
5.417e-08
1.98307e-09
5.41717e-08
1.97771e-09
5.41785e-08
1.97687e-09
5.41817e-08
1.95391e-09
5.41768e-08
1.94767e-09
5.41711e-08
1.92456e-09
5.41494e-08
1.95094e-09
5.41408e-08
1.90518e-09
5.41421e-08
1.87871e-09
5.41441e-08
1.8177e-09
5.41418e-08
1.77017e-09
5.41332e-08
1.74153e-09
5.41278e-08
1.74348e-09
5.41257e-08
1.77029e-09
5.41228e-08
1.77442e-09
5.41261e-08
1.74749e-09
5.41301e-08
1.67186e-09
5.41312e-08
1.60532e-09
5.4128e-08
1.61844e-09
5.41205e-08
1.62733e-09
5.4107e-08
1.61521e-09
5.41049e-08
1.59642e-09
5.41e-08
1.56467e-09
5.41026e-08
1.5438e-09
5.41066e-08
1.51465e-09
5.41101e-08
1.494e-09
5.41117e-08
1.49277e-09
5.41098e-08
1.47167e-09
5.41072e-08
1.44392e-09
5.41029e-08
1.40948e-09
5.40952e-08
1.36724e-09
5.40963e-08
1.33694e-09
5.40942e-08
1.31754e-09
5.40971e-08
1.28337e-09
5.40975e-08
1.26951e-09
5.40989e-08
1.25423e-09
5.40953e-08
1.24368e-09
5.40916e-08
1.2224e-09
5.40827e-08
1.19251e-09
5.40838e-08
1.11167e-09
5.4081e-08
1.10609e-09
5.40815e-08
1.11557e-09
5.40791e-08
1.10283e-09
5.4072e-08
1.0937e-09
5.40622e-08
1.08057e-09
1.03339e-09
5.51185e-08
2.13438e-09
-5.50612e-08
5.51597e-08
2.24901e-09
5.53188e-08
2.17042e-09
5.52798e-08
2.68703e-09
5.54311e-08
2.21296e-09
5.54401e-08
2.49183e-09
5.55254e-08
2.62847e-09
5.55101e-08
2.52928e-09
5.55497e-08
2.44021e-09
5.56229e-08
2.51797e-09
5.57055e-08
2.66305e-09
5.57365e-08
2.72916e-09
5.56928e-08
2.66628e-09
5.57055e-08
2.55087e-09
5.57182e-08
2.34392e-09
5.57393e-08
2.2084e-09
5.57271e-08
2.32605e-09
5.57378e-08
2.3939e-09
5.57503e-08
2.48116e-09
5.5772e-08
2.45959e-09
5.57856e-08
2.34786e-09
5.57846e-08
2.25583e-09
5.57868e-08
2.13639e-09
5.57848e-08
2.08485e-09
5.57804e-08
2.09117e-09
5.57734e-08
2.18274e-09
5.57503e-08
2.20894e-09
5.57337e-08
2.10997e-09
5.57389e-08
2.01421e-09
5.57384e-08
1.98355e-09
5.57451e-08
1.97102e-09
5.57528e-08
1.9691e-09
5.57541e-08
1.95265e-09
5.57501e-08
1.95167e-09
5.57431e-08
1.93155e-09
5.57261e-08
1.96797e-09
5.57125e-08
1.91877e-09
5.57174e-08
1.87381e-09
5.5718e-08
1.81708e-09
5.57143e-08
1.7739e-09
5.57068e-08
1.74896e-09
5.56987e-08
1.75161e-09
5.56935e-08
1.77546e-09
5.56917e-08
1.77628e-09
5.56958e-08
1.74338e-09
5.57048e-08
1.66278e-09
5.5706e-08
1.60418e-09
5.57019e-08
1.62249e-09
5.56943e-08
1.635e-09
5.56783e-08
1.63115e-09
5.56801e-08
1.59463e-09
5.56729e-08
1.57188e-09
5.56755e-08
1.54124e-09
5.56804e-08
1.5097e-09
5.56823e-08
1.49207e-09
5.56836e-08
1.49151e-09
5.56819e-08
1.47335e-09
5.56807e-08
1.44513e-09
5.56783e-08
1.41184e-09
5.56697e-08
1.37587e-09
5.56669e-08
1.33975e-09
5.56683e-08
1.31615e-09
5.5669e-08
1.28269e-09
5.56702e-08
1.26832e-09
5.5672e-08
1.25241e-09
5.56702e-08
1.24543e-09
5.56646e-08
1.22802e-09
5.56571e-08
1.20003e-09
5.56554e-08
1.11338e-09
5.56537e-08
1.10782e-09
5.56536e-08
1.1156e-09
5.56526e-08
1.10388e-09
5.56468e-08
1.09943e-09
5.56382e-08
1.08925e-09
1.04175e-09
1.14197e-07
2.04484e-09
-1.14107e-07
1.1433e-07
2.1162e-09
1.1449e-07
2.01049e-09
1.14505e-07
2.67188e-09
1.14644e-07
2.0737e-09
1.14636e-07
2.49949e-09
1.14815e-07
2.4497e-09
1.14891e-07
2.45319e-09
1.15004e-07
2.3277e-09
1.1513e-07
2.39127e-09
1.15178e-07
2.61534e-09
1.15203e-07
2.70419e-09
1.15238e-07
2.63156e-09
1.15279e-07
2.50954e-09
1.15346e-07
2.27753e-09
1.15293e-07
2.26058e-09
1.15299e-07
2.32092e-09
1.15288e-07
2.40467e-09
1.15371e-07
2.39781e-09
1.15409e-07
2.42184e-09
1.15407e-07
2.3493e-09
1.15431e-07
2.23226e-09
1.15431e-07
2.1363e-09
1.15429e-07
2.08723e-09
1.15405e-07
2.11448e-09
1.15386e-07
2.20238e-09
1.1537e-07
2.22507e-09
1.15354e-07
2.12594e-09
1.15351e-07
2.01711e-09
1.15354e-07
1.98054e-09
1.1536e-07
1.96438e-09
1.15368e-07
1.96138e-09
1.15362e-07
1.95926e-09
1.15358e-07
1.95523e-09
1.1534e-07
1.9491e-09
1.15327e-07
1.9809e-09
1.15305e-07
1.94174e-09
1.15309e-07
1.86905e-09
1.1531e-07
1.81612e-09
1.15305e-07
1.77952e-09
1.15286e-07
1.76806e-09
1.15259e-07
1.77832e-09
1.15243e-07
1.79096e-09
1.15243e-07
1.77684e-09
1.15265e-07
1.72087e-09
1.1529e-07
1.63835e-09
1.15287e-07
1.60723e-09
1.15275e-07
1.63436e-09
1.15253e-07
1.6569e-09
1.15237e-07
1.64721e-09
1.1524e-07
1.59189e-09
1.15225e-07
1.58644e-09
1.15226e-07
1.53985e-09
1.15234e-07
1.50193e-09
1.15231e-07
1.49472e-09
1.15236e-07
1.48665e-09
1.15232e-07
1.47816e-09
1.15236e-07
1.44039e-09
1.1524e-07
1.40821e-09
1.15223e-07
1.39308e-09
1.15202e-07
1.36043e-09
1.15206e-07
1.31197e-09
1.15206e-07
1.28261e-09
1.15212e-07
1.26216e-09
1.15217e-07
1.24782e-09
1.15219e-07
1.24307e-09
1.15208e-07
1.2392e-09
1.15196e-07
1.2126e-09
1.15183e-07
1.12555e-09
1.1518e-07
1.11169e-09
1.15179e-07
1.11598e-09
1.15182e-07
1.10156e-09
1.15173e-07
1.10771e-09
1.1516e-07
1.10217e-09
1.05867e-09
1.31338e-07
1.96614e-09
-1.3126e-07
1.31512e-07
1.94206e-09
1.31581e-07
1.94209e-09
1.31834e-07
2.41859e-09
1.3132e-07
2.58776e-09
1.31443e-07
2.37691e-09
1.31853e-07
2.03987e-09
1.32306e-07
2.00012e-09
1.32366e-07
2.26731e-09
1.32247e-07
2.50999e-09
1.32215e-07
2.64734e-09
1.3214e-07
2.77996e-09
1.32162e-07
2.60883e-09
1.32111e-07
2.56099e-09
1.32378e-07
2.0102e-09
1.3244e-07
2.19901e-09
1.32444e-07
2.3169e-09
1.32442e-07
2.40599e-09
1.32418e-07
2.42256e-09
1.32418e-07
2.42098e-09
1.32417e-07
2.35086e-09
1.32433e-07
2.21624e-09
1.32424e-07
2.145e-09
1.32429e-07
2.08264e-09
1.32448e-07
2.09566e-09
1.32464e-07
2.18597e-09
1.32462e-07
2.22684e-09
1.32412e-07
2.17661e-09
1.32359e-07
2.06965e-09
1.32382e-07
1.95758e-09
1.32425e-07
1.92105e-09
1.32449e-07
1.93755e-09
1.32441e-07
1.96754e-09
1.32423e-07
1.97314e-09
1.32389e-07
1.98349e-09
1.32382e-07
1.98722e-09
1.32375e-07
1.94935e-09
1.32357e-07
1.88704e-09
1.32363e-07
1.81037e-09
1.32363e-07
1.77943e-09
1.32345e-07
1.78557e-09
1.32318e-07
1.80551e-09
1.32307e-07
1.80184e-09
1.32312e-07
1.77159e-09
1.32337e-07
1.69617e-09
1.32327e-07
1.64846e-09
1.32312e-07
1.62159e-09
1.32303e-07
1.64376e-09
1.32301e-07
1.65917e-09
1.32313e-07
1.63536e-09
1.32319e-07
1.58559e-09
1.32307e-07
1.59828e-09
1.32306e-07
1.54101e-09
1.32295e-07
1.51326e-09
1.32296e-07
1.49343e-09
1.32294e-07
1.48896e-09
1.32284e-07
1.48735e-09
1.32292e-07
1.43236e-09
1.32296e-07
1.40507e-09
1.32288e-07
1.40048e-09
1.32272e-07
1.37656e-09
1.32275e-07
1.30886e-09
1.32271e-07
1.28726e-09
1.32271e-07
1.26202e-09
1.32271e-07
1.24745e-09
1.32272e-07
1.24163e-09
1.32267e-07
1.24515e-09
1.32268e-07
1.21142e-09
1.32248e-07
1.14536e-09
1.32242e-07
1.11767e-09
1.32243e-07
1.11512e-09
1.32242e-07
1.10194e-09
1.32238e-07
1.11202e-09
1.32231e-07
1.10944e-09
1.07583e-09
1.51008e-07
1.88667e-09
-1.50928e-07
1.51047e-07
1.90296e-09
1.51095e-07
1.89422e-09
1.5119e-07
2.32358e-09
1.51191e-07
2.58638e-09
1.51334e-07
2.23432e-09
1.51484e-07
1.88964e-09
1.5158e-07
1.90449e-09
1.51639e-07
2.20769e-09
1.51696e-07
2.45374e-09
1.51738e-07
2.60517e-09
1.51739e-07
2.7787e-09
1.51748e-07
2.59979e-09
1.51792e-07
2.51668e-09
1.5187e-07
1.93268e-09
1.51924e-07
2.14448e-09
1.51969e-07
2.2727e-09
1.5195e-07
2.42476e-09
1.51944e-07
2.42807e-09
1.51975e-07
2.38985e-09
1.52019e-07
2.30748e-09
1.51999e-07
2.23639e-09
1.51975e-07
2.16905e-09
1.51984e-07
2.07324e-09
1.52009e-07
2.07088e-09
1.52019e-07
2.17551e-09
1.52014e-07
2.23211e-09
1.51991e-07
2.19987e-09
1.51945e-07
2.11508e-09
1.5193e-07
1.97247e-09
1.51939e-07
1.91275e-09
1.51958e-07
1.91872e-09
1.51959e-07
1.96636e-09
1.51955e-07
1.97656e-09
1.51967e-07
1.97172e-09
1.51978e-07
1.97638e-09
1.5196e-07
1.96735e-09
1.51944e-07
1.90298e-09
1.51922e-07
1.83271e-09
1.5192e-07
1.78127e-09
1.51891e-07
1.81484e-09
1.51865e-07
1.83097e-09
1.51873e-07
1.79408e-09
1.51906e-07
1.73889e-09
1.51913e-07
1.68818e-09
1.51901e-07
1.66061e-09
1.5187e-07
1.65309e-09
1.51859e-07
1.65436e-09
1.51867e-07
1.65159e-09
1.51876e-07
1.62577e-09
1.51872e-07
1.59037e-09
1.51868e-07
1.60232e-09
1.51867e-07
1.54129e-09
1.5187e-07
1.51007e-09
1.51879e-07
1.48468e-09
1.5187e-07
1.49831e-09
1.51847e-07
1.5102e-09
1.51854e-07
1.42539e-09
1.51864e-07
1.39526e-09
1.51859e-07
1.40484e-09
1.51849e-07
1.38678e-09
1.51841e-07
1.31748e-09
1.5184e-07
1.28808e-09
1.51848e-07
1.25376e-09
1.51848e-07
1.24746e-09
1.51847e-07
1.24257e-09
1.5185e-07
1.24204e-09
1.51845e-07
1.21636e-09
1.51824e-07
1.16689e-09
1.51804e-07
1.13719e-09
1.5181e-07
1.10978e-09
1.51813e-07
1.09822e-09
1.51819e-07
1.10644e-09
1.51815e-07
1.11314e-09
1.09128e-09
1.73582e-07
1.83441e-09
-1.7353e-07
1.73562e-07
1.92342e-09
1.73398e-07
2.05785e-09
1.73561e-07
2.16097e-09
1.74041e-07
2.10616e-09
1.7419e-07
2.08553e-09
1.7395e-07
2.1298e-09
1.73697e-07
2.15727e-09
1.73703e-07
2.20207e-09
1.73784e-07
2.37248e-09
1.73907e-07
2.4823e-09
1.74165e-07
2.52088e-09
1.74433e-07
2.33105e-09
1.74597e-07
2.35312e-09
1.74255e-07
2.27452e-09
1.74193e-07
2.20664e-09
1.74203e-07
2.26246e-09
1.74283e-07
2.34468e-09
1.74374e-07
2.33746e-09
1.74436e-07
2.32765e-09
1.74484e-07
2.2597e-09
1.7447e-07
2.24967e-09
1.74458e-07
2.18158e-09
1.74421e-07
2.11055e-09
1.74353e-07
2.13887e-09
1.74342e-07
2.18613e-09
1.74369e-07
2.20526e-09
1.74447e-07
2.12127e-09
1.74474e-07
2.08864e-09
1.74397e-07
2.04889e-09
1.74311e-07
1.99933e-09
1.74264e-07
1.96513e-09
1.74287e-07
1.94403e-09
1.74345e-07
1.91867e-09
1.74412e-07
1.90465e-09
1.74423e-07
1.96467e-09
1.74411e-07
1.9794e-09
1.74384e-07
1.93003e-09
1.74317e-07
1.90033e-09
1.743e-07
1.79787e-09
1.74297e-07
1.81787e-09
1.74313e-07
1.81536e-09
1.74364e-07
1.74248e-09
1.74412e-07
1.69136e-09
1.74372e-07
1.72845e-09
1.74389e-07
1.6429e-09
1.74276e-07
1.76653e-09
1.74241e-07
1.68971e-09
1.7424e-07
1.65229e-09
1.74255e-07
1.61081e-09
1.74269e-07
1.57599e-09
1.7431e-07
1.56164e-09
1.74319e-07
1.53257e-09
1.74327e-07
1.50166e-09
1.74322e-07
1.48957e-09
1.74319e-07
1.50174e-09
1.74316e-07
1.51267e-09
1.7431e-07
1.43153e-09
1.74305e-07
1.40067e-09
1.74296e-07
1.41331e-09
1.74288e-07
1.39505e-09
1.74283e-07
1.32238e-09
1.74279e-07
1.29229e-09
1.74283e-07
1.24936e-09
1.74287e-07
1.24362e-09
1.74291e-07
1.23873e-09
1.74303e-07
1.22992e-09
1.74305e-07
1.21482e-09
1.74291e-07
1.18002e-09
1.74266e-07
1.16267e-09
1.74256e-07
1.11939e-09
1.74249e-07
1.10517e-09
1.74252e-07
1.10406e-09
1.74255e-07
1.10992e-09
1.09291e-09
1.99373e-07
1.87718e-09
-1.99415e-07
1.99404e-07
1.89213e-09
1.99435e-07
2.02649e-09
1.99483e-07
2.11326e-09
1.99514e-07
2.07483e-09
1.99569e-07
2.03097e-09
1.99697e-07
2.00124e-09
1.99743e-07
2.11138e-09
1.9975e-07
2.19581e-09
1.99804e-07
2.31812e-09
1.99834e-07
2.45183e-09
1.99867e-07
2.4884e-09
1.99916e-07
2.28184e-09
1.99929e-07
2.34034e-09
1.99955e-07
2.24789e-09
2.00002e-07
2.1603e-09
2.00022e-07
2.2424e-09
2.00059e-07
2.30729e-09
2.00053e-07
2.34385e-09
2.00048e-07
2.3322e-09
2.0004e-07
2.26809e-09
2.00056e-07
2.23327e-09
2.0008e-07
2.15757e-09
2.00069e-07
2.12151e-09
2.00053e-07
2.15518e-09
2.00055e-07
2.18413e-09
2.00068e-07
2.19236e-09
2.00075e-07
2.11407e-09
2.00086e-07
2.07779e-09
2.00072e-07
2.06253e-09
2.00061e-07
2.01064e-09
2.00027e-07
1.99883e-09
2.00015e-07
1.95647e-09
2.00031e-07
1.90222e-09
2.00037e-07
1.89885e-09
2.00054e-07
1.94769e-09
2.00076e-07
1.95719e-09
2.00052e-07
1.95472e-09
2.00009e-07
1.94341e-09
2.00003e-07
1.80327e-09
2.00027e-07
1.79362e-09
2.0006e-07
1.7824e-09
2.00085e-07
1.71792e-09
2.00077e-07
1.69932e-09
2.00038e-07
1.76716e-09
2.00009e-07
1.67269e-09
1.99991e-07
1.78421e-09
1.99982e-07
1.69874e-09
1.99988e-07
1.64601e-09
1.9999e-07
1.60885e-09
2.0001e-07
1.55618e-09
2.00044e-07
1.528e-09
2.0005e-07
1.52599e-09
2.00037e-07
1.51434e-09
2.00025e-07
1.50168e-09
2.00021e-07
1.50601e-09
2.0005e-07
1.4841e-09
2.00024e-07
1.45745e-09
2.00001e-07
1.42374e-09
2.00012e-07
1.40229e-09
2.00025e-07
1.38133e-09
2.00033e-07
1.31494e-09
2.00028e-07
1.29673e-09
2.00013e-07
1.26442e-09
2.00003e-07
1.25422e-09
2.00005e-07
1.23687e-09
2.00012e-07
1.22215e-09
2.00025e-07
1.20264e-09
2.0003e-07
1.175e-09
2.00028e-07
1.16447e-09
2.00003e-07
1.14426e-09
1.9998e-07
1.12768e-09
1.9998e-07
1.10451e-09
1.99987e-07
1.1027e-09
1.08532e-09
2.2912e-07
-2.29132e-07
2.29139e-07
2.29141e-07
2.29214e-07
2.29258e-07
2.29287e-07
2.29257e-07
2.2923e-07
2.29232e-07
2.29264e-07
2.29312e-07
2.29402e-07
2.29383e-07
2.29441e-07
2.29435e-07
2.29368e-07
2.29348e-07
2.29351e-07
2.29403e-07
2.29469e-07
2.29446e-07
2.29437e-07
2.29424e-07
2.29399e-07
2.29413e-07
2.29446e-07
2.2949e-07
2.29472e-07
2.29468e-07
2.29468e-07
2.29474e-07
2.29474e-07
2.29445e-07
2.2943e-07
2.29414e-07
2.29406e-07
2.29404e-07
2.29423e-07
2.29459e-07
2.29488e-07
2.29493e-07
2.29479e-07
2.29448e-07
2.29423e-07
2.29452e-07
2.29402e-07
2.29473e-07
2.29496e-07
2.29513e-07
2.29484e-07
2.29461e-07
2.29443e-07
2.29445e-07
2.29467e-07
2.29476e-07
2.29466e-07
2.29466e-07
2.29458e-07
2.29453e-07
2.29462e-07
2.29468e-07
2.29475e-07
2.29505e-07
2.29502e-07
2.29492e-07
2.29493e-07
2.29494e-07
2.29491e-07
2.29479e-07
2.29484e-07
2.29488e-07
2.29483e-07
2.29481e-07
2.29484e-07
2.76843e-08
-7.95472e-11
2.76713e-08
1.12446e-10
2.76561e-08
-1.45611e-10
2.76369e-08
2.45827e-10
2.76289e-08
-1.94142e-10
2.75918e-08
4.13583e-10
2.76137e-08
-2.14131e-10
2.75208e-08
3.25943e-10
2.75904e-08
-4.36227e-10
2.73778e-08
9.0806e-10
2.75141e-08
-1.21745e-10
2.73876e-08
1.7767e-10
2.73649e-08
-1.15596e-10
2.71897e-08
4.75373e-10
2.71834e-08
3.41211e-10
2.70264e-08
6.43279e-10
2.69452e-08
6.34605e-11
2.6705e-08
1.11528e-09
2.62745e-08
2.1899e-10
3.43744e-09
2.84946e-08
-8.30385e-11
2.84851e-08
1.22028e-10
2.84658e-08
-1.26395e-10
2.84474e-08
2.64228e-10
2.84349e-08
-1.81566e-10
2.8405e-08
4.43437e-10
2.84171e-08
-2.26263e-10
2.83347e-08
4.0838e-10
2.83878e-08
-4.89337e-10
2.81846e-08
1.11124e-09
2.83343e-08
-2.71368e-10
2.81877e-08
3.24235e-10
2.81556e-08
-8.34752e-11
2.7976e-08
6.54976e-10
2.80231e-08
2.94032e-10
2.77945e-08
8.71924e-10
2.77472e-08
1.10719e-10
2.74666e-08
1.39588e-09
2.7072e-08
6.13641e-10
3.36287e-09
2.93302e-08
-8.72816e-11
2.93198e-08
1.32513e-10
2.93002e-08
-1.0687e-10
2.92815e-08
2.82966e-10
2.92682e-08
-1.68268e-10
2.92371e-08
4.74559e-10
2.92527e-08
-2.41857e-10
2.91619e-08
4.99177e-10
2.92233e-08
-5.50751e-10
2.90005e-08
1.33403e-09
2.92156e-08
-4.86467e-10
2.90049e-08
5.34991e-10
2.89798e-08
-5.84152e-11
2.88224e-08
8.12385e-10
2.88319e-08
2.84551e-10
2.8608e-08
1.09579e-09
2.86024e-08
1.16306e-10
2.82566e-08
1.7417e-09
2.8076e-08
7.94258e-10
3.51038e-09
3.01905e-08
-9.25094e-11
3.01786e-08
1.4447e-10
3.01589e-08
-8.71918e-11
3.01407e-08
3.01139e-10
3.01257e-08
-1.53264e-10
3.00947e-08
5.05593e-10
3.01118e-08
-2.58907e-10
3.00148e-08
5.96164e-10
3.00817e-08
-6.17708e-10
2.98862e-08
1.52959e-09
3.00159e-08
-6.16209e-10
2.98665e-08
6.84392e-10
2.98255e-08
-1.74048e-11
2.97032e-08
9.34627e-10
2.96501e-08
3.37733e-10
2.94931e-08
1.25277e-09
2.9404e-08
2.05414e-10
2.92257e-08
1.91997e-09
2.89628e-08
1.05712e-09
3.56409e-09
3.10762e-08
-9.88468e-11
3.10618e-08
1.5882e-10
3.10433e-08
-6.86594e-11
3.10252e-08
3.19233e-10
3.10085e-08
-1.36575e-10
3.09792e-08
5.34846e-10
3.09944e-08
-2.74047e-10
3.08961e-08
6.94405e-10
3.09597e-08
-6.81276e-10
3.07968e-08
1.6925e-09
3.08518e-08
-6.71178e-10
3.07446e-08
7.916e-10
3.07057e-08
2.14069e-11
3.05965e-08
1.04384e-09
3.05205e-08
4.13715e-10
3.03683e-08
1.40499e-09
3.02885e-08
2.85211e-10
3.01454e-08
2.06312e-09
2.98906e-08
1.31188e-09
3.53495e-09
3.1988e-08
-1.06613e-10
3.19694e-08
1.77425e-10
3.19547e-08
-5.39182e-11
3.19354e-08
3.38473e-10
3.19176e-08
-1.18741e-10
3.18921e-08
5.60288e-10
3.18999e-08
-2.81858e-10
3.18066e-08
7.87757e-10
3.18708e-08
-7.45504e-10
3.16851e-08
1.87822e-09
3.17505e-08
-7.36535e-10
3.16622e-08
8.79901e-10
3.15969e-08
8.66575e-11
3.15245e-08
1.11629e-09
3.14047e-08
5.33434e-10
3.12879e-08
1.52184e-09
3.11868e-08
3.86346e-10
3.10972e-08
2.15267e-09
3.0868e-08
1.54105e-09
3.46581e-09
3.29262e-08
-1.15456e-10
3.29017e-08
2.01931e-10
3.28941e-08
-4.6394e-11
3.28723e-08
3.60313e-10
3.28533e-08
-9.97277e-11
3.28343e-08
5.79291e-10
3.28268e-08
-2.74353e-10
3.27518e-08
8.62783e-10
3.27917e-08
-7.85409e-10
3.26267e-08
2.04318e-09
3.27192e-08
-8.29023e-10
3.25934e-08
1.0057e-09
3.25132e-08
1.6689e-10
3.24825e-08
1.14692e-09
3.23196e-08
6.96329e-10
3.22418e-08
1.59966e-09
3.21205e-08
5.07697e-10
3.2068e-08
2.20515e-09
3.18893e-08
1.71972e-09
3.39496e-09
3.38906e-08
-1.24211e-10
3.38622e-08
2.30328e-10
3.38621e-08
-4.62462e-11
3.38375e-08
3.8492e-10
3.38158e-08
-7.8028e-11
3.38062e-08
5.8892e-10
3.37763e-08
-2.44509e-10
3.37383e-08
9.00827e-10
3.37076e-08
-7.54769e-10
3.3713e-08
2.03776e-09
3.35179e-08
-6.33889e-10
3.35936e-08
9.29981e-10
3.34482e-08
3.12264e-10
3.34782e-08
1.11699e-09
3.32527e-08
9.21822e-10
3.32414e-08
1.61096e-09
3.30908e-08
6.58308e-10
3.30627e-08
2.23326e-09
3.29189e-08
1.86343e-09
3.31504e-09
3.48819e-08
-1.31418e-10
3.48532e-08
2.58986e-10
3.48548e-08
-4.78433e-11
3.484e-08
3.99762e-10
3.48012e-08
-3.92479e-11
3.4807e-08
5.83086e-10
3.47538e-08
-1.91293e-10
3.47437e-08
9.10963e-10
3.46787e-08
-6.89761e-10
3.47293e-08
1.98715e-09
3.44552e-08
-3.59755e-10
3.45987e-08
7.86469e-10
3.44131e-08
4.97822e-10
3.45043e-08
1.02578e-09
3.42078e-08
1.21836e-09
3.42744e-08
1.5444e-09
3.40995e-08
8.33162e-10
3.41072e-08
2.22554e-09
3.39738e-08
1.99684e-09
3.22753e-09
3.59011e-08
-1.35879e-10
3.58784e-08
2.81667e-10
3.58654e-08
-3.48922e-11
3.58779e-08
3.87288e-10
3.58185e-08
2.01193e-11
3.5835e-08
5.66616e-10
3.57627e-08
-1.18979e-10
3.57611e-08
9.12591e-10
3.57093e-08
-6.38019e-10
3.57529e-08
1.94355e-09
3.54632e-08
-7.00699e-11
3.55985e-08
6.51222e-10
3.54238e-08
6.72472e-10
3.55386e-08
9.11051e-10
3.52234e-08
1.53351e-09
3.5394e-08
1.37377e-09
3.50434e-08
1.18382e-09
3.51912e-08
2.07769e-09
3.50506e-08
2.13747e-09
3.12673e-09
3.69526e-08
-1.40057e-10
3.69281e-08
3.06161e-10
3.69208e-08
-2.75883e-11
3.69302e-08
3.77886e-10
3.68647e-08
8.56098e-11
3.6892e-08
5.39335e-10
3.67968e-08
-2.37207e-11
3.68539e-08
8.55455e-10
3.67021e-08
-4.86255e-10
3.68183e-08
1.82737e-09
3.65075e-08
2.40788e-10
3.66714e-08
4.87304e-10
3.64591e-08
8.8472e-10
3.656e-08
8.10132e-10
3.63411e-08
1.75243e-09
3.63813e-08
1.33364e-09
3.61884e-08
1.37663e-09
3.62413e-08
2.02484e-09
3.61535e-08
2.22527e-09
3.01841e-09
3.80343e-08
-1.4319e-10
3.80109e-08
3.29516e-10
3.8001e-08
-1.77276e-11
3.80199e-08
3.59022e-10
3.79442e-08
1.61304e-10
3.79677e-08
5.15798e-10
3.78774e-08
6.66262e-11
3.79599e-08
7.7292e-10
3.7754e-08
-2.80323e-10
3.78797e-08
1.70168e-09
3.76278e-08
4.92633e-10
3.77217e-08
3.93455e-10
3.75635e-08
1.04293e-09
3.75929e-08
7.80698e-10
3.74885e-08
1.85684e-09
3.74503e-08
1.37188e-09
3.73289e-08
1.49803e-09
3.73489e-08
2.00475e-09
3.72853e-08
2.28895e-09
2.91879e-09
3.91474e-08
-1.45077e-10
3.91368e-08
3.40143e-10
3.91021e-08
1.69702e-11
3.91294e-08
3.31742e-10
3.9061e-08
2.29694e-10
3.90787e-08
4.9807e-10
3.89845e-08
1.60867e-10
3.90644e-08
6.93003e-10
3.88776e-08
-9.35048e-11
3.89874e-08
1.59187e-09
3.87796e-08
7.0044e-10
3.87859e-08
3.87119e-10
3.87259e-08
1.10288e-09
3.86659e-08
8.40779e-10
3.86524e-08
1.87027e-09
3.85308e-08
1.49355e-09
3.8549e-08
1.47978e-09
3.84596e-08
2.09419e-09
3.84301e-08
2.31842e-09
2.81052e-09
4.02934e-08
-1.45921e-10
4.02836e-08
3.49916e-10
4.02496e-08
5.10028e-11
4.02685e-08
3.12816e-10
4.02113e-08
2.86933e-10
4.02166e-08
4.92765e-10
4.01339e-08
2.43532e-10
4.01982e-08
6.28737e-10
4.00317e-08
7.29501e-11
4.01307e-08
1.49291e-09
3.99558e-08
8.75373e-10
3.98797e-08
4.63163e-10
3.98909e-08
1.09167e-09
3.98037e-08
9.28016e-10
3.984e-08
1.83402e-09
3.9709e-08
1.62448e-09
3.96791e-08
1.50966e-09
3.96462e-08
2.12716e-09
3.96186e-08
2.346e-09
2.71135e-09
4.14721e-08
-1.4475e-10
4.14688e-08
3.53224e-10
4.14271e-08
9.26814e-11
4.14473e-08
2.92598e-10
4.13868e-08
3.47415e-10
4.14e-08
4.79535e-10
4.13136e-08
3.2996e-10
4.13669e-08
5.75483e-10
4.12218e-08
2.17984e-10
4.13052e-08
1.40953e-09
4.11463e-08
1.03425e-09
4.1053e-08
5.56483e-10
4.10858e-08
1.05892e-09
4.09935e-08
1.02024e-09
4.10313e-08
1.7963e-09
4.09522e-08
1.7036e-09
4.08697e-08
1.59209e-09
4.08174e-08
2.17947e-09
4.08515e-08
2.3119e-09
2.63354e-09
4.26853e-08
-1.41518e-10
4.2688e-08
3.50522e-10
4.26403e-08
1.40301e-10
4.26604e-08
2.72527e-10
4.25969e-08
4.10936e-10
4.26218e-08
4.54653e-10
4.25227e-08
4.29057e-10
4.25706e-08
5.27545e-10
4.24529e-08
3.35724e-10
4.25019e-08
1.36049e-09
4.23821e-08
1.15409e-09
4.22639e-08
6.74612e-10
4.23172e-08
1.00566e-09
4.22435e-08
1.09396e-09
4.22444e-08
1.79542e-09
4.22012e-08
1.74674e-09
4.20789e-08
1.71442e-09
4.20644e-08
2.19393e-09
4.21207e-08
2.25564e-09
2.57516e-09
4.39329e-08
-1.35103e-10
4.39408e-08
3.42629e-10
4.38943e-08
1.86801e-10
4.39027e-08
2.64213e-10
4.38545e-08
4.59067e-10
4.38589e-08
4.50313e-10
4.37945e-08
4.93428e-10
4.37919e-08
5.30121e-10
4.37285e-08
3.99088e-10
4.37227e-08
1.36635e-09
4.36499e-08
1.22686e-09
4.35154e-08
8.09083e-10
4.35901e-08
9.30994e-10
4.35109e-08
1.17316e-09
4.35265e-08
1.77981e-09
4.34488e-08
1.82448e-09
4.33383e-08
1.82491e-09
4.33458e-08
2.18645e-09
4.34072e-08
2.19421e-09
2.51209e-09
4.52189e-08
-1.27094e-10
4.52205e-08
3.41032e-10
4.51938e-08
2.1344e-10
4.51813e-08
2.76695e-10
4.51522e-08
4.88237e-10
4.51264e-08
4.76097e-10
4.5096e-08
5.23833e-10
4.50659e-08
5.60235e-10
4.50214e-08
4.43564e-10
4.50176e-08
1.3701e-09
4.49205e-08
1.324e-09
4.4826e-08
9.03615e-10
4.49009e-08
8.56071e-10
4.48172e-08
1.25681e-09
4.48281e-08
1.76898e-09
4.47415e-08
1.91104e-09
4.46378e-08
1.92858e-09
4.46867e-08
2.13759e-09
4.47334e-08
2.14755e-09
2.44357e-09
4.65436e-08
-1.18571e-10
4.65435e-08
3.41149e-10
4.65286e-08
2.28318e-10
4.64935e-08
3.11772e-10
4.65028e-08
4.78966e-10
4.64326e-08
5.46339e-10
4.64242e-08
5.3221e-10
4.63913e-08
5.9311e-10
4.63403e-08
4.94605e-10
4.63571e-08
1.35326e-09
4.62193e-08
1.46184e-09
4.61775e-08
9.45374e-10
4.62542e-08
7.79421e-10
4.61703e-08
1.34072e-09
4.61388e-08
1.80046e-09
4.60686e-08
1.98124e-09
4.60107e-08
1.98646e-09
4.6065e-08
2.08326e-09
4.61006e-08
2.11194e-09
2.38538e-09
4.79019e-08
-1.04225e-10
4.7919e-08
3.23965e-10
4.78784e-08
2.69012e-10
4.78701e-08
3.19996e-10
4.78629e-08
4.86227e-10
4.7799e-08
6.10207e-10
4.77952e-08
5.3598e-10
4.77488e-08
6.3956e-10
4.77069e-08
5.3647e-10
4.7698e-08
1.36216e-09
4.76195e-08
1.54037e-09
4.75422e-08
1.02267e-09
4.76496e-08
6.72058e-10
4.75429e-08
1.44741e-09
4.74843e-08
1.859e-09
4.74558e-08
2.00972e-09
4.74328e-08
2.0095e-09
4.74675e-08
2.04853e-09
4.75077e-08
2.07179e-09
2.36503e-09
4.92995e-08
-8.34415e-11
4.93341e-08
2.89381e-10
4.92768e-08
3.26291e-10
4.92813e-08
3.15452e-10
4.92499e-08
5.17685e-10
4.92145e-08
6.45562e-10
4.91966e-08
5.53859e-10
4.91683e-08
6.67938e-10
4.90919e-08
6.12869e-10
4.90873e-08
1.36675e-09
4.90761e-08
1.55151e-09
4.89858e-08
1.11301e-09
4.905e-08
6.07833e-10
4.89281e-08
1.56932e-09
4.88922e-08
1.89492e-09
4.89084e-08
1.9935e-09
4.88777e-08
2.04015e-09
4.88904e-08
2.03587e-09
4.89435e-08
2.0187e-09
2.36606e-09
5.07411e-08
-5.91181e-11
5.07621e-08
2.68386e-10
5.07329e-08
3.55522e-10
5.07166e-08
3.31705e-10
5.06946e-08
5.39717e-10
5.06699e-08
6.7031e-10
5.06364e-08
5.87333e-10
5.0629e-08
6.75305e-10
5.0529e-08
7.12912e-10
5.05351e-08
1.36065e-09
5.05339e-08
1.55274e-09
5.04978e-08
1.14905e-09
5.04271e-08
6.78563e-10
5.03966e-08
1.59985e-09
5.03562e-08
1.9353e-09
5.03812e-08
1.96845e-09
5.03448e-08
2.07658e-09
5.0378e-08
2.00272e-09
5.04022e-08
1.99444e-09
2.37605e-09
5.22279e-08
-3.40061e-11
5.22413e-08
2.54985e-10
5.2226e-08
3.70799e-10
5.21958e-08
3.61881e-10
5.2193e-08
5.42567e-10
5.21423e-08
7.21026e-10
5.21247e-08
6.04862e-10
5.21063e-08
6.93777e-10
5.20276e-08
7.91543e-10
5.20335e-08
1.3548e-09
5.20387e-08
1.54756e-09
5.20069e-08
1.18087e-09
5.19147e-08
7.70735e-10
5.18785e-08
1.63602e-09
5.18747e-08
1.93911e-09
5.18759e-08
1.96728e-09
5.18631e-08
2.08939e-09
5.19024e-08
1.96336e-09
5.19004e-08
1.99642e-09
2.33837e-09
5.37617e-08
-1.16056e-11
5.37698e-08
2.4689e-10
5.37617e-08
3.78873e-10
5.37247e-08
3.98913e-10
5.37151e-08
5.52159e-10
5.36899e-08
7.46293e-10
5.36499e-08
6.44803e-10
5.36456e-08
6.98089e-10
5.35673e-08
8.69897e-10
5.35769e-08
1.34511e-09
5.35817e-08
1.54276e-09
5.3557e-08
1.20563e-09
5.34521e-08
8.75627e-10
5.34203e-08
1.66781e-09
5.34232e-08
1.93618e-09
5.34247e-08
1.96579e-09
5.34359e-08
2.07817e-09
5.34422e-08
1.95711e-09
5.34554e-08
1.98324e-09
2.29301e-09
5.53364e-08
1.21222e-11
5.53436e-08
2.39718e-10
5.53353e-08
3.87104e-10
5.53002e-08
4.34013e-10
5.52877e-08
5.64677e-10
5.52847e-08
7.49357e-10
5.52247e-08
7.04756e-10
5.52076e-08
7.15186e-10
5.51716e-08
9.05925e-10
5.51663e-08
1.35038e-09
5.51642e-08
1.54488e-09
5.51449e-08
1.22488e-09
5.50349e-08
9.85651e-10
5.50086e-08
1.6941e-09
5.50212e-08
1.9236e-09
5.50264e-08
1.96056e-09
5.50435e-08
2.0611e-09
5.50357e-08
1.96496e-09
5.50507e-08
1.96824e-09
2.28249e-09
1.14558e-07
6.71404e-11
1.14584e-07
2.14058e-10
1.14548e-07
4.22716e-10
1.14499e-07
4.8304e-10
1.14472e-07
5.91908e-10
1.14448e-07
7.73485e-10
1.14383e-07
7.69049e-10
1.14329e-07
7.69278e-10
1.14318e-07
9.17503e-10
1.14251e-07
1.41736e-09
1.1424e-07
1.55556e-09
1.14198e-07
1.26721e-09
1.13993e-07
1.19039e-09
1.13988e-07
1.69845e-09
1.14004e-07
1.90853e-09
1.14022e-07
1.94216e-09
1.14073e-07
2.00981e-09
1.14054e-07
1.98453e-09
1.14039e-07
1.98246e-09
2.21458e-09
1.31615e-07
1.07842e-10
1.31647e-07
1.82451e-10
1.31596e-07
4.73667e-10
1.31638e-07
4.40942e-10
1.31521e-07
7.08281e-10
1.31449e-07
8.45483e-10
1.31462e-07
7.56645e-10
1.3143e-07
8.00939e-10
1.31277e-07
1.07087e-09
1.31313e-07
1.38062e-09
1.31251e-07
1.6177e-09
1.3126e-07
1.25872e-09
1.31035e-07
1.41502e-09
1.31223e-07
1.51078e-09
1.31076e-07
2.05548e-09
1.31107e-07
1.9108e-09
1.30975e-07
2.14201e-09
1.31038e-07
1.92146e-09
1.3136e-07
1.66095e-09
2.31453e-09
1.51214e-07
1.26381e-10
1.51211e-07
1.85854e-10
1.51206e-07
4.78448e-10
1.51167e-07
4.79489e-10
1.51112e-07
7.63267e-10
1.51103e-07
8.54682e-10
1.51033e-07
8.27093e-10
1.50978e-07
8.55494e-10
1.50918e-07
1.13125e-09
1.50879e-07
1.41984e-09
1.50874e-07
1.62188e-09
1.50854e-07
1.27865e-09
1.50754e-07
1.5156e-09
1.50821e-07
1.44369e-09
1.50729e-07
2.14721e-09
1.50699e-07
1.9407e-09
1.50701e-07
2.13992e-09
1.50788e-07
1.83515e-09
1.50872e-07
1.5765e-09
2.25823e-09
1.73712e-07
1.35334e-10
1.73678e-07
2.19481e-10
1.73744e-07
4.12748e-10
1.73599e-07
6.24307e-10
1.73599e-07
7.62942e-10
1.73615e-07
8.38876e-10
1.73585e-07
8.5723e-10
1.73539e-07
9.01672e-10
1.73458e-07
1.21247e-09
1.73358e-07
1.51939e-09
1.73413e-07
1.56647e-09
1.73362e-07
1.32977e-09
1.73437e-07
1.44074e-09
1.73216e-07
1.66488e-09
1.73347e-07
2.01612e-09
1.73319e-07
1.96861e-09
1.73585e-07
1.8742e-09
1.73546e-07
1.8741e-09
1.73255e-07
1.86705e-09
1.98344e-09
1.99549e-07
1.39203e-10
1.9953e-07
2.38067e-10
1.99508e-07
4.34416e-10
1.99496e-07
6.36361e-10
1.99488e-07
7.7184e-10
1.99489e-07
8.37229e-10
1.99457e-07
8.89886e-10
1.99421e-07
9.36785e-10
1.99344e-07
1.2899e-09
1.99358e-07
1.505e-09
1.99367e-07
1.5583e-09
1.9935e-07
1.3458e-09
1.99335e-07
1.4567e-09
1.99253e-07
1.74673e-09
1.99228e-07
2.04104e-09
1.99269e-07
1.92747e-09
1.99381e-07
1.76162e-09
1.99373e-07
1.88225e-09
1.99375e-07
1.86545e-09
1.94303e-09
2.29222e-07
2.29217e-07
2.292e-07
2.29202e-07
2.29189e-07
2.29208e-07
2.29205e-07
2.29172e-07
2.29153e-07
2.29192e-07
2.29253e-07
2.29174e-07
2.29077e-07
2.29007e-07
2.29015e-07
2.29153e-07
2.29211e-07
2.29196e-07
2.29165e-07
)
;

boundaryField
{
    top
    {
        type            calculated;
        value           nonuniform List<scalar> 
95
(
1.88873e-09
1.87297e-09
2.02477e-09
2.03986e-09
2.03174e-09
2.0011e-09
2.03165e-09
2.13851e-09
2.19412e-09
2.28534e-09
2.40463e-09
2.39812e-09
2.30036e-09
2.28223e-09
2.25414e-09
2.22771e-09
2.26207e-09
2.30418e-09
2.29196e-09
2.26586e-09
2.29148e-09
2.24188e-09
2.17141e-09
2.14644e-09
2.14126e-09
2.15077e-09
2.14795e-09
2.13279e-09
2.08166e-09
2.06198e-09
2.00525e-09
1.99846e-09
1.98516e-09
1.91778e-09
1.91442e-09
1.95639e-09
1.95914e-09
1.9355e-09
1.90676e-09
1.77494e-09
1.78844e-09
1.79611e-09
1.74883e-09
1.72447e-09
1.73786e-09
1.72284e-09
1.71339e-09
1.67577e-09
1.62911e-09
1.6376e-09
1.57901e-09
1.54672e-09
1.52384e-09
1.49177e-09
1.49291e-09
1.51578e-09
1.48419e-09
1.46619e-09
1.42887e-09
1.39232e-09
1.37533e-09
1.30882e-09
1.266e-09
1.26744e-09
1.26484e-09
1.23526e-09
1.22155e-09
1.20573e-09
1.18664e-09
1.15937e-09
1.14065e-09
1.13209e-09
1.1067e-09
1.09982e-09
1.08435e-09
1.42885e-10
2.42639e-10
4.51394e-10
6.34433e-10
7.85036e-10
8.18561e-10
8.92438e-10
9.69968e-10
1.30872e-09
1.46611e-09
1.4973e-09
1.42505e-09
1.5538e-09
1.81645e-09
2.03319e-09
1.7898e-09
1.70289e-09
1.89811e-09
1.89611e-09
1.97614e-09
)
;
    }
    inlet
    {
        type            calculated;
        value           nonuniform List<scalar> 
31
(
-1.14613e-07
-1.31656e-07
-1.51233e-07
-1.73721e-07
-1.99553e-07
-2.29226e-07
-2.76801e-08
-2.84911e-08
-2.9326e-08
-3.01853e-08
-3.10698e-08
-3.19802e-08
-3.29173e-08
-3.38819e-08
-3.48747e-08
-3.58966e-08
-3.69484e-08
-3.80311e-08
-3.91455e-08
-4.02926e-08
-4.14732e-08
-4.26885e-08
-4.39394e-08
-4.52269e-08
-4.65521e-08
-4.79162e-08
-4.93203e-08
-5.07655e-08
-5.2253e-08
-5.37841e-08
-5.53601e-08
)
;
    }
    outlet
    {
        type            calculated;
        value           nonuniform List<scalar> 
31
(
1.15143e-07
1.32214e-07
1.518e-07
1.74253e-07
1.99995e-07
2.29485e-07
1.38057e-09
4.3198e-09
7.48529e-09
1.08381e-08
1.43279e-08
1.78906e-08
2.14474e-08
2.49076e-08
2.81768e-08
3.11712e-08
3.38339e-08
3.61471e-08
3.8135e-08
3.98547e-08
4.13803e-08
4.27858e-08
4.41327e-08
4.54647e-08
4.68091e-08
4.8181e-08
4.95885e-08
5.10352e-08
5.2523e-08
5.40542e-08
5.56298e-08
)
;
    }
    plate
    {
        type            calculated;
        value           uniform 0;
    }
    symmBound
    {
        type            calculated;
        value           nonuniform List<scalar> 
20
(
7.52991e-11
-9.94452e-11
1.6079e-10
-2.26621e-10
2.02125e-10
-3.76481e-10
1.92312e-10
-2.33118e-10
3.66636e-10
-6.9544e-10
-1.45879e-11
-5.11328e-11
1.38281e-10
-3.00208e-10
-3.34862e-10
-4.86252e-10
1.76689e-11
-8.75081e-10
2.11568e-10
-1.93478e-09
)
;
    }
    frontAndBack
    {
        type            empty;
        value           nonuniform 0();
    }
}


// ************************************************************************* //
