/*--------------------------------*- C++ -*----------------------------------*\
| =========                 |                                                 |
| \\      /  F ield         | OpenFOAM: The Open Source CFD Toolbox           |
|  \\    /   O peration     | Version:  2.3.0                                 |
|   \\  /    A nd           | Web:      www.OpenFOAM.org                      |
|    \\/     M anipulation  |                                                 |
\*---------------------------------------------------------------------------*/
FoamFile
{
    version     2.0;
    format      ascii;
    class       volVectorField;
    location    "0.15";
    object      U_0;
}
// * * * * * * * * * * * * * * * * * * * * * * * * * * * * * * * * * * * * * //

dimensions      [0 1 -1 0 0 0 0];

internalField   nonuniform List<vector> 
3105
(
(0.171673 0.0058329 0)
(0.155069 0.00597988 0)
(0.139268 0.00560304 0)
(0.124282 0.00501809 0)
(0.110493 0.00436152 0)
(0.0980953 0.00369246 0)
(0.0871183 0.00304863 0)
(0.0775305 0.00245623 0)
(0.0692751 0.00193151 0)
(0.0622675 0.00148283 0)
(0.0563943 0.00111216 0)
(0.0515225 0.000816209 0)
(0.0475106 0.00058764 0)
(0.0442186 0.000416712 0)
(0.0415159 0.00029282 0)
(0.0392857 0.000205728 0)
(0.0374288 0.000146338 0)
(0.0358635 0.000107045 0)
(0.0345247 8.17991e-05 0)
(0.0333623 6.59914e-05 0)
(0.0323387 5.62522e-05 0)
(0.0314258 5.02214e-05 0)
(0.0306033 4.63209e-05 0)
(0.0298566 4.35488e-05 0)
(0.0291751 4.13083e-05 0)
(0.0285508 3.92728e-05 0)
(0.0279781 3.72878e-05 0)
(0.0274526 3.53003e-05 0)
(0.0269708 3.33105e-05 0)
(0.02653 3.13357e-05 0)
(0.0261278 2.93817e-05 0)
(0.0257625 2.74176e-05 0)
(0.0254329 2.53549e-05 0)
(0.0251387 2.3034e-05 0)
(0.0248802 2.02303e-05 0)
(0.024659 1.67218e-05 0)
(0.0244779 1.24552e-05 0)
(0.0243411 7.59197e-06 0)
(0.0242546 2.43481e-06 0)
(0.0242256 -1.45337e-06 0)
(0.0242455 -5.17488e-06 0)
(0.0242966 -7.77924e-06 0)
(0.0243708 -1.00952e-05 0)
(0.0244599 -1.15813e-05 0)
(0.024557 -1.21145e-05 0)
(0.0246562 -1.19177e-05 0)
(0.0247531 -1.12648e-05 0)
(0.0248449 -1.03676e-05 0)
(0.0249299 -9.36994e-06 0)
(0.0250072 -8.36398e-06 0)
(0.0250767 -7.40442e-06 0)
(0.0251387 -6.51986e-06 0)
(0.0251936 -5.72177e-06 0)
(0.0252421 -5.01131e-06 0)
(0.0252847 -4.38394e-06 0)
(0.0253221 -3.8324e-06 0)
(0.0253549 -3.34858e-06 0)
(0.0253835 -2.92449e-06 0)
(0.0254085 -2.55284e-06 0)
(0.0254303 -2.22726e-06 0)
(0.0254494 -1.94223e-06 0)
(0.0254659 -1.69303e-06 0)
(0.0254804 -1.47559e-06 0)
(0.0254929 -1.28637e-06 0)
(0.0255039 -1.12221e-06 0)
(0.0255135 -9.8029e-07 0)
(0.025522 -8.58024e-07 0)
(0.0255294 -7.53015e-07 0)
(0.0255359 -6.63043e-07 0)
(0.0255417 -5.86058e-07 0)
(0.0255469 -5.20178e-07 0)
(0.0255515 -4.6369e-07 0)
(0.0255557 -4.15068e-07 0)
(0.0255594 -3.72982e-07 0)
(0.0255628 -3.36275e-07 0)
(0.0255659 -3.03993e-07 0)
(0.0255688 -2.75335e-07 0)
(0.0255713 -2.49667e-07 0)
(0.0255737 -2.26485e-07 0)
(0.0255759 -2.054e-07 0)
(0.0255778 -1.86118e-07 0)
(0.0255796 -1.68414e-07 0)
(0.0255813 -1.52115e-07 0)
(0.0255827 -1.37086e-07 0)
(0.0255841 -1.23218e-07 0)
(0.0255853 -1.10421e-07 0)
(0.0255864 -9.86117e-08 0)
(0.0255874 -8.77112e-08 0)
(0.0255883 -7.76511e-08 0)
(0.0255891 -6.83479e-08 0)
(0.0255898 -5.97379e-08 0)
(0.0255904 -5.17361e-08 0)
(0.0255909 -4.42636e-08 0)
(0.0255914 -3.72268e-08 0)
(0.0255918 -3.04975e-08 0)
(0.0255921 -2.39088e-08 0)
(0.0255924 -1.71771e-08 0)
(0.0255926 -9.8869e-09 0)
(0.0255927 -3.5596e-09 0)
(0.0255927 5.93168e-09 0)
(0.190708 0.00924856 0)
(0.18836 0.00987001 0)
(0.184498 0.00970747 0)
(0.179401 0.009228 0)
(0.173536 0.00860146 0)
(0.167261 0.00788322 0)
(0.160806 0.00711161 0)
(0.15434 0.00632179 0)
(0.147996 0.00554376 0)
(0.141877 0.00480209 0)
(0.13605 0.004116 0)
(0.130557 0.00349875 0)
(0.125419 0.00295749 0)
(0.12064 0.00249359 0)
(0.116213 0.00210378 0)
(0.112125 0.00178142 0)
(0.108355 0.00151795 0)
(0.104883 0.00130407 0)
(0.101686 0.00113073 0)
(0.0987402 0.000989753 0)
(0.0960258 0.000874116 0)
(0.0935228 0.000778072 0)
(0.0912133 0.000697073 0)
(0.0890813 0.000627613 0)
(0.0871131 0.000567044 0)
(0.0852963 0.000513394 0)
(0.0836207 0.0004652 0)
(0.0820773 0.000421377 0)
(0.0806589 0.000381102 0)
(0.0793594 0.000343727 0)
(0.078174 0.000308692 0)
(0.0770992 0.000275456 0)
(0.0761331 0.000243437 0)
(0.0752746 0.000211978 0)
(0.0745245 0.000180333 0)
(0.0738843 0.000147742 0)
(0.0733564 0.000113652 0)
(0.0729426 7.78795e-05 0)
(0.0726422 4.04249e-05 0)
(0.0724509 3.01148e-06 0)
(0.0723835 -2.97611e-05 0)
(0.0724198 -5.06836e-05 0)
(0.0725229 -6.17205e-05 0)
(0.0726702 -6.69484e-05 0)
(0.0728442 -6.82845e-05 0)
(0.0730315 -6.66642e-05 0)
(0.0732216 -6.29775e-05 0)
(0.0734073 -5.80697e-05 0)
(0.0735838 -5.26088e-05 0)
(0.0737481 -4.70569e-05 0)
(0.0738988 -4.17055e-05 0)
(0.0740354 -3.67195e-05 0)
(0.0741581 -3.21764e-05 0)
(0.0742676 -2.80981e-05 0)
(0.0743646 -2.44736e-05 0)
(0.0744503 -2.12745e-05 0)
(0.0745255 -1.84644e-05 0)
(0.0745913 -1.60051e-05 0)
(0.0746487 -1.38594e-05 0)
(0.0746985 -1.19926e-05 0)
(0.0747417 -1.03733e-05 0)
(0.0747791 -8.97296e-06 0)
(0.0748113 -7.76602e-06 0)
(0.0748392 -6.72926e-06 0)
(0.0748633 -5.84163e-06 0)
(0.0748841 -5.08403e-06 0)
(0.0749021 -4.43908e-06 0)
(0.0749178 -3.89097e-06 0)
(0.0749315 -3.42547e-06 0)
(0.0749436 -3.02982e-06 0)
(0.0749543 -2.69271e-06 0)
(0.0749638 -2.40429e-06 0)
(0.0749722 -2.15604e-06 0)
(0.0749799 -1.94077e-06 0)
(0.0749868 -1.75247e-06 0)
(0.074993 -1.58624e-06 0)
(0.0749987 -1.43814e-06 0)
(0.0750039 -1.30503e-06 0)
(0.0750087 -1.18451e-06 0)
(0.075013 -1.07469e-06 0)
(0.075017 -9.74169e-07 0)
(0.0750206 -8.81842e-07 0)
(0.0750239 -7.96864e-07 0)
(0.0750269 -7.18555e-07 0)
(0.0750296 -6.4636e-07 0)
(0.0750321 -5.79792e-07 0)
(0.0750343 -5.18421e-07 0)
(0.0750363 -4.6183e-07 0)
(0.0750381 -4.09639e-07 0)
(0.0750397 -3.61448e-07 0)
(0.0750411 -3.16887e-07 0)
(0.0750424 -2.75564e-07 0)
(0.0750435 -2.37073e-07 0)
(0.0750444 -2.00979e-07 0)
(0.0750453 -1.66739e-07 0)
(0.0750459 -1.33672e-07 0)
(0.0750465 -1.00779e-07 0)
(0.0750469 -6.66164e-08 0)
(0.0750472 -3.07917e-08 0)
(0.0750472 8.4737e-09 0)
(0.193682 0.00890354 0)
(0.194445 0.00992726 0)
(0.194619 0.0103106 0)
(0.194021 0.0103344 0)
(0.192739 0.0101211 0)
(0.190892 0.00971672 0)
(0.188574 0.00916517 0)
(0.185873 0.00851531 0)
(0.18288 0.00781277 0)
(0.179683 0.0070964 0)
(0.176359 0.0063974 0)
(0.172972 0.00573879 0)
(0.169574 0.00513529 0)
(0.166206 0.00459415 0)
(0.162897 0.00411652 0)
(0.159669 0.00369924 0)
(0.156537 0.00333648 0)
(0.153509 0.00302124 0)
(0.150592 0.00274631 0)
(0.147787 0.00250501 0)
(0.145097 0.00229148 0)
(0.142521 0.00210077 0)
(0.14006 0.00192886 0)
(0.137712 0.00177249 0)
(0.135478 0.00162904 0)
(0.133358 0.00149641 0)
(0.13135 0.00137288 0)
(0.129456 0.00125703 0)
(0.127676 0.00114765 0)
(0.126011 0.00104365 0)
(0.124463 0.000943979 0)
(0.123034 0.000847624 0)
(0.121727 0.000753526 0)
(0.120546 0.000660631 0)
(0.119493 0.000567958 0)
(0.118573 0.000474754 0)
(0.117788 0.000380721 0)
(0.117139 0.000286326 0)
(0.116623 0.000192999 0)
(0.116227 0.000102338 0)
(0.115925 1.86374e-05 0)
(0.115737 -5.12572e-05 0)
(0.115672 -0.000100722 0)
(0.115695 -0.000130428 0)
(0.115785 -0.000145649 0)
(0.11592 -0.000150686 0)
(0.116084 -0.000148606 0)
(0.116266 -0.00014179 0)
(0.116455 -0.000132109 0)
(0.116643 -0.000120952 0)
(0.116827 -0.00010929 0)
(0.117002 -9.77614e-05 0)
(0.117167 -8.67605e-05 0)
(0.117319 -7.65072e-05 0)
(0.117458 -6.71074e-05 0)
(0.117585 -5.85934e-05 0)
(0.117698 -5.09536e-05 0)
(0.1178 -4.41509e-05 0)
(0.11789 -3.81349e-05 0)
(0.117969 -3.28487e-05 0)
(0.118038 -2.82327e-05 0)
(0.118097 -2.4227e-05 0)
(0.118149 -2.07726e-05 0)
(0.118193 -1.78118e-05 0)
(0.118231 -1.52889e-05 0)
(0.118263 -1.3151e-05 0)
(0.118291 -1.13478e-05 0)
(0.118314 -9.83261e-06 0)
(0.118334 -8.56229e-06 0)
(0.118351 -7.49792e-06 0)
(0.118365 -6.60484e-06 0)
(0.118378 -5.85273e-06 0)
(0.118389 -5.21555e-06 0)
(0.118398 -4.67138e-06 0)
(0.118407 -4.20208e-06 0)
(0.118414 -3.79296e-06 0)
(0.118421 -3.43235e-06 0)
(0.118427 -3.11109e-06 0)
(0.118432 -2.82218e-06 0)
(0.118437 -2.56028e-06 0)
(0.118442 -2.32142e-06 0)
(0.118446 -2.10258e-06 0)
(0.11845 -1.90148e-06 0)
(0.118453 -1.71634e-06 0)
(0.118456 -1.54573e-06 0)
(0.118459 -1.38844e-06 0)
(0.118462 -1.24342e-06 0)
(0.118464 -1.10969e-06 0)
(0.118466 -9.86323e-07 0)
(0.118468 -8.72428e-07 0)
(0.118469 -7.67121e-07 0)
(0.118471 -6.69523e-07 0)
(0.118472 -5.78711e-07 0)
(0.118473 -4.93722e-07 0)
(0.118474 -4.1341e-07 0)
(0.118475 -3.36354e-07 0)
(0.118476 -2.60565e-07 0)
(0.118476 -1.83029e-07 0)
(0.118477 -9.8839e-08 0)
(0.118477 -4.1035e-09 0)
(0.194718 0.00827552 0)
(0.195844 0.00935854 0)
(0.196897 0.00995097 0)
(0.197656 0.0102116 0)
(0.198081 0.010233 0)
(0.198175 0.010054 0)
(0.197937 0.00971007 0)
(0.197373 0.00924283 0)
(0.196507 0.00869398 0)
(0.195374 0.00810097 0)
(0.194017 0.00749562 0)
(0.192478 0.00690313 0)
(0.190798 0.00634161 0)
(0.189013 0.00582223 0)
(0.187157 0.00535018 0)
(0.185255 0.00492604 0)
(0.183328 0.00454725 0)
(0.181392 0.00420938 0)
(0.179461 0.00390718 0)
(0.177545 0.00363528 0)
(0.175651 0.00338868 0)
(0.173785 0.00316297 0)
(0.171954 0.00295436 0)
(0.170163 0.00275973 0)
(0.168416 0.00257651 0)
(0.166719 0.00240259 0)
(0.165076 0.00223623 0)
(0.163491 0.00207598 0)
(0.161972 0.00192055 0)
(0.160522 0.00176879 0)
(0.159148 0.00161958 0)
(0.157856 0.00147178 0)
(0.156652 0.00132431 0)
(0.155542 0.00117616 0)
(0.154532 0.00102657 0)
(0.153628 0.000875277 0)
(0.152832 0.000722885 0)
(0.152146 0.000571279 0)
(0.151567 0.0004242 0)
(0.15109 0.000286949 0)
(0.150705 0.000163151 0)
(0.150388 5.33751e-05 0)
(0.150138 -3.88358e-05 0)
(0.149978 -0.000108441 0)
(0.149895 -0.000155537 0)
(0.149875 -0.000184188 0)
(0.149907 -0.000198748 0)
(0.149978 -0.000202889 0)
(0.15008 -0.000199619 0)
(0.150202 -0.00019134 0)
(0.150338 -0.00017989 0)
(0.150483 -0.000166624 0)
(0.15063 -0.000152509 0)
(0.150776 -0.000138215 0)
(0.150919 -0.000124196 0)
(0.151055 -0.000110748 0)
(0.151184 -9.80642e-05 0)
(0.151304 -8.62607e-05 0)
(0.151415 -7.54036e-05 0)
(0.151515 -6.55227e-05 0)
(0.151605 -5.66209e-05 0)
(0.151685 -4.86808e-05 0)
(0.151756 -4.16686e-05 0)
(0.151817 -3.5537e-05 0)
(0.15187 -3.02278e-05 0)
(0.151915 -2.56748e-05 0)
(0.151953 -2.18061e-05 0)
(0.151984 -1.85465e-05 0)
(0.152011 -1.58208e-05 0)
(0.152033 -1.35553e-05 0)
(0.152051 -1.16802e-05 0)
(0.152066 -1.01312e-05 0)
(0.152078 -8.85082e-06 0)
(0.152089 -7.7884e-06 0)
(0.152097 -6.90088e-06 0)
(0.152105 -6.15235e-06 0)
(0.152111 -5.5136e-06 0)
(0.152116 -4.96135e-06 0)
(0.152121 -4.47752e-06 0)
(0.152125 -4.04829e-06 0)
(0.152129 -3.66333e-06 0)
(0.152132 -3.31498e-06 0)
(0.152135 -2.99761e-06 0)
(0.152138 -2.70701e-06 0)
(0.15214 -2.44008e-06 0)
(0.152143 -2.19435e-06 0)
(0.152145 -1.96786e-06 0)
(0.152146 -1.75891e-06 0)
(0.152148 -1.566e-06 0)
(0.15215 -1.38771e-06 0)
(0.152151 -1.22268e-06 0)
(0.152152 -1.06959e-06 0)
(0.152153 -9.27043e-07 0)
(0.152154 -7.93602e-07 0)
(0.152155 -6.67597e-07 0)
(0.152155 -5.46954e-07 0)
(0.152156 -4.28791e-07 0)
(0.152156 -3.08506e-07 0)
(0.152156 -1.77457e-07 0)
(0.152157 -1.71754e-08 0)
(0.195454 0.00777668 0)
(0.196447 0.0087764 0)
(0.197523 0.00939482 0)
(0.198519 0.00972638 0)
(0.199381 0.00984517 0)
(0.200088 0.00978621 0)
(0.200617 0.00957637 0)
(0.200947 0.00924702 0)
(0.201067 0.00883132 0)
(0.200984 0.00836056 0)
(0.20071 0.0078626 0)
(0.200266 0.00736074 0)
(0.199674 0.00687287 0)
(0.198959 0.00641124 0)
(0.198143 0.00598288 0)
(0.197247 0.00559052 0)
(0.196289 0.00523371 0)
(0.195284 0.00490991 0)
(0.194243 0.00461543 0)
(0.193175 0.00434613 0)
(0.192089 0.00409792 0)
(0.190992 0.00386701 0)
(0.189889 0.00365008 0)
(0.188785 0.00344428 0)
(0.187685 0.00324721 0)
(0.186595 0.00305685 0)
(0.185519 0.00287152 0)
(0.184462 0.00268974 0)
(0.18343 0.0025102 0)
(0.182429 0.00233168 0)
(0.181464 0.00215301 0)
(0.180541 0.00197306 0)
(0.179666 0.00179081 0)
(0.178845 0.00160544 0)
(0.178084 0.00141659 0)
(0.177385 0.00122464 0)
(0.176753 0.00103108 0)
(0.176187 0.000838886 0)
(0.175688 0.000652733 0)
(0.175252 0.000478555 0)
(0.174878 0.000322156 0)
(0.174561 0.000186404 0)
(0.174287 7.05165e-05 0)
(0.174047 -2.53504e-05 0)
(0.17386 -9.93249e-05 0)
(0.173722 -0.000152398 0)
(0.173629 -0.000187842 0)
(0.173576 -0.000209262 0)
(0.173559 -0.000219854 0)
(0.173572 -0.000222302 0)
(0.173609 -0.00021879 0)
(0.173666 -0.000211037 0)
(0.173738 -0.000200369 0)
(0.173821 -0.000187786 0)
(0.173912 -0.000174043 0)
(0.174007 -0.000159707 0)
(0.174104 -0.000145205 0)
(0.1742 -0.000130867 0)
(0.174294 -0.000116948 0)
(0.174384 -0.000103644 0)
(0.174469 -9.11083e-05 0)
(0.174547 -7.94551e-05 0)
(0.174618 -6.87638e-05 0)
(0.174682 -5.90817e-05 0)
(0.174738 -5.04264e-05 0)
(0.174787 -4.27879e-05 0)
(0.174829 -3.61324e-05 0)
(0.174865 -3.0405e-05 0)
(0.174894 -2.55354e-05 0)
(0.174918 -2.14413e-05 0)
(0.174938 -1.80345e-05 0)
(0.174953 -1.52244e-05 0)
(0.174966 -1.29224e-05 0)
(0.174975 -1.1045e-05 0)
(0.174983 -9.51605e-06 0)
(0.174988 -8.26859e-06 0)
(0.174993 -7.24505e-06 0)
(0.174996 -6.39743e-06 0)
(0.174999 -5.6868e-06 0)
(0.175001 -5.08236e-06 0)
(0.175002 -4.56029e-06 0)
(0.175004 -4.1026e-06 0)
(0.175005 -3.6959e-06 0)
(0.175006 -3.33036e-06 0)
(0.175006 -2.99886e-06 0)
(0.175007 -2.69619e-06 0)
(0.175008 -2.41848e-06 0)
(0.175008 -2.16277e-06 0)
(0.175009 -1.92668e-06 0)
(0.175009 -1.70821e-06 0)
(0.17501 -1.50556e-06 0)
(0.17501 -1.31706e-06 0)
(0.175011 -1.14101e-06 0)
(0.175011 -9.75705e-07 0)
(0.175011 -8.19152e-07 0)
(0.175011 -6.68902e-07 0)
(0.175011 -5.21568e-07 0)
(0.175011 -3.71662e-07 0)
(0.175011 -2.0843e-07 0)
(0.175011 2.32457e-09 0)
(0.196081 0.00734233 0)
(0.196906 0.00822927 0)
(0.197847 0.00882498 0)
(0.198788 0.00917861 0)
(0.199678 0.00934354 0)
(0.200495 0.00935013 0)
(0.201214 0.0092208 0)
(0.201815 0.00898074 0)
(0.202282 0.00865729 0)
(0.202611 0.00827696 0)
(0.202805 0.00786377 0)
(0.20287 0.00743831 0)
(0.202819 0.00701695 0)
(0.202666 0.00661153 0)
(0.202427 0.00622949 0)
(0.202115 0.00587452 0)
(0.201743 0.0055474 0)
(0.201322 0.00524686 0)
(0.200862 0.00497038 0)
(0.200369 0.00471479 0)
(0.199849 0.00447678 0)
(0.199308 0.00425312 0)
(0.198749 0.00404088 0)
(0.198176 0.00383743 0)
(0.197593 0.00364052 0)
(0.197003 0.00344818 0)
(0.196409 0.00325872 0)
(0.195815 0.00307061 0)
(0.195225 0.00288251 0)
(0.194642 0.00269314 0)
(0.19407 0.00250132 0)
(0.193513 0.00230596 0)
(0.192974 0.00210617 0)
(0.192459 0.00190138 0)
(0.191968 0.0016916 0)
(0.191505 0.00147772 0)
(0.191071 0.00126186 0)
(0.190667 0.00104757 0)
(0.190292 0.000839869 0)
(0.189945 0.000644716 0)
(0.189629 0.000467893 0)
(0.189342 0.000313387 0)
(0.189086 0.000182364 0)
(0.188855 7.31594e-05 0)
(0.188641 -1.5694e-05 0)
(0.188456 -8.48393e-05 0)
(0.1883 -0.00013605 0)
(0.188172 -0.000172121 0)
(0.188072 -0.000195939 0)
(0.187997 -0.000210056 0)
(0.187945 -0.000216609 0)
(0.187913 -0.000217341 0)
(0.1879 -0.000213639 0)
(0.187902 -0.000206598 0)
(0.187917 -0.000197076 0)
(0.187942 -0.000185754 0)
(0.187976 -0.000173177 0)
(0.188017 -0.000159792 0)
(0.188061 -0.000145975 0)
(0.188108 -0.000132049 0)
(0.188156 -0.00011829 0)
(0.188203 -0.000104939 0)
(0.188248 -9.21973e-05 0)
(0.18829 -8.02309e-05 0)
(0.188329 -6.91668e-05 0)
(0.188363 -5.90937e-05 0)
(0.188394 -5.00617e-05 0)
(0.18842 -4.20851e-05 0)
(0.188442 -3.51449e-05 0)
(0.188459 -2.9194e-05 0)
(0.188473 -2.41629e-05 0)
(0.188484 -1.99661e-05 0)
(0.188492 -1.65082e-05 0)
(0.188497 -1.36902e-05 0)
(0.188501 -1.14142e-05 0)
(0.188503 -9.58793e-06 0)
(0.188504 -8.12743e-06 0)
(0.188504 -6.95887e-06 0)
(0.188503 -6.01944e-06 0)
(0.188502 -5.25725e-06 0)
(0.188501 -4.63061e-06 0)
(0.188499 -4.10689e-06 0)
(0.188498 -3.66115e-06 0)
(0.188497 -3.27475e-06 0)
(0.188495 -2.93404e-06 0)
(0.188494 -2.62918e-06 0)
(0.188493 -2.35309e-06 0)
(0.188492 -2.10068e-06 0)
(0.188491 -1.86823e-06 0)
(0.18849 -1.65292e-06 0)
(0.188489 -1.45247e-06 0)
(0.188488 -1.26497e-06 0)
(0.188488 -1.08864e-06 0)
(0.188487 -9.21697e-07 0)
(0.188486 -7.62161e-07 0)
(0.188486 -6.07551e-07 0)
(0.188485 -4.54419e-07 0)
(0.188485 -2.97334e-07 0)
(0.188484 -1.24873e-07 0)
(0.188484 1.02364e-07 0)
(0.19663 0.00696678 0)
(0.197318 0.00774608 0)
(0.19812 0.00830457 0)
(0.198955 0.00866072 0)
(0.199774 0.00884899 0)
(0.200552 0.00889431 0)
(0.20127 0.00881634 0)
(0.201909 0.00863636 0)
(0.202456 0.00837758 0)
(0.202905 0.00806285 0)
(0.203256 0.00771308 0)
(0.203511 0.00734642 0)
(0.20368 0.00697763 0)
(0.20377 0.00661776 0)
(0.203794 0.00627422 0)
(0.20376 0.00595118 0)
(0.203679 0.0056502 0)
(0.203559 0.00537092 0)
(0.203407 0.00511171 0)
(0.203229 0.0048702 0)
(0.203028 0.0046437 0)
(0.202809 0.00442948 0)
(0.202574 0.00422492 0)
(0.202325 0.00402765 0)
(0.202064 0.00383552 0)
(0.201794 0.00364662 0)
(0.201515 0.00345928 0)
(0.20123 0.00327195 0)
(0.200941 0.00308328 0)
(0.200648 0.00289198 0)
(0.200355 0.00269689 0)
(0.200062 0.00249702 0)
(0.199771 0.0022916 0)
(0.199483 0.00208029 0)
(0.199199 0.00186339 0)
(0.198919 0.00164211 0)
(0.198644 0.00141882 0)
(0.198372 0.00119721 0)
(0.198104 0.000982188 0)
(0.19784 0.000779348 0)
(0.197584 0.00059399 0)
(0.197336 0.000430013 0)
(0.197101 0.000289307 0)
(0.19688 0.00017165 0)
(0.196673 7.49448e-05 0)
(0.196477 -3.01763e-06 0)
(0.196297 -6.40179e-05 0)
(0.196134 -0.000110159 0)
(0.19599 -0.000143809 0)
(0.195863 -0.000167256 0)
(0.195754 -0.000182486 0)
(0.195661 -0.000191148 0)
(0.195584 -0.000194579 0)
(0.195521 -0.00019385 0)
(0.195471 -0.000189816 0)
(0.195433 -0.000183166 0)
(0.195405 -0.000174466 0)
(0.195385 -0.000164193 0)
(0.195374 -0.000152762 0)
(0.195368 -0.000140541 0)
(0.195367 -0.000127867 0)
(0.19537 -0.000115046 0)
(0.195376 -0.000102356 0)
(0.195383 -9.00433e-05 0)
(0.195391 -7.83191e-05 0)
(0.195398 -6.73559e-05 0)
(0.195405 -5.72841e-05 0)
(0.195411 -4.81911e-05 0)
(0.195416 -4.01222e-05 0)
(0.195419 -3.30829e-05 0)
(0.195421 -2.70444e-05 0)
(0.195422 -2.19491e-05 0)
(0.195421 -1.77182e-05 0)
(0.195419 -1.42588e-05 0)
(0.195416 -1.14706e-05 0)
(0.195412 -9.25263e-06 0)
(0.195408 -7.5078e-06 0)
(0.195404 -6.14675e-06 0)
(0.1954 -5.09035e-06 0)
(0.195395 -4.27091e-06 0)
(0.195391 -3.63227e-06 0)
(0.195387 -3.12919e-06 0)
(0.195383 -2.72624e-06 0)
(0.195379 -2.39636e-06 0)
(0.195376 -2.11951e-06 0)
(0.195372 -1.88112e-06 0)
(0.19537 -1.67086e-06 0)
(0.195367 -1.48147e-06 0)
(0.195364 -1.30788e-06 0)
(0.195362 -1.14655e-06 0)
(0.19536 -9.94909e-07 0)
(0.195358 -8.51011e-07 0)
(0.195357 -7.13205e-07 0)
(0.195355 -5.79974e-07 0)
(0.195354 -4.49693e-07 0)
(0.195353 -3.20453e-07 0)
(0.195352 -1.89346e-07 0)
(0.19535 -5.11947e-08 0)
(0.195349 1.05247e-07 0)
(0.195348 3.13258e-07 0)
(0.197112 0.00664005 0)
(0.197694 0.00732221 0)
(0.198378 0.00783637 0)
(0.199108 0.00818338 0)
(0.199841 0.00838306 0)
(0.20055 0.00845445 0)
(0.201217 0.00841426 0)
(0.201826 0.00828037 0)
(0.202365 0.00807235 0)
(0.202829 0.00780978 0)
(0.203214 0.00751091 0)
(0.203526 0.00719179 0)
(0.203767 0.00686575 0)
(0.203947 0.00654308 0)
(0.204073 0.00623103 0)
(0.204153 0.00593407 0)
(0.204196 0.00565436 0)
(0.204208 0.00539228 0)
(0.204195 0.00514694 0)
(0.204162 0.00491668 0)
(0.204113 0.00469939 0)
(0.204051 0.00449282 0)
(0.203976 0.00429471 0)
(0.203892 0.00410294 0)
(0.203799 0.00391553 0)
(0.203698 0.00373069 0)
(0.203589 0.0035468 0)
(0.203474 0.00336237 0)
(0.203353 0.00317607 0)
(0.203226 0.00298667 0)
(0.203094 0.00279308 0)
(0.202956 0.0025944 0)
(0.202812 0.00239002 0)
(0.202662 0.00217977 0)
(0.202505 0.00196413 0)
(0.20234 0.00174442 0)
(0.202165 0.00152306 0)
(0.201981 0.00130355 0)
(0.201786 0.00109041 0)
(0.201582 0.000888639 0)
(0.201371 0.000702954 0)
(0.201157 0.000536926 0)
(0.200942 0.000392497 0)
(0.200732 0.00026994 0)
(0.200529 0.000168117 0)
(0.200334 8.49195e-05 0)
(0.200147 1.7996e-05 0)
(0.19997 -3.47428e-05 0)
(0.199806 -7.53258e-05 0)
(0.199653 -0.000105727 0)
(0.199513 -0.000127741 0)
(0.199385 -0.000142903 0)
(0.19927 -0.000152477 0)
(0.199166 -0.000157484 0)
(0.199074 -0.000158749 0)
(0.198991 -0.000156939 0)
(0.198919 -0.000152607 0)
(0.198856 -0.000146222 0)
(0.198801 -0.000138197 0)
(0.198753 -0.000128909 0)
(0.198712 -0.000118705 0)
(0.198678 -0.000107913 0)
(0.198648 -9.68401e-05 0)
(0.198622 -8.57697e-05 0)
(0.1986 -7.49559e-05 0)
(0.198581 -6.46187e-05 0)
(0.198565 -5.49388e-05 0)
(0.19855 -4.60539e-05 0)
(0.198537 -3.80571e-05 0)
(0.198524 -3.09981e-05 0)
(0.198513 -2.48861e-05 0)
(0.198502 -1.96952e-05 0)
(0.198492 -1.53711e-05 0)
(0.198482 -1.18379e-05 0)
(0.198472 -9.00637e-06 0)
(0.198463 -6.7806e-06 0)
(0.198455 -5.06416e-06 0)
(0.198446 -3.76487e-06 0)
(0.198438 -2.79862e-06 0)
(0.198431 -2.09155e-06 0)
(0.198424 -1.58113e-06 0)
(0.198418 -1.21607e-06 0)
(0.198412 -9.55744e-07 0)
(0.198406 -7.68845e-07 0)
(0.198401 -6.31842e-07 0)
(0.198397 -5.2754e-07 0)
(0.198393 -4.43759e-07 0)
(0.198389 -3.72105e-07 0)
(0.198385 -3.0694e-07 0)
(0.198382 -2.44573e-07 0)
(0.198379 -1.82574e-07 0)
(0.198377 -1.19351e-07 0)
(0.198374 -5.37281e-08 0)
(0.198372 1.52651e-08 0)
(0.19837 8.86512e-08 0)
(0.198368 1.67679e-07 0)
(0.198367 2.54467e-07 0)
(0.198365 3.53157e-07 0)
(0.198364 4.72235e-07 0)
(0.198363 6.30473e-07 0)
(0.197537 0.00635038 0)
(0.198035 0.00694682 0)
(0.198622 0.00741452 0)
(0.199258 0.00774565 0)
(0.199908 0.00794962 0)
(0.200548 0.0080397 0)
(0.201156 0.00802936 0)
(0.201719 0.00793332 0)
(0.202227 0.00776783 0)
(0.202673 0.00754953 0)
(0.203055 0.00729422 0)
(0.203374 0.00701607 0)
(0.203635 0.00672707 0)
(0.203843 0.00643677 0)
(0.204005 0.00615216 0)
(0.204128 0.00587789 0)
(0.204219 0.00561657 0)
(0.204284 0.00536917 0)
(0.204327 0.00513545 0)
(0.204355 0.00491438 0)
(0.204369 0.00470442 0)
(0.204372 0.00450379 0)
(0.204367 0.0043106 0)
(0.204354 0.00412303 0)
(0.204335 0.00393933 0)
(0.20431 0.00375786 0)
(0.20428 0.00357712 0)
(0.204244 0.00339575 0)
(0.204202 0.00321247 0)
(0.204155 0.00302618 0)
(0.2041 0.00283587 0)
(0.204039 0.0026408 0)
(0.203968 0.00244048 0)
(0.203888 0.0022349 0)
(0.203797 0.00202461 0)
(0.203693 0.00181098 0)
(0.203573 0.00159627 0)
(0.203438 0.0013837 0)
(0.203287 0.00117725 0)
(0.20312 0.000981268 0)
(0.20294 0.000799856 0)
(0.20275 0.000636185 0)
(0.202554 0.000492102 0)
(0.202355 0.000368067 0)
(0.202158 0.000263359 0)
(0.201965 0.00017646 0)
(0.201778 0.000105393 0)
(0.201598 4.80335e-05 0)
(0.201426 2.37459e-06 0)
(0.201263 -3.33668e-05 0)
(0.201109 -6.07958e-05 0)
(0.200964 -8.13172e-05 0)
(0.20083 -9.61138e-05 0)
(0.200705 -0.00010616 0)
(0.200589 -0.000112245 0)
(0.200483 -0.000115014 0)
(0.200385 -0.000114997 0)
(0.200297 -0.00011265 0)
(0.200216 -0.000108372 0)
(0.200143 -0.000102529 0)
(0.200077 -9.54628e-05 0)
(0.200018 -8.75005e-05 0)
(0.199965 -7.89518e-05 0)
(0.199918 -7.01084e-05 0)
(0.199877 -6.12384e-05 0)
(0.199839 -5.25802e-05 0)
(0.199806 -4.4337e-05 0)
(0.199777 -3.66717e-05 0)
(0.19975 -2.97045e-05 0)
(0.199727 -2.35125e-05 0)
(0.199705 -1.81319e-05 0)
(0.199686 -1.35618e-05 0)
(0.199669 -9.77024e-06 0)
(0.199653 -6.70075e-06 0)
(0.199639 -4.27971e-06 0)
(0.199626 -2.42336e-06 0)
(0.199614 -1.04472e-06 0)
(0.199603 -5.89012e-08 0)
(0.199592 6.1336e-07 0)
(0.199583 1.04306e-06 0)
(0.199575 1.29136e-06 0)
(0.199567 1.40905e-06 0)
(0.19956 1.43675e-06 0)
(0.199553 1.40594e-06 0)
(0.199547 1.34027e-06 0)
(0.199542 1.25695e-06 0)
(0.199537 1.16798e-06 0)
(0.199532 1.08139e-06 0)
(0.199528 1.00232e-06 0)
(0.199524 9.33793e-07 0)
(0.199521 8.77523e-07 0)
(0.199518 8.34312e-07 0)
(0.199515 8.04523e-07 0)
(0.199513 7.88316e-07 0)
(0.199511 7.8592e-07 0)
(0.199508 7.97914e-07 0)
(0.199507 8.25449e-07 0)
(0.199505 8.70628e-07 0)
(0.199503 9.37343e-07 0)
(0.199502 1.0278e-06 0)
(0.197911 0.00608955 0)
(0.198343 0.00661172 0)
(0.19885 0.00703413 0)
(0.199404 0.0073456 0)
(0.19998 0.00754868 0)
(0.200553 0.0076517 0)
(0.201104 0.00766498 0)
(0.201621 0.00760036 0)
(0.202092 0.00747118 0)
(0.202513 0.00729139 0)
(0.202879 0.00707456 0)
(0.203192 0.00683305 0)
(0.203454 0.00657758 0)
(0.20367 0.00631689 0)
(0.203844 0.00605766 0)
(0.203984 0.00580454 0)
(0.204094 0.00556046 0)
(0.20418 0.00532684 0)
(0.204246 0.00510401 0)
(0.204298 0.00489147 0)
(0.204337 0.00468819 0)
(0.204367 0.00449285 0)
(0.204389 0.00430395 0)
(0.204404 0.00411996 0)
(0.204414 0.00393938 0)
(0.204419 0.00376079 0)
(0.204419 0.00358286 0)
(0.204415 0.00340434 0)
(0.204405 0.00322411 0)
(0.204389 0.00304119 0)
(0.204367 0.00285472 0)
(0.204337 0.00266408 0)
(0.204298 0.00246894 0)
(0.204248 0.00226938 0)
(0.204186 0.00206604 0)
(0.204109 0.00186022 0)
(0.204016 0.001654 0)
(0.203906 0.00145024 0)
(0.203778 0.00125239 0)
(0.203634 0.00106417 0)
(0.203474 0.000889091 0)
(0.203301 0.000729915 0)
(0.20312 0.000588344 0)
(0.202933 0.000464931 0)
(0.202745 0.000359225 0)
(0.202558 0.000270052 0)
(0.202374 0.00019581 0)
(0.202195 0.000134713 0)
(0.202022 8.49634e-05 0)
(0.201857 4.48421e-05 0)
(0.201699 1.28335e-05 0)
(0.201548 -1.23504e-05 0)
(0.201407 -3.18037e-05 0)
(0.201273 -4.64363e-05 0)
(0.201148 -5.70019e-05 0)
(0.201031 -6.41185e-05 0)
(0.200922 -6.82997e-05 0)
(0.200822 -6.99829e-05 0)
(0.200729 -6.95534e-05 0)
(0.200644 -6.73622e-05 0)
(0.200566 -6.37384e-05 0)
(0.200495 -5.89964e-05 0)
(0.20043 -5.34373e-05 0)
(0.200372 -4.73469e-05 0)
(0.20032 -4.09913e-05 0)
(0.200273 -3.46105e-05 0)
(0.200231 -2.84133e-05 0)
(0.200194 -2.25718e-05 0)
(0.200161 -1.72188e-05 0)
(0.200131 -1.24464e-05 0)
(0.200104 -8.30803e-06 0)
(0.200081 -4.82081e-06 0)
(0.200059 -1.97154e-06 0)
(0.20004 2.77595e-07 0)
(0.200023 1.98259e-06 0)
(0.200008 3.21124e-06 0)
(0.199994 4.03659e-06 0)
(0.199982 4.53156e-06 0)
(0.19997 4.7654e-06 0)
(0.19996 4.80098e-06 0)
(0.19995 4.69302e-06 0)
(0.199942 4.48728e-06 0)
(0.199934 4.22065e-06 0)
(0.199927 3.92177e-06 0)
(0.199921 3.61191e-06 0)
(0.199915 3.30623e-06 0)
(0.199909 3.015e-06 0)
(0.199905 2.74473e-06 0)
(0.1999 2.49917e-06 0)
(0.199896 2.28011e-06 0)
(0.199893 2.08809e-06 0)
(0.19989 1.9228e-06 0)
(0.199887 1.78353e-06 0)
(0.199884 1.66944e-06 0)
(0.199882 1.57974e-06 0)
(0.199879 1.51392e-06 0)
(0.199877 1.47183e-06 0)
(0.199876 1.45361e-06 0)
(0.199874 1.4591e-06 0)
(0.199872 1.4794e-06 0)
(0.198242 0.00585196 0)
(0.19862 0.00631033 0)
(0.199059 0.00669034 0)
(0.199544 0.00698025 0)
(0.200053 0.00717858 0)
(0.200565 0.00728983 0)
(0.201063 0.00732146 0)
(0.201534 0.0072828 0)
(0.201969 0.00718463 0)
(0.202363 0.0070385 0)
(0.20271 0.00685589 0)
(0.203012 0.00664751 0)
(0.203269 0.00642282 0)
(0.203485 0.00618974 0)
(0.203663 0.00595453 0)
(0.20381 0.00572177 0)
(0.203929 0.00549452 0)
(0.204025 0.00527457 0)
(0.204103 0.00506267 0)
(0.204165 0.00485878 0)
(0.204216 0.00466234 0)
(0.204256 0.00447241 0)
(0.204289 0.00428788 0)
(0.204316 0.00410751 0)
(0.204337 0.00393008 0)
(0.204353 0.00375437 0)
(0.204364 0.00357923 0)
(0.20437 0.0034036 0)
(0.204371 0.0032265 0)
(0.204367 0.00304709 0)
(0.204355 0.00286468 0)
(0.204336 0.00267877 0)
(0.204308 0.00248916 0)
(0.20427 0.00229604 0)
(0.204218 0.00210006 0)
(0.204153 0.00190247 0)
(0.204072 0.00170513 0)
(0.203974 0.00151056 0)
(0.203859 0.00132171 0)
(0.203727 0.00114174 0)
(0.203581 0.000973638 0)
(0.203422 0.000819777 0)
(0.203253 0.000681692 0)
(0.203077 0.000559973 0)
(0.202899 0.000454362 0)
(0.202719 0.000363956 0)
(0.202542 0.000287442 0)
(0.202368 0.000223299 0)
(0.202198 0.000169959 0)
(0.202035 0.000125918 0)
(0.201878 8.98011e-05 0)
(0.201728 6.03875e-05 0)
(0.201585 3.66342e-05 0)
(0.20145 1.76779e-05 0)
(0.201322 2.81526e-06 0)
(0.201203 -8.53649e-06 0)
(0.20109 -1.6864e-05 0)
(0.200986 -2.2582e-05 0)
(0.200889 -2.60552e-05 0)
(0.200799 -2.76183e-05 0)
(0.200717 -2.75846e-05 0)
(0.200642 -2.6253e-05 0)
(0.200573 -2.39106e-05 0)
(0.200511 -2.08312e-05 0)
(0.200454 -1.72712e-05 0)
(0.200404 -1.34646e-05 0)
(0.200358 -9.61767e-06 0)
(0.200317 -5.90437e-06 0)
(0.200281 -2.46304e-06 0)
(0.200249 6.04939e-07 0)
(0.20022 3.23428e-06 0)
(0.200194 5.39321e-06 0)
(0.200171 7.07909e-06 0)
(0.200151 8.31264e-06 0)
(0.200133 9.13228e-06 0)
(0.200117 9.58834e-06 0)
(0.200102 9.73788e-06 0)
(0.200089 9.63999e-06 0)
(0.200077 9.35176e-06 0)
(0.200066 8.92548e-06 0)
(0.200056 8.4068e-06 0)
(0.200047 7.83401e-06 0)
(0.200039 7.23784e-06 0)
(0.200032 6.64197e-06 0)
(0.200026 6.06375e-06 0)
(0.20002 5.51519e-06 0)
(0.200014 5.00404e-06 0)
(0.200009 4.5347e-06 0)
(0.200005 4.10912e-06 0)
(0.200001 3.72755e-06 0)
(0.199997 3.38909e-06 0)
(0.199994 3.09214e-06 0)
(0.199991 2.83481e-06 0)
(0.199988 2.6151e-06 0)
(0.199986 2.43109e-06 0)
(0.199983 2.28111e-06 0)
(0.199981 2.16366e-06 0)
(0.19998 2.07704e-06 0)
(0.199978 2.01785e-06 0)
(0.199976 1.97165e-06 0)
(0.198533 0.00563365 0)
(0.198867 0.00603738 0)
(0.19925 0.00637864 0)
(0.199675 0.00664652 0)
(0.200124 0.00683741 0)
(0.200581 0.0069531 0)
(0.201029 0.00699865 0)
(0.201458 0.00698119 0)
(0.201858 0.0069093 0)
(0.202224 0.00679242 0)
(0.202552 0.00664014 0)
(0.20284 0.00646164 0)
(0.203089 0.00626518 0)
(0.203302 0.00605787 0)
(0.203481 0.00584546 0)
(0.203631 0.00563236 0)
(0.203755 0.00542171 0)
(0.203857 0.0052155 0)
(0.203941 0.00501481 0)
(0.20401 0.00481997 0)
(0.204067 0.00463082 0)
(0.204114 0.00444677 0)
(0.204152 0.00426704 0)
(0.204184 0.0040907 0)
(0.204209 0.00391677 0)
(0.204229 0.00374425 0)
(0.204244 0.00357219 0)
(0.204254 0.0033997 0)
(0.204259 0.00322596 0)
(0.204257 0.00305029 0)
(0.204249 0.00287212 0)
(0.204233 0.00269111 0)
(0.204208 0.00250717 0)
(0.204173 0.00232055 0)
(0.204125 0.00213193 0)
(0.204064 0.00194246 0)
(0.203989 0.00175383 0)
(0.203898 0.00156821 0)
(0.203791 0.00138813 0)
(0.203668 0.00121627 0)
(0.203532 0.00105514 0)
(0.203383 0.000906777 0)
(0.203225 0.000772549 0)
(0.20306 0.00065304 0)
(0.202891 0.000548126 0)
(0.202721 0.000457121 0)
(0.202551 0.000378951 0)
(0.202383 0.00031233 0)
(0.202219 0.000255902 0)
(0.20206 0.000208331 0)
(0.201907 0.000168377 0)
(0.20176 0.000134934 0)
(0.20162 0.000107053 0)
(0.201486 8.39303e-05 0)
(0.20136 6.48974e-05 0)
(0.201241 4.94004e-05 0)
(0.201129 3.69784e-05 0)
(0.201025 2.72388e-05 0)
(0.200928 1.9838e-05 0)
(0.200838 1.44653e-05 0)
(0.200755 1.08295e-05 0)
(0.200679 8.65127e-06 0)
(0.200609 7.66144e-06 0)
(0.200546 7.60162e-06 0)
(0.200488 8.22785e-06 0)
(0.200437 9.3153e-06 0)
(0.20039 1.06634e-05 0)
(0.200349 1.21002e-05 0)
(0.200311 1.34854e-05 0)
(0.200278 1.47111e-05 0)
(0.200249 1.57021e-05 0)
(0.200222 1.64133e-05 0)
(0.200199 1.68265e-05 0)
(0.200178 1.69457e-05 0)
(0.20016 1.67926e-05 0)
(0.200143 1.64005e-05 0)
(0.200128 1.58104e-05 0)
(0.200115 1.50662e-05 0)
(0.200102 1.4211e-05 0)
(0.200092 1.32852e-05 0)
(0.200082 1.23242e-05 0)
(0.200073 1.13578e-05 0)
(0.200065 1.04096e-05 0)
(0.200057 9.49779e-06 0)
(0.200051 8.63509e-06 0)
(0.200045 7.82989e-06 0)
(0.200039 7.08695e-06 0)
(0.200034 6.40824e-06 0)
(0.20003 5.79363e-06 0)
(0.200026 5.24159e-06 0)
(0.200022 4.74964e-06 0)
(0.200019 4.31476e-06 0)
(0.200016 3.93375e-06 0)
(0.200013 3.60337e-06 0)
(0.200011 3.32053e-06 0)
(0.200009 3.08234e-06 0)
(0.200007 2.88595e-06 0)
(0.200005 2.72801e-06 0)
(0.200003 2.60285e-06 0)
(0.200001 2.49461e-06 0)
(0.198791 0.00543176 0)
(0.199086 0.0057887 0)
(0.199423 0.00609511 0)
(0.199796 0.00634144 0)
(0.200193 0.0065232 0)
(0.200599 0.00664037 0)
(0.201002 0.00669612 0)
(0.201391 0.00669572 0)
(0.201758 0.00664589 0)
(0.202096 0.00655421 0)
(0.202403 0.00642864 0)
(0.202676 0.00627692 0)
(0.202916 0.00610621 0)
(0.203124 0.0059228 0)
(0.203302 0.00573194 0)
(0.203452 0.00553777 0)
(0.203579 0.0053434 0)
(0.203685 0.00515094 0)
(0.203774 0.0049617 0)
(0.203847 0.00477633 0)
(0.203908 0.00459494 0)
(0.203959 0.0044173 0)
(0.204001 0.00424291 0)
(0.204036 0.00407111 0)
(0.204064 0.00390115 0)
(0.204086 0.00373226 0)
(0.204103 0.00356368 0)
(0.204114 0.00339468 0)
(0.204119 0.00322462 0)
(0.204118 0.00305294 0)
(0.204111 0.00287923 0)
(0.204095 0.00270327 0)
(0.204071 0.00252507 0)
(0.204037 0.00234493 0)
(0.203991 0.00216353 0)
(0.203932 0.00198193 0)
(0.203861 0.00180165 0)
(0.203774 0.00162456 0)
(0.203673 0.00145282 0)
(0.203558 0.0012887 0)
(0.20343 0.00113431 0)
(0.203291 0.000991385 0)
(0.203142 0.000861122 0)
(0.202987 0.000744082 0)
(0.202828 0.000640231 0)
(0.202666 0.000549048 0)
(0.202504 0.00046966 0)
(0.202344 0.000400984 0)
(0.202187 0.000341848 0)
(0.202034 0.000291081 0)
(0.201886 0.000247577 0)
(0.201743 0.000210341 0)
(0.201606 0.000178503 0)
(0.201476 0.000151324 0)
(0.201353 0.000128186 0)
(0.201236 0.000108578 0)
(0.201127 9.20733e-05 0)
(0.201024 7.83099e-05 0)
(0.200928 6.69702e-05 0)
(0.200839 5.77661e-05 0)
(0.200757 5.04278e-05 0)
(0.200682 4.46968e-05 0)
(0.200613 4.03235e-05 0)
(0.20055 3.70667e-05 0)
(0.200493 3.46969e-05 0)
(0.200442 3.30005e-05 0)
(0.200395 3.17836e-05 0)
(0.200354 3.08769e-05 0)
(0.200317 3.01384e-05 0)
(0.200283 2.94549e-05 0)
(0.200254 2.87422e-05 0)
(0.200228 2.79433e-05 0)
(0.200204 2.70257e-05 0)
(0.200183 2.59776e-05 0)
(0.200164 2.48035e-05 0)
(0.200148 2.352e-05 0)
(0.200133 2.21514e-05 0)
(0.200119 2.07262e-05 0)
(0.200107 1.92738e-05 0)
(0.200096 1.78221e-05 0)
(0.200087 1.63961e-05 0)
(0.200078 1.50165e-05 0)
(0.20007 1.36996e-05 0)
(0.200062 1.24575e-05 0)
(0.200056 1.12981e-05 0)
(0.20005 1.02257e-05 0)
(0.200044 9.24179e-06 0)
(0.200039 8.34574e-06 0)
(0.200035 7.53514e-06 0)
(0.200031 6.80649e-06 0)
(0.200027 6.15562e-06 0)
(0.200024 5.578e-06 0)
(0.200021 5.06902e-06 0)
(0.200018 4.62416e-06 0)
(0.200016 4.23908e-06 0)
(0.200014 3.90966e-06 0)
(0.200012 3.63176e-06 0)
(0.20001 3.40061e-06 0)
(0.200008 3.20915e-06 0)
(0.200006 3.04234e-06 0)
(0.199017 0.00524419 0)
(0.19928 0.00556101 0)
(0.199577 0.00583639 0)
(0.199905 0.00606226 0)
(0.200256 0.00623397 0)
(0.200618 0.00635039 0)
(0.200979 0.00641328 0)
(0.201331 0.00642639 0)
(0.201665 0.00639485 0)
(0.201977 0.00632472 0)
(0.202263 0.00622248 0)
(0.202521 0.00609461 0)
(0.20275 0.00594723 0)
(0.202951 0.00578586 0)
(0.203126 0.0056152 0)
(0.203275 0.00543911 0)
(0.203403 0.00526056 0)
(0.203511 0.00508174 0)
(0.203602 0.00490409 0)
(0.203679 0.00472847 0)
(0.203744 0.00455528 0)
(0.203797 0.00438452 0)
(0.203842 0.00421597 0)
(0.203879 0.0040492 0)
(0.203909 0.0038837 0)
(0.203933 0.0037189 0)
(0.203951 0.00355421 0)
(0.203962 0.00338909 0)
(0.203968 0.00322303 0)
(0.203967 0.00305563 0)
(0.20396 0.0028866 0)
(0.203944 0.00271583 0)
(0.20392 0.00254341 0)
(0.203886 0.0023697 0)
(0.203842 0.00219534 0)
(0.203785 0.00202133 0)
(0.203716 0.00184901 0)
(0.203634 0.00168 0)
(0.203539 0.00151615 0)
(0.20343 0.00135936 0)
(0.20331 0.00121141 0)
(0.203179 0.00107377 0)
(0.20304 0.000947477 0)
(0.202894 0.000833049 0)
(0.202744 0.000730512 0)
(0.202591 0.00063947 0)
(0.202438 0.000559212 0)
(0.202285 0.000488828 0)
(0.202135 0.000427312 0)
(0.201988 0.000373641 0)
(0.201846 0.000326839 0)
(0.201708 0.000286014 0)
(0.201576 0.000250383 0)
(0.20145 0.000219277 0)
(0.20133 0.000192134 0)
(0.201217 0.000168487 0)
(0.20111 0.000147947 0)
(0.20101 0.000130186 0)
(0.200917 0.000114914 0)
(0.20083 0.000101871 0)
(0.200749 9.08137e-05 0)
(0.200676 8.1507e-05 0)
(0.200608 7.37222e-05 0)
(0.200546 6.72367e-05 0)
(0.20049 6.18363e-05 0)
(0.200439 5.73185e-05 0)
(0.200393 5.34973e-05 0)
(0.200352 5.02067e-05 0)
(0.200316 4.73039e-05 0)
(0.200283 4.46709e-05 0)
(0.200253 4.22149e-05 0)
(0.200227 3.98672e-05 0)
(0.200204 3.75812e-05 0)
(0.200183 3.53295e-05 0)
(0.200164 3.31001e-05 0)
(0.200148 3.0893e-05 0)
(0.200133 2.87162e-05 0)
(0.200119 2.65832e-05 0)
(0.200107 2.45094e-05 0)
(0.200096 2.25104e-05 0)
(0.200087 2.06004e-05 0)
(0.200078 1.87911e-05 0)
(0.20007 1.70912e-05 0)
(0.200063 1.55065e-05 0)
(0.200056 1.40396e-05 0)
(0.20005 1.26908e-05 0)
(0.200045 1.1458e-05 0)
(0.20004 1.03377e-05 0)
(0.200036 9.32504e-06 0)
(0.200032 8.4145e-06 0)
(0.200028 7.60006e-06 0)
(0.200025 6.87559e-06 0)
(0.200022 6.235e-06 0)
(0.200019 5.67242e-06 0)
(0.200017 5.18225e-06 0)
(0.200015 4.75912e-06 0)
(0.200013 4.39768e-06 0)
(0.200011 4.09195e-06 0)
(0.200009 3.8341e-06 0)
(0.200007 3.61079e-06 0)
(0.199216 0.0050694 0)
(0.199451 0.00535173 0)
(0.199714 0.00559967 0)
(0.200003 0.0058065 0)
(0.200313 0.00596781 0)
(0.200635 0.00608186 0)
(0.200958 0.00614942 0)
(0.201275 0.00617302 0)
(0.20158 0.00615652 0)
(0.201866 0.00610465 0)
(0.202131 0.00602264 0)
(0.202373 0.00591585 0)
(0.20259 0.00578947 0)
(0.202783 0.00564825 0)
(0.202952 0.00549639 0)
(0.2031 0.00533741 0)
(0.203227 0.00517412 0)
(0.203335 0.00500867 0)
(0.203428 0.0048426 0)
(0.203507 0.00467693 0)
(0.203574 0.00451223 0)
(0.20363 0.00434875 0)
(0.203677 0.00418646 0)
(0.203716 0.00402518 0)
(0.203747 0.00386458 0)
(0.203772 0.00370429 0)
(0.203791 0.00354389 0)
(0.203803 0.003383 0)
(0.203809 0.00322125 0)
(0.203808 0.00305838 0)
(0.203801 0.00289423 0)
(0.203785 0.00272877 0)
(0.203761 0.00256216 0)
(0.203728 0.0023948 0)
(0.203685 0.00222731 0)
(0.203631 0.0020606 0)
(0.203565 0.00189587 0)
(0.203487 0.00173452 0)
(0.203397 0.00157811 0)
(0.203295 0.00142825 0)
(0.203182 0.00128644 0)
(0.203059 0.0011539 0)
(0.202929 0.00103154 0)
(0.202792 0.000919817 0)
(0.20265 0.000818785 0)
(0.202506 0.000728144 0)
(0.202361 0.000647314 0)
(0.202217 0.000575532 0)
(0.202074 0.000511934 0)
(0.201934 0.000455635 0)
(0.201797 0.000405777 0)
(0.201665 0.000361571 0)
(0.201538 0.00032232 0)
(0.201417 0.000287424 0)
(0.201301 0.000256382 0)
(0.201191 0.000228775 0)
(0.201088 0.000204258 0)
(0.200991 0.000182538 0)
(0.2009 0.000163361 0)
(0.200815 0.000146496 0)
(0.200737 0.000131727 0)
(0.200665 0.000118846 0)
(0.200599 0.000107645 0)
(0.200539 9.79213e-05 0)
(0.200484 8.94772e-05 0)
(0.200434 8.2122e-05 0)
(0.200389 7.56777e-05 0)
(0.200348 6.99819e-05 0)
(0.200312 6.48912e-05 0)
(0.20028 6.02831e-05 0)
(0.200251 5.60564e-05 0)
(0.200225 5.21316e-05 0)
(0.200202 4.84485e-05 0)
(0.200181 4.49646e-05 0)
(0.200163 4.16519e-05 0)
(0.200146 3.84943e-05 0)
(0.200131 3.54842e-05 0)
(0.200118 3.26198e-05 0)
(0.200106 2.99031e-05 0)
(0.200095 2.73374e-05 0)
(0.200086 2.49262e-05 0)
(0.200077 2.2672e-05 0)
(0.200069 2.05759e-05 0)
(0.200062 1.8637e-05 0)
(0.200055 1.68527e-05 0)
(0.20005 1.52189e-05 0)
(0.200044 1.37298e-05 0)
(0.20004 1.23788e-05 0)
(0.200035 1.11585e-05 0)
(0.200031 1.00612e-05 0)
(0.200028 9.07899e-06 0)
(0.200025 8.20392e-06 0)
(0.200022 7.42842e-06 0)
(0.200019 6.74522e-06 0)
(0.200017 6.14742e-06 0)
(0.200015 5.62841e-06 0)
(0.200013 5.18167e-06 0)
(0.200011 4.80026e-06 0)
(0.200009 4.47589e-06 0)
(0.200007 4.19702e-06 0)
(0.19939 0.00490621 0)
(0.1996 0.00515884 0)
(0.199833 0.0053826 0)
(0.200088 0.00557196 0)
(0.200363 0.00572292 0)
(0.200649 0.00583351 0)
(0.200938 0.00590378 0)
(0.201223 0.00593536 0)
(0.201499 0.00593107 0)
(0.201761 0.00589454 0)
(0.202006 0.00582994 0)
(0.202231 0.00574166 0)
(0.202435 0.00563403 0)
(0.202619 0.00551113 0)
(0.202782 0.00537664 0)
(0.202925 0.00523372 0)
(0.20305 0.005085 0)
(0.203158 0.00493255 0)
(0.203252 0.00477793 0)
(0.203332 0.00462226 0)
(0.2034 0.00446625 0)
(0.203457 0.00431034 0)
(0.203506 0.00415467 0)
(0.203546 0.00399925 0)
(0.203579 0.00384394 0)
(0.203604 0.00368854 0)
(0.203623 0.00353278 0)
(0.203636 0.00337644 0)
(0.203643 0.00321929 0)
(0.203642 0.00306119 0)
(0.203635 0.00290207 0)
(0.20362 0.00274201 0)
(0.203597 0.00258122 0)
(0.203564 0.00242011 0)
(0.203523 0.0022593 0)
(0.203471 0.00209962 0)
(0.203408 0.00194212 0)
(0.203334 0.00178802 0)
(0.203249 0.00163865 0)
(0.203154 0.00149535 0)
(0.203048 0.00135938 0)
(0.202933 0.00123177 0)
(0.202811 0.00111327 0)
(0.202683 0.0010043 0)
(0.20255 0.000904922 0)
(0.202415 0.0008149 0)
(0.202278 0.000733758 0)
(0.202141 0.000660853 0)
(0.202006 0.00059545 0)
(0.201873 0.000536782 0)
(0.201743 0.000484102 0)
(0.201617 0.00043672 0)
(0.201495 0.000394023 0)
(0.201378 0.000355483 0)
(0.201267 0.00032066 0)
(0.201161 0.000289189 0)
(0.201061 0.000260768 0)
(0.200968 0.000235147 0)
(0.20088 0.000212108 0)
(0.200798 0.000191454 0)
(0.200722 0.000172997 0)
(0.200652 0.000156557 0)
(0.200588 0.000141949 0)
(0.200529 0.000128993 0)
(0.200475 0.000117505 0)
(0.200427 0.000107309 0)
(0.200383 9.82333e-05 0)
(0.200343 9.01211e-05 0)
(0.200308 8.28282e-05 0)
(0.200276 7.62277e-05 0)
(0.200247 7.02111e-05 0)
(0.200222 6.4688e-05 0)
(0.200199 5.95853e-05 0)
(0.200178 5.4846e-05 0)
(0.20016 5.04268e-05 0)
(0.200144 4.62959e-05 0)
(0.200129 4.24303e-05 0)
(0.200116 3.8814e-05 0)
(0.200104 3.54353e-05 0)
(0.200094 3.22857e-05 0)
(0.200084 2.93578e-05 0)
(0.200076 2.66452e-05 0)
(0.200068 2.41409e-05 0)
(0.200061 2.18375e-05 0)
(0.200054 1.9727e-05 0)
(0.200049 1.78005e-05 0)
(0.200044 1.60485e-05 0)
(0.200039 1.44612e-05 0)
(0.200035 1.30285e-05 0)
(0.200031 1.17403e-05 0)
(0.200027 1.05865e-05 0)
(0.200024 9.5577e-06 0)
(0.200021 8.64453e-06 0)
(0.200019 7.83829e-06 0)
(0.200016 7.13076e-06 0)
(0.200014 6.51412e-06 0)
(0.200012 5.98075e-06 0)
(0.200011 5.52285e-06 0)
(0.200009 5.13182e-06 0)
(0.200007 4.79771e-06 0)
(0.199541 0.0047537 0)
(0.199729 0.00498069 0)
(0.199935 0.0051832 0)
(0.200161 0.0053567 0)
(0.200405 0.00549768 0)
(0.200658 0.0056041 0)
(0.200916 0.00567559 0)
(0.201172 0.00571308 0)
(0.201421 0.00571858 0)
(0.20166 0.00569483 0)
(0.201885 0.00564511 0)
(0.202094 0.00557296 0)
(0.202285 0.00548196 0)
(0.202458 0.00537558 0)
(0.202614 0.00525701 0)
(0.202752 0.00512905 0)
(0.202874 0.00499411 0)
(0.20298 0.00485414 0)
(0.203073 0.00471071 0)
(0.203153 0.00456496 0)
(0.203221 0.00441772 0)
(0.20328 0.00426955 0)
(0.203329 0.00412075 0)
(0.20337 0.00397149 0)
(0.203403 0.00382178 0)
(0.20343 0.00367157 0)
(0.20345 0.00352076 0)
(0.203463 0.00336924 0)
(0.203469 0.00321692 0)
(0.203469 0.00306377 0)
(0.203462 0.00290982 0)
(0.203448 0.00275522 0)
(0.203426 0.00260023 0)
(0.203395 0.00244528 0)
(0.203355 0.00229096 0)
(0.203305 0.00213804 0)
(0.203246 0.00198744 0)
(0.203177 0.00184022 0)
(0.203097 0.0016975 0)
(0.203007 0.00156042 0)
(0.202909 0.00143001 0)
(0.202802 0.00130714 0)
(0.202688 0.00119244 0)
(0.202568 0.00108625 0)
(0.202444 0.000988647 0)
(0.202317 0.000899434 0)
(0.202189 0.000818214 0)
(0.20206 0.000744445 0)
(0.201932 0.000677498 0)
(0.201806 0.000616716 0)
(0.201682 0.000561452 0)
(0.201562 0.000511108 0)
(0.201446 0.000465153 0)
(0.201335 0.000423131 0)
(0.201228 0.000384664 0)
(0.201127 0.000349443 0)
(0.201031 0.000317216 0)
(0.200941 0.000287774 0)
(0.200856 0.000260938 0)
(0.200777 0.000236547 0)
(0.200704 0.000214446 0)
(0.200636 0.000194482 0)
(0.200574 0.000176497 0)
(0.200517 0.000160329 0)
(0.200465 0.000145813 0)
(0.200418 0.000132786 0)
(0.200375 0.000121085 0)
(0.200336 0.000110557 0)
(0.200302 0.000101058 0)
(0.200271 9.24574e-05 0)
(0.200243 8.46393e-05 0)
(0.200218 7.75033e-05 0)
(0.200195 7.09642e-05 0)
(0.200175 6.49512e-05 0)
(0.200157 5.94063e-05 0)
(0.200141 5.42825e-05 0)
(0.200127 4.95424e-05 0)
(0.200114 4.51557e-05 0)
(0.200102 4.10978e-05 0)
(0.200092 3.73483e-05 0)
(0.200083 3.38895e-05 0)
(0.200074 3.07055e-05 0)
(0.200066 2.77818e-05 0)
(0.20006 2.51042e-05 0)
(0.200053 2.26589e-05 0)
(0.200048 2.04325e-05 0)
(0.200043 1.84114e-05 0)
(0.200038 1.65824e-05 0)
(0.200034 1.49326e-05 0)
(0.20003 1.34494e-05 0)
(0.200027 1.21207e-05 0)
(0.200024 1.09351e-05 0)
(0.200021 9.88159e-06 0)
(0.200018 8.95004e-06 0)
(0.200016 8.13082e-06 0)
(0.200014 7.41492e-06 0)
(0.200012 6.79367e-06 0)
(0.20001 6.25848e-06 0)
(0.200009 5.80052e-06 0)
(0.200007 5.41092e-06 0)
(0.19967 0.00461122 0)
(0.199839 0.00481603 0)
(0.200022 0.00499987 0)
(0.200222 0.00515907 0)
(0.200437 0.00529058 0)
(0.200662 0.00539244 0)
(0.200892 0.005464 0)
(0.201121 0.00550573 0)
(0.201345 0.00551898 0)
(0.201562 0.0055058 0)
(0.201767 0.00546871 0)
(0.20196 0.00541054 0)
(0.202138 0.00533423 0)
(0.202301 0.00524268 0)
(0.202448 0.00513861 0)
(0.20258 0.00502451 0)
(0.202697 0.00490252 0)
(0.202801 0.00477449 0)
(0.202891 0.0046419 0)
(0.20297 0.00450592 0)
(0.203039 0.00436744 0)
(0.203097 0.0042271 0)
(0.203147 0.00408535 0)
(0.203188 0.00394245 0)
(0.203222 0.00379859 0)
(0.203249 0.00365382 0)
(0.203269 0.0035082 0)
(0.203282 0.00336172 0)
(0.20329 0.00321441 0)
(0.20329 0.00306635 0)
(0.203283 0.00291765 0)
(0.20327 0.00276852 0)
(0.203249 0.00261928 0)
(0.203219 0.00247036 0)
(0.203181 0.00232232 0)
(0.203135 0.00217588 0)
(0.203079 0.00203185 0)
(0.203014 0.00189114 0)
(0.202939 0.00175471 0)
(0.202856 0.0016235 0)
(0.202764 0.00149838 0)
(0.202665 0.00138005 0)
(0.202559 0.00126905 0)
(0.202447 0.00116564 0)
(0.202332 0.00106989 0)
(0.202213 0.000981632 0)
(0.202093 0.000900525 0)
(0.201972 0.000826112 0)
(0.201852 0.000757854 0)
(0.201733 0.000695187 0)
(0.201616 0.000637558 0)
(0.201503 0.000584454 0)
(0.201392 0.000535423 0)
(0.201287 0.000490081 0)
(0.201185 0.000448112 0)
(0.201088 0.000409263 0)
(0.200997 0.000373334 0)
(0.20091 0.000340161 0)
(0.200829 0.000309606 0)
(0.200754 0.000281546 0)
(0.200683 0.000255859 0)
(0.200618 0.000232421 0)
(0.200558 0.0002111 0)
(0.200503 0.000191756 0)
(0.200453 0.000174242 0)
(0.200407 0.000158407 0)
(0.200366 0.000144098 0)
(0.200328 0.000131166 0)
(0.200295 0.000119467 0)
(0.200264 0.000108868 0)
(0.200237 9.92461e-05 0)
(0.200213 9.04912e-05 0)
(0.200191 8.25068e-05 0)
(0.200171 7.52088e-05 0)
(0.200154 6.85253e-05 0)
(0.200138 6.23952e-05 0)
(0.200124 5.67667e-05 0)
(0.200111 5.15961e-05 0)
(0.2001 4.68462e-05 0)
(0.20009 4.2485e-05 0)
(0.20008 3.84845e-05 0)
(0.200072 3.48199e-05 0)
(0.200065 3.14685e-05 0)
(0.200058 2.84096e-05 0)
(0.200052 2.56236e-05 0)
(0.200046 2.30922e-05 0)
(0.200041 2.07978e-05 0)
(0.200037 1.87237e-05 0)
(0.200033 1.68539e-05 0)
(0.200029 1.51734e-05 0)
(0.200026 1.36678e-05 0)
(0.200023 1.23238e-05 0)
(0.20002 1.11286e-05 0)
(0.200018 1.00706e-05 0)
(0.200016 9.13879e-06 0)
(0.200014 8.32295e-06 0)
(0.200012 7.6134e-06 0)
(0.20001 7.00083e-06 0)
(0.200009 6.47608e-06 0)
(0.200007 6.03099e-06 0)
(0.199781 0.00447822 0)
(0.199931 0.00466386 0)
(0.200094 0.00483138 0)
(0.200271 0.00497778 0)
(0.200461 0.00510047 0)
(0.200661 0.00519761 0)
(0.200865 0.00526841 0)
(0.201069 0.00531302 0)
(0.20127 0.00533229 0)
(0.201466 0.00532771 0)
(0.201653 0.00530121 0)
(0.201829 0.00525501 0)
(0.201994 0.00519149 0)
(0.202145 0.00511307 0)
(0.202283 0.00502205 0)
(0.202408 0.00492059 0)
(0.20252 0.00481063 0)
(0.20262 0.00469382 0)
(0.202708 0.00457158 0)
(0.202785 0.00444507 0)
(0.202852 0.0043152 0)
(0.20291 0.00418268 0)
(0.202959 0.00404804 0)
(0.203 0.00391165 0)
(0.203034 0.0037738 0)
(0.203061 0.00363467 0)
(0.203082 0.00349442 0)
(0.203095 0.00335317 0)
(0.203103 0.00321104 0)
(0.203104 0.00306818 0)
(0.203098 0.0029248 0)
(0.203085 0.00278116 0)
(0.203065 0.00263761 0)
(0.203037 0.0024946 0)
(0.203002 0.00235266 0)
(0.202958 0.00221245 0)
(0.202906 0.00207469 0)
(0.202845 0.00194017 0)
(0.202776 0.0018097 0)
(0.202699 0.00168408 0)
(0.202614 0.001564 0)
(0.202521 0.00145005 0)
(0.202423 0.00134265 0)
(0.20232 0.00124203 0)
(0.202213 0.00114821 0)
(0.202103 0.00106104 0)
(0.201991 0.000980236 0)
(0.201878 0.000905399 0)
(0.201765 0.000836068 0)
(0.201654 0.000771759 0)
(0.201544 0.000712001 0)
(0.201437 0.000656362 0)
(0.201333 0.000604463 0)
(0.201233 0.000555988 0)
(0.201137 0.000510686 0)
(0.201045 0.000468361 0)
(0.200958 0.000428864 0)
(0.200876 0.000392078 0)
(0.200799 0.00035791 0)
(0.200726 0.000326273 0)
(0.200659 0.000297082 0)
(0.200597 0.000270241 0)
(0.200539 0.000245647 0)
(0.200487 0.000223182 0)
(0.200438 0.000202716 0)
(0.200394 0.000184111 0)
(0.200355 0.000167225 0)
(0.200318 0.000151913 0)
(0.200286 0.000138032 0)
(0.200257 0.000125445 0)
(0.20023 0.000114024 0)
(0.200206 0.000103651 0)
(0.200185 9.42175e-05 0)
(0.200166 8.56277e-05 0)
(0.200149 7.77964e-05 0)
(0.200134 7.0649e-05 0)
(0.20012 6.41202e-05 0)
(0.200108 5.81535e-05 0)
(0.200097 5.26994e-05 0)
(0.200087 4.77149e-05 0)
(0.200078 4.31618e-05 0)
(0.20007 3.90064e-05 0)
(0.200063 3.52184e-05 0)
(0.200056 3.17702e-05 0)
(0.20005 2.86366e-05 0)
(0.200045 2.57941e-05 0)
(0.20004 2.32211e-05 0)
(0.200036 2.08973e-05 0)
(0.200032 1.88036e-05 0)
(0.200028 1.69223e-05 0)
(0.200025 1.52368e-05 0)
(0.200022 1.37317e-05 0)
(0.20002 1.23926e-05 0)
(0.200017 1.12062e-05 0)
(0.200015 1.01601e-05 0)
(0.200013 9.24299e-06 0)
(0.200011 8.44406e-06 0)
(0.20001 7.75334e-06 0)
(0.200008 7.16133e-06 0)
(0.200007 6.65977e-06 0)
(0.199873 0.00435409 0)
(0.200008 0.00452305 0)
(0.200152 0.00467627 0)
(0.200309 0.00481126 0)
(0.200476 0.00492585 0)
(0.200652 0.00501836 0)
(0.200833 0.00508794 0)
(0.201015 0.0051345 0)
(0.201195 0.00515853 0)
(0.20137 0.00516108 0)
(0.20154 0.00514358 0)
(0.2017 0.00510775 0)
(0.201851 0.0050555 0)
(0.201991 0.0049888 0)
(0.20212 0.00490959 0)
(0.202237 0.00481973 0)
(0.202343 0.00472091 0)
(0.202438 0.00461465 0)
(0.202522 0.00450226 0)
(0.202596 0.00438485 0)
(0.202661 0.00426335 0)
(0.202718 0.00413851 0)
(0.202766 0.0040109 0)
(0.202807 0.00388101 0)
(0.20284 0.0037492 0)
(0.202867 0.00361576 0)
(0.202887 0.00348094 0)
(0.202901 0.00334495 0)
(0.202909 0.00320801 0)
(0.20291 0.00307035 0)
(0.202905 0.00293224 0)
(0.202893 0.002794 0)
(0.202875 0.00265599 0)
(0.202849 0.00251868 0)
(0.202816 0.00238259 0)
(0.202775 0.0022483 0)
(0.202726 0.00211647 0)
(0.20267 0.00198778 0)
(0.202606 0.00186292 0)
(0.202535 0.00174254 0)
(0.202456 0.00162722 0)
(0.202371 0.00151743 0)
(0.202281 0.00141349 0)
(0.202186 0.00131557 0)
(0.202087 0.00122367 0)
(0.201985 0.00113765 0)
(0.201881 0.00105726 0)
(0.201776 0.000982149 0)
(0.201671 0.000911914 0)
(0.201567 0.000846145 0)
(0.201465 0.000784445 0)
(0.201365 0.000726454 0)
(0.201267 0.000671864 0)
(0.201173 0.000620426 0)
(0.201083 0.000571948 0)
(0.200996 0.000526293 0)
(0.200914 0.000483362 0)
(0.200837 0.000443088 0)
(0.200764 0.00040542 0)
(0.200695 0.00037031 0)
(0.200631 0.000337709 0)
(0.200572 0.000307553 0)
(0.200518 0.000279765 0)
(0.200467 0.000254248 0)
(0.200421 0.000230892 0)
(0.200379 0.000209574 0)
(0.200341 0.000190158 0)
(0.200307 0.000172505 0)
(0.200275 0.000156474 0)
(0.200247 0.000141927 0)
(0.200222 0.000128728 0)
(0.200199 0.000116752 0)
(0.200179 0.000105881 0)
(0.20016 9.60067e-05 0)
(0.200144 8.70321e-05 0)
(0.200129 7.88696e-05 0)
(0.200116 7.14414e-05 0)
(0.200104 6.46783e-05 0)
(0.200093 5.85193e-05 0)
(0.200084 5.29106e-05 0)
(0.200075 4.78043e-05 0)
(0.200067 4.31579e-05 0)
(0.20006 3.89334e-05 0)
(0.200054 3.50965e-05 0)
(0.200048 3.1616e-05 0)
(0.200043 2.84638e-05 0)
(0.200039 2.56138e-05 0)
(0.200034 2.3042e-05 0)
(0.200031 2.07263e-05 0)
(0.200027 1.86462e-05 0)
(0.200024 1.67829e-05 0)
(0.200021 1.51188e-05 0)
(0.200019 1.36377e-05 0)
(0.200017 1.23247e-05 0)
(0.200015 1.11662e-05 0)
(0.200013 1.01495e-05 0)
(0.200011 9.26287e-06 0)
(0.200009 8.49567e-06 0)
(0.200008 7.83804e-06 0)
(0.200006 7.28119e-06 0)
(0.199964 0.00421819 0)
(0.200081 0.00436998 0)
(0.200206 0.00450823 0)
(0.200341 0.00463102 0)
(0.200484 0.00473656 0)
(0.200635 0.00482338 0)
(0.200791 0.00489066 0)
(0.200948 0.00493815 0)
(0.201104 0.00496605 0)
(0.201257 0.00497502 0)
(0.201405 0.00496605 0)
(0.201547 0.00494038 0)
(0.201682 0.00489945 0)
(0.201807 0.0048448 0)
(0.201924 0.00477797 0)
(0.202031 0.00470049 0)
(0.202128 0.00461379 0)
(0.202216 0.00451919 0)
(0.202295 0.00441786 0)
(0.202365 0.00431085 0)
(0.202426 0.00419905 0)
(0.20248 0.00408322 0)
(0.202526 0.003964 0)
(0.202565 0.00384192 0)
(0.202597 0.00371742 0)
(0.202623 0.00359091 0)
(0.202643 0.00346271 0)
(0.202656 0.00333313 0)
(0.202664 0.0032025 0)
(0.202666 0.00307111 0)
(0.202662 0.0029393 0)
(0.202651 0.00280744 0)
(0.202634 0.00267594 0)
(0.202611 0.00254525 0)
(0.202581 0.00241587 0)
(0.202544 0.00228835 0)
(0.2025 0.00216324 0)
(0.202449 0.00204115 0)
(0.202391 0.00192261 0)
(0.202327 0.00180816 0)
(0.202256 0.00169825 0)
(0.20218 0.00159322 0)
(0.202099 0.0014933 0)
(0.202013 0.0013986 0)
(0.201924 0.00130907 0)
(0.201832 0.00122458 0)
(0.201738 0.00114489 0)
(0.201644 0.00106969 0)
(0.201548 0.000998653 0)
(0.201454 0.000931435 0)
(0.201361 0.000867716 0)
(0.201269 0.000807212 0)
(0.20118 0.000749694 0)
(0.201094 0.000694988 0)
(0.20101 0.000642975 0)
(0.200931 0.000593583 0)
(0.200855 0.000546777 0)
(0.200783 0.000502546 0)
(0.200716 0.000460893 0)
(0.200652 0.000421818 0)
(0.200593 0.000385312 0)
(0.200538 0.000351351 0)
(0.200487 0.000319888 0)
(0.200441 0.000290855 0)
(0.200398 0.000264163 0)
(0.200358 0.000239704 0)
(0.200323 0.000217356 0)
(0.20029 0.000196984 0)
(0.200261 0.000178451 0)
(0.200234 0.000161614 0)
(0.20021 0.000146334 0)
(0.200189 0.000132475 0)
(0.20017 0.00011991 0)
(0.200152 0.000108518 0)
(0.200137 9.8187e-05 0)
(0.200123 8.88165e-05 0)
(0.20011 8.0314e-05 0)
(0.200099 7.25969e-05 0)
(0.200089 6.5591e-05 0)
(0.200079 5.92302e-05 0)
(0.200071 5.34557e-05 0)
(0.200064 4.82149e-05 0)
(0.200057 4.3461e-05 0)
(0.200051 3.91519e-05 0)
(0.200046 3.52497e-05 0)
(0.200041 3.17204e-05 0)
(0.200037 2.85329e-05 0)
(0.200033 2.56588e-05 0)
(0.200029 2.30723e-05 0)
(0.200026 2.07496e-05 0)
(0.200023 1.86691e-05 0)
(0.20002 1.68106e-05 0)
(0.200018 1.5156e-05 0)
(0.200016 1.36884e-05 0)
(0.200014 1.23923e-05 0)
(0.200012 1.12539e-05 0)
(0.20001 1.02602e-05 0)
(0.200009 9.39947e-06 0)
(0.200008 8.66134e-06 0)
(0.200006 8.03737e-06 0)
(0.200039 0.00407278 0)
(0.200138 0.0042081 0)
(0.200242 0.00433199 0)
(0.200354 0.00444298 0)
(0.200473 0.00453965 0)
(0.200599 0.00462076 0)
(0.200728 0.00468553 0)
(0.200859 0.00473358 0)
(0.20099 0.00476491 0)
(0.201119 0.00477982 0)
(0.201245 0.00477893 0)
(0.201367 0.00476305 0)
(0.201483 0.0047332 0)
(0.201592 0.00469049 0)
(0.201694 0.00463611 0)
(0.201789 0.00457123 0)
(0.201876 0.00449704 0)
(0.201955 0.00441463 0)
(0.202027 0.00432503 0)
(0.202091 0.00422918 0)
(0.202148 0.00412793 0)
(0.202197 0.00402202 0)
(0.202241 0.00391212 0)
(0.202277 0.00379881 0)
(0.202308 0.0036826 0)
(0.202333 0.00356397 0)
(0.202352 0.00344334 0)
(0.202365 0.00332111 0)
(0.202373 0.00319766 0)
(0.202376 0.0030734 0)
(0.202373 0.0029487 0)
(0.202364 0.002824 0)
(0.202349 0.00269971 0)
(0.202329 0.0025763 0)
(0.202303 0.00245425 0)
(0.20227 0.00233404 0)
(0.202232 0.00221617 0)
(0.202188 0.00210111 0)
(0.202137 0.00198932 0)
(0.202081 0.00188119 0)
(0.20202 0.00177703 0)
(0.201953 0.00167709 0)
(0.201883 0.0015815 0)
(0.201808 0.00149029 0)
(0.20173 0.00140338 0)
(0.201649 0.00132063 0)
(0.201567 0.00124181 0)
(0.201484 0.00116665 0)
(0.2014 0.00109487 0)
(0.201316 0.00102619 0)
(0.201233 0.000960381 0)
(0.201152 0.000897227 0)
(0.201073 0.000836582 0)
(0.200996 0.000778353 0)
(0.200921 0.000722499 0)
(0.20085 0.000669022 0)
(0.200782 0.000617957 0)
(0.200717 0.000569361 0)
(0.200656 0.000523295 0)
(0.200599 0.000479814 0)
(0.200545 0.000438961 0)
(0.200495 0.000400752 0)
(0.200449 0.00036518 0)
(0.200406 0.000332208 0)
(0.200367 0.000301773 0)
(0.200331 0.000273784 0)
(0.200299 0.000248133 0)
(0.200269 0.000224696 0)
(0.200242 0.000203334 0)
(0.200217 0.000183906 0)
(0.200195 0.000166266 0)
(0.200175 0.000150269 0)
(0.200157 0.000135777 0)
(0.200141 0.000122655 0)
(0.200127 0.000110777 0)
(0.200114 0.000100027 0)
(0.200102 9.02974e-05 0)
(0.200091 8.14903e-05 0)
(0.200082 7.35171e-05 0)
(0.200073 6.62984e-05 0)
(0.200066 5.97627e-05 0)
(0.200059 5.38463e-05 0)
(0.200053 4.84921e-05 0)
(0.200047 4.36491e-05 0)
(0.200042 3.92716e-05 0)
(0.200038 3.53186e-05 0)
(0.200034 3.17531e-05 0)
(0.20003 2.85416e-05 0)
(0.200027 2.56537e-05 0)
(0.200024 2.3062e-05 0)
(0.200021 2.07411e-05 0)
(0.200019 1.86683e-05 0)
(0.200016 1.68227e-05 0)
(0.200014 1.51852e-05 0)
(0.200013 1.37386e-05 0)
(0.200011 1.24672e-05 0)
(0.20001 1.13568e-05 0)
(0.200008 1.03948e-05 0)
(0.200007 9.56965e-06 0)
(0.200006 8.87471e-06 0)
(0.20009 0.00393671 0)
(0.200171 0.00405776 0)
(0.200256 0.00416904 0)
(0.200346 0.00426942 0)
(0.200442 0.00435781 0)
(0.200543 0.00443317 0)
(0.200648 0.0044948 0)
(0.200754 0.00454229 0)
(0.20086 0.0045755 0)
(0.200966 0.00459452 0)
(0.20107 0.0045997 0)
(0.20117 0.00459155 0)
(0.201267 0.00457073 0)
(0.201359 0.00453805 0)
(0.201446 0.00449436 0)
(0.201527 0.00444056 0)
(0.201602 0.00437759 0)
(0.20167 0.00430633 0)
(0.201733 0.00422766 0)
(0.201789 0.00414241 0)
(0.20184 0.00405134 0)
(0.201884 0.00395517 0)
(0.201923 0.00385454 0)
(0.201957 0.00375007 0)
(0.201985 0.00364231 0)
(0.202007 0.00353178 0)
(0.202025 0.00341897 0)
(0.202038 0.00330433 0)
(0.202046 0.00318833 0)
(0.202049 0.00307142 0)
(0.202047 0.00295403 0)
(0.202041 0.00283662 0)
(0.202029 0.00271965 0)
(0.202012 0.00260356 0)
(0.20199 0.00248882 0)
(0.201963 0.00237587 0)
(0.201931 0.00226515 0)
(0.201893 0.00215703 0)
(0.201851 0.00205189 0)
(0.201804 0.00195 0)
(0.201752 0.00185158 0)
(0.201696 0.00175677 0)
(0.201636 0.00166561 0)
(0.201573 0.00157808 0)
(0.201507 0.00149405 0)
(0.201439 0.00141335 0)
(0.201369 0.00133575 0)
(0.201298 0.00126102 0)
(0.201226 0.00118891 0)
(0.201155 0.00111919 0)
(0.201084 0.0010517 0)
(0.201014 0.000986283 0)
(0.200945 0.000922879 0)
(0.200878 0.000861466 0)
(0.200814 0.000802078 0)
(0.200752 0.000744791 0)
(0.200693 0.000689713 0)
(0.200636 0.000636964 0)
(0.200583 0.000586668 0)
(0.200533 0.000538938 0)
(0.200486 0.000493866 0)
(0.200442 0.000451516 0)
(0.200401 0.000411918 0)
(0.200364 0.000375069 0)
(0.200329 0.00034093 0)
(0.200297 0.000309434 0)
(0.200268 0.000280487 0)
(0.200241 0.000253972 0)
(0.200217 0.000229758 0)
(0.200195 0.0002077 0)
(0.200176 0.000187651 0)
(0.200158 0.000169459 0)
(0.200142 0.000152974 0)
(0.200127 0.00013805 0)
(0.200114 0.000124551 0)
(0.200102 0.000112345 0)
(0.200092 0.00010131 0)
(0.200082 9.13357e-05 0)
(0.200074 8.23199e-05 0)
(0.200066 7.41703e-05 0)
(0.200059 6.68038e-05 0)
(0.200053 6.01458e-05 0)
(0.200047 5.41294e-05 0)
(0.200042 4.86949e-05 0)
(0.200038 4.37887e-05 0)
(0.200034 3.93629e-05 0)
(0.20003 3.53743e-05 0)
(0.200027 3.17841e-05 0)
(0.200024 2.85574e-05 0)
(0.200021 2.56624e-05 0)
(0.200019 2.30704e-05 0)
(0.200017 2.07554e-05 0)
(0.200015 1.86937e-05 0)
(0.200013 1.68639e-05 0)
(0.200011 1.52467e-05 0)
(0.20001 1.38245e-05 0)
(0.200009 1.25815e-05 0)
(0.200007 1.15039e-05 0)
(0.200006 1.05791e-05 0)
(0.200005 9.80017e-06 0)
(0.200115 0.00381381 0)
(0.200178 0.00392305 0)
(0.200244 0.00402384 0)
(0.200314 0.00411532 0)
(0.200389 0.00419667 0)
(0.200467 0.004267 0)
(0.200547 0.0043257 0)
(0.20063 0.00437236 0)
(0.200713 0.00440677 0)
(0.200796 0.00442888 0)
(0.200877 0.00443885 0)
(0.200957 0.00443694 0)
(0.201034 0.00442359 0)
(0.201107 0.00439934 0)
(0.201177 0.00436478 0)
(0.201243 0.0043206 0)
(0.201304 0.00426749 0)
(0.201361 0.00420619 0)
(0.201413 0.00413742 0)
(0.20146 0.00406187 0)
(0.201502 0.00398025 0)
(0.20154 0.00389321 0)
(0.201573 0.00380139 0)
(0.201602 0.00370538 0)
(0.201626 0.00360575 0)
(0.201646 0.00350306 0)
(0.201662 0.00339783 0)
(0.201674 0.00329057 0)
(0.201682 0.00318178 0)
(0.201685 0.00307196 0)
(0.201684 0.00296157 0)
(0.20168 0.00285111 0)
(0.201671 0.00274104 0)
(0.201658 0.00263181 0)
(0.20164 0.00252385 0)
(0.201619 0.00241759 0)
(0.201593 0.00231339 0)
(0.201563 0.00221158 0)
(0.20153 0.00211244 0)
(0.201492 0.00201617 0)
(0.20145 0.0019229 0)
(0.201405 0.00183269 0)
(0.201357 0.00174551 0)
(0.201306 0.00166127 0)
(0.201253 0.00157981 0)
(0.201198 0.00150094 0)
(0.201141 0.00142443 0)
(0.201084 0.00135005 0)
(0.201025 0.00127759 0)
(0.200967 0.00120688 0)
(0.200909 0.00113778 0)
(0.200851 0.00107022 0)
(0.200795 0.0010042 0)
(0.20074 0.000939761 0)
(0.200687 0.000877015 0)
(0.200636 0.000816105 0)
(0.200586 0.000757205 0)
(0.20054 0.0007005 0)
(0.200495 0.000646173 0)
(0.200453 0.000594393 0)
(0.200414 0.0005453 0)
(0.200377 0.000499003 0)
(0.200343 0.000455568 0)
(0.200311 0.000415024 0)
(0.200281 0.000377358 0)
(0.200254 0.000342524 0)
(0.20023 0.000310439 0)
(0.200207 0.000280998 0)
(0.200187 0.000254072 0)
(0.200168 0.000229518 0)
(0.200151 0.000207184 0)
(0.200136 0.000186912 0)
(0.200122 0.000168543 0)
(0.200109 0.000151921 0)
(0.200098 0.000136896 0)
(0.200088 0.000123324 0)
(0.200079 0.000111071 0)
(0.20007 0.000100012 0)
(0.200063 9.00321e-05 0)
(0.200056 8.10269e-05 0)
(0.200051 7.29018e-05 0)
(0.200045 6.55714e-05 0)
(0.20004 5.89591e-05 0)
(0.200036 5.29963e-05 0)
(0.200032 4.76216e-05 0)
(0.200029 4.27801e-05 0)
(0.200026 3.84224e-05 0)
(0.200023 3.45045e-05 0)
(0.20002 3.09865e-05 0)
(0.200018 2.78327e-05 0)
(0.200016 2.50109e-05 0)
(0.200014 2.24918e-05 0)
(0.200012 2.02491e-05 0)
(0.200011 1.82592e-05 0)
(0.20001 1.65007e-05 0)
(0.200008 1.49543e-05 0)
(0.200007 1.36031e-05 0)
(0.200006 1.24319e-05 0)
(0.200005 1.14276e-05 0)
(0.200004 1.05836e-05 0)
(0.200113 0.00370887 0)
(0.200159 0.00380865 0)
(0.200206 0.00390097 0)
(0.200257 0.00398517 0)
(0.20031 0.00406058 0)
(0.200366 0.00412647 0)
(0.200424 0.00418229 0)
(0.200484 0.00422767 0)
(0.200544 0.00426236 0)
(0.200604 0.00428623 0)
(0.200663 0.00429931 0)
(0.200722 0.00430174 0)
(0.200778 0.00429377 0)
(0.200833 0.00427574 0)
(0.200885 0.0042481 0)
(0.200934 0.00421133 0)
(0.200981 0.00416598 0)
(0.201024 0.00411263 0)
(0.201064 0.00405188 0)
(0.2011 0.00398433 0)
(0.201133 0.0039106 0)
(0.201163 0.0038313 0)
(0.201189 0.00374702 0)
(0.201212 0.00365835 0)
(0.201232 0.00356587 0)
(0.201248 0.00347012 0)
(0.201261 0.00337167 0)
(0.201271 0.00327105 0)
(0.201278 0.00316879 0)
(0.201281 0.00306541 0)
(0.201282 0.00296141 0)
(0.201279 0.00285729 0)
(0.201273 0.00275352 0)
(0.201264 0.00265055 0)
(0.201252 0.00254881 0)
(0.201236 0.00244868 0)
(0.201217 0.00235048 0)
(0.201196 0.0022545 0)
(0.201171 0.00216095 0)
(0.201143 0.00206996 0)
(0.201112 0.0019816 0)
(0.201079 0.00189585 0)
(0.201043 0.00181264 0)
(0.201005 0.0017318 0)
(0.200966 0.00165315 0)
(0.200924 0.00157646 0)
(0.200882 0.0015015 0)
(0.200839 0.00142803 0)
(0.200795 0.00135586 0)
(0.200751 0.00128485 0)
(0.200707 0.00121489 0)
(0.200663 0.00114596 0)
(0.20062 0.00107811 0)
(0.200578 0.00101145 0)
(0.200538 0.000946131 0)
(0.200498 0.000882364 0)
(0.20046 0.000820381 0)
(0.200424 0.000760424 0)
(0.20039 0.000702732 0)
(0.200357 0.000647521 0)
(0.200327 0.000594981 0)
(0.200298 0.000545259 0)
(0.200271 0.00049846 0)
(0.200247 0.000454643 0)
(0.200224 0.000413822 0)
(0.200202 0.00037597 0)
(0.200183 0.00034102 0)
(0.200165 0.000308879 0)
(0.200149 0.000279424 0)
(0.200134 0.000252515 0)
(0.20012 0.000228 0)
(0.200108 0.000205718 0)
(0.200097 0.000185505 0)
(0.200087 0.000167199 0)
(0.200078 0.000150639 0)
(0.20007 0.000135674 0)
(0.200063 0.00012216 0)
(0.200056 0.000109961 0)
(0.20005 9.89542e-05 0)
(0.200045 8.9024e-05 0)
(0.20004 8.00671e-05 0)
(0.200036 7.19892e-05 0)
(0.200032 6.47059e-05 0)
(0.200029 5.81409e-05 0)
(0.200026 5.2226e-05 0)
(0.200023 4.69001e-05 0)
(0.20002 4.21083e-05 0)
(0.200018 3.78013e-05 0)
(0.200016 3.3935e-05 0)
(0.200014 3.04695e-05 0)
(0.200013 2.7369e-05 0)
(0.200011 2.46011e-05 0)
(0.20001 2.21367e-05 0)
(0.200009 1.99496e-05 0)
(0.200008 1.80161e-05 0)
(0.200007 1.63151e-05 0)
(0.200006 1.48279e-05 0)
(0.200005 1.35379e-05 0)
(0.200004 1.24307e-05 0)
(0.200003 1.14986e-05 0)
(0.200084 0.00362859 0)
(0.200112 0.00372168 0)
(0.200141 0.00380801 0)
(0.200172 0.00388703 0)
(0.200205 0.00395823 0)
(0.200239 0.00402094 0)
(0.200275 0.00407471 0)
(0.200312 0.00411916 0)
(0.200349 0.00415403 0)
(0.200386 0.00417917 0)
(0.200423 0.00419453 0)
(0.20046 0.00420016 0)
(0.200496 0.00419619 0)
(0.20053 0.00418285 0)
(0.200564 0.00416046 0)
(0.200596 0.00412938 0)
(0.200626 0.00409004 0)
(0.200654 0.0040429 0)
(0.20068 0.00398848 0)
(0.200704 0.0039273 0)
(0.200727 0.00385991 0)
(0.200747 0.00378686 0)
(0.200765 0.00370871 0)
(0.200781 0.00362604 0)
(0.200795 0.00353939 0)
(0.200806 0.00344934 0)
(0.200816 0.00335643 0)
(0.200824 0.00326123 0)
(0.200829 0.00316425 0)
(0.200833 0.00306606 0)
(0.200835 0.00296714 0)
(0.200834 0.00286802 0)
(0.200831 0.00276917 0)
(0.200827 0.00267104 0)
(0.20082 0.00257402 0)
(0.200811 0.00247849 0)
(0.2008 0.00238475 0)
(0.200787 0.00229305 0)
(0.200772 0.00220354 0)
(0.200755 0.00211632 0)
(0.200736 0.0020314 0)
(0.200716 0.00194874 0)
(0.200693 0.0018682 0)
(0.20067 0.00178959 0)
(0.200645 0.00171271 0)
(0.200618 0.00163729 0)
(0.200591 0.00156312 0)
(0.200564 0.00148995 0)
(0.200535 0.00141761 0)
(0.200507 0.00134597 0)
(0.200478 0.00127497 0)
(0.20045 0.00120462 0)
(0.200422 0.00113501 0)
(0.200394 0.00106629 0)
(0.200367 0.000998678 0)
(0.200341 0.000932416 0)
(0.200316 0.000867787 0)
(0.200292 0.00080508 0)
(0.200269 0.000744574 0)
(0.200247 0.000686527 0)
(0.200226 0.000631163 0)
(0.200207 0.000578661 0)
(0.200189 0.000529154 0)
(0.200172 0.000482724 0)
(0.200156 0.000439403 0)
(0.200141 0.000399179 0)
(0.200128 0.000361997 0)
(0.200116 0.000327769 0)
(0.200104 0.000296378 0)
(0.200094 0.000267683 0)
(0.200085 0.000241532 0)
(0.200076 0.000217758 0)
(0.200068 0.000196194 0)
(0.200061 0.000176668 0)
(0.200055 0.000159014 0)
(0.200049 0.000143071 0)
(0.200044 0.000128685 0)
(0.200039 0.000115714 0)
(0.200035 0.000104023 0)
(0.200031 9.34886e-05 0)
(0.200028 8.39998e-05 0)
(0.200025 7.54543e-05 0)
(0.200022 6.77601e-05 0)
(0.20002 6.08345e-05 0)
(0.200018 5.46033e-05 0)
(0.200016 4.89999e-05 0)
(0.200014 4.39648e-05 0)
(0.200012 3.94443e-05 0)
(0.200011 3.53907e-05 0)
(0.20001 3.17609e-05 0)
(0.200009 2.85162e-05 0)
(0.200008 2.5622e-05 0)
(0.200007 2.30469e-05 0)
(0.200006 2.07631e-05 0)
(0.200005 1.87453e-05 0)
(0.200004 1.69713e-05 0)
(0.200004 1.54213e-05 0)
(0.200003 1.40783e-05 0)
(0.200003 1.29281e-05 0)
(0.200002 1.19656e-05 0)
(0.200032 0.00358058 0)
(0.200042 0.00366943 0)
(0.200053 0.00375184 0)
(0.200064 0.00382734 0)
(0.200076 0.00389549 0)
(0.200089 0.00395568 0)
(0.200102 0.00400747 0)
(0.200116 0.00405054 0)
(0.20013 0.00408463 0)
(0.200145 0.00410957 0)
(0.200159 0.0041253 0)
(0.200174 0.00413181 0)
(0.200188 0.00412922 0)
(0.200203 0.00411769 0)
(0.200216 0.00409747 0)
(0.20023 0.00406889 0)
(0.200243 0.0040323 0)
(0.200256 0.00398814 0)
(0.200267 0.00393684 0)
(0.200279 0.00387891 0)
(0.200289 0.00381484 0)
(0.200299 0.00374517 0)
(0.200309 0.00367044 0)
(0.200317 0.00359119 0)
(0.200325 0.00350798 0)
(0.200332 0.00342138 0)
(0.200339 0.00333192 0)
(0.200344 0.00324017 0)
(0.200349 0.00314667 0)
(0.200353 0.00305196 0)
(0.200356 0.00295656 0)
(0.200358 0.00286098 0)
(0.20036 0.00276569 0)
(0.20036 0.00267113 0)
(0.20036 0.00257772 0)
(0.200358 0.00248578 0)
(0.200356 0.00239562 0)
(0.200353 0.00230744 0)
(0.200349 0.00222138 0)
(0.200344 0.00213751 0)
(0.200338 0.00205581 0)
(0.200331 0.00197618 0)
(0.200324 0.00189847 0)
(0.200315 0.00182245 0)
(0.200306 0.00174787 0)
(0.200297 0.00167447 0)
(0.200286 0.00160198 0)
(0.200275 0.00153017 0)
(0.200264 0.00145885 0)
(0.200253 0.00138788 0)
(0.200241 0.00131722 0)
(0.200229 0.00124689 0)
(0.200217 0.001177 0)
(0.200205 0.00110771 0)
(0.200193 0.00103927 0)
(0.200181 0.000971953 0)
(0.20017 0.000906077 0)
(0.200159 0.00084196 0)
(0.200148 0.000779913 0)
(0.200138 0.000720225 0)
(0.200128 0.000663149 0)
(0.200118 0.000608892 0)
(0.200109 0.000557611 0)
(0.200101 0.000509409 0)
(0.200093 0.000464339 0)
(0.200085 0.000422402 0)
(0.200078 0.000383557 0)
(0.200072 0.000347727 0)
(0.200065 0.000314801 0)
(0.20006 0.000284645 0)
(0.200054 0.00025711 0)
(0.200049 0.000232032 0)
(0.200045 0.000209243 0)
(0.200041 0.000188572 0)
(0.200037 0.000169851 0)
(0.200033 0.000152918 0)
(0.20003 0.000137616 0)
(0.200027 0.000123799 0)
(0.200024 0.000111329 0)
(0.200022 0.000100082 0)
(0.20002 8.99398e-05 0)
(0.200018 8.07981e-05 0)
(0.200016 7.25611e-05 0)
(0.200014 6.51423e-05 0)
(0.200013 5.8464e-05 0)
(0.200011 5.24561e-05 0)
(0.20001 4.70558e-05 0)
(0.200009 4.22063e-05 0)
(0.200008 3.78568e-05 0)
(0.200007 3.39614e-05 0)
(0.200006 3.04787e-05 0)
(0.200006 2.73716e-05 0)
(0.200005 2.46066e-05 0)
(0.200004 2.21535e-05 0)
(0.200004 1.99852e-05 0)
(0.200004 1.80775e-05 0)
(0.200003 1.64087e-05 0)
(0.200003 1.49594e-05 0)
(0.200002 1.37119e-05 0)
(0.200002 1.2656e-05 0)
(0.199974 1.34544e-05 0)
(0.19989 3.21765e-05 0)
(0.199749 5.6129e-05 0)
(0.199558 8.56425e-05 0)
(0.19932 0.000121404 0)
(0.199031 0.000164548 0)
(0.198684 0.000216871 0)
(0.198269 0.000281199 0)
(0.197769 0.000362119 0)
(0.197154 0.000467543 0)
(0.196377 0.000612431 0)
(0.195342 0.000829167 0)
(0.193833 0.00120425 0)
(0.191257 0.00207292 0)
(0.19033 0.00487785 0)
(0.199974 2.83293e-05 0)
(0.199892 6.15434e-05 0)
(0.199753 0.000100517 0)
(0.199564 0.000146242 0)
(0.199327 0.0002002 0)
(0.199041 0.000264593 0)
(0.198698 0.000342734 0)
(0.198289 0.000439749 0)
(0.197798 0.000563973 0)
(0.197198 0.000729903 0)
(0.196449 0.000965184 0)
(0.195477 0.00132946 0)
(0.194157 0.00197476 0)
(0.192332 0.00339942 0)
(0.191761 0.00733297 0)
(0.199975 4.1085e-05 0)
(0.199894 8.57199e-05 0)
(0.199757 0.000136217 0)
(0.19957 0.000194256 0)
(0.199337 0.000261962 0)
(0.199055 0.000342371 0)
(0.198718 0.000439931 0)
(0.198318 0.000561449 0)
(0.19784 0.000717907 0)
(0.197264 0.000928206 0)
(0.196557 0.00122755 0)
(0.195673 0.00168802 0)
(0.194568 0.00247233 0)
(0.19331 0.00397292 0)
(0.19299 0.0070587 0)
(0.199976 5.36585e-05 0)
(0.199896 0.00010997 0)
(0.199761 0.000172389 0)
(0.199577 0.000243261 0)
(0.199348 0.000325309 0)
(0.199072 0.000422342 0)
(0.198743 0.00053986 0)
(0.198354 0.00068616 0)
(0.197895 0.000874406 0)
(0.197347 0.00112669 0)
(0.196692 0.00148241 0)
(0.195909 0.00201604 0)
(0.195007 0.0028728 0)
(0.194132 0.00431626 0)
(0.19399 0.0066756 0)
(0.199976 6.64394e-05 0)
(0.199899 0.0001349 0)
(0.199766 0.000209659 0)
(0.199586 0.000293712 0)
(0.199362 0.000390359 0)
(0.199092 0.000504119 0)
(0.198773 0.000641421 0)
(0.198398 0.000811788 0)
(0.19796 0.00102999 0)
(0.197448 0.00131995 0)
(0.196851 0.00172207 0)
(0.196171 0.00230596 0)
(0.195451 0.00318823 0)
(0.19485 0.0045311 0)
(0.194837 0.00642466 0)
(0.199977 7.93745e-05 0)
(0.199901 0.000160234 0)
(0.199771 0.000247496 0)
(0.199596 0.000344807 0)
(0.199377 0.000456014 0)
(0.199115 0.00058626 0)
(0.198808 0.000742736 0)
(0.198449 0.000935859 0)
(0.198036 0.00118132 0)
(0.197562 0.00150351 0)
(0.197028 0.00194099 0)
(0.19645 0.002554 0)
(0.195885 0.00342854 0)
(0.195483 0.00465339 0)
(0.195558 0.00621242 0)
(0.199977 9.24287e-05 0)
(0.199904 0.00018587 0)
(0.199778 0.000285767 0)
(0.199606 0.000396377 0)
(0.199395 0.000522048 0)
(0.199142 0.000668438 0)
(0.198847 0.000843296 0)
(0.198507 0.00105757 0)
(0.198121 0.00132718 0)
(0.197689 0.00167572 0)
(0.197218 0.00213791 0)
(0.196735 0.00276244 0)
(0.196301 0.00360761 0)
(0.196045 0.00471254 0)
(0.196178 0.00601791 0)
(0.199978 0.000105571 0)
(0.199907 0.000211725 0)
(0.199784 0.000324336 0)
(0.199619 0.000448213 0)
(0.199414 0.000588135 0)
(0.199172 0.000750149 0)
(0.198891 0.000942345 0)
(0.198572 0.00117583 0)
(0.198215 0.00146612 0)
(0.197826 0.00183497 0)
(0.197417 0.00231202 0)
(0.197019 0.0029341 0)
(0.196695 0.0037368 0)
(0.196545 0.00472792 0)
(0.196714 0.0058359 0)
(0.199979 0.000118763 0)
(0.19991 0.0002377 0)
(0.199791 0.000363037 0)
(0.199632 0.000500055 0)
(0.199436 0.000653887 0)
(0.199205 0.000830836 0)
(0.19894 0.00103911 0)
(0.198642 0.0012896 0)
(0.198316 0.00159689 0)
(0.19797 0.00198017 0)
(0.19762 0.00246339 0)
(0.197299 0.00307247 0)
(0.197063 0.00382563 0)
(0.196991 0.00471238 0)
(0.197181 0.00566295 0)
(0.199979 0.000131959 0)
(0.199913 0.000263686 0)
(0.199799 0.000401685 0)
(0.199646 0.000551627 0)
(0.199459 0.00071891 0)
(0.19924 0.00090995 0)
(0.198992 0.00113285 0)
(0.198718 0.00139799 0)
(0.198423 0.00171853 0)
(0.198118 0.00211071 0)
(0.197823 0.00259279 0)
(0.19757 0.00318128 0)
(0.197406 0.00388195 0)
(0.19739 0.00467472 0)
(0.197591 0.00549726 0)
(0.19998 0.000145106 0)
(0.199917 0.000289562 0)
(0.199808 0.000440084 0)
(0.199662 0.000602639 0)
(0.199485 0.000782795 0)
(0.199279 0.000986942 0)
(0.199048 0.00122289 0)
(0.198797 0.00150019 0)
(0.198534 0.00183034 0)
(0.198269 0.00222641 0)
(0.198025 0.0027014 0)
(0.197829 0.0032642 0)
(0.197722 0.00391216 0)
(0.197747 0.00462117 0)
(0.197952 0.00533797 0)
(0.199981 0.000158146 0)
(0.199921 0.000315203 0)
(0.199817 0.000478026 0)
(0.199679 0.000652793 0)
(0.199512 0.000845135 0)
(0.19932 0.00106129 0)
(0.199107 0.00130858 0)
(0.19888 0.00159555 0)
(0.198647 0.00193185 0)
(0.198421 0.00232745 0)
(0.198221 0.00279072 0)
(0.198075 0.00332469 0)
(0.198013 0.00392148 0)
(0.198067 0.00455626 0)
(0.19827 0.00518473 0)
(0.199982 0.000171016 0)
(0.199925 0.000340475 0)
(0.199827 0.000515298 0)
(0.199696 0.000701783 0)
(0.19954 0.000905528 0)
(0.199362 0.00113249 0)
(0.199168 0.00138938 0)
(0.198965 0.00168359 0)
(0.198761 0.00202287 0)
(0.19857 0.00241431 0)
(0.198411 0.00286241 0)
(0.198305 0.00336597 0)
(0.198279 0.00391417 0)
(0.198353 0.00448339 0)
(0.198551 0.00503737 0)
(0.199983 0.000183649 0)
(0.199929 0.000365238 0)
(0.199837 0.000551681 0)
(0.199715 0.000749309 0)
(0.19957 0.000963592 0)
(0.199407 0.00120011 0)
(0.199231 0.00146483 0)
(0.19905 0.00176397 0)
(0.198874 0.0021034 0)
(0.198716 0.00248766 0)
(0.198591 0.0029182 0)
(0.19852 0.00339092 0)
(0.198521 0.0038937 0)
(0.198609 0.00440514 0)
(0.198799 0.00489585 0)
(0.199984 0.000195978 0)
(0.199933 0.000389351 0)
(0.199847 0.00058696 0)
(0.199734 0.00079508 0)
(0.1996 0.00101897 0)
(0.199452 0.00126375 0)
(0.199294 0.0015346 0)
(0.199136 0.0018365 0)
(0.198986 0.00217363 0)
(0.198856 0.00254838 0)
(0.198762 0.00295984 0)
(0.198718 0.00340213 0)
(0.19874 0.00386297 0)
(0.198836 0.00432353 0)
(0.199018 0.00476018 0)
(0.199985 0.000207933 0)
(0.199938 0.000412676 0)
(0.199858 0.000620924 0)
(0.199754 0.000838823 0)
(0.199632 0.00107135 0)
(0.199498 0.0013231 0)
(0.199358 0.00159843 0)
(0.19922 0.00190116 0)
(0.199094 0.00223395 0)
(0.19899 0.00259742 0)
(0.198922 0.00298903 0)
(0.1989 0.00340193 0)
(0.198937 0.00382435 0)
(0.199038 0.00424013 0)
(0.199209 0.0046304 0)
(0.199986 0.000219445 0)
(0.199943 0.000435076 0)
(0.199869 0.000653374 0)
(0.199774 0.000880286 0)
(0.199663 0.00112045 0)
(0.199543 0.0013779 0)
(0.199421 0.00165619 0)
(0.199302 0.00195805 0)
(0.199198 0.00228484 0)
(0.199117 0.00263584 0)
(0.19907 0.0030074 0)
(0.199066 0.00339234 0)
(0.199114 0.00377984 0)
(0.199215 0.00415623 0)
(0.199376 0.00450654 0)
(0.199987 0.000230451 0)
(0.199947 0.00045642 0)
(0.199881 0.000684123 0)
(0.199794 0.00091925 0)
(0.199695 0.00116605 0)
(0.199588 0.00142799 0)
(0.199482 0.00170785 0)
(0.199382 0.00200741 0)
(0.199297 0.00232694 0)
(0.199235 0.00266474 0)
(0.199206 0.00301653 0)
(0.199216 0.00337522 0)
(0.199271 0.00373114 0)
(0.199371 0.00407292 0)
(0.199521 0.00438871 0)
(0.199989 0.000240892 0)
(0.199952 0.000476594 0)
(0.199892 0.00071301 0)
(0.199814 0.000955521 0)
(0.199725 0.00120797 0)
(0.199632 0.00147326 0)
(0.199541 0.00175345 0)
(0.199458 0.0020495 0)
(0.19939 0.00236086 0)
(0.199345 0.00268513 0)
(0.19933 0.00301777 0)
(0.19935 0.00335208 0)
(0.199409 0.00367961 0)
(0.199507 0.00399099 0)
(0.199646 0.00427695 0)
(0.19999 0.000250712 0)
(0.199957 0.000495525 0)
(0.199903 0.000739966 0)
(0.199833 0.000989062 0)
(0.199756 0.00124623 0)
(0.199675 0.00151386 0)
(0.199598 0.00179336 0)
(0.199529 0.00208499 0)
(0.199476 0.0023876 0)
(0.199445 0.00269836 0)
(0.199441 0.00301272 0)
(0.199469 0.00332455 0)
(0.19953 0.00362658 0)
(0.199624 0.00391122 0)
(0.199751 0.00417124 0)
(0.199991 0.00026137 0)
(0.199962 0.000516075 0)
(0.199915 0.000769085 0)
(0.199856 0.00102497 0)
(0.19979 0.00128665 0)
(0.199724 0.00155592 0)
(0.199661 0.00183354 0)
(0.199609 0.00211916 0)
(0.199571 0.00241109 0)
(0.199554 0.00270631 0)
(0.199561 0.00300047 0)
(0.199594 0.00328821 0)
(0.199655 0.00356356 0)
(0.199742 0.00382067 0)
(0.199857 0.00405419 0)
(0.199992 0.000272771 0)
(0.199969 0.000537913 0)
(0.19993 0.000799697 0)
(0.199882 0.00106214 0)
(0.199829 0.00132761 0)
(0.199777 0.00159729 0)
(0.199729 0.00187137 0)
(0.199692 0.00214896 0)
(0.199669 0.00242809 0)
(0.199663 0.00270577 0)
(0.199677 0.00297814 0)
(0.199713 0.0032408 0)
(0.199771 0.0034892 0)
(0.199849 0.00371912 0)
(0.199948 0.00392691 0)
(0.199994 0.000283235 0)
(0.199975 0.000557821 0)
(0.199944 0.000827305 0)
(0.199906 0.00109513 0)
(0.199866 0.00136315 0)
(0.199827 0.00163205 0)
(0.199794 0.00190153 0)
(0.199769 0.0021704 0)
(0.199756 0.00243663 0)
(0.199759 0.00269746 0)
(0.199777 0.00294964 0)
(0.199813 0.00318974 0)
(0.199865 0.00341441 0)
(0.199932 0.00362077 0)
(0.200016 0.00380643 0)
(0.199995 0.000292386 0)
(0.199981 0.000575124 0)
(0.199958 0.000851034 0)
(0.19993 0.00112301 0)
(0.199901 0.00139242 0)
(0.199874 0.00165955 0)
(0.199852 0.00192381 0)
(0.199837 0.00218387 0)
(0.199832 0.00243779 0)
(0.199839 0.00268318 0)
(0.199858 0.00291744 0)
(0.199891 0.00313799 0)
(0.199935 0.00334252 0)
(0.19999 0.00352915 0)
(0.200056 0.00369644 0)
(0.199997 0.000299866 0)
(0.199987 0.00058918 0)
(0.199971 0.000870088 0)
(0.199952 0.00114498 0)
(0.199933 0.00141485 0)
(0.199915 0.0016797 0)
(0.199902 0.00193876 0)
(0.199895 0.0021907 0)
(0.199894 0.00243377 0)
(0.199903 0.00266597 0)
(0.19992 0.0028853 0)
(0.199945 0.00308988 0)
(0.19998 0.00327817 0)
(0.200021 0.00344906 0)
(0.20007 0.00360177 0)
(0.199998 0.000305314 0)
(0.199992 0.000599368 0)
(0.199983 0.00088375 0)
(0.199972 0.00116045 0)
(0.199961 0.00143019 0)
(0.199952 0.00169278 0)
(0.199945 0.0019474 0)
(0.199942 0.00219276 0)
(0.199943 0.00242732 0)
(0.19995 0.00264945 0)
(0.199962 0.00285759 0)
(0.199979 0.00305041 0)
(0.200001 0.00322691 0)
(0.200027 0.00338648 0)
(0.200057 0.00352879 0)
(0.199999 0.000308314 0)
(0.199997 0.00060498 0)
(0.199994 0.000891263 0)
(0.199991 0.00116891 0)
(0.199987 0.00143849 0)
(0.199984 0.00169969 0)
(0.199981 0.00195166 0)
(0.19998 0.00219317 0)
(0.199981 0.00242279 0)
(0.199984 0.00263908 0)
(0.199988 0.00284074 0)
(0.199994 0.00302673 0)
(0.200002 0.00319633 0)
(0.200011 0.00334922 0)
(0.200022 0.00348527 0)
)
;

boundaryField
{
    top
    {
        type            zeroGradient;
    }
    inlet
    {
        type            fixedValue;
        value           uniform (0.2 0 0);
    }
    outlet
    {
        type            zeroGradient;
    }
    plate
    {
        type            fixedValue;
        value           uniform (0 0 0);
    }
    symmBound
    {
        type            zeroGradient;
    }
    frontAndBack
    {
        type            empty;
    }
}


// ************************************************************************* //
