/*--------------------------------*- C++ -*----------------------------------*\
| =========                 |                                                 |
| \\      /  F ield         | OpenFOAM: The Open Source CFD Toolbox           |
|  \\    /   O peration     | Version:  2.3.0                                 |
|   \\  /    A nd           | Web:      www.OpenFOAM.org                      |
|    \\/     M anipulation  |                                                 |
\*---------------------------------------------------------------------------*/
FoamFile
{
    version     2.0;
    format      ascii;
    class       volScalarField;
    location    "0.65";
    object      p;
}
// * * * * * * * * * * * * * * * * * * * * * * * * * * * * * * * * * * * * * //

dimensions      [0 2 -2 0 0 0 0];

internalField   nonuniform List<scalar> 
5940
(
0.00296691
0.00264648
0.00194884
0.00126658
0.000708087
0.000255528
-0.00011008
-0.000382882
-0.00055405
-0.000633613
-0.00064774
-0.000625084
-0.000587665
-0.000548947
-0.00051548
-0.000489204
-0.000469547
-0.000454963
-0.000443828
-0.000434828
-0.000427035
-0.000419865
-0.000412987
-0.000406237
-0.000399553
-0.000392922
-0.000386356
-0.000379871
-0.00037348
-0.000367194
-0.000361015
-0.000354944
-0.000348977
-0.00034311
-0.000337336
-0.00033165
-0.000326047
-0.000320522
-0.000315072
-0.000309693
-0.000304383
-0.00029914
-0.000293963
-0.000288851
-0.000283803
-0.000278819
-0.000273898
-0.000269042
-0.000264249
-0.000259519
-0.000254854
-0.000250253
-0.000245716
-0.000241245
-0.000236837
-0.000232496
-0.000228219
-0.000224008
-0.000219863
-0.000215784
-0.000211771
-0.000207824
-0.000203943
-0.000200129
-0.000196381
-0.000192699
-0.000189083
-0.000185533
-0.000182049
-0.00017863
-0.000175277
-0.00017199
-0.000168767
-0.000165608
-0.000162513
-0.000159482
-0.000156514
-0.000153609
-0.000150765
-0.000147983
-0.000145261
-0.000142599
-0.000139996
-0.000137452
-0.000134965
-0.000132535
-0.000130161
-0.000127841
-0.000125575
-0.000123363
-0.000121201
-0.00011909
-0.000117029
-0.000115016
-0.000113049
-0.000111129
-0.000109252
-0.000107418
-0.000105626
-0.000103873
-0.000102158
-0.000100481
-9.88371e-05
-9.72275e-05
-9.5648e-05
-9.4099e-05
-9.2576e-05
-9.10796e-05
-8.96048e-05
-8.81525e-05
-8.67168e-05
-8.52993e-05
-8.38929e-05
-8.25001e-05
-8.11123e-05
-7.97333e-05
-7.83527e-05
-7.69756e-05
-7.55895e-05
-7.42015e-05
-7.2796e-05
-7.1383e-05
-6.99431e-05
-6.84897e-05
-6.69987e-05
-6.54881e-05
-6.39276e-05
-6.23413e-05
-6.06913e-05
-5.90092e-05
-5.72473e-05
-5.54475e-05
-5.35489e-05
-5.16069e-05
-4.95441e-05
-4.7433e-05
-4.51749e-05
-4.2865e-05
-4.03767e-05
-3.78353e-05
-3.50768e-05
-3.22678e-05
-2.91933e-05
-2.60766e-05
-2.26312e-05
-1.91629e-05
-1.52779e-05
-1.14142e-05
-6.98893e-06
-2.7132e-06
0.00244177
0.0022586
0.00178211
0.00121709
0.000705813
0.000282887
-5.55027e-05
-0.000308537
-0.00047426
-0.000560386
-0.000586485
-0.000576451
-0.000550205
-0.000520446
-0.000493693
-0.000472152
-0.000455695
-0.000443248
-0.00043358
-0.000425639
-0.000418666
-0.000412169
-0.00040587
-0.000399631
-0.000393405
-0.000387186
-0.000380991
-0.00037484
-0.000368752
-0.00036274
-0.000356809
-0.000350964
-0.000345204
-0.000339527
-0.000333927
-0.000328403
-0.00032295
-0.000317564
-0.000312244
-0.000306986
-0.000301789
-0.000296653
-0.000291576
-0.000286557
-0.000281598
-0.000276697
-0.000271855
-0.000267073
-0.000262351
-0.000257688
-0.000253087
-0.000248546
-0.000244067
-0.00023965
-0.000235295
-0.000231003
-0.000226774
-0.000222608
-0.000218507
-0.000214469
-0.000210496
-0.000206587
-0.000202743
-0.000198963
-0.000195249
-0.000191599
-0.000188015
-0.000184495
-0.000181039
-0.000177649
-0.000174322
-0.00017106
-0.000167862
-0.000164727
-0.000161656
-0.000158647
-0.000155701
-0.000152816
-0.000149992
-0.000147229
-0.000144526
-0.000141883
-0.000139298
-0.000136771
-0.0001343
-0.000131887
-0.000129528
-0.000127224
-0.000124973
-0.000122774
-0.000120626
-0.000118529
-0.000116481
-0.000114481
-0.000112527
-0.000110618
-0.000108753
-0.000106931
-0.00010515
-0.000103408
-0.000101704
-0.000100037
-9.84036e-05
-9.6804e-05
-9.52343e-05
-9.36948e-05
-9.21811e-05
-9.06939e-05
-8.92279e-05
-8.77844e-05
-8.63572e-05
-8.49481e-05
-8.35498e-05
-8.21651e-05
-8.07851e-05
-7.9414e-05
-7.80408e-05
-7.66713e-05
-7.52923e-05
-7.39116e-05
-7.25129e-05
-7.1107e-05
-6.96735e-05
-6.82271e-05
-6.67422e-05
-6.52382e-05
-6.36836e-05
-6.21038e-05
-6.04592e-05
-5.87835e-05
-5.70267e-05
-5.5233e-05
-5.33391e-05
-5.14032e-05
-4.93445e-05
-4.72394e-05
-4.49849e-05
-4.2681e-05
-4.01955e-05
-3.76601e-05
-3.49035e-05
-3.21008e-05
-2.90269e-05
-2.5917e-05
-2.24702e-05
-1.90098e-05
-1.51201e-05
-1.12674e-05
-6.83238e-06
-2.5896e-06
0.00206612
0.00194749
0.0016284
0.00118165
0.000731379
0.000344108
3.4558e-05
-0.00019958
-0.000362429
-0.000460377
-0.000505654
-0.00051502
-0.000504929
-0.000487475
-0.000469322
-0.00045337
-0.000440384
-0.000430096
-0.00042185
-0.000414952
-0.000408833
-0.000403095
-0.000397496
-0.00039191
-0.00038629
-0.000380628
-0.00037494
-0.000369246
-0.000363567
-0.00035792
-0.000352315
-0.000346762
-0.000341262
-0.000335819
-0.000330431
-0.000325099
-0.00031982
-0.000314594
-0.00030942
-0.000304297
-0.000299225
-0.000294204
-0.000289234
-0.000284316
-0.000279449
-0.000274636
-0.000269877
-0.000265171
-0.000260522
-0.000255928
-0.00025139
-0.000246911
-0.000242489
-0.000238127
-0.000233824
-0.000229581
-0.000225399
-0.000221278
-0.000217219
-0.000213222
-0.000209288
-0.000205416
-0.000201607
-0.000197862
-0.00019418
-0.000190562
-0.000187007
-0.000183516
-0.000180088
-0.000176724
-0.000173423
-0.000170186
-0.000167012
-0.0001639
-0.00016085
-0.000157863
-0.000154937
-0.000152072
-0.000149268
-0.000146523
-0.000143838
-0.000141212
-0.000138644
-0.000136133
-0.000133679
-0.00013128
-0.000128936
-0.000126646
-0.000124409
-0.000122224
-0.00012009
-0.000118006
-0.00011597
-0.000113982
-0.000112039
-0.000110143
-0.000108289
-0.000106478
-0.000104707
-0.000102976
-0.000101282
-9.96247e-05
-9.80009e-05
-9.64108e-05
-9.48503e-05
-9.332e-05
-9.1815e-05
-9.03366e-05
-8.8879e-05
-8.74441e-05
-8.60248e-05
-8.4624e-05
-8.32333e-05
-8.18567e-05
-8.0484e-05
-7.91206e-05
-7.77544e-05
-7.63925e-05
-7.50201e-05
-7.36469e-05
-7.22545e-05
-7.0856e-05
-6.94285e-05
-6.79893e-05
-6.65101e-05
-6.50134e-05
-6.3464e-05
-6.18915e-05
-6.02518e-05
-5.85835e-05
-5.6831e-05
-5.50449e-05
-5.31547e-05
-5.12267e-05
-4.91711e-05
-4.70744e-05
-4.48221e-05
-4.25271e-05
-4.00427e-05
-3.75171e-05
-3.47602e-05
-3.19685e-05
-2.88925e-05
-2.57953e-05
-2.2344e-05
-1.88989e-05
-1.50013e-05
-1.11682e-05
-6.7326e-06
-2.5336e-06
0.00181493
0.00171846
0.00148926
0.00114123
0.00075755
0.000409451
0.000125631
-9.22755e-05
-0.000250366
-0.000355248
-0.000415317
-0.000441955
-0.000447634
-0.000442762
-0.000434018
-0.000424888
-0.000416796
-0.000410045
-0.000404418
-0.000399535
-0.000395033
-0.000390645
-0.000386209
-0.000381644
-0.000376926
-0.000372065
-0.000367085
-0.00036202
-0.000356897
-0.000351744
-0.000346578
-0.000341416
-0.000336268
-0.00033114
-0.000326037
-0.000320963
-0.00031592
-0.00031091
-0.000305933
-0.000300992
-0.000296088
-0.000291222
-0.000286396
-0.000281611
-0.000276869
-0.000272171
-0.000267519
-0.000262915
-0.000258359
-0.000253854
-0.0002494
-0.000244998
-0.00024065
-0.000236357
-0.000232119
-0.000227938
-0.000223815
-0.00021975
-0.000215743
-0.000211796
-0.000207909
-0.000204083
-0.000200317
-0.000196613
-0.000192971
-0.00018939
-0.000185871
-0.000182414
-0.00017902
-0.000175687
-0.000172417
-0.000169209
-0.000166062
-0.000162977
-0.000159953
-0.000156991
-0.000154089
-0.000151247
-0.000148465
-0.000145742
-0.000143078
-0.000140472
-0.000137923
-0.00013543
-0.000132994
-0.000130613
-0.000128286
-0.000126013
-0.000123791
-0.000121622
-0.000119502
-0.000117433
-0.000115411
-0.000113436
-0.000111507
-0.000109623
-0.000107782
-0.000105983
-0.000104224
-0.000102505
-0.000100822
-9.91762e-05
-9.75631e-05
-9.59837e-05
-9.44333e-05
-9.29132e-05
-9.14179e-05
-8.99493e-05
-8.8501e-05
-8.70755e-05
-8.56651e-05
-8.42734e-05
-8.28912e-05
-8.15234e-05
-8.01589e-05
-7.88042e-05
-7.74457e-05
-7.60924e-05
-7.47274e-05
-7.33626e-05
-7.19773e-05
-7.05872e-05
-6.91664e-05
-6.77356e-05
-6.62627e-05
-6.47745e-05
-6.32311e-05
-6.16673e-05
-6.0033e-05
-5.83736e-05
-5.66261e-05
-5.48494e-05
-5.29636e-05
-5.10454e-05
-4.89936e-05
-4.69073e-05
-4.46581e-05
-4.23744e-05
-3.9892e-05
-3.73789e-05
-3.46228e-05
-3.18454e-05
-2.87685e-05
-2.56879e-05
-2.22337e-05
-1.88083e-05
-1.49065e-05
-1.10974e-05
-6.67476e-06
-2.5216e-06
0.00162401
0.00153632
0.00135725
0.00108379
0.000764414
0.000458384
0.000200017
-2.80024e-06
-0.0001544
-0.000261306
-0.000330221
-0.000369187
-0.000387375
-0.000393261
-0.000393084
-0.00039058
-0.00038758
-0.00038475
-0.000382175
-0.000379715
-0.000377191
-0.000374466
-0.000371466
-0.000368164
-0.00036457
-0.000360715
-0.000356639
-0.000352384
-0.000347989
-0.000343487
-0.000338908
-0.000334272
-0.000329598
-0.000324899
-0.000320185
-0.000315463
-0.000310742
-0.000306025
-0.000301317
-0.000296623
-0.000291947
-0.000287291
-0.000282659
-0.000278055
-0.000273481
-0.00026894
-0.000264434
-0.000259966
-0.000255538
-0.000251152
-0.00024681
-0.000242514
-0.000238266
-0.000234066
-0.000229917
-0.00022582
-0.000221775
-0.000217785
-0.00021385
-0.00020997
-0.000206147
-0.000202382
-0.000198674
-0.000195025
-0.000191435
-0.000187905
-0.000184434
-0.000181023
-0.000177672
-0.000174382
-0.000171151
-0.000167981
-0.000164872
-0.000161822
-0.000158832
-0.000155902
-0.000153032
-0.00015022
-0.000147467
-0.000144772
-0.000142134
-0.000139554
-0.00013703
-0.000134562
-0.000132148
-0.00012979
-0.000127484
-0.000125232
-0.000123031
-0.000120881
-0.00011878
-0.000116729
-0.000114724
-0.000112767
-0.000110855
-0.000108987
-0.000107161
-0.000105378
-0.000103634
-0.000101929
-0.00010026
-9.86275e-05
-9.70276e-05
-9.54611e-05
-9.39233e-05
-9.24155e-05
-9.09322e-05
-8.94755e-05
-8.80385e-05
-8.66244e-05
-8.52248e-05
-8.38442e-05
-8.24724e-05
-8.11154e-05
-7.97606e-05
-7.84165e-05
-7.70675e-05
-7.57244e-05
-7.43686e-05
-7.3014e-05
-7.16374e-05
-7.02574e-05
-6.8845e-05
-6.74244e-05
-6.59595e-05
-6.44817e-05
-6.29459e-05
-6.13926e-05
-5.97657e-05
-5.81171e-05
-5.63765e-05
-5.46112e-05
-5.27318e-05
-5.08257e-05
-4.87798e-05
-4.67065e-05
-4.44626e-05
-4.2193e-05
-3.97152e-05
-3.72179e-05
-3.44655e-05
-3.17059e-05
-2.86318e-05
-2.55717e-05
-2.21197e-05
-1.87177e-05
-1.48201e-05
-1.10389e-05
-6.64235e-06
-2.5339e-06
0.00146546
0.00138307
0.00123453
0.00101521
0.000752462
0.000488891
0.000256861
6.91107e-05
-7.50103e-05
-0.000180842
-0.000254273
-0.000301468
-0.000329153
-0.000343952
-0.000351291
-0.000354827
-0.000356597
-0.000357528
-0.000357936
-0.000357876
-0.000357327
-0.000356272
-0.00035472
-0.0003527
-0.000350258
-0.000347445
-0.000344316
-0.000340922
-0.00033731
-0.00033352
-0.000329588
-0.000325543
-0.000321406
-0.000317198
-0.000312932
-0.000308622
-0.000304279
-0.00029991
-0.000295523
-0.000291127
-0.000286726
-0.000282326
-0.000277932
-0.000273549
-0.000269182
-0.000264834
-0.000260509
-0.000256211
-0.000251942
-0.000247706
-0.000243506
-0.000239342
-0.000235219
-0.000231138
-0.000227101
-0.00022311
-0.000219166
-0.000215271
-0.000211426
-0.000207633
-0.000203892
-0.000200204
-0.000196571
-0.000192993
-0.000189471
-0.000186005
-0.000182596
-0.000179244
-0.000175949
-0.000172713
-0.000169535
-0.000166414
-0.000163352
-0.000160348
-0.000157403
-0.000154515
-0.000151685
-0.000148912
-0.000146196
-0.000143537
-0.000140934
-0.000138387
-0.000135895
-0.000133458
-0.000131074
-0.000128744
-0.000126467
-0.000124241
-0.000122066
-0.000119941
-0.000117864
-0.000115836
-0.000113854
-0.000111919
-0.000110027
-0.00010818
-0.000106374
-0.00010461
-0.000102884
-0.000101198
-9.95461e-05
-9.79309e-05
-9.63475e-05
-9.47972e-05
-9.32749e-05
-9.17826e-05
-9.03141e-05
-8.8872e-05
-8.74491e-05
-8.60491e-05
-8.46629e-05
-8.32959e-05
-8.19367e-05
-8.05929e-05
-7.92504e-05
-7.7919e-05
-7.65818e-05
-7.52512e-05
-7.39067e-05
-7.25645e-05
-7.11988e-05
-6.98312e-05
-6.84293e-05
-6.70212e-05
-6.55665e-05
-6.41012e-05
-6.25754e-05
-6.10349e-05
-5.94177e-05
-5.77825e-05
-5.60513e-05
-5.43e-05
-5.24297e-05
-5.05385e-05
-4.85015e-05
-4.64442e-05
-4.42089e-05
-4.19569e-05
-3.94875e-05
-3.70097e-05
-3.42654e-05
-3.15279e-05
-2.84623e-05
-2.54269e-05
-2.19849e-05
-1.86106e-05
-1.4729e-05
-1.09799e-05
-6.62297e-06
-2.55783e-06
0.00132905
0.00125148
0.00112439
0.000944894
0.000728868
0.000504909
0.000299579
0.000127451
-8.57639e-06
-0.00011177
-0.000187083
-0.000239559
-0.000274298
-0.000296361
-0.000310207
-0.00031916
-0.000325301
-0.000329734
-0.000332967
-0.000335218
-0.000336595
-0.000337182
-0.000337058
-0.000336305
-0.000335
-0.000333219
-0.000331027
-0.000328488
-0.000325655
-0.000322578
-0.000319296
-0.000315844
-0.000312252
-0.000308543
-0.000304737
-0.000300851
-0.000296899
-0.000292892
-0.000288843
-0.000284759
-0.00028065
-0.000276523
-0.000272385
-0.000268242
-0.0002641
-0.000259963
-0.000255837
-0.000251727
-0.000247635
-0.000243567
-0.000239524
-0.000235511
-0.00023153
-0.000227584
-0.000223676
-0.000219806
-0.000215978
-0.000212194
-0.000208454
-0.000204761
-0.000201116
-0.000197521
-0.000193975
-0.000190481
-0.000187039
-0.00018365
-0.000180315
-0.000177033
-0.000173807
-0.000170635
-0.000167519
-0.000164459
-0.000161455
-0.000158506
-0.000155614
-0.000152778
-0.000149997
-0.000147271
-0.000144601
-0.000141986
-0.000139426
-0.00013692
-0.000134467
-0.000132068
-0.000129722
-0.000127427
-0.000125183
-0.000122991
-0.000120847
-0.000118753
-0.000116706
-0.000114707
-0.000112753
-0.000110844
-0.000108979
-0.000107157
-0.000105375
-0.000103635
-0.000101932
-0.000100267
-9.86373e-05
-9.70431e-05
-9.54797e-05
-9.39493e-05
-9.24461e-05
-9.09725e-05
-8.9522e-05
-8.80978e-05
-8.66919e-05
-8.53091e-05
-8.39391e-05
-8.25885e-05
-8.12449e-05
-7.99169e-05
-7.85893e-05
-7.72733e-05
-7.59504e-05
-7.46349e-05
-7.33043e-05
-7.19769e-05
-7.06247e-05
-6.92719e-05
-6.78831e-05
-6.64899e-05
-6.50479e-05
-6.35978e-05
-6.20847e-05
-6.05598e-05
-5.8955e-05
-5.7336e-05
-5.56171e-05
-5.38829e-05
-5.20249e-05
-5.0152e-05
-4.81275e-05
-4.60897e-05
-4.38674e-05
-4.16367e-05
-3.91806e-05
-3.67265e-05
-3.39966e-05
-3.12853e-05
-2.82364e-05
-2.52299e-05
-2.18091e-05
-1.84663e-05
-1.46162e-05
-1.09034e-05
-6.60106e-06
-2.57797e-06
0.00121029
0.00113782
0.00102755
0.0008781
0.000699341
0.000510099
0.000330506
0.000174429
4.70871e-05
-5.25289e-05
-0.000128085
-0.000183726
-0.000223483
-0.000251237
-0.000270527
-0.000284208
-0.000294266
-0.000301904
-0.000307774
-0.000312227
-0.000315474
-0.000317674
-0.000318963
-0.000319465
-0.000319288
-0.000318525
-0.000317259
-0.000315563
-0.000313499
-0.000311123
-0.000308483
-0.000305618
-0.000302564
-0.000299349
-0.000295998
-0.000292532
-0.000288968
-0.000285323
-0.000281609
-0.000277838
-0.000274021
-0.000270168
-0.000266286
-0.000262385
-0.000258469
-0.000254547
-0.000250624
-0.000246705
-0.000242795
-0.000238898
-0.000235019
-0.000231161
-0.000227328
-0.000223523
-0.000219749
-0.000216007
-0.000212302
-0.000208635
-0.000205008
-0.000201422
-0.00019788
-0.000194383
-0.000190933
-0.000187529
-0.000184175
-0.00018087
-0.000177616
-0.000174412
-0.000171261
-0.000168162
-0.000165115
-0.000162122
-0.000159182
-0.000156297
-0.000153464
-0.000150686
-0.000147961
-0.00014529
-0.000142672
-0.000140107
-0.000137596
-0.000135137
-0.000132729
-0.000130374
-0.00012807
-0.000125816
-0.000123612
-0.000121458
-0.000119352
-0.000117293
-0.000115281
-0.000113315
-0.000111394
-0.000109517
-0.000107681
-0.000105889
-0.000104136
-0.000102423
-0.000100747
-9.91082e-05
-9.75033e-05
-9.59336e-05
-9.4394e-05
-9.28867e-05
-9.14058e-05
-8.99542e-05
-8.85248e-05
-8.71216e-05
-8.57357e-05
-8.43728e-05
-8.30219e-05
-8.16906e-05
-8.03651e-05
-7.90557e-05
-7.77455e-05
-7.64475e-05
-7.51415e-05
-7.38437e-05
-7.25293e-05
-7.12194e-05
-6.98831e-05
-6.85478e-05
-6.71745e-05
-6.57988e-05
-6.43723e-05
-6.29401e-05
-6.14423e-05
-5.99357e-05
-5.83465e-05
-5.67466e-05
-5.50434e-05
-5.33293e-05
-5.14874e-05
-4.9636e-05
-4.76284e-05
-4.56137e-05
-4.34094e-05
-4.12037e-05
-3.87675e-05
-3.63406e-05
-3.36334e-05
-3.09519e-05
-2.79303e-05
-2.49561e-05
-2.15706e-05
-1.8263e-05
-1.44621e-05
-1.07899e-05
-6.55898e-06
-2.57799e-06
0.00110634
0.00103924
0.000942826
0.000816584
0.000667175
0.000507155
0.000351182
0.000211082
9.29913e-05
-2.25329e-06
-7.68733e-05
-0.000134097
-0.000177169
-0.00020913
-0.000232756
-0.000250409
-0.000263885
-0.000274396
-0.000282686
-0.000289203
-0.000294236
-0.000298
-0.000300672
-0.000302407
-0.000303338
-0.000303578
-0.000303223
-0.000302357
-0.00030105
-0.000299366
-0.000297359
-0.000295074
-0.000292552
-0.000289827
-0.000286927
-0.000283878
-0.0002807
-0.000277413
-0.000274032
-0.000270572
-0.000267045
-0.000263463
-0.000259837
-0.000256175
-0.000252485
-0.000248776
-0.000245054
-0.000241325
-0.000237596
-0.000233871
-0.000230154
-0.000226452
-0.000222767
-0.000219102
-0.000215463
-0.000211851
-0.000208269
-0.000204719
-0.000201205
-0.000197729
-0.000194291
-0.000190895
-0.000187541
-0.000184231
-0.000180967
-0.000177748
-0.000174577
-0.000171455
-0.000168381
-0.000165357
-0.000162383
-0.00015946
-0.000156588
-0.000153768
-0.000150999
-0.000148282
-0.000145617
-0.000143003
-0.000140441
-0.00013793
-0.000135471
-0.000133062
-0.000130704
-0.000128396
-0.000126138
-0.000123929
-0.000121768
-0.000119655
-0.000117589
-0.00011557
-0.000113595
-0.000111666
-0.00010978
-0.000107938
-0.000106136
-0.000104376
-0.000102654
-0.000100972
-9.93255e-05
-9.7716e-05
-9.61388e-05
-9.45964e-05
-9.3083e-05
-9.16016e-05
-9.01454e-05
-8.87183e-05
-8.73124e-05
-8.59324e-05
-8.45689e-05
-8.32283e-05
-8.18986e-05
-8.05887e-05
-7.92835e-05
-7.79949e-05
-7.67042e-05
-7.54264e-05
-7.41393e-05
-7.28613e-05
-7.15653e-05
-7.0275e-05
-6.89567e-05
-6.7641e-05
-6.62854e-05
-6.49297e-05
-6.35209e-05
-6.21089e-05
-6.06291e-05
-5.91434e-05
-5.75726e-05
-5.59944e-05
-5.43102e-05
-5.26191e-05
-5.07973e-05
-4.89702e-05
-4.69843e-05
-4.49955e-05
-4.28154e-05
-4.06375e-05
-3.82287e-05
-3.58319e-05
-3.31569e-05
-3.05079e-05
-2.75258e-05
-2.45869e-05
-2.12521e-05
-1.79835e-05
-1.42501e-05
-1.06234e-05
-6.48153e-06
-2.54545e-06
0.00101486
0.000953138
0.00086834
0.000760427
0.000634183
0.000498261
0.000363193
0.000238431
0.000129979
3.98469e-05
-3.28716e-05
-9.04515e-05
-0.000135456
-0.00017031
-0.000197208
-0.000218066
-0.000234438
-0.000247471
-0.000257942
-0.00026636
-0.000273068
-0.000278319
-0.00028232
-0.00028525
-0.000287259
-0.000288476
-0.000289011
-0.000288958
-0.000288395
-0.000287393
-0.00028601
-0.0002843
-0.000282306
-0.000280067
-0.000277616
-0.000274982
-0.000272189
-0.000269259
-0.000266211
-0.000263061
-0.000259824
-0.000256514
-0.000253142
-0.00024972
-0.000246256
-0.000242759
-0.000239238
-0.000235699
-0.000232149
-0.000228595
-0.000225041
-0.000221493
-0.000217955
-0.000214432
-0.000210926
-0.000207442
-0.000203983
-0.000200552
-0.000197151
-0.000193783
-0.00019045
-0.000187154
-0.000183897
-0.000180681
-0.000177506
-0.000174374
-0.000171287
-0.000168245
-0.00016525
-0.000162302
-0.000159401
-0.000156549
-0.000153746
-0.000150992
-0.000148287
-0.000145633
-0.000143028
-0.000140473
-0.000137967
-0.000135512
-0.000133106
-0.000130749
-0.000128441
-0.000126182
-0.000123971
-0.000121808
-0.000119691
-0.000117622
-0.000115598
-0.000113619
-0.000111684
-0.000109794
-0.000107945
-0.000106138
-0.000104371
-0.000102645
-0.000100957
-9.93066e-05
-9.76908e-05
-9.61117e-05
-9.45637e-05
-9.30501e-05
-9.15643e-05
-9.01101e-05
-8.86801e-05
-8.72789e-05
-8.58977e-05
-8.45425e-05
-8.32025e-05
-8.18856e-05
-8.05784e-05
-7.92914e-05
-7.80077e-05
-7.67412e-05
-7.54713e-05
-7.42151e-05
-7.29481e-05
-7.16914e-05
-7.04152e-05
-6.9146e-05
-6.78471e-05
-6.65526e-05
-6.52165e-05
-6.38821e-05
-6.2493e-05
-6.11029e-05
-5.96434e-05
-5.81802e-05
-5.66305e-05
-5.50758e-05
-5.3414e-05
-5.17475e-05
-4.99499e-05
-4.81489e-05
-4.61899e-05
-4.42289e-05
-4.20793e-05
-3.9931e-05
-3.75577e-05
-3.51928e-05
-3.25599e-05
-2.99456e-05
-2.70153e-05
-2.41145e-05
-2.0845e-05
-1.762e-05
-1.39711e-05
-1.0396e-05
-6.35996e-06
-2.47531e-06
0.000933828
0.000877272
0.000802297
0.000709144
0.000601399
0.000485238
0.000368259
0.000257751
0.000159023
7.46117e-05
4.61352e-06
-5.23497e-05
-9.81959e-05
-0.000134851
-0.000164071
-0.0001874
-0.000206146
-0.000221339
-0.000233736
-0.00024387
-0.000252116
-0.000258754
-0.000264011
-0.000268079
-0.000271123
-0.000273283
-0.000274682
-0.000275419
-0.000275583
-0.000275248
-0.000274481
-0.000273337
-0.000271865
-0.000270109
-0.000268105
-0.000265885
-0.000263476
-0.000260903
-0.000258187
-0.000255348
-0.000252402
-0.000249364
-0.000246248
-0.000243065
-0.000239828
-0.000236544
-0.000233225
-0.000229877
-0.000226508
-0.000223125
-0.000219735
-0.000216342
-0.000212952
-0.000209569
-0.000206198
-0.000202843
-0.000199508
-0.000196195
-0.000192907
-0.000189648
-0.00018642
-0.000183225
-0.000180065
-0.000176941
-0.000173857
-0.000170812
-0.000167809
-0.000164848
-0.000161931
-0.000159059
-0.000156232
-0.000153451
-0.000150716
-0.000148029
-0.000145389
-0.000142797
-0.000140253
-0.000137757
-0.000135308
-0.000132909
-0.000130556
-0.000128252
-0.000125994
-0.000123784
-0.000121621
-0.000119504
-0.000117432
-0.000115407
-0.000113425
-0.000111487
-0.000109592
-0.000107741
-0.000105929
-0.000104159
-0.000102428
-0.000100737
-9.90811e-05
-9.74638e-05
-9.58794e-05
-9.43313e-05
-9.2813e-05
-9.13287e-05
-8.98709e-05
-8.84446e-05
-8.70411e-05
-8.56664e-05
-8.43104e-05
-8.29805e-05
-8.16644e-05
-8.03718e-05
-7.90875e-05
-7.78239e-05
-7.65623e-05
-7.53185e-05
-7.40699e-05
-7.28359e-05
-7.15898e-05
-7.03548e-05
-6.90992e-05
-6.78517e-05
-6.65733e-05
-6.53005e-05
-6.39851e-05
-6.26728e-05
-6.1305e-05
-5.99374e-05
-5.85e-05
-5.70601e-05
-5.5534e-05
-5.40035e-05
-5.23672e-05
-5.07262e-05
-4.89567e-05
-4.71826e-05
-4.52554e-05
-4.3323e-05
-4.121e-05
-3.90924e-05
-3.67618e-05
-3.44304e-05
-3.18485e-05
-2.9271e-05
-2.64029e-05
-2.35437e-05
-2.0352e-05
-1.71759e-05
-1.36253e-05
-1.01097e-05
-6.19383e-06
-2.37135e-06
0.00086152
0.000809807
0.000743217
0.000662165
0.00056942
0.000469518
0.000368004
0.00027041
0.000181159
0.000102856
3.62361e-05
-1.93319e-05
-6.51632e-05
-0.000102742
-0.000133472
-0.000158603
-0.000179213
-0.000196194
-0.000210247
-0.000221893
-0.000231522
-0.000239427
-0.000245846
-0.00025098
-0.000255002
-0.000258062
-0.000260288
-0.000261788
-0.000262655
-0.000262971
-0.000262804
-0.000262216
-0.000261259
-0.000259979
-0.000258417
-0.000256607
-0.00025458
-0.000252363
-0.00024998
-0.000247452
-0.000244796
-0.000242031
-0.000239171
-0.00023623
-0.00023322
-0.000230151
-0.000227035
-0.000223879
-0.000220693
-0.000217483
-0.000214257
-0.000211021
-0.00020778
-0.00020454
-0.000201305
-0.00019808
-0.000194869
-0.000191676
-0.000188503
-0.000185354
-0.000182231
-0.000179138
-0.000176076
-0.000173047
-0.000170053
-0.000167097
-0.000164178
-0.0001613
-0.000158462
-0.000155666
-0.000152913
-0.000150204
-0.000147539
-0.000144919
-0.000142344
-0.000139815
-0.000137332
-0.000134895
-0.000132505
-0.000130161
-0.000127862
-0.000125611
-0.000123404
-0.000121244
-0.000119128
-0.000117058
-0.000115032
-0.00011305
-0.000111111
-0.000109215
-0.00010736
-0.000105547
-0.000103773
-0.000102041
-0.000100345
-9.86883e-05
-9.70662e-05
-9.54818e-05
-9.3929e-05
-9.24119e-05
-9.09234e-05
-8.94685e-05
-8.80389e-05
-8.66405e-05
-8.52637e-05
-8.39155e-05
-8.25848e-05
-8.12803e-05
-7.99884e-05
-7.872e-05
-7.74588e-05
-7.62186e-05
-7.49793e-05
-7.37582e-05
-7.25313e-05
-7.13194e-05
-7.00945e-05
-6.88814e-05
-6.76469e-05
-6.6421e-05
-6.5164e-05
-6.39128e-05
-6.26192e-05
-6.13288e-05
-5.99836e-05
-5.86384e-05
-5.72251e-05
-5.58083e-05
-5.4308e-05
-5.28017e-05
-5.11938e-05
-4.95782e-05
-4.78403e-05
-4.60933e-05
-4.4202e-05
-4.22986e-05
-4.02273e-05
-3.81413e-05
-3.58596e-05
-3.3563e-05
-3.10392e-05
-2.8501e-05
-2.57034e-05
-2.28899e-05
-1.9785e-05
-1.66645e-05
-1.32219e-05
-9.7752e-06
-5.99036e-06
-2.24442e-06
0.000796539
0.000749308
0.000689947
0.000618974
0.000538573
0.000452144
0.000363788
0.000277683
0.000197396
0.000125336
6.25672e-05
9.00938e-06
-3.61291e-05
-7.39298e-05
-0.000105494
-0.00013183
-0.000153819
-0.000172217
-0.000187641
-0.000200582
-0.000211421
-0.000220455
-0.000227928
-0.000234042
-0.000238975
-0.00024288
-0.000245889
-0.000248115
-0.000249658
-0.0002506
-0.000251015
-0.000250967
-0.000250512
-0.0002497
-0.000248572
-0.000247167
-0.000245518
-0.000243654
-0.000241601
-0.000239382
-0.000237017
-0.000234525
-0.000231921
-0.000229222
-0.00022644
-0.000223587
-0.000220675
-0.000217713
-0.00021471
-0.000211675
-0.000208615
-0.000205537
-0.000202447
-0.000199351
-0.000196254
-0.000193161
-0.000190077
-0.000187005
-0.000183948
-0.000180911
-0.000177896
-0.000174906
-0.000171943
-0.000169011
-0.000166109
-0.000163242
-0.00016041
-0.000157615
-0.000154858
-0.00015214
-0.000149462
-0.000146826
-0.000144232
-0.00014168
-0.000139172
-0.000136707
-0.000134287
-0.00013191
-0.000129578
-0.000127291
-0.000125048
-0.00012285
-0.000120695
-0.000118585
-0.000116518
-0.000114496
-0.000112515
-0.000110578
-0.000108682
-0.000106828
-0.000105014
-0.000103241
-0.000101505
-9.98098e-05
-9.81499e-05
-9.65285e-05
-9.49404e-05
-9.33891e-05
-9.18682e-05
-9.03825e-05
-8.89241e-05
-8.74988e-05
-8.60977e-05
-8.47273e-05
-8.33774e-05
-8.20559e-05
-8.07508e-05
-7.94716e-05
-7.82041e-05
-7.696e-05
-7.57222e-05
-7.45053e-05
-7.32886e-05
-7.20901e-05
-7.08853e-05
-6.96954e-05
-6.84923e-05
-6.73007e-05
-6.6088e-05
-6.48835e-05
-6.36485e-05
-6.24189e-05
-6.1148e-05
-5.98793e-05
-5.85579e-05
-5.72349e-05
-5.58471e-05
-5.44532e-05
-5.29808e-05
-5.14984e-05
-4.99212e-05
-4.83311e-05
-4.66277e-05
-4.49079e-05
-4.30559e-05
-4.11822e-05
-3.91563e-05
-3.71031e-05
-3.48745e-05
-3.26151e-05
-3.01541e-05
-2.76587e-05
-2.49366e-05
-2.21741e-05
-1.91615e-05
-1.61041e-05
-1.27753e-05
-9.40797e-06
-5.76127e-06
-2.10824e-06
0.000737766
0.000694661
0.000641587
0.000579121
0.000509008
0.000433834
0.000356665
0.000280665
0.000208661
0.000142757
8.41239e-05
3.30422e-05
-1.08639e-05
-4.83207e-05
-8.01596e-05
-0.000107181
-0.000130103
-0.000149552
-0.00016606
-0.000180068
-0.000191935
-0.000201951
-0.000210356
-0.000217353
-0.000223118
-0.000227803
-0.000231544
-0.000234454
-0.000236636
-0.000238175
-0.000239148
-0.000239621
-0.000239652
-0.000239294
-0.000238591
-0.000237582
-0.000236305
-0.000234789
-0.000233062
-0.000231149
-0.000229072
-0.000226851
-0.000224504
-0.000222046
-0.000219492
-0.000216856
-0.000214148
-0.000211381
-0.000208563
-0.000205703
-0.000202811
-0.000199893
-0.000196955
-0.000194005
-0.000191048
-0.000188089
-0.000185133
-0.000182183
-0.000179245
-0.000176322
-0.000173416
-0.000170531
-0.00016767
-0.000164836
-0.000162029
-0.000159253
-0.000156509
-0.000153799
-0.000151124
-0.000148486
-0.000145886
-0.000143324
-0.000140802
-0.000138321
-0.00013588
-0.000133482
-0.000131125
-0.000128811
-0.000126538
-0.000124309
-0.000122123
-0.000119979
-0.000117878
-0.00011582
-0.000113803
-0.000111829
-0.000109895
-0.000108004
-0.000106152
-0.000104341
-0.000102568
-0.000100836
-9.91396e-05
-9.74824e-05
-9.58594e-05
-9.4274e-05
-9.27205e-05
-9.1203e-05
-8.97149e-05
-8.8261e-05
-8.68335e-05
-8.54384e-05
-8.40663e-05
-8.27244e-05
-8.14021e-05
-8.01076e-05
-7.88288e-05
-7.75752e-05
-7.63327e-05
-7.51131e-05
-7.38994e-05
-7.27059e-05
-7.15126e-05
-7.03367e-05
-6.91547e-05
-6.79868e-05
-6.68063e-05
-6.56363e-05
-6.44462e-05
-6.32631e-05
-6.20512e-05
-6.08428e-05
-5.95959e-05
-5.83488e-05
-5.70527e-05
-5.57518e-05
-5.4391e-05
-5.30201e-05
-5.15771e-05
-5.01191e-05
-4.85744e-05
-4.70102e-05
-4.53434e-05
-4.36518e-05
-4.18414e-05
-3.99987e-05
-3.80207e-05
-3.60025e-05
-3.38297e-05
-3.16104e-05
-2.92152e-05
-2.6767e-05
-2.41233e-05
-2.14177e-05
-1.84999e-05
-1.55137e-05
-1.23011e-05
-9.02379e-06
-5.51888e-06
-1.97478e-06
0.000684301
0.000644985
0.000597422
0.000542211
0.000480763
0.000415061
0.000347422
0.000280253
0.00021578
0.00015578
0.0001014
5.31215e-05
1.08703e-05
-2.57846e-05
-5.74354e-05
-8.46998e-05
-0.000108154
-0.00012831
-0.000145619
-0.000160463
-0.000173171
-0.000184015
-0.000193225
-0.000200998
-0.000207507
-0.000212901
-0.000217313
-0.000220858
-0.000223637
-0.000225739
-0.00022724
-0.00022821
-0.000228708
-0.000228787
-0.000228494
-0.000227872
-0.000226956
-0.00022578
-0.000224374
-0.000222763
-0.00022097
-0.000219018
-0.000216924
-0.000214707
-0.00021238
-0.000209959
-0.000207457
-0.000204884
-0.000202252
-0.000199569
-0.000196845
-0.000194088
-0.000191304
-0.000188502
-0.000185686
-0.000182862
-0.000180035
-0.000177211
-0.000174393
-0.000171585
-0.000168791
-0.000166013
-0.000163256
-0.000160521
-0.000157811
-0.000155128
-0.000152474
-0.000149851
-0.000147261
-0.000144704
-0.000142183
-0.000139698
-0.000137251
-0.000134841
-0.00013247
-0.00013014
-0.000127848
-0.000125598
-0.000123387
-0.000121218
-0.00011909
-0.000117003
-0.000114956
-0.000112951
-0.000110985
-0.000109061
-0.000107176
-0.000105332
-0.000103526
-0.00010176
-0.00010003
-9.83392e-05
-9.66834e-05
-9.50655e-05
-9.34806e-05
-9.19322e-05
-9.04146e-05
-8.8932e-05
-8.74777e-05
-8.60567e-05
-8.46611e-05
-8.32969e-05
-8.19551e-05
-8.06424e-05
-7.93488e-05
-7.80819e-05
-7.68303e-05
-7.5603e-05
-7.43866e-05
-7.3192e-05
-7.20034e-05
-7.08339e-05
-6.96649e-05
-6.8512e-05
-6.7354e-05
-6.62084e-05
-6.50516e-05
-6.39035e-05
-6.27373e-05
-6.15758e-05
-6.03883e-05
-5.92016e-05
-5.79799e-05
-5.67548e-05
-5.54852e-05
-5.4207e-05
-5.28746e-05
-5.15275e-05
-5.01153e-05
-4.86825e-05
-4.7172e-05
-4.5635e-05
-4.40064e-05
-4.23445e-05
-4.05773e-05
-3.8768e-05
-3.68393e-05
-3.48593e-05
-3.27436e-05
-3.05685e-05
-2.82404e-05
-2.58444e-05
-2.32803e-05
-2.06382e-05
-1.7816e-05
-1.49089e-05
-1.18129e-05
-8.63534e-06
-5.27314e-06
-1.85148e-06
0.00063541
0.000599576
0.000556873
0.000507902
0.000453812
0.000396136
0.000336638
0.000277164
0.000219467
0.00016502
0.000114875
6.96013e-05
2.93222e-05
-6.16453e-06
-3.72472e-05
-6.43811e-05
-8.80165e-05
-0.000108568
-0.000126407
-0.000141863
-0.000155223
-0.000166737
-0.000176619
-0.000185058
-0.000192217
-0.00019824
-0.000203257
-0.00020738
-0.000210709
-0.000213333
-0.00021533
-0.000216768
-0.000217708
-0.000218205
-0.000218306
-0.000218055
-0.00021749
-0.000216645
-0.000215551
-0.000214235
-0.000212722
-0.000211034
-0.00020919
-0.00020721
-0.000205109
-0.000202903
-0.000200604
-0.000198226
-0.000195778
-0.000193273
-0.000190718
-0.000188122
-0.000185494
-0.000182839
-0.000180166
-0.000177479
-0.000174783
-0.000172086
-0.000169389
-0.000166699
-0.000164017
-0.000161349
-0.000158697
-0.000156064
-0.000153452
-0.000150865
-0.000148303
-0.000145769
-0.000143265
-0.000140793
-0.000138352
-0.000135946
-0.000133575
-0.000131239
-0.00012894
-0.000126679
-0.000124455
-0.00012227
-0.000120124
-0.000118016
-0.000115948
-0.000113919
-0.000111929
-0.000109978
-0.000108066
-0.000106194
-0.000104359
-0.000102564
-0.000100805
-9.90845e-05
-9.73993e-05
-9.57518e-05
-9.41381e-05
-9.25608e-05
-9.10156e-05
-8.95055e-05
-8.80253e-05
-8.65787e-05
-8.51597e-05
-8.37726e-05
-8.24104e-05
-8.10782e-05
-7.97679e-05
-7.84856e-05
-7.72218e-05
-7.59837e-05
-7.47606e-05
-7.35605e-05
-7.23714e-05
-7.12027e-05
-7.00405e-05
-6.88957e-05
-6.77524e-05
-6.66234e-05
-6.54905e-05
-6.43682e-05
-6.32363e-05
-6.2111e-05
-6.09698e-05
-5.98309e-05
-5.8669e-05
-5.75049e-05
-5.63098e-05
-5.51077e-05
-5.3866e-05
-5.26116e-05
-5.13089e-05
-4.99869e-05
-4.86069e-05
-4.7201e-05
-4.57258e-05
-4.4218e-05
-4.26289e-05
-4.09992e-05
-3.92764e-05
-3.75034e-05
-3.56251e-05
-3.36868e-05
-3.16293e-05
-2.95027e-05
-2.72425e-05
-2.49041e-05
-2.242e-05
-1.98477e-05
-1.71212e-05
-1.43004e-05
-1.13205e-05
-8.25085e-06
-5.03044e-06
-1.74096e-06
0.000590484
0.000557857
0.00051947
0.000475905
0.000428104
0.000377262
0.00032474
0.000271967
0.000220328
0.000171032
0.000125006
8.28312e-05
4.47462e-05
1.07119e-05
-1.94943e-05
-4.61864e-05
-6.97029e-05
-9.03709e-05
-0.000108493
-0.000124344
-0.000138172
-0.000150198
-0.000160618
-0.000169606
-0.000177316
-0.000183885
-0.000189434
-0.000194074
-0.000197901
-0.000201003
-0.000203457
-0.000205331
-0.000206685
-0.000207576
-0.000208051
-0.000208155
-0.000207926
-0.0002074
-0.000206608
-0.000205578
-0.000204337
-0.000202907
-0.00020131
-0.000199563
-0.000197684
-0.00019569
-0.000193593
-0.000191408
-0.000189145
-0.000186815
-0.000184429
-0.000181996
-0.000179522
-0.000177017
-0.000174487
-0.000171937
-0.000169375
-0.000166805
-0.000164232
-0.00016166
-0.000159093
-0.000156536
-0.000153991
-0.000151462
-0.00014895
-0.00014646
-0.000143992
-0.00014155
-0.000139134
-0.000136747
-0.00013439
-0.000132065
-0.000129771
-0.000127512
-0.000125287
-0.000123097
-0.000120943
-0.000118826
-0.000116744
-0.000114701
-0.000112694
-0.000110726
-0.000108794
-0.0001069
-0.000105043
-0.000103225
-0.000101442
-9.96967e-05
-9.79868e-05
-9.6314e-05
-9.46751e-05
-9.30724e-05
-9.15024e-05
-8.99674e-05
-8.84634e-05
-8.69931e-05
-8.55518e-05
-8.41428e-05
-8.27605e-05
-8.14089e-05
-8.00814e-05
-7.87827e-05
-7.75054e-05
-7.62546e-05
-7.50222e-05
-7.3814e-05
-7.26208e-05
-7.14492e-05
-7.02888e-05
-6.91472e-05
-6.80127e-05
-6.68939e-05
-6.57776e-05
-6.46736e-05
-6.35672e-05
-6.24694e-05
-6.13638e-05
-6.02625e-05
-5.91477e-05
-5.80327e-05
-5.68976e-05
-5.57577e-05
-5.45903e-05
-5.34128e-05
-5.22002e-05
-5.09715e-05
-4.96996e-05
-4.84048e-05
-4.70581e-05
-4.56813e-05
-4.42426e-05
-4.27665e-05
-4.12178e-05
-3.96234e-05
-3.79459e-05
-3.62128e-05
-3.43857e-05
-3.24931e-05
-3.04945e-05
-2.84211e-05
-2.62294e-05
-2.39539e-05
-2.15501e-05
-1.90536e-05
-1.64227e-05
-1.36944e-05
-1.08301e-05
-7.87443e-06
-4.79389e-06
-1.64244e-06
0.000549003
0.000519352
0.000484835
0.000445987
0.000403585
0.000358583
0.000312048
0.000265109
0.000218865
0.000174304
0.000132216
9.31486e-05
5.73947e-05
2.50231e-05
-4.06211e-06
-3.00561e-05
-5.3199e-05
-7.37398e-05
-9.19195e-05
-0.000107964
-0.000122082
-0.000134467
-0.00014529
-0.000154711
-0.000162871
-0.000169896
-0.000175902
-0.000180993
-0.000185262
-0.000188793
-0.000191661
-0.000193934
-0.000195672
-0.000196929
-0.000197755
-0.000198194
-0.000198284
-0.000198062
-0.00019756
-0.000196807
-0.000195829
-0.000194649
-0.000193291
-0.000191773
-0.000190112
-0.000188326
-0.000186428
-0.000184434
-0.000182353
-0.000180199
-0.000177981
-0.000175709
-0.000173391
-0.000171035
-0.000168648
-0.000166237
-0.000163808
-0.000161367
-0.000158918
-0.000156467
-0.000154016
-0.000151572
-0.000149135
-0.000146711
-0.000144302
-0.00014191
-0.000139539
-0.000137189
-0.000134864
-0.000132565
-0.000130293
-0.00012805
-0.000125837
-0.000123656
-0.000121506
-0.00011939
-0.000117308
-0.00011526
-0.000113246
-0.000111269
-0.000109326
-0.000107419
-0.000105548
-0.000103713
-0.000101913
-0.00010015
-9.84209e-05
-9.67281e-05
-9.50691e-05
-9.34456e-05
-9.18549e-05
-9.02987e-05
-8.87741e-05
-8.7283e-05
-8.58219e-05
-8.43931e-05
-8.29924e-05
-8.16224e-05
-8.02786e-05
-7.89638e-05
-7.76728e-05
-7.64089e-05
-7.51662e-05
-7.39484e-05
-7.27489e-05
-7.1572e-05
-7.04103e-05
-6.92685e-05
-6.81383e-05
-6.70252e-05
-6.59199e-05
-6.48285e-05
-6.37405e-05
-6.26631e-05
-6.15846e-05
-6.05126e-05
-5.94347e-05
-5.8359e-05
-5.72719e-05
-5.61825e-05
-5.50755e-05
-5.39614e-05
-5.28231e-05
-5.16721e-05
-5.04899e-05
-4.92889e-05
-4.80492e-05
-4.67837e-05
-4.54716e-05
-4.41264e-05
-4.27254e-05
-4.12839e-05
-3.97768e-05
-3.82209e-05
-3.65897e-05
-3.49e-05
-3.31253e-05
-3.12823e-05
-2.93437e-05
-2.73278e-05
-2.52055e-05
-2.29977e-05
-2.06751e-05
-1.82594e-05
-1.57244e-05
-1.30937e-05
-1.03446e-05
-7.50723e-06
-4.56438e-06
-1.55355e-06
0.000510503
0.000483647
0.000452647
0.000417953
0.00038021
0.000340204
0.000298814
0.000256952
0.000215503
0.000175263
0.000136892
0.000100875
6.75162e-05
3.69497e-05
9.17176e-06
-1.59173e-05
-3.84731e-05
-5.86764e-05
-7.67135e-05
-9.27661e-05
-0.000107008
-0.0001196
-0.000130696
-0.000140432
-0.000148939
-0.00015633
-0.000162714
-0.000168186
-0.000172836
-0.000176744
-0.000179981
-0.000182613
-0.0001847
-0.000186294
-0.000187445
-0.000188195
-0.000188585
-0.000188651
-0.000188424
-0.000187934
-0.000187208
-0.000186271
-0.000185144
-0.000183847
-0.000182399
-0.000180816
-0.000179114
-0.000177307
-0.000175407
-0.000173426
-0.000171375
-0.000169263
-0.000167099
-0.000164892
-0.000162649
-0.000160377
-0.000158082
-0.00015577
-0.000153447
-0.000151117
-0.000148784
-0.000146453
-0.000144127
-0.00014181
-0.000139504
-0.000137213
-0.000134939
-0.000132685
-0.000130452
-0.000128242
-0.000126057
-0.000123899
-0.000121769
-0.000119667
-0.000117596
-0.000115555
-0.000113546
-0.00011157
-0.000109626
-0.000107716
-0.000105839
-0.000103997
-0.000102188
-0.000100414
-9.86728e-05
-9.69667e-05
-9.52936e-05
-9.3655e-05
-9.20488e-05
-9.04764e-05
-8.89356e-05
-8.74278e-05
-8.59505e-05
-8.4505e-05
-8.30886e-05
-8.17029e-05
-8.03445e-05
-7.90154e-05
-7.77116e-05
-7.64354e-05
-7.51823e-05
-7.39549e-05
-7.27483e-05
-7.15652e-05
-7.04002e-05
-6.92562e-05
-6.81274e-05
-6.7017e-05
-6.59185e-05
-6.48355e-05
-6.37607e-05
-6.26984e-05
-6.16402e-05
-6.0591e-05
-5.95416e-05
-5.84974e-05
-5.74484e-05
-5.64e-05
-5.5342e-05
-5.428e-05
-5.32026e-05
-5.21163e-05
-5.10083e-05
-4.9886e-05
-4.87355e-05
-4.75644e-05
-4.63582e-05
-4.51246e-05
-4.38483e-05
-4.25374e-05
-4.11755e-05
-3.97714e-05
-3.83073e-05
-3.6793e-05
-3.52096e-05
-3.35668e-05
-3.18458e-05
-3.00562e-05
-2.81789e-05
-2.62246e-05
-2.41732e-05
-2.20372e-05
-1.97971e-05
-1.74664e-05
-1.50285e-05
-1.24991e-05
-9.86517e-06
-7.14877e-06
-4.34154e-06
-1.47165e-06
0.00047456
0.000450357
0.000422604
0.000391608
0.000357904
0.00032219
0.000285232
0.000247798
0.000210607
0.000174296
0.000139396
0.000106322
7.53605e-05
4.66804e-05
2.03418e-05
-3.68142e-06
-2.54757e-05
-4.51631e-05
-6.28825e-05
-7.87767e-05
-9.29863e-05
-0.000105646
-0.000116885
-0.000126824
-0.000135574
-0.000143241
-0.000149921
-0.000155703
-0.000160671
-0.000164899
-0.000168456
-0.000171405
-0.000173802
-0.000175701
-0.000177147
-0.000178184
-0.000178852
-0.000179185
-0.000179217
-0.000178976
-0.00017849
-0.000177783
-0.000176878
-0.000175795
-0.000174552
-0.000173167
-0.000171656
-0.000170032
-0.000168309
-0.000166498
-0.000164611
-0.000162658
-0.000160647
-0.000158589
-0.000156489
-0.000154355
-0.000152195
-0.000150013
-0.000147815
-0.000145607
-0.000143393
-0.000141177
-0.000138962
-0.000136754
-0.000134553
-0.000132365
-0.000130191
-0.000128033
-0.000125894
-0.000123776
-0.00012168
-0.000119608
-0.000117562
-0.000115543
-0.000113551
-0.000111589
-0.000109655
-0.000107753
-0.000105881
-0.00010404
-0.000102231
-0.000100455
-9.87104e-05
-9.69987e-05
-9.53188e-05
-9.3672e-05
-9.20567e-05
-9.04741e-05
-8.89227e-05
-8.74034e-05
-8.59144e-05
-8.44568e-05
-8.30285e-05
-8.16306e-05
-8.02607e-05
-7.89199e-05
-7.76055e-05
-7.63189e-05
-7.50569e-05
-7.3821e-05
-7.26076e-05
-7.14184e-05
-7.02495e-05
-6.91028e-05
-6.79737e-05
-6.68644e-05
-6.577e-05
-6.46928e-05
-6.36274e-05
-6.25762e-05
-6.15335e-05
-6.05019e-05
-5.9475e-05
-5.84557e-05
-5.74371e-05
-5.64222e-05
-5.54036e-05
-5.43846e-05
-5.3357e-05
-5.23244e-05
-5.12779e-05
-5.02215e-05
-4.91453e-05
-4.80538e-05
-4.69365e-05
-4.57976e-05
-4.46264e-05
-4.34271e-05
-4.21882e-05
-4.09143e-05
-3.9593e-05
-3.82292e-05
-3.68098e-05
-3.534e-05
-3.38061e-05
-3.22134e-05
-3.05481e-05
-2.88153e-05
-2.70012e-05
-2.51121e-05
-2.31333e-05
-2.10729e-05
-1.8917e-05
-1.66749e-05
-1.43353e-05
-1.19103e-05
-9.39187e-06
-6.79784e-06
-4.12446e-06
-1.39457e-06
0.000440824
0.000419104
0.000394365
0.000366681
0.000336506
0.000304511
0.000271409
0.000237868
0.000204479
0.000171739
0.000140063
0.00010979
8.11799e-05
5.44164e-05
2.96014e-05
6.76276e-06
-1.41318e-05
-3.31563e-05
-5.04089e-05
-6.59987e-05
-8.00373e-05
-9.26347e-05
-0.000103897
-0.000113927
-0.000122822
-0.000130673
-0.000137568
-0.000143588
-0.000148809
-0.000153299
-0.000157125
-0.000160344
-0.000163012
-0.000165178
-0.000166889
-0.000168185
-0.000169106
-0.000169686
-0.000169957
-0.000169949
-0.000169688
-0.000169199
-0.000168505
-0.000167626
-0.00016658
-0.000165386
-0.000164059
-0.000162613
-0.000161062
-0.000159419
-0.000157693
-0.000155896
-0.000154037
-0.000152125
-0.000150168
-0.000148172
-0.000146146
-0.000144094
-0.000142022
-0.000139937
-0.000137842
-0.000135741
-0.00013364
-0.000131541
-0.000129447
-0.000127362
-0.000125289
-0.00012323
-0.000121187
-0.000119162
-0.000117157
-0.000115174
-0.000113214
-0.000111279
-0.000109369
-0.000107486
-0.000105631
-0.000103804
-0.000102005
-0.000100237
-9.84981e-05
-9.67898e-05
-9.51117e-05
-9.34647e-05
-9.18479e-05
-9.02623e-05
-8.87068e-05
-8.71823e-05
-8.56876e-05
-8.42233e-05
-8.27881e-05
-8.13827e-05
-8.00053e-05
-7.86568e-05
-7.73351e-05
-7.60412e-05
-7.47726e-05
-7.35304e-05
-7.23119e-05
-7.11181e-05
-6.9946e-05
-6.87969e-05
-6.76674e-05
-6.65587e-05
-6.54673e-05
-6.43944e-05
-6.33361e-05
-6.22937e-05
-6.1263e-05
-6.02454e-05
-5.92363e-05
-5.82373e-05
-5.72431e-05
-5.62556e-05
-5.52692e-05
-5.42856e-05
-5.3299e-05
-5.23111e-05
-5.13156e-05
-5.03143e-05
-4.93004e-05
-4.82758e-05
-4.72331e-05
-4.61746e-05
-4.5092e-05
-4.39878e-05
-4.28532e-05
-4.16906e-05
-4.04909e-05
-3.92565e-05
-3.79776e-05
-3.66569e-05
-3.5284e-05
-3.38618e-05
-3.23794e-05
-3.08398e-05
-2.92322e-05
-2.75595e-05
-2.58108e-05
-2.39901e-05
-2.20862e-05
-2.01046e-05
-1.8035e-05
-1.58844e-05
-1.36449e-05
-1.13264e-05
-8.92405e-06
-6.4531e-06
-3.91215e-06
-1.32072e-06
0.000409056
0.00038959
0.000367572
0.000342786
0.000315705
0.000286993
0.000257315
0.000227262
0.000197311
0.000167839
0.000139153
0.000111527
8.51932e-05
6.0341e-05
3.70984e-05
1.55301e-05
-4.35647e-06
-2.25976e-05
-3.92578e-05
-5.44168e-05
-6.81608e-05
-8.05773e-05
-9.17525e-05
-0.000101771
-0.000110714
-0.000118663
-0.000125693
-0.000131878
-0.000137285
-0.00014198
-0.000146021
-0.000149463
-0.000152359
-0.000154756
-0.000156697
-0.000158222
-0.000159369
-0.000160172
-0.000160662
-0.000160868
-0.000160816
-0.000160531
-0.000160035
-0.000159349
-0.000158491
-0.000157479
-0.000156329
-0.000155056
-0.000153672
-0.000152191
-0.000150623
-0.000148979
-0.000147269
-0.000145502
-0.000143685
-0.000141827
-0.000139933
-0.000138011
-0.000136066
-0.000134103
-0.000132128
-0.000130144
-0.000128156
-0.000126168
-0.000124182
-0.000122203
-0.000120232
-0.000118273
-0.000116327
-0.000114397
-0.000112485
-0.000110592
-0.000108721
-0.000106871
-0.000105046
-0.000103245
-0.000101469
-9.97196e-05
-9.79972e-05
-9.63027e-05
-9.4636e-05
-9.2998e-05
-9.13884e-05
-8.98081e-05
-8.82564e-05
-8.67342e-05
-8.52406e-05
-8.37762e-05
-8.23402e-05
-8.0933e-05
-7.95535e-05
-7.82022e-05
-7.68777e-05
-7.55806e-05
-7.43091e-05
-7.30639e-05
-7.1843e-05
-7.0647e-05
-6.94738e-05
-6.8324e-05
-6.71951e-05
-6.60878e-05
-6.49995e-05
-6.39307e-05
-6.28786e-05
-6.18438e-05
-6.08233e-05
-5.98176e-05
-5.88233e-05
-5.78411e-05
-5.68673e-05
-5.59026e-05
-5.49428e-05
-5.39889e-05
-5.30363e-05
-5.2086e-05
-5.11329e-05
-5.01781e-05
-4.92163e-05
-4.82483e-05
-4.72686e-05
-4.62781e-05
-4.52706e-05
-4.42472e-05
-4.32012e-05
-4.21337e-05
-4.10377e-05
-3.99142e-05
-3.87557e-05
-3.75632e-05
-3.63289e-05
-3.50539e-05
-3.37296e-05
-3.23578e-05
-3.09292e-05
-2.94457e-05
-2.78981e-05
-2.62885e-05
-2.46076e-05
-2.28584e-05
-2.10317e-05
-1.9132e-05
-1.71508e-05
-1.50944e-05
-1.29567e-05
-1.07466e-05
-8.46084e-06
-6.11327e-06
-3.70362e-06
-1.24907e-06
0.000379385
0.000361987
0.000342006
0.00031957
0.000295188
0.00026941
0.00024284
0.000215985
0.000189202
0.000162746
0.00013684
0.000111705
8.75596e-05
6.45927e-05
4.29473e-05
2.27109e-05
3.91772e-06
-1.34403e-05
-2.94008e-05
-4.40189e-05
-5.73582e-05
-6.94859e-05
-8.04703e-05
-9.03793e-05
-9.92807e-05
-0.000107242
-0.000114329
-0.000120607
-0.000126137
-0.000130976
-0.000135178
-0.000138796
-0.000141876
-0.000144463
-0.000146599
-0.000148321
-0.000149666
-0.000150666
-0.000151352
-0.000151751
-0.000151891
-0.000151793
-0.000151482
-0.000150976
-0.000150295
-0.000149456
-0.000148475
-0.000147366
-0.000146143
-0.000144819
-0.000143404
-0.00014191
-0.000140345
-0.00013872
-0.000137042
-0.000135319
-0.000133558
-0.000131765
-0.000129945
-0.000128105
-0.00012625
-0.000124383
-0.000122509
-0.000120632
-0.000118756
-0.000116883
-0.000115016
-0.000113158
-0.000111311
-0.000109478
-0.000107661
-0.00010586
-0.000104079
-0.000102317
-0.000100577
-9.88601e-05
-9.71662e-05
-9.54969e-05
-9.38525e-05
-9.2234e-05
-9.06416e-05
-8.90759e-05
-8.7537e-05
-8.60256e-05
-8.45411e-05
-8.30844e-05
-8.16546e-05
-8.02525e-05
-7.88772e-05
-7.75292e-05
-7.62074e-05
-7.49123e-05
-7.36427e-05
-7.23989e-05
-7.11796e-05
-6.99851e-05
-6.88138e-05
-6.7666e-05
-6.654e-05
-6.5436e-05
-6.43521e-05
-6.32886e-05
-6.22432e-05
-6.12162e-05
-6.02052e-05
-5.92105e-05
-5.82294e-05
-5.72622e-05
-5.6306e-05
-5.53611e-05
-5.44242e-05
-5.34958e-05
-5.25721e-05
-5.16538e-05
-5.07367e-05
-4.98215e-05
-4.89038e-05
-4.7984e-05
-4.70576e-05
-4.6125e-05
-4.51814e-05
-4.42269e-05
-4.32564e-05
-4.22703e-05
-4.12629e-05
-4.02345e-05
-3.91791e-05
-3.80969e-05
-3.69818e-05
-3.58338e-05
-3.46461e-05
-3.34194e-05
-3.21462e-05
-3.08273e-05
-2.94551e-05
-2.80303e-05
-2.65455e-05
-2.50017e-05
-2.33913e-05
-2.17165e-05
-1.99696e-05
-1.81544e-05
-1.62641e-05
-1.43041e-05
-1.22699e-05
-1.01697e-05
-8.0013e-06
-5.77724e-06
-3.49796e-06
-1.17886e-06
0.000354231
0.000336858
0.000317619
0.000297078
0.000274957
0.000251738
0.000228013
0.000204143
0.00018031
0.000156646
0.000133315
0.000110516
8.84591e-05
6.73332e-05
4.72873e-05
2.84202e-05
1.07828e-05
-5.61355e-06
-2.07857e-05
-3.47685e-05
-4.76063e-05
-5.93486e-05
-7.00472e-05
-7.97554e-05
-8.85281e-05
-9.64212e-05
-0.000103491
-0.000109792
-0.00011538
-0.000120304
-0.000124614
-0.000128358
-0.000131577
-0.000134315
-0.00013661
-0.000138497
-0.00014001
-0.000141181
-0.000142039
-0.000142611
-0.000142922
-0.000142996
-0.000142854
-0.000142515
-0.000141999
-0.000141322
-0.0001405
-0.000139548
-0.000138479
-0.000137305
-0.000136038
-0.000134689
-0.000133267
-0.000131781
-0.000130239
-0.000128649
-0.000127018
-0.000125353
-0.000123659
-0.000121941
-0.000120205
-0.000118456
-0.000116697
-0.000114932
-0.000113165
-0.000111399
-0.000109637
-0.000107882
-0.000106136
-0.000104402
-0.00010268
-0.000100974
-9.92842e-05
-9.76128e-05
-9.59606e-05
-9.43292e-05
-9.27192e-05
-9.11319e-05
-8.95676e-05
-8.80273e-05
-8.65112e-05
-8.50201e-05
-8.3554e-05
-8.21135e-05
-8.06984e-05
-7.93093e-05
-7.79457e-05
-7.66079e-05
-7.52955e-05
-7.40087e-05
-7.27467e-05
-7.15099e-05
-7.02971e-05
-6.91088e-05
-6.79436e-05
-6.68018e-05
-6.56821e-05
-6.45845e-05
-6.35076e-05
-6.24515e-05
-6.14145e-05
-6.03966e-05
-5.9396e-05
-5.84127e-05
-5.74447e-05
-5.64919e-05
-5.55521e-05
-5.46254e-05
-5.37091e-05
-5.28033e-05
-5.19052e-05
-5.10149e-05
-5.01292e-05
-4.92482e-05
-4.83686e-05
-4.74903e-05
-4.66099e-05
-4.5727e-05
-4.48381e-05
-4.39429e-05
-4.30372e-05
-4.21209e-05
-4.11894e-05
-4.02428e-05
-3.9276e-05
-3.82889e-05
-3.72762e-05
-3.62379e-05
-3.51682e-05
-3.40672e-05
-3.29286e-05
-3.17527e-05
-3.0533e-05
-2.92699e-05
-2.79565e-05
-2.65933e-05
-2.51738e-05
-2.36988e-05
-2.21615e-05
-2.05638e-05
-1.88993e-05
-1.71712e-05
-1.53741e-05
-1.35128e-05
-1.15839e-05
-9.59494e-06
-7.54457e-06
-5.44413e-06
-3.29445e-06
-1.10933e-06
0.000323568
0.000309841
0.000294479
0.000275663
0.000255075
0.000234021
0.000212947
0.000191877
0.00017077
0.00014967
0.000128713
0.000108094
8.80192e-05
6.86763e-05
5.02125e-05
3.27301e-05
1.62889e-05
9.13144e-07
-1.33989e-05
-2.6666e-05
-3.89168e-05
-5.01856e-05
-6.05099e-05
-6.99302e-05
-7.84898e-05
-8.62345e-05
-9.32108e-05
-9.94655e-05
-0.000105045
-0.000109994
-0.000114356
-0.000118173
-0.000121486
-0.000124332
-0.000126746
-0.000128763
-0.000130413
-0.000131727
-0.000132731
-0.000133453
-0.000133916
-0.000134143
-0.000134153
-0.000133967
-0.000133603
-0.000133077
-0.000132405
-0.000131601
-0.000130679
-0.000129649
-0.000128525
-0.000127316
-0.000126031
-0.000124681
-0.000123273
-0.000121814
-0.000120312
-0.000118772
-0.000117202
-0.000115607
-0.00011399
-0.000112358
-0.000110714
-0.000109062
-0.000107406
-0.000105749
-0.000104093
-0.000102442
-0.000100798
-9.91633e-05
-9.75397e-05
-9.59292e-05
-9.43333e-05
-9.27537e-05
-9.11914e-05
-8.96478e-05
-8.81238e-05
-8.66205e-05
-8.51384e-05
-8.36784e-05
-8.22409e-05
-8.08265e-05
-7.94354e-05
-7.80682e-05
-7.67247e-05
-7.54054e-05
-7.41099e-05
-7.28387e-05
-7.15913e-05
-7.03679e-05
-6.91679e-05
-6.79915e-05
-6.68378e-05
-6.57069e-05
-6.4598e-05
-6.3511e-05
-6.24449e-05
-6.13996e-05
-6.03738e-05
-5.93675e-05
-5.83793e-05
-5.74091e-05
-5.64553e-05
-5.55176e-05
-5.45945e-05
-5.36856e-05
-5.27891e-05
-5.19046e-05
-5.10302e-05
-5.01654e-05
-4.9308e-05
-4.84577e-05
-4.76119e-05
-4.67703e-05
-4.593e-05
-4.50907e-05
-4.42494e-05
-4.34056e-05
-4.2556e-05
-4.17002e-05
-4.08345e-05
-3.99586e-05
-3.90682e-05
-3.81633e-05
-3.72392e-05
-3.62957e-05
-3.53281e-05
-3.43359e-05
-3.33142e-05
-3.22625e-05
-3.11756e-05
-3.00531e-05
-2.88895e-05
-2.76847e-05
-2.64328e-05
-2.5134e-05
-2.37826e-05
-2.2379e-05
-2.09176e-05
-1.93998e-05
-1.78203e-05
-1.61819e-05
-1.44802e-05
-1.27198e-05
-1.08979e-05
-9.02145e-06
-7.08994e-06
-5.11331e-06
-3.09277e-06
-1.03999e-06
0.000299056
0.000286191
0.000268612
0.000249376
0.000230365
0.000212034
0.000194109
0.000176225
0.000158188
0.000139996
0.000121774
0.000103704
8.59835e-05
6.87886e-05
5.22614e-05
3.65043e-05
2.15823e-05
7.52991e-06
-5.64107e-06
-1.79342e-05
-2.93622e-05
-3.99437e-05
-4.97013e-05
-5.86618e-05
-6.6856e-05
-7.43185e-05
-8.10854e-05
-8.71933e-05
-9.26792e-05
-9.75802e-05
-0.000101933
-0.000105775
-0.00010914
-0.000112063
-0.000114574
-0.000116704
-0.00011848
-0.000119931
-0.000121083
-0.000121959
-0.000122582
-0.000122972
-0.00012315
-0.000123134
-0.000122941
-0.000122587
-0.000122088
-0.000121456
-0.000120705
-0.000119847
-0.000118892
-0.00011785
-0.000116733
-0.000115547
-0.000114301
-0.000113003
-0.00011166
-0.000110277
-0.000108861
-0.000107417
-0.00010595
-0.000104465
-0.000102966
-0.000101456
-9.99395e-05
-9.84195e-05
-9.68989e-05
-9.53804e-05
-9.38663e-05
-9.23591e-05
-9.08606e-05
-8.93728e-05
-8.78972e-05
-8.64354e-05
-8.49886e-05
-8.35582e-05
-8.2145e-05
-8.07501e-05
-7.93741e-05
-7.8018e-05
-7.66821e-05
-7.53671e-05
-7.40732e-05
-7.28009e-05
-7.15503e-05
-7.03217e-05
-6.91149e-05
-6.79303e-05
-6.67675e-05
-6.56268e-05
-6.45075e-05
-6.34098e-05
-6.23331e-05
-6.12774e-05
-6.0242e-05
-5.92267e-05
-5.82306e-05
-5.72537e-05
-5.62949e-05
-5.53541e-05
-5.44299e-05
-5.35223e-05
-5.26298e-05
-5.17522e-05
-5.08881e-05
-5.0037e-05
-4.91974e-05
-4.83688e-05
-4.75494e-05
-4.67389e-05
-4.59352e-05
-4.51379e-05
-4.43447e-05
-4.35551e-05
-4.27669e-05
-4.19793e-05
-4.11898e-05
-4.03977e-05
-3.96004e-05
-3.87969e-05
-3.79843e-05
-3.71618e-05
-3.6326e-05
-3.54763e-05
-3.46091e-05
-3.37234e-05
-3.28155e-05
-3.18844e-05
-3.09262e-05
-2.99399e-05
-2.89211e-05
-2.78692e-05
-2.67797e-05
-2.56517e-05
-2.44808e-05
-2.32665e-05
-2.20044e-05
-2.06943e-05
-1.9332e-05
-1.79181e-05
-1.64492e-05
-1.49268e-05
-1.33484e-05
-1.17173e-05
-1.00326e-05
-8.29951e-06
-6.519e-06
-4.69875e-06
-2.84097e-06
-9.54178e-07
0.000266426
0.000254363
0.000235749
0.000218167
0.000202396
0.000187443
0.000172659
0.000157783
0.000142733
0.000127509
0.000112184
9.68832e-05
8.17651e-05
6.6985e-05
5.26748e-05
3.89331e-05
2.58257e-05
1.3392e-05
1.65271e-06
-9.38358e-06
-1.97161e-05
-2.93497e-05
-3.8294e-05
-4.65635e-05
-5.41776e-05
-6.11598e-05
-6.7536e-05
-7.33326e-05
-7.8577e-05
-8.32974e-05
-8.75231e-05
-9.12844e-05
-9.46105e-05
-9.75297e-05
-0.000100068
-0.000102252
-0.000104106
-0.000105655
-0.00010692
-0.000107925
-0.000108688
-0.00010923
-0.000109567
-0.000109718
-0.000109698
-0.000109522
-0.000109204
-0.000108757
-0.000108193
-0.000107523
-0.000106757
-0.000105906
-0.000104979
-0.000103983
-0.000102927
-0.000101817
-0.000100661
-9.9464e-05
-9.82323e-05
-9.69711e-05
-9.5685e-05
-9.43786e-05
-9.30559e-05
-9.17207e-05
-9.03763e-05
-8.9026e-05
-8.76725e-05
-8.63187e-05
-8.49668e-05
-8.36192e-05
-8.22776e-05
-8.0944e-05
-7.96199e-05
-7.83069e-05
-7.70063e-05
-7.57192e-05
-7.44467e-05
-7.31897e-05
-7.19489e-05
-7.07253e-05
-6.95191e-05
-6.83312e-05
-6.71618e-05
-6.60113e-05
-6.48799e-05
-6.37679e-05
-6.26752e-05
-6.16022e-05
-6.05485e-05
-5.95143e-05
-5.84993e-05
-5.75036e-05
-5.65265e-05
-5.55682e-05
-5.46279e-05
-5.37057e-05
-5.28007e-05
-5.19127e-05
-5.1041e-05
-5.01853e-05
-4.93446e-05
-4.85187e-05
-4.77063e-05
-4.69072e-05
-4.61202e-05
-4.53448e-05
-4.45797e-05
-4.38243e-05
-4.30773e-05
-4.2338e-05
-4.16049e-05
-4.08773e-05
-4.01534e-05
-3.94325e-05
-3.87129e-05
-3.79935e-05
-3.72725e-05
-3.65488e-05
-3.58203e-05
-3.50861e-05
-3.43436e-05
-3.35919e-05
-3.28283e-05
-3.20519e-05
-3.12596e-05
-3.04504e-05
-2.96213e-05
-2.8771e-05
-2.78965e-05
-2.69964e-05
-2.60673e-05
-2.51082e-05
-2.41156e-05
-2.30884e-05
-2.20232e-05
-2.09191e-05
-1.97729e-05
-1.85841e-05
-1.73496e-05
-1.60698e-05
-1.47421e-05
-1.3368e-05
-1.19459e-05
-1.04786e-05
-8.96584e-06
-7.4122e-06
-5.81894e-06
-4.19216e-06
-2.53413e-06
-8.51266e-07
0.000204643
0.000195404
0.000192486
0.00018607
0.000175608
0.000163388
0.000150837
0.00013836
0.0001259
0.00011335
0.000100691
8.79919e-05
7.53693e-05
6.29506e-05
5.08494e-05
3.91541e-05
2.7926e-05
1.72046e-05
7.01425e-06
-2.62936e-06
-1.17164e-05
-2.02422e-05
-2.82074e-05
-3.56181e-05
-4.24852e-05
-4.88232e-05
-5.4649e-05
-5.99802e-05
-6.4836e-05
-6.92367e-05
-7.32048e-05
-7.67638e-05
-7.99373e-05
-8.27481e-05
-8.52177e-05
-8.73674e-05
-8.92184e-05
-9.07912e-05
-9.21055e-05
-9.31796e-05
-9.40309e-05
-9.46765e-05
-9.51325e-05
-9.54142e-05
-9.55357e-05
-9.55103e-05
-9.53506e-05
-9.50684e-05
-9.46747e-05
-9.41799e-05
-9.35937e-05
-9.2925e-05
-9.21822e-05
-9.1373e-05
-9.05047e-05
-8.95839e-05
-8.8617e-05
-8.76097e-05
-8.65672e-05
-8.54945e-05
-8.43962e-05
-8.32764e-05
-8.2139e-05
-8.09875e-05
-7.98253e-05
-7.86552e-05
-7.74801e-05
-7.63025e-05
-7.51246e-05
-7.39486e-05
-7.27763e-05
-7.16095e-05
-7.04497e-05
-6.92984e-05
-6.81568e-05
-6.70261e-05
-6.59072e-05
-6.48012e-05
-6.37087e-05
-6.26305e-05
-6.15671e-05
-6.05191e-05
-5.94868e-05
-5.84708e-05
-5.74711e-05
-5.64881e-05
-5.55218e-05
-5.45724e-05
-5.36398e-05
-5.27241e-05
-5.18251e-05
-5.09427e-05
-5.00767e-05
-4.92269e-05
-4.8393e-05
-4.75747e-05
-4.67714e-05
-4.59831e-05
-4.5209e-05
-4.44488e-05
-4.37018e-05
-4.29676e-05
-4.22453e-05
-4.15346e-05
-4.08344e-05
-4.01444e-05
-3.94633e-05
-3.87908e-05
-3.81254e-05
-3.74669e-05
-3.68136e-05
-3.6165e-05
-3.55197e-05
-3.48769e-05
-3.42351e-05
-3.35934e-05
-3.29501e-05
-3.23043e-05
-3.16542e-05
-3.0999e-05
-3.03363e-05
-2.96653e-05
-2.89838e-05
-2.82908e-05
-2.75839e-05
-2.68618e-05
-2.61222e-05
-2.53639e-05
-2.45842e-05
-2.3782e-05
-2.29543e-05
-2.21003e-05
-2.12171e-05
-2.03036e-05
-1.9357e-05
-1.83767e-05
-1.736e-05
-1.63066e-05
-1.52139e-05
-1.40826e-05
-1.29106e-05
-1.16993e-05
-1.04478e-05
-9.15849e-06
-7.83158e-06
-6.4709e-06
-5.07774e-06
-3.65694e-06
-2.2103e-06
-7.42556e-07
0.000193928
0.000185897
0.000170334
0.000156399
0.000145317
0.000135575
0.000126074
0.000116416
0.00010655
9.65108e-05
8.63499e-05
7.61331e-05
6.59436e-05
5.58727e-05
4.60068e-05
3.64171e-05
2.7157e-05
1.82632e-05
9.76115e-06
1.66904e-06
-5.99929e-06
-1.32343e-05
-2.00317e-05
-2.63923e-05
-3.23214e-05
-3.78265e-05
-4.29165e-05
-4.76019e-05
-5.18949e-05
-5.58096e-05
-5.93625e-05
-6.25707e-05
-6.54519e-05
-6.80231e-05
-7.03013e-05
-7.23036e-05
-7.40468e-05
-7.55478e-05
-7.68221e-05
-7.78849e-05
-7.87509e-05
-7.94343e-05
-7.99489e-05
-8.03076e-05
-8.05227e-05
-8.06056e-05
-8.05669e-05
-8.04171e-05
-8.0166e-05
-7.98225e-05
-7.93953e-05
-7.88922e-05
-7.83206e-05
-7.76873e-05
-7.6999e-05
-7.62616e-05
-7.54807e-05
-7.46614e-05
-7.38085e-05
-7.29266e-05
-7.20195e-05
-7.10913e-05
-7.01454e-05
-6.9185e-05
-6.8213e-05
-6.72323e-05
-6.62452e-05
-6.52542e-05
-6.42613e-05
-6.32685e-05
-6.22774e-05
-6.12897e-05
-6.03068e-05
-5.933e-05
-5.83606e-05
-5.73995e-05
-5.64477e-05
-5.55061e-05
-5.45753e-05
-5.36561e-05
-5.2749e-05
-5.18546e-05
-5.09731e-05
-5.01049e-05
-4.92504e-05
-4.84097e-05
-4.7583e-05
-4.67704e-05
-4.59719e-05
-4.51875e-05
-4.44171e-05
-4.36608e-05
-4.29182e-05
-4.21893e-05
-4.14738e-05
-4.07714e-05
-4.00818e-05
-3.94048e-05
-3.87398e-05
-3.80865e-05
-3.74444e-05
-3.68131e-05
-3.61919e-05
-3.55805e-05
-3.4978e-05
-3.4384e-05
-3.37976e-05
-3.32184e-05
-3.26453e-05
-3.20778e-05
-3.15148e-05
-3.09556e-05
-3.03992e-05
-2.98448e-05
-2.92912e-05
-2.87376e-05
-2.81825e-05
-2.76252e-05
-2.70641e-05
-2.64985e-05
-2.59265e-05
-2.53473e-05
-2.47591e-05
-2.41609e-05
-2.35508e-05
-2.29278e-05
-2.22897e-05
-2.16357e-05
-2.09634e-05
-2.02719e-05
-1.95589e-05
-1.88235e-05
-1.80634e-05
-1.72777e-05
-1.64642e-05
-1.56225e-05
-1.47503e-05
-1.38474e-05
-1.29121e-05
-1.19447e-05
-1.0944e-05
-9.91111e-06
-8.84551e-06
-7.74932e-06
-6.62294e-06
-5.4695e-06
-4.29024e-06
-3.08887e-06
-1.86663e-06
-6.2695e-07
0.000139361
0.000133302
0.000128886
0.000122997
0.000115848
0.000108305
0.000100765
9.32519e-05
8.56833e-05
7.80083e-05
7.02298e-05
6.2388e-05
5.45411e-05
4.67527e-05
3.9084e-05
3.15887e-05
2.43113e-05
1.72868e-05
1.05409e-05
4.09189e-06
-2.0475e-06
-7.86858e-06
-1.3366e-05
-1.85374e-05
-2.33834e-05
-2.79059e-05
-3.21086e-05
-3.59966e-05
-3.95773e-05
-4.28604e-05
-4.58571e-05
-4.85791e-05
-5.10384e-05
-5.3247e-05
-5.52177e-05
-5.69634e-05
-5.84973e-05
-5.98317e-05
-6.09784e-05
-6.19492e-05
-6.27559e-05
-6.341e-05
-6.39222e-05
-6.43031e-05
-6.45623e-05
-6.47092e-05
-6.47525e-05
-6.47008e-05
-6.45622e-05
-6.43441e-05
-6.40537e-05
-6.36976e-05
-6.32818e-05
-6.28123e-05
-6.22945e-05
-6.17336e-05
-6.11342e-05
-6.05007e-05
-5.98372e-05
-5.91475e-05
-5.84352e-05
-5.77034e-05
-5.69552e-05
-5.61933e-05
-5.54204e-05
-5.46387e-05
-5.38503e-05
-5.30574e-05
-5.22617e-05
-5.14648e-05
-5.06683e-05
-4.98735e-05
-4.90817e-05
-4.82941e-05
-4.75116e-05
-4.67351e-05
-4.59656e-05
-4.52037e-05
-4.445e-05
-4.37052e-05
-4.29698e-05
-4.22442e-05
-4.15286e-05
-4.08236e-05
-4.01293e-05
-3.9446e-05
-3.87737e-05
-3.81125e-05
-3.74626e-05
-3.6824e-05
-3.61965e-05
-3.55803e-05
-3.4975e-05
-3.43807e-05
-3.37971e-05
-3.32241e-05
-3.26613e-05
-3.21086e-05
-3.15656e-05
-3.1032e-05
-3.05074e-05
-2.99915e-05
-2.94837e-05
-2.89837e-05
-2.84909e-05
-2.8005e-05
-2.75251e-05
-2.70509e-05
-2.65817e-05
-2.6117e-05
-2.56558e-05
-2.51977e-05
-2.47417e-05
-2.42873e-05
-2.38335e-05
-2.33795e-05
-2.29243e-05
-2.24672e-05
-2.20071e-05
-2.15431e-05
-2.10739e-05
-2.05987e-05
-2.01162e-05
-1.96256e-05
-1.91252e-05
-1.86142e-05
-1.80911e-05
-1.7555e-05
-1.70042e-05
-1.64377e-05
-1.58538e-05
-1.52519e-05
-1.46302e-05
-1.39878e-05
-1.33233e-05
-1.26361e-05
-1.19248e-05
-1.11891e-05
-1.04278e-05
-9.64127e-06
-8.8287e-06
-7.99092e-06
-7.12782e-06
-6.24106e-06
-5.3311e-06
-4.40035e-06
-3.44999e-06
-2.48287e-06
-1.49999e-06
-5.03218e-07
0.000103001
9.82505e-05
9.42026e-05
8.99739e-05
8.52051e-05
8.00267e-05
7.46671e-05
6.92488e-05
6.37946e-05
5.82937e-05
5.27439e-05
4.71613e-05
4.15718e-05
3.6005e-05
3.04929e-05
2.5071e-05
1.97763e-05
1.46434e-05
9.69908e-06
4.95996e-06
4.33668e-07
-3.87668e-06
-7.96842e-06
-1.18376e-05
-1.54799e-05
-1.88924e-05
-2.20751e-05
-2.50311e-05
-2.77653e-05
-3.02843e-05
-3.25946e-05
-3.47029e-05
-3.66165e-05
-3.83436e-05
-3.98933e-05
-4.12752e-05
-4.2498e-05
-4.357e-05
-4.44996e-05
-4.52953e-05
-4.59661e-05
-4.65202e-05
-4.69657e-05
-4.73101e-05
-4.75605e-05
-4.7724e-05
-4.78072e-05
-4.78166e-05
-4.77583e-05
-4.76379e-05
-4.74608e-05
-4.7232e-05
-4.69562e-05
-4.66379e-05
-4.62813e-05
-4.58902e-05
-4.54684e-05
-4.50192e-05
-4.45457e-05
-4.40509e-05
-4.35375e-05
-4.30081e-05
-4.24649e-05
-4.19102e-05
-4.13459e-05
-4.07738e-05
-4.01958e-05
-3.96132e-05
-3.90276e-05
-3.84403e-05
-3.78524e-05
-3.7265e-05
-3.66792e-05
-3.60958e-05
-3.55157e-05
-3.49396e-05
-3.43681e-05
-3.38019e-05
-3.32414e-05
-3.26872e-05
-3.21396e-05
-3.1599e-05
-3.10657e-05
-3.05399e-05
-3.00219e-05
-2.95119e-05
-2.90099e-05
-2.85161e-05
-2.80304e-05
-2.75531e-05
-2.70839e-05
-2.6623e-05
-2.61701e-05
-2.57253e-05
-2.52885e-05
-2.48594e-05
-2.44379e-05
-2.40238e-05
-2.36168e-05
-2.32168e-05
-2.28235e-05
-2.24365e-05
-2.20555e-05
-2.16804e-05
-2.13105e-05
-2.09457e-05
-2.05854e-05
-2.02292e-05
-1.98768e-05
-1.95276e-05
-1.9181e-05
-1.88366e-05
-1.84937e-05
-1.81521e-05
-1.78108e-05
-1.74693e-05
-1.71268e-05
-1.67829e-05
-1.64367e-05
-1.60875e-05
-1.57344e-05
-1.53767e-05
-1.50137e-05
-1.46445e-05
-1.4268e-05
-1.38835e-05
-1.349e-05
-1.30868e-05
-1.26727e-05
-1.22468e-05
-1.18081e-05
-1.1356e-05
-1.08892e-05
-1.04072e-05
-9.90888e-06
-9.39396e-06
-8.86135e-06
-8.31087e-06
-7.74184e-06
-7.15446e-06
-6.54828e-06
-5.92393e-06
-5.28145e-06
-4.62201e-06
-3.94606e-06
-3.25525e-06
-2.55054e-06
-1.83409e-06
-1.10768e-06
-3.74632e-07
6.94847e-05
6.7303e-05
6.18671e-05
5.67531e-05
5.27519e-05
4.94426e-05
4.63269e-05
4.31552e-05
3.98766e-05
3.6523e-05
3.3138e-05
2.97498e-05
2.63704e-05
2.30029e-05
1.96527e-05
1.63352e-05
1.30768e-05
9.9078e-06
6.85282e-06
3.92446e-06
1.12438e-06
-1.55057e-06
-4.10165e-06
-6.52543e-06
-8.81553e-06
-1.09665e-05
-1.29766e-05
-1.4848e-05
-1.6585e-05
-1.81916e-05
-1.9671e-05
-2.10253e-05
-2.22579e-05
-2.33741e-05
-2.438e-05
-2.52815e-05
-2.60831e-05
-2.67894e-05
-2.74054e-05
-2.79366e-05
-2.83885e-05
-2.87663e-05
-2.90749e-05
-2.93187e-05
-2.95022e-05
-2.96297e-05
-2.97055e-05
-2.97337e-05
-2.97181e-05
-2.96622e-05
-2.95695e-05
-2.94431e-05
-2.9286e-05
-2.91012e-05
-2.88913e-05
-2.86588e-05
-2.84061e-05
-2.81352e-05
-2.78483e-05
-2.75473e-05
-2.72338e-05
-2.69096e-05
-2.65761e-05
-2.62348e-05
-2.58868e-05
-2.55336e-05
-2.5176e-05
-2.48151e-05
-2.44519e-05
-2.40873e-05
-2.37219e-05
-2.33566e-05
-2.29919e-05
-2.26284e-05
-2.22668e-05
-2.19075e-05
-2.15508e-05
-2.11972e-05
-2.08471e-05
-2.05008e-05
-2.01584e-05
-1.98203e-05
-1.94866e-05
-1.91576e-05
-1.88333e-05
-1.85139e-05
-1.81995e-05
-1.78901e-05
-1.75857e-05
-1.72865e-05
-1.69923e-05
-1.67032e-05
-1.64191e-05
-1.614e-05
-1.58658e-05
-1.55965e-05
-1.53318e-05
-1.50717e-05
-1.48161e-05
-1.45648e-05
-1.43177e-05
-1.40745e-05
-1.3835e-05
-1.35991e-05
-1.33665e-05
-1.31371e-05
-1.29104e-05
-1.26863e-05
-1.24645e-05
-1.22447e-05
-1.20265e-05
-1.18096e-05
-1.15937e-05
-1.13785e-05
-1.11636e-05
-1.09484e-05
-1.07326e-05
-1.05159e-05
-1.02978e-05
-1.00777e-05
-9.85512e-06
-9.62968e-06
-9.40086e-06
-9.1682e-06
-8.93089e-06
-8.68854e-06
-8.44059e-06
-8.18662e-06
-7.92575e-06
-7.65749e-06
-7.38126e-06
-7.09673e-06
-6.80306e-06
-6.49987e-06
-6.1866e-06
-5.86307e-06
-5.52864e-06
-5.18316e-06
-4.82633e-06
-4.45825e-06
-4.07868e-06
-3.68803e-06
-3.28637e-06
-2.87442e-06
-2.4525e-06
-2.02162e-06
-1.58243e-06
-1.13601e-06
-6.82566e-07
-2.22409e-07
1.71008e-05
1.60037e-05
1.76179e-05
1.85647e-05
1.82787e-05
1.7287e-05
1.60806e-05
1.48739e-05
1.37037e-05
1.25534e-05
1.14091e-05
1.02676e-05
9.1288e-06
7.99152e-06
6.85601e-06
5.72679e-06
4.61343e-06
3.52848e-06
2.48315e-06
1.48317e-06
5.27983e-07
-3.85773e-07
-1.25972e-06
-2.09221e-06
-2.88004e-06
-3.62074e-06
-4.31351e-06
-4.95914e-06
-5.55945e-06
-6.11622e-06
-6.63036e-06
-7.10208e-06
-7.5321e-06
-7.92227e-06
-8.27492e-06
-8.592e-06
-8.87485e-06
-9.12476e-06
-9.34334e-06
-9.5325e-06
-9.69422e-06
-9.83023e-06
-9.9421e-06
-1.00313e-05
-1.00994e-05
-1.01479e-05
-1.01783e-05
-1.0192e-05
-1.01903e-05
-1.01744e-05
-1.01456e-05
-1.01048e-05
-1.00532e-05
-9.99186e-06
-9.92163e-06
-9.8434e-06
-9.75799e-06
-9.66618e-06
-9.5687e-06
-9.46623e-06
-9.35939e-06
-9.24875e-06
-9.13486e-06
-9.01822e-06
-8.89928e-06
-8.77847e-06
-8.65617e-06
-8.53272e-06
-8.40845e-06
-8.28366e-06
-8.15862e-06
-8.03356e-06
-7.90869e-06
-7.78423e-06
-7.66036e-06
-7.53724e-06
-7.415e-06
-7.29378e-06
-7.1737e-06
-7.05487e-06
-6.93739e-06
-6.82133e-06
-6.70674e-06
-6.59372e-06
-6.48231e-06
-6.37255e-06
-6.26446e-06
-6.15807e-06
-6.0534e-06
-5.95047e-06
-5.84928e-06
-5.74981e-06
-5.65205e-06
-5.556e-06
-5.46162e-06
-5.36891e-06
-5.27778e-06
-5.18823e-06
-5.10019e-06
-5.01365e-06
-4.92852e-06
-4.84474e-06
-4.76222e-06
-4.68093e-06
-4.60079e-06
-4.52172e-06
-4.44358e-06
-4.36632e-06
-4.28985e-06
-4.21408e-06
-4.13885e-06
-4.06405e-06
-3.98958e-06
-3.91536e-06
-3.84121e-06
-3.76699e-06
-3.69254e-06
-3.61777e-06
-3.54251e-06
-3.46659e-06
-3.38978e-06
-3.31197e-06
-3.23302e-06
-3.15274e-06
-3.07086e-06
-2.98723e-06
-2.90169e-06
-2.81407e-06
-2.72409e-06
-2.63154e-06
-2.53628e-06
-2.43816e-06
-2.33693e-06
-2.23242e-06
-2.12449e-06
-2.01303e-06
-1.89789e-06
-1.77894e-06
-1.65617e-06
-1.52954e-06
-1.39906e-06
-1.26478e-06
-1.12683e-06
-9.85367e-07
-8.40579e-07
-6.92689e-07
-5.41998e-07
-3.88874e-07
-2.34165e-07
-7.91429e-08
0.000210202
0.000226693
0.000230689
0.000240036
0.000245343
0.000260898
0.000272433
0.000293535
0.000309337
0.000335019
0.000355087
0.000385989
0.000410994
0.000447982
0.000478769
0.000523038
0.000560758
0.000613488
0.000659149
0.000723128
0.000780628
0.000863185
0.000940882
0.00105332
0.00116646
0.00133385
0.00151981
0.00180403
0.00214477
0.0026256
0.000210326
0.000226626
0.000230448
0.000239868
0.000245057
0.000260689
0.000272075
0.000293211
0.000308846
0.000334543
0.000354431
0.000385319
0.000410111
0.000447016
0.000477475
0.000521561
0.000558743
0.000611417
0.000657082
0.000720311
0.000778618
0.000858865
0.000938274
0.00104575
0.00116172
0.00131816
0.00150514
0.00175308
0.00205273
0.00233224
0.000210521
0.000226238
0.000230123
0.000239376
0.00024475
0.000260107
0.00027168
0.000292421
0.000308318
0.000333496
0.000353756
0.000383933
0.000409258
0.000445145
0.000476371
0.000518907
0.000557155
0.000607771
0.000654855
0.000715528
0.000775631
0.000851973
0.000933179
0.00103455
0.00115101
0.00129533
0.00147216
0.00167855
0.00190655
0.00205994
0.000210619
0.000225629
0.000229677
0.000238702
0.000244364
0.000259317
0.000271174
0.000291388
0.000307657
0.000332174
0.00035291
0.000382222
0.000408124
0.000442887
0.000474799
0.000515822
0.000554933
0.000603535
0.000651663
0.00070993
0.000770931
0.00084389
0.000924978
0.00102112
0.00113387
0.0012665
0.00142387
0.00159208
0.00175414
0.00183995
0.000210615
0.000224821
0.000229088
0.000237863
0.000243861
0.000258339
0.000270514
0.000290134
0.000306807
0.000330596
0.000351803
0.000380206
0.000406632
0.000440263
0.000472709
0.000512326
0.000551943
0.000598785
0.000647326
0.000703526
0.000764385
0.00083446
0.000913728
0.00100494
0.00111102
0.0012313
0.00136618
0.00150085
0.00161422
0.00166272
0.000210524
0.000223792
0.000228338
0.000236833
0.000243219
0.000257156
0.000269672
0.00028864
0.000305721
0.000328746
0.000350387
0.000377876
0.000404722
0.000437261
0.000470043
0.000508376
0.000548136
0.000593451
0.000641807
0.000696181
0.000756041
0.000823402
0.000899643
0.000985594
0.00108332
0.00119044
0.00130377
0.00140995
0.00148918
0.00151253
0.000210331
0.000222526
0.000227397
0.000235599
0.000242411
0.000255767
0.00026861
0.00028691
0.000304354
0.000326635
0.000348609
0.000375243
0.000402334
0.000433891
0.000466747
0.000503949
0.000543483
0.000587462
0.000635112
0.000687779
0.000745972
0.000810549
0.000882909
0.000963085
0.00105163
0.00114549
0.00123948
0.00132214
0.0013766
0.00138123
0.000210008
0.000221028
0.000226235
0.00023416
0.000241396
0.000254184
0.000267294
0.000284956
0.000302666
0.000324269
0.000346428
0.000372306
0.000399432
0.000430135
0.000462796
0.000499003
0.000537983
0.000580734
0.000627273
0.000678216
0.000734257
0.000795816
0.000863727
0.000937658
0.00101682
0.00109794
0.00117504
0.00123838
0.00127396
0.00126487
0.000209522
0.000219313
0.000224826
0.000232516
0.000240143
0.000252409
0.000265696
0.000282778
0.000300627
0.000321639
0.000343822
0.000369044
0.000396005
0.000425955
0.000458188
0.00049348
0.000531652
0.000573183
0.000618322
0.000667415
0.000720964
0.000779203
0.000842323
0.000909717
0.000979716
0.00104895
0.00111147
0.00115892
0.00117982
0.00116116
0.000208834
0.000217399
0.000223151
0.000230662
0.000238622
0.000250437
0.000263793
0.000280364
0.00029822
0.000318721
0.000340777
0.000365419
0.000392049
0.000421301
0.000452931
0.000487317
0.000524499
0.000564746
0.00060828
0.000655342
0.000706157
0.000760798
0.000818947
0.000879724
0.000940999
0.000999398
0.00104938
0.00108378
0.00109338
0.00106841
0.000207903
0.000215304
0.000221201
0.000228586
0.000236808
0.00024825
0.000261571
0.000277693
0.000295433
0.000315483
0.000337288
0.000361393
0.000387563
0.000416126
0.000447024
0.000480468
0.000516526
0.000555384
0.000597157
0.000642004
0.000689903
0.000740743
0.000793861
0.000848131
0.000901245
0.000949913
0.000989169
0.00101296
0.00101402
0.000985184
0.00020669
0.000213033
0.000218973
0.000226273
0.000234682
0.000245823
0.000259021
0.000274739
0.000292263
0.000311891
0.00033335
0.000356925
0.000382544
0.000410392
0.000440464
0.000472898
0.000507726
0.000545081
0.000584965
0.000627437
0.000672287
0.000719214
0.000767338
0.000815349
0.000860933
0.000900973
0.000931139
0.00094641
0.000941162
0.000910184
0.00020516
0.000210584
0.000216469
0.000223704
0.000232227
0.000243125
0.000256135
0.000271472
0.000288703
0.000307913
0.000328955
0.000351983
0.00037698
0.000404068
0.000433238
0.000464586
0.000498096
0.000533837
0.000571723
0.000611697
0.000653413
0.000696398
0.000739645
0.000781742
0.00082046
0.00085294
0.000875478
0.00088399
0.000874176
0.000842283
0.000203285
0.000207941
0.000213693
0.000220859
0.000229432
0.000240124
0.0002529
0.000267866
0.000284744
0.000303521
0.00032409
0.00034654
0.000370859
0.000397132
0.000425334
0.00045552
0.00048763
0.000521665
0.000557463
0.000594857
0.0006334
0.000672484
0.00071104
0.000747624
0.000780155
0.000806078
0.000822284
0.0008255
0.000812469
0.000780517
0.000201044
0.000205081
0.000210645
0.000217723
0.000226286
0.00023679
0.000249304
0.000263895
0.000280375
0.00029869
0.000318741
0.000340572
0.000364163
0.000389567
0.000416741
0.000445695
0.000476332
0.000508584
0.000542228
0.000576998
0.000612373
0.000647657
0.000681759
0.000713268
0.000740285
0.000760577
0.000771576
0.000770693
0.000755486
0.000724075
0.000198424
0.000201975
0.000207316
0.000214277
0.000222779
0.000233097
0.000245329
0.000259535
0.000275582
0.000293401
0.000312891
0.000334062
0.000356878
0.000381361
0.000407449
0.00043511
0.000464213
0.000494625
0.000526072
0.000558208
0.000590465
0.000622093
0.00065202
0.000678906
0.000701054
0.000716553
0.00072331
0.000719303
0.000702722
0.000672276
0.000195414
0.00019859
0.000203696
0.000210508
0.0002189
0.000229021
0.000240956
0.000254764
0.000270347
0.000287635
0.000306523
0.000326992
0.000348989
0.000372503
0.000397454
0.000423771
0.00045129
0.000479823
0.000509055
0.000538582
0.000567806
0.000595959
0.000622015
0.000644732
0.000662621
0.000674072
0.000677401
0.000671055
0.000653718
0.000624534
0.000192008
0.000194894
0.000199767
0.000206399
0.000214638
0.000224542
0.000236166
0.00024956
0.000264652
0.000281375
0.000299622
0.000319348
0.000340483
0.000362986
0.000386756
0.000411687
0.000437586
0.000464222
0.000491246
0.000518216
0.000544522
0.000569407
0.000591908
0.000610902
0.000625099
0.000633156
0.00063374
0.000625679
0.000608055
0.000580336
0.000188198
0.000190858
0.000195505
0.000201935
0.000209982
0.000219643
0.000230937
0.000243902
0.00025848
0.000274606
0.000292174
0.000311119
0.000331353
0.000352806
0.000375358
0.000398872
0.000423131
0.00044787
0.000472715
0.000497205
0.000520733
0.000542574
0.000561842
0.000577538
0.000588562
0.000593803
0.000592213
0.000582924
0.000565344
0.000539211
0.000183977
0.000186456
0.000190887
0.000197096
0.000204917
0.000214307
0.000225253
0.00023777
0.00025181
0.000267311
0.000284166
0.000302294
0.000321591
0.000341962
0.000363268
0.000385346
0.000407958
0.000430817
0.000453534
0.000475643
0.000496552
0.000515582
0.00053193
0.00054473
0.000553051
0.000555987
0.000552707
0.000542585
0.00052526
0.00050074
0.000179335
0.000181664
0.00018589
0.000191863
0.000199431
0.000208522
0.000219095
0.000231147
0.000244628
0.000259475
0.000275586
0.000292865
0.000311193
0.000330456
0.000350496
0.00037113
0.000392104
0.000413118
0.000433775
0.000453619
0.000472082
0.000488538
0.000502268
0.000512539
0.000518574
0.000519657
0.000515115
0.000504505
0.000487599
0.000464604
0.000174262
0.00017646
0.000180489
0.000186218
0.000193507
0.000202271
0.000212449
0.000224014
0.000236915
0.000251085
0.000266423
0.000282824
0.000300159
0.000318293
0.000337057
0.000356248
0.000375608
0.000394822
0.000413509
0.000431213
0.000447417
0.000461531
0.00047294
0.000481002
0.000485122
0.000484722
0.000479321
0.000468537
0.000452323
0.000430814
0.000168745
0.000170824
0.000174661
0.000180139
0.00018713
0.000195541
0.000205298
0.000216357
0.000228656
0.000242129
0.000256669
0.00027217
0.000288488
0.000305483
0.000322964
0.00034073
0.000358504
0.000375988
0.000392793
0.000408506
0.000422628
0.000434647
0.000444
0.000450166
0.000452653
0.000451089
0.000445144
0.000434538
0.000419262
0.000399974
0.000162773
0.000164737
0.000168386
0.000173606
0.000180282
0.000188317
0.000197629
0.00020816
0.000219838
0.000232593
0.000246316
0.000260897
0.000276185
0.000292033
0.000308238
0.0003246
0.000340833
0.000356658
0.000371687
0.000385555
0.00039778
0.000407939
0.000415503
0.000420064
0.000421169
0.000418641
0.000412356
0.000402333
0.000387938
0.000369694
0.000156335
0.000158185
0.000161648
0.0001666
0.000172948
0.000180581
0.000189431
0.000199407
0.000210452
0.000222466
0.000235362
0.000249001
0.000263258
0.00027795
0.000292903
0.000307878
0.000322637
0.000336864
0.000350245
0.000362391
0.000372926
0.000381418
0.000387478
0.000390686
0.000390719
0.000387337
0.000380688
0.000371385
0.000360139
0.000344273
0.00014761
0.000149337
0.000152555
0.000157166
0.000163076
0.000170187
0.000178418
0.000187679
0.000197894
0.000208964
0.000220793
0.000233246
0.00024619
0.000259446
0.000272833
0.000286121
0.000299079
0.000311412
0.000322836
0.000333005
0.000341602
0.000348263
0.00035269
0.000354548
0.000353586
0.000349529
0.000342388
0.000332657
0.000321654
0.00031009
0.000135771
0.000137345
0.000140254
0.000144428
0.00014977
0.000156202
0.000163627
0.000171967
0.000181123
0.000191009
0.000201506
0.0002125
0.000223838
0.000235368
0.000246891
0.000258215
0.0002691
0.000279312
0.000288576
0.000296636
0.000303208
0.00030805
0.000310908
0.000311614
0.000310029
0.000306046
0.000299268
0.000289206
0.000276832
0.000268661
0.00012199
0.000123364
0.000125937
0.000129624
0.000134343
0.000140014
0.000146551
0.000153869
0.000161878
0.00017048
0.000179568
0.00018902
0.000198702
0.000208454
0.000218112
0.000227483
0.000236372
0.000244562
0.000251844
0.000258006
0.000262855
0.000266207
0.000267903
0.0002678
0.000265856
0.000262307
0.000257967
0.000253728
0.000247295
0.000229515
0.000105957
0.000107132
0.000109332
0.000112484
0.000116511
0.000121344
0.000126902
0.000133109
0.000139873
0.000147109
0.000154706
0.00016256
0.000170539
0.000178508
0.000186312
0.000193794
0.000200781
0.000207108
0.000212611
0.000217145
0.000220572
0.000222785
0.000223706
0.000223302
0.000221508
0.000218049
0.000212166
0.000203096
0.000193058
0.000190099
8.74142e-05
8.83771e-05
9.01671e-05
9.2726e-05
9.59936e-05
9.99057e-05
0.000104398
0.000109398
0.000114831
0.000120614
0.000126657
0.00013286
0.000139116
0.000145307
0.000151305
0.000156979
0.0001622
0.000166848
0.000170813
0.000173996
0.000176309
0.000177678
0.00017804
0.000177346
0.000175575
0.000172825
0.00016946
0.00016593
0.000161504
0.00015206
6.612e-05
6.68381e-05
6.81756e-05
7.00835e-05
7.25184e-05
7.54272e-05
7.87625e-05
8.24629e-05
8.6474e-05
9.07236e-05
9.51458e-05
9.9657e-05
0.000104176
0.000108607
0.000112855
0.000116823
0.00012043
0.000123595
0.000126252
0.000128335
0.000129788
0.000130552
0.000130583
0.000129848
0.000128373
0.000126254
0.000123631
0.000120454
0.000116002
0.000109466
4.18449e-05
4.22997e-05
4.31379e-05
4.43333e-05
4.58549e-05
4.76732e-05
4.97515e-05
5.20561e-05
5.45441e-05
5.71753e-05
5.98998e-05
6.26688e-05
6.54239e-05
6.81077e-05
7.06554e-05
7.30165e-05
7.514e-05
7.69874e-05
7.85152e-05
7.96908e-05
8.04771e-05
8.08514e-05
8.07906e-05
8.0272e-05
7.9213e-05
7.74101e-05
7.45254e-05
7.04909e-05
6.66378e-05
6.66645e-05
1.44751e-05
1.46318e-05
1.49208e-05
1.53318e-05
1.58548e-05
1.64789e-05
1.7192e-05
1.79812e-05
1.88322e-05
1.97303e-05
2.0658e-05
2.15979e-05
2.25299e-05
2.34336e-05
2.42884e-05
2.50761e-05
2.57819e-05
2.63915e-05
2.68934e-05
2.72746e-05
2.75227e-05
2.76186e-05
2.75398e-05
2.72695e-05
2.68507e-05
2.64726e-05
2.65145e-05
2.72124e-05
2.74128e-05
2.35222e-05
)
;

boundaryField
{
    top
    {
        type            fixedValue;
        value           uniform 0;
    }
    inlet
    {
        type            zeroGradient;
    }
    outlet
    {
        type            fixedValue;
        value           uniform 0;
    }
    plate
    {
        type            zeroGradient;
    }
    symmBound
    {
        type            zeroGradient;
    }
    frontAndBack
    {
        type            empty;
    }
}


// ************************************************************************* //
