/*--------------------------------*- C++ -*----------------------------------*\
| =========                 |                                                 |
| \\      /  F ield         | OpenFOAM: The Open Source CFD Toolbox           |
|  \\    /   O peration     | Version:  2.3.0                                 |
|   \\  /    A nd           | Web:      www.OpenFOAM.org                      |
|    \\/     M anipulation  |                                                 |
\*---------------------------------------------------------------------------*/
FoamFile
{
    version     2.0;
    format      ascii;
    class       volVectorField;
    location    "0.3";
    object      U;
}
// * * * * * * * * * * * * * * * * * * * * * * * * * * * * * * * * * * * * * //

dimensions      [0 1 -1 0 0 0 0];

internalField   nonuniform List<vector> 
2000
(
(0.175559 0.00440437 0)
(0.1549 0.00603876 0)
(0.136106 0.00620513 0)
(0.117729 0.0055905 0)
(0.0999999 0.00475552 0)
(0.0838101 0.00383322 0)
(0.0702554 0.00284216 0)
(0.0597164 0.00180361 0)
(0.0519553 0.000900495 0)
(0.0464014 0.000288955 0)
(0.0424758 -3.3138e-05 0)
(0.0397009 -0.00015492 0)
(0.0376884 -0.000163599 0)
(0.0361488 -0.000122113 0)
(0.0348789 -6.53954e-05 0)
(0.0337559 -1.2534e-05 0)
(0.0327152 2.81163e-05 0)
(0.0317265 5.50231e-05 0)
(0.0307797 6.9821e-05 0)
(0.029877 7.53865e-05 0)
(0.0290251 7.49774e-05 0)
(0.0282292 7.14839e-05 0)
(0.0274894 6.68698e-05 0)
(0.0268024 6.21074e-05 0)
(0.026164 5.75224e-05 0)
(0.02557 5.31781e-05 0)
(0.0250174 4.90949e-05 0)
(0.024503 4.53262e-05 0)
(0.0240239 4.1906e-05 0)
(0.023577 3.8847e-05 0)
(0.023159 3.6186e-05 0)
(0.0227665 3.39117e-05 0)
(0.0223966 3.19289e-05 0)
(0.0220471 3.01139e-05 0)
(0.0217166 2.83519e-05 0)
(0.0214043 2.66386e-05 0)
(0.0211091 2.5063e-05 0)
(0.0208298 2.36117e-05 0)
(0.0205657 2.22284e-05 0)
(0.0203157 2.09481e-05 0)
(0.0200792 1.97501e-05 0)
(0.0198556 1.8545e-05 0)
(0.0196448 1.73397e-05 0)
(0.0194465 1.61767e-05 0)
(0.0192602 1.50594e-05 0)
(0.0190854 1.40156e-05 0)
(0.0189216 1.3059e-05 0)
(0.0187683 1.2161e-05 0)
(0.018625 1.13107e-05 0)
(0.0184913 1.04949e-05 0)
(0.0183672 9.68777e-06 0)
(0.0182524 8.90179e-06 0)
(0.0181468 8.14055e-06 0)
(0.0180502 7.37444e-06 0)
(0.0179625 6.6103e-06 0)
(0.0178837 5.86951e-06 0)
(0.0178135 5.12707e-06 0)
(0.0177519 4.36543e-06 0)
(0.0176987 3.61489e-06 0)
(0.0176537 2.88795e-06 0)
(0.0176167 2.17e-06 0)
(0.0175875 1.49217e-06 0)
(0.017566 8.97056e-07 0)
(0.0175518 4.01834e-07 0)
(0.0175444 -3.31481e-09 0)
(0.0175435 -6.34993e-07 0)
(0.0175486 -1.07976e-06 0)
(0.017559 -1.54444e-06 0)
(0.0175738 -1.96254e-06 0)
(0.0175918 -2.22125e-06 0)
(0.0176119 -2.42438e-06 0)
(0.0176332 -2.50493e-06 0)
(0.0176548 -2.46432e-06 0)
(0.0176757 -2.33427e-06 0)
(0.0176953 -2.13347e-06 0)
(0.0177132 -1.90591e-06 0)
(0.0177293 -1.6668e-06 0)
(0.0177434 -1.43251e-06 0)
(0.0177557 -1.21951e-06 0)
(0.0177663 -1.03084e-06 0)
(0.0177754 -8.70588e-07 0)
(0.0177834 -7.35016e-07 0)
(0.0177902 -6.24767e-07 0)
(0.0177963 -5.31178e-07 0)
(0.0178015 -4.58103e-07 0)
(0.0178062 -3.93524e-07 0)
(0.0178103 -3.45839e-07 0)
(0.0178141 -3.01082e-07 0)
(0.0178174 -2.69358e-07 0)
(0.0178204 -2.36624e-07 0)
(0.0178231 -2.11591e-07 0)
(0.0178255 -1.86943e-07 0)
(0.0178277 -1.68679e-07 0)
(0.0178296 -1.51909e-07 0)
(0.0178314 -1.35993e-07 0)
(0.017833 -1.25089e-07 0)
(0.0178343 -1.08566e-07 0)
(0.0178357 -1.04796e-07 0)
(0.0178366 -8.51169e-08 0)
(0.017838 -9.24663e-08 0)
(0.19095 0.00781396 0)
(0.18928 0.010965 0)
(0.186925 0.0120918 0)
(0.183249 0.0119657 0)
(0.178006 0.0113378 0)
(0.171385 0.010428 0)
(0.164001 0.00924862 0)
(0.156323 0.00780677 0)
(0.148714 0.00626303 0)
(0.14138 0.00483174 0)
(0.134435 0.00364624 0)
(0.12797 0.00274017 0)
(0.122041 0.00208838 0)
(0.116682 0.00164468 0)
(0.111862 0.00135156 0)
(0.107526 0.00115768 0)
(0.103612 0.00102653 0)
(0.100061 0.000933327 0)
(0.0968208 0.000859458 0)
(0.0938488 0.00079269 0)
(0.091114 0.000728687 0)
(0.0885917 0.000668466 0)
(0.0862595 0.000613814 0)
(0.0840965 0.000565007 0)
(0.0820848 0.000521292 0)
(0.0802096 0.000481701 0)
(0.078459 0.0004454 0)
(0.0768221 0.000412073 0)
(0.075289 0.000381768 0)
(0.0738504 0.000354496 0)
(0.0724978 0.000330235 0)
(0.0712232 0.000308768 0)
(0.0700198 0.000289542 0)
(0.068882 0.000271911 0)
(0.0678058 0.000255333 0)
(0.0667878 0.00023967 0)
(0.0658246 0.000225122 0)
(0.064913 0.00021157 0)
(0.0640502 0.000198732 0)
(0.0632336 0.000186652 0)
(0.0624609 0.000175236 0)
(0.0617304 0.000164175 0)
(0.0610405 0.000153472 0)
(0.06039 0.000143247 0)
(0.0597773 0.000133482 0)
(0.0592009 0.000124239 0)
(0.0586594 0.000115535 0)
(0.0581515 0.000107238 0)
(0.0576762 9.92859e-05 0)
(0.0572326 9.16298e-05 0)
(0.05682 8.41733e-05 0)
(0.0564377 7.69446e-05 0)
(0.0560852 6.9956e-05 0)
(0.0557619 6.31188e-05 0)
(0.0554674 5.64515e-05 0)
(0.055201 5.00213e-05 0)
(0.0549621 4.37645e-05 0)
(0.0547504 3.76374e-05 0)
(0.0545651 3.17431e-05 0)
(0.0544054 2.61245e-05 0)
(0.0542705 2.06992e-05 0)
(0.0541597 1.54932e-05 0)
(0.054072 1.0659e-05 0)
(0.054006 6.3105e-06 0)
(0.0539602 2.42655e-06 0)
(0.053933 -1.32815e-06 0)
(0.0539226 -5.02102e-06 0)
(0.0539266 -8.1154e-06 0)
(0.0539425 -1.03198e-05 0)
(0.0539673 -1.15212e-05 0)
(0.0539985 -1.22655e-05 0)
(0.0540335 -1.24428e-05 0)
(0.0540703 -1.20885e-05 0)
(0.0541067 -1.13575e-05 0)
(0.0541415 -1.03563e-05 0)
(0.0541736 -9.26781e-06 0)
(0.0542028 -8.15373e-06 0)
(0.0542287 -7.07905e-06 0)
(0.0542517 -6.1074e-06 0)
(0.0542718 -5.25118e-06 0)
(0.0542896 -4.52217e-06 0)
(0.0543054 -3.9035e-06 0)
(0.0543194 -3.39469e-06 0)
(0.054332 -2.95997e-06 0)
(0.0543435 -2.60889e-06 0)
(0.0543539 -2.29669e-06 0)
(0.0543635 -2.05056e-06 0)
(0.0543723 -1.81885e-06 0)
(0.0543805 -1.63837e-06 0)
(0.0543879 -1.45705e-06 0)
(0.0543948 -1.30827e-06 0)
(0.054401 -1.16037e-06 0)
(0.0544067 -1.04189e-06 0)
(0.0544119 -9.26117e-07 0)
(0.0544165 -8.23909e-07 0)
(0.0544208 -7.33871e-07 0)
(0.0544242 -6.42461e-07 0)
(0.054428 -5.75716e-07 0)
(0.0544301 -5.15563e-07 0)
(0.054434 -4.65643e-07 0)
(0.192182 0.00750153 0)
(0.192566 0.0100753 0)
(0.193581 0.0116772 0)
(0.194678 0.0122351 0)
(0.195264 0.0121613 0)
(0.195015 0.0117212 0)
(0.193905 0.0109772 0)
(0.192035 0.00997155 0)
(0.18955 0.00881494 0)
(0.186599 0.00766681 0)
(0.183305 0.00665157 0)
(0.179799 0.00582002 0)
(0.176189 0.0051598 0)
(0.172565 0.00463595 0)
(0.168971 0.00420697 0)
(0.165426 0.00384078 0)
(0.161948 0.0035203 0)
(0.158555 0.00323811 0)
(0.155261 0.00298714 0)
(0.152069 0.00275878 0)
(0.148975 0.00254724 0)
(0.145977 0.00235131 0)
(0.143072 0.00217144 0)
(0.140261 0.00200687 0)
(0.137547 0.00185594 0)
(0.134937 0.00171753 0)
(0.132433 0.00159118 0)
(0.130037 0.00147625 0)
(0.127747 0.00137178 0)
(0.125559 0.00127678 0)
(0.12347 0.00119059 0)
(0.121474 0.00111248 0)
(0.119568 0.00104131 0)
(0.117746 0.000975758 0)
(0.116007 0.0009146 0)
(0.114347 0.000857366 0)
(0.112764 0.000804184 0)
(0.111255 0.000754703 0)
(0.109818 0.000708348 0)
(0.108449 0.000664996 0)
(0.107146 0.000624196 0)
(0.105907 0.000585151 0)
(0.104729 0.000547692 0)
(0.103611 0.00051195 0)
(0.102551 0.000477865 0)
(0.101546 0.000445495 0)
(0.100595 0.000414817 0)
(0.0996968 0.000385554 0)
(0.0988497 0.000357512 0)
(0.0980528 0.000330528 0)
(0.0973053 0.000304398 0)
(0.0966064 0.00027915 0)
(0.0959552 0.000254761 0)
(0.0953511 0.000231032 0)
(0.0947933 0.000208019 0)
(0.0942811 0.000185852 0)
(0.0938135 0.00016439 0)
(0.0933898 0.000143581 0)
(0.0930088 0.00012367 0)
(0.0926697 0.000104748 0)
(0.0923711 8.66476e-05 0)
(0.0921116 6.93449e-05 0)
(0.0918899 5.30791e-05 0)
(0.091704 3.81224e-05 0)
(0.0915518 2.45931e-05 0)
(0.0914306 1.2552e-05 0)
(0.0913381 1.5543e-06 0)
(0.0912713 -7.49142e-06 0)
(0.0912265 -1.45103e-05 0)
(0.0911999 -2.02895e-05 0)
(0.0911876 -2.385e-05 0)
(0.0911865 -2.55518e-05 0)
(0.0911933 -2.57192e-05 0)
(0.0912051 -2.47611e-05 0)
(0.0912197 -2.29398e-05 0)
(0.0912352 -2.07514e-05 0)
(0.0912507 -1.84472e-05 0)
(0.0912654 -1.61984e-05 0)
(0.091279 -1.41512e-05 0)
(0.0912915 -1.23476e-05 0)
(0.091303 -1.08194e-05 0)
(0.0913138 -9.52618e-06 0)
(0.091324 -8.46709e-06 0)
(0.0913338 -7.5648e-06 0)
(0.0913433 -6.83034e-06 0)
(0.0913527 -6.16936e-06 0)
(0.0913621 -5.63451e-06 0)
(0.0913713 -5.11222e-06 0)
(0.0913805 -4.68375e-06 0)
(0.0913895 -4.23894e-06 0)
(0.0913983 -3.86155e-06 0)
(0.0914069 -3.46816e-06 0)
(0.0914149 -3.14516e-06 0)
(0.0914229 -2.8025e-06 0)
(0.0914298 -2.51704e-06 0)
(0.0914373 -2.20912e-06 0)
(0.0914425 -1.97754e-06 0)
(0.0914497 -1.68111e-06 0)
(0.0914526 -1.57983e-06 0)
(0.0914603 -1.33151e-06 0)
(0.193352 0.00706568 0)
(0.193679 0.00883929 0)
(0.194606 0.0102828 0)
(0.196025 0.0110515 0)
(0.197544 0.011229 0)
(0.198821 0.0110151 0)
(0.199679 0.0105346 0)
(0.200076 0.00985514 0)
(0.200031 0.00904872 0)
(0.199585 0.00821584 0)
(0.198794 0.00745183 0)
(0.197732 0.0068087 0)
(0.196481 0.00629241 0)
(0.195102 0.005879 0)
(0.193629 0.00553591 0)
(0.192073 0.00523483 0)
(0.190443 0.00495915 0)
(0.188754 0.00470148 0)
(0.187021 0.00445741 0)
(0.185257 0.00422459 0)
(0.18347 0.00400421 0)
(0.181665 0.00379942 0)
(0.179843 0.00361111 0)
(0.178002 0.00343587 0)
(0.176137 0.00326815 0)
(0.17425 0.00310357 0)
(0.172349 0.00294121 0)
(0.170449 0.00278342 0)
(0.168563 0.00263299 0)
(0.166703 0.00249163 0)
(0.164874 0.00236023 0)
(0.163077 0.00223833 0)
(0.161311 0.00212411 0)
(0.159573 0.00201545 0)
(0.157865 0.00191073 0)
(0.156189 0.00180982 0)
(0.154547 0.0017134 0)
(0.152944 0.00162106 0)
(0.151382 0.00153231 0)
(0.149864 0.00144759 0)
(0.148391 0.00136681 0)
(0.146965 0.00128922 0)
(0.145588 0.00121475 0)
(0.14426 0.00114338 0)
(0.142981 0.00107479 0)
(0.14175 0.00100901 0)
(0.140568 0.000945904 0)
(0.139433 0.000885009 0)
(0.138346 0.000826123 0)
(0.137308 0.000769074 0)
(0.136319 0.000713567 0)
(0.135379 0.000659681 0)
(0.13449 0.000607505 0)
(0.133652 0.00055676 0)
(0.132864 0.000507436 0)
(0.132126 0.000459773 0)
(0.131439 0.000413628 0)
(0.130802 0.000368827 0)
(0.130213 0.000325691 0)
(0.129673 0.000284465 0)
(0.129181 0.000244976 0)
(0.128735 0.000207207 0)
(0.128333 0.000171566 0)
(0.127975 0.000138522 0)
(0.127659 0.000108082 0)
(0.127381 8.01552e-05 0)
(0.127142 5.5497e-05 0)
(0.126936 3.47662e-05 0)
(0.126761 1.7524e-05 0)
(0.126614 2.89855e-06 0)
(0.126491 -7.94431e-06 0)
(0.12639 -1.52303e-05 0)
(0.126307 -1.94329e-05 0)
(0.126238 -2.12749e-05 0)
(0.126181 -2.17506e-05 0)
(0.126134 -2.10035e-05 0)
(0.126093 -1.94647e-05 0)
(0.126059 -1.75931e-05 0)
(0.12603 -1.57326e-05 0)
(0.126005 -1.40266e-05 0)
(0.125983 -1.26027e-05 0)
(0.125965 -1.14334e-05 0)
(0.125949 -1.05491e-05 0)
(0.125937 -9.83898e-06 0)
(0.125927 -9.33473e-06 0)
(0.12592 -8.87331e-06 0)
(0.125915 -8.56364e-06 0)
(0.125913 -8.19315e-06 0)
(0.125912 -7.91652e-06 0)
(0.125914 -7.5022e-06 0)
(0.125917 -7.15572e-06 0)
(0.125922 -6.67158e-06 0)
(0.125927 -6.31291e-06 0)
(0.125935 -5.77487e-06 0)
(0.12594 -5.4142e-06 0)
(0.12595 -4.79479e-06 0)
(0.125955 -4.4919e-06 0)
(0.125966 -3.77882e-06 0)
(0.125969 -3.62662e-06 0)
(0.125982 -3.01272e-06 0)
(0.194333 0.00674174 0)
(0.194623 0.00804218 0)
(0.195312 0.00921917 0)
(0.196414 0.00999964 0)
(0.197741 0.0103017 0)
(0.199043 0.0102181 0)
(0.200141 0.00987447 0)
(0.200963 0.00936322 0)
(0.201506 0.00875174 0)
(0.20179 0.0081072 0)
(0.20184 0.00749673 0)
(0.201699 0.00696553 0)
(0.201424 0.00653039 0)
(0.201066 0.00618385 0)
(0.200648 0.00590321 0)
(0.200177 0.00566222 0)
(0.199656 0.00544222 0)
(0.199087 0.00523305 0)
(0.198475 0.00502895 0)
(0.197822 0.00482832 0)
(0.197137 0.00463428 0)
(0.196424 0.00445249 0)
(0.195688 0.00428721 0)
(0.194923 0.00413834 0)
(0.194122 0.00400162 0)
(0.193276 0.00387045 0)
(0.192379 0.00373838 0)
(0.191435 0.00360225 0)
(0.190452 0.00346246 0)
(0.189445 0.00332203 0)
(0.188426 0.00318601 0)
(0.187403 0.00305875 0)
(0.186379 0.00294125 0)
(0.185346 0.00283106 0)
(0.184302 0.00272421 0)
(0.183243 0.00261866 0)
(0.182173 0.00251473 0)
(0.181096 0.0024123 0)
(0.180018 0.00231124 0)
(0.178939 0.00221225 0)
(0.177862 0.00211464 0)
(0.176789 0.00201719 0)
(0.175726 0.00192076 0)
(0.174678 0.0018267 0)
(0.17365 0.00173552 0)
(0.172642 0.00164762 0)
(0.171655 0.00156271 0)
(0.170689 0.00147981 0)
(0.169742 0.00139834 0)
(0.168817 0.00131799 0)
(0.167915 0.00123837 0)
(0.167038 0.00115959 0)
(0.166187 0.00108182 0)
(0.165366 0.00100501 0)
(0.164576 0.000929396 0)
(0.16382 0.000855422 0)
(0.163099 0.000783165 0)
(0.162414 0.000712651 0)
(0.161766 0.000644238 0)
(0.161155 0.000578152 0)
(0.160581 0.000514351 0)
(0.160044 0.000452964 0)
(0.159543 0.000394382 0)
(0.159078 0.000339104 0)
(0.158649 0.000287471 0)
(0.158254 0.000239602 0)
(0.157892 0.000195798 0)
(0.157562 0.000156591 0)
(0.157263 0.000122674 0)
(0.156993 9.43853e-05 0)
(0.15675 7.0908e-05 0)
(0.156532 5.23094e-05 0)
(0.156337 3.83515e-05 0)
(0.156162 2.81768e-05 0)
(0.156006 2.054e-05 0)
(0.155867 1.52187e-05 0)
(0.155743 1.16795e-05 0)
(0.155632 9.30307e-06 0)
(0.155532 7.56185e-06 0)
(0.155443 6.18476e-06 0)
(0.155363 4.89393e-06 0)
(0.155291 3.64692e-06 0)
(0.155227 2.3009e-06 0)
(0.15517 9.84487e-07 0)
(0.15512 -4.42396e-07 0)
(0.155076 -1.7107e-06 0)
(0.155038 -3.07226e-06 0)
(0.155006 -4.12872e-06 0)
(0.154979 -5.29006e-06 0)
(0.154958 -6.02252e-06 0)
(0.15494 -6.98035e-06 0)
(0.15493 -7.33042e-06 0)
(0.154919 -7.93586e-06 0)
(0.154917 -7.80894e-06 0)
(0.154912 -8.15578e-06 0)
(0.154917 -7.57247e-06 0)
(0.154915 -7.75767e-06 0)
(0.154926 -6.83145e-06 0)
(0.154925 -6.89739e-06 0)
(0.15494 -5.96025e-06 0)
(0.195172 0.00647011 0)
(0.195435 0.0074804 0)
(0.195972 0.00842222 0)
(0.196807 0.00913012 0)
(0.197849 0.00949489 0)
(0.19894 0.00952147 0)
(0.199931 0.00929397 0)
(0.200737 0.00890692 0)
(0.201339 0.00843041 0)
(0.201748 0.00791586 0)
(0.20198 0.00741016 0)
(0.202066 0.00695281 0)
(0.202055 0.00656557 0)
(0.201987 0.00625024 0)
(0.201885 0.00599385 0)
(0.201761 0.00577643 0)
(0.201621 0.00558061 0)
(0.201467 0.00539524 0)
(0.201297 0.00521288 0)
(0.201108 0.00502969 0)
(0.200902 0.00484741 0)
(0.200682 0.00467281 0)
(0.200454 0.0045138 0)
(0.200218 0.00437479 0)
(0.199971 0.00425471 0)
(0.199704 0.0041473 0)
(0.199409 0.00404356 0)
(0.19908 0.00393574 0)
(0.198717 0.00381948 0)
(0.198325 0.00369483 0)
(0.197916 0.00356671 0)
(0.197498 0.00344249 0)
(0.197078 0.00332802 0)
(0.196652 0.00322469 0)
(0.196215 0.00312907 0)
(0.195762 0.00303683 0)
(0.195288 0.00294495 0)
(0.194795 0.00285112 0)
(0.194288 0.00275608 0)
(0.19377 0.00266324 0)
(0.19324 0.00257256 0)
(0.192694 0.00248054 0)
(0.192133 0.00238543 0)
(0.191564 0.002288 0)
(0.190994 0.00219038 0)
(0.190426 0.00209535 0)
(0.189863 0.0020039 0)
(0.189303 0.00191506 0)
(0.188745 0.00182785 0)
(0.188189 0.0017415 0)
(0.187634 0.00165527 0)
(0.187081 0.00156901 0)
(0.186531 0.00148243 0)
(0.185986 0.00139515 0)
(0.185447 0.00130749 0)
(0.184917 0.00122004 0)
(0.184399 0.00113308 0)
(0.183895 0.00104712 0)
(0.183407 0.000962894 0)
(0.182934 0.000880762 0)
(0.18248 0.000800879 0)
(0.182042 0.000723532 0)
(0.181623 0.00064908 0)
(0.181222 0.000578006 0)
(0.180839 0.000510651 0)
(0.180475 0.000447084 0)
(0.180129 0.000387844 0)
(0.179802 0.000334052 0)
(0.179494 0.00028625 0)
(0.179205 0.00024418 0)
(0.178934 0.000207438 0)
(0.178682 0.000176178 0)
(0.178447 0.000150131 0)
(0.178229 0.000128639 0)
(0.178027 0.000111177 0)
(0.177842 9.69806e-05 0)
(0.177671 8.53542e-05 0)
(0.177514 7.56784e-05 0)
(0.177369 6.7358e-05 0)
(0.177237 6.00849e-05 0)
(0.177115 5.34606e-05 0)
(0.177002 4.74132e-05 0)
(0.176899 4.16239e-05 0)
(0.176804 3.6239e-05 0)
(0.176716 3.08857e-05 0)
(0.176636 2.59883e-05 0)
(0.176563 2.09953e-05 0)
(0.176498 1.67104e-05 0)
(0.176439 1.22025e-05 0)
(0.176389 8.69869e-06 0)
(0.176343 4.69108e-06 0)
(0.176308 2.09025e-06 0)
(0.176273 -1.18527e-06 0)
(0.176252 -2.78766e-06 0)
(0.176228 -5.31973e-06 0)
(0.176218 -6.01566e-06 0)
(0.176202 -7.72296e-06 0)
(0.176202 -7.82725e-06 0)
(0.176193 -8.666e-06 0)
(0.176197 -8.67915e-06 0)
(0.195905 0.00622346 0)
(0.196143 0.0070236 0)
(0.196572 0.00777314 0)
(0.19721 0.00837363 0)
(0.198011 0.00874104 0)
(0.198883 0.00884653 0)
(0.199721 0.00872706 0)
(0.200444 0.00845449 0)
(0.201013 0.00809252 0)
(0.201424 0.00768524 0)
(0.201688 0.00727015 0)
(0.20183 0.00688092 0)
(0.201885 0.00653817 0)
(0.201889 0.00624793 0)
(0.201864 0.006006 0)
(0.201823 0.0058004 0)
(0.201779 0.00561634 0)
(0.201737 0.00544221 0)
(0.201692 0.00527033 0)
(0.201639 0.00509597 0)
(0.201575 0.0049193 0)
(0.201502 0.00474674 0)
(0.201426 0.00458728 0)
(0.201349 0.00444728 0)
(0.201272 0.00432804 0)
(0.201193 0.00422537 0)
(0.20111 0.00413151 0)
(0.201017 0.00403789 0)
(0.20091 0.0039368 0)
(0.200788 0.00382419 0)
(0.200653 0.00370278 0)
(0.200512 0.00358023 0)
(0.200371 0.00346495 0)
(0.200231 0.00336177 0)
(0.200089 0.00326971 0)
(0.199945 0.00318494 0)
(0.199791 0.00310275 0)
(0.199626 0.00301779 0)
(0.199452 0.00292923 0)
(0.199272 0.00284199 0)
(0.199086 0.00275883 0)
(0.198889 0.00267686 0)
(0.198678 0.00259159 0)
(0.198454 0.00250025 0)
(0.198222 0.00240406 0)
(0.197988 0.00230786 0)
(0.197754 0.00221509 0)
(0.19752 0.00212579 0)
(0.197285 0.00203894 0)
(0.197048 0.0019534 0)
(0.196808 0.00186831 0)
(0.196566 0.00178352 0)
(0.196319 0.00169847 0)
(0.196068 0.00161219 0)
(0.195813 0.00152457 0)
(0.195555 0.00143593 0)
(0.195296 0.00134642 0)
(0.195036 0.00125678 0)
(0.194778 0.00116802 0)
(0.194522 0.00108068 0)
(0.194269 0.000995165 0)
(0.19402 0.000912077 0)
(0.193775 0.000831872 0)
(0.193533 0.000754848 0)
(0.193296 0.000681284 0)
(0.193064 0.000611448 0)
(0.192837 0.000545867 0)
(0.192616 0.000485327 0)
(0.192403 0.000430259 0)
(0.192196 0.00038059 0)
(0.191998 0.000336238 0)
(0.191808 0.000297516 0)
(0.191628 0.000264333 0)
(0.191456 0.000235901 0)
(0.191293 0.00021134 0)
(0.191139 0.000189996 0)
(0.190995 0.0001714 0)
(0.190861 0.000155123 0)
(0.190735 0.000140656 0)
(0.190618 0.000127774 0)
(0.190508 0.000116011 0)
(0.190406 0.000105379 0)
(0.190309 9.53639e-05 0)
(0.190218 8.62423e-05 0)
(0.190131 7.71795e-05 0)
(0.190048 6.88597e-05 0)
(0.18997 6.00632e-05 0)
(0.189897 5.23134e-05 0)
(0.189828 4.38746e-05 0)
(0.189767 3.7131e-05 0)
(0.189708 2.94475e-05 0)
(0.189659 2.38739e-05 0)
(0.189611 1.70649e-05 0)
(0.189574 1.25337e-05 0)
(0.189537 7.04476e-06 0)
(0.189512 3.50958e-06 0)
(0.189487 -9.58361e-08 0)
(0.18947 -2.97295e-06 0)
(0.189457 -4.62015e-06 0)
(0.189443 -7.3893e-06 0)
(0.196553 0.00598613 0)
(0.196764 0.00662275 0)
(0.197109 0.00721744 0)
(0.197601 0.00771269 0)
(0.198213 0.00805171 0)
(0.198893 0.00820322 0)
(0.199577 0.00817337 0)
(0.200199 0.00800248 0)
(0.200713 0.00774004 0)
(0.201102 0.00742611 0)
(0.201369 0.00709338 0)
(0.201532 0.00676972 0)
(0.201617 0.00647329 0)
(0.201654 0.00621261 0)
(0.20166 0.00598868 0)
(0.201647 0.00579454 0)
(0.20163 0.00561831 0)
(0.201617 0.00544999 0)
(0.201606 0.00528409 0)
(0.201589 0.00511728 0)
(0.201563 0.00494838 0)
(0.201528 0.00478137 0)
(0.201487 0.00462405 0)
(0.201443 0.00448312 0)
(0.201399 0.00436102 0)
(0.201358 0.00425517 0)
(0.201322 0.00415969 0)
(0.201289 0.00406773 0)
(0.201256 0.00397154 0)
(0.201218 0.00386501 0)
(0.201173 0.00374855 0)
(0.201124 0.00362858 0)
(0.201071 0.00351299 0)
(0.201019 0.00340716 0)
(0.200968 0.00331247 0)
(0.200922 0.0032274 0)
(0.200878 0.00314747 0)
(0.200831 0.00306588 0)
(0.200781 0.00297993 0)
(0.20073 0.00289393 0)
(0.200678 0.00281241 0)
(0.200624 0.00273486 0)
(0.200565 0.00265643 0)
(0.200499 0.00257131 0)
(0.200425 0.00247842 0)
(0.200349 0.00238277 0)
(0.200271 0.00228945 0)
(0.200193 0.00219971 0)
(0.200115 0.00211273 0)
(0.200037 0.00202734 0)
(0.199959 0.00194281 0)
(0.199881 0.00185919 0)
(0.199801 0.00177606 0)
(0.199719 0.0016924 0)
(0.199634 0.00160766 0)
(0.199545 0.00152165 0)
(0.199452 0.00143428 0)
(0.199356 0.00134622 0)
(0.199257 0.00125845 0)
(0.199155 0.00117169 0)
(0.199051 0.0010866 0)
(0.198945 0.0010038 0)
(0.198837 0.000923634 0)
(0.198726 0.000846566 0)
(0.198614 0.000773049 0)
(0.1985 0.000703068 0)
(0.198385 0.000636706 0)
(0.198271 0.000574669 0)
(0.198157 0.000517607 0)
(0.198044 0.000465617 0)
(0.197935 0.000418768 0)
(0.197828 0.000377319 0)
(0.197725 0.000341073 0)
(0.197625 0.000309237 0)
(0.197529 0.000281005 0)
(0.197437 0.000255793 0)
(0.19735 0.000233145 0)
(0.197269 0.000212778 0)
(0.197192 0.000194374 0)
(0.197121 0.00017791 0)
(0.197055 0.000162929 0)
(0.196992 0.000149596 0)
(0.196932 0.000137234 0)
(0.196874 0.000126405 0)
(0.196818 0.000115747 0)
(0.196762 0.000106252 0)
(0.196706 9.58392e-05 0)
(0.196652 8.66482e-05 0)
(0.196599 7.60336e-05 0)
(0.196548 6.72916e-05 0)
(0.196499 5.70179e-05 0)
(0.196455 4.89767e-05 0)
(0.196412 3.95734e-05 0)
(0.196375 3.20909e-05 0)
(0.196341 2.4382e-05 0)
(0.196311 1.75185e-05 0)
(0.196288 1.2457e-05 0)
(0.196263 6.22831e-06 0)
(0.196251 3.9726e-06 0)
(0.196227 -1.87954e-06 0)
(0.197098 0.00576519 0)
(0.197281 0.00627899 0)
(0.197564 0.00675854 0)
(0.197952 0.00716852 0)
(0.198427 0.00747177 0)
(0.198958 0.00764229 0)
(0.199505 0.00767293 0)
(0.200024 0.00758139 0)
(0.200474 0.00740254 0)
(0.20083 0.00717021 0)
(0.201089 0.0069108 0)
(0.20126 0.00664668 0)
(0.201364 0.00639521 0)
(0.201424 0.00616606 0)
(0.201451 0.00596157 0)
(0.201455 0.00577783 0)
(0.20145 0.00560745 0)
(0.201449 0.00544419 0)
(0.201452 0.00528466 0)
(0.201448 0.00512609 0)
(0.201434 0.00496636 0)
(0.201411 0.00480726 0)
(0.201382 0.00465496 0)
(0.201348 0.00451576 0)
(0.201311 0.00439204 0)
(0.201275 0.00428168 0)
(0.201247 0.00418048 0)
(0.201226 0.00408398 0)
(0.201208 0.00398651 0)
(0.20119 0.00388217 0)
(0.20117 0.00376933 0)
(0.201146 0.00365274 0)
(0.201117 0.00353919 0)
(0.201084 0.0034327 0)
(0.201054 0.00333493 0)
(0.201029 0.00324642 0)
(0.201008 0.0031639 0)
(0.200989 0.0030811 0)
(0.200971 0.0029953 0)
(0.200954 0.00290921 0)
(0.200936 0.00282657 0)
(0.20092 0.0027485 0)
(0.200905 0.00267162 0)
(0.200889 0.00258963 0)
(0.200867 0.00249985 0)
(0.200843 0.00240602 0)
(0.200815 0.00231312 0)
(0.200787 0.00222305 0)
(0.200759 0.00213529 0)
(0.200732 0.00204884 0)
(0.200706 0.00196331 0)
(0.200682 0.0018789 0)
(0.200658 0.00179537 0)
(0.200636 0.00171206 0)
(0.200613 0.00162847 0)
(0.200588 0.00154413 0)
(0.200562 0.00145877 0)
(0.200533 0.00137286 0)
(0.200501 0.00128715 0)
(0.200466 0.00120238 0)
(0.200428 0.00111935 0)
(0.200387 0.00103863 0)
(0.200342 0.00096055 0)
(0.200293 0.000885637 0)
(0.200242 0.000814137 0)
(0.200187 0.000745677 0)
(0.20013 0.000680252 0)
(0.200071 0.000618677 0)
(0.200011 0.000561712 0)
(0.199951 0.000509431 0)
(0.199892 0.000461887 0)
(0.199835 0.000419284 0)
(0.199779 0.000381606 0)
(0.199724 0.000348225 0)
(0.199672 0.000318375 0)
(0.199621 0.000291294 0)
(0.199573 0.000266459 0)
(0.199529 0.000243647 0)
(0.199488 0.000222778 0)
(0.19945 0.000204042 0)
(0.199416 0.000187138 0)
(0.199384 0.000172374 0)
(0.199354 0.000159054 0)
(0.199325 0.000147889 0)
(0.199295 0.000137236 0)
(0.199264 0.000128159 0)
(0.199233 0.000118018 0)
(0.199199 0.000109032 0)
(0.199165 9.81152e-05 0)
(0.19913 8.87923e-05 0)
(0.199096 7.76651e-05 0)
(0.199062 6.83243e-05 0)
(0.199032 5.78498e-05 0)
(0.199001 4.83714e-05 0)
(0.198977 3.94986e-05 0)
(0.198949 3.00903e-05 0)
(0.198933 2.40571e-05 0)
(0.198909 1.52901e-05 0)
(0.198901 1.24976e-05 0)
(0.198878 4.42027e-06 0)
(0.197569 0.00556706 0)
(0.197726 0.00599152 0)
(0.197959 0.00638733 0)
(0.198268 0.00673118 0)
(0.19864 0.00699772 0)
(0.199052 0.00716736 0)
(0.199483 0.0072319 0)
(0.199907 0.00719867 0)
(0.200291 0.00708847 0)
(0.200608 0.00692445 0)
(0.200847 0.00672625 0)
(0.201017 0.00651329 0)
(0.201132 0.00630306 0)
(0.201208 0.00610494 0)
(0.201251 0.00592081 0)
(0.201268 0.00574932 0)
(0.201273 0.00558747 0)
(0.20128 0.00543206 0)
(0.201289 0.00528028 0)
(0.201292 0.0051292 0)
(0.201283 0.00497737 0)
(0.201266 0.00482661 0)
(0.201246 0.00468111 0)
(0.201221 0.00454537 0)
(0.20119 0.00442123 0)
(0.201159 0.00430726 0)
(0.201134 0.00420111 0)
(0.201116 0.00409968 0)
(0.201102 0.00399872 0)
(0.201088 0.00389417 0)
(0.201074 0.00378411 0)
(0.201058 0.00367119 0)
(0.201037 0.00356066 0)
(0.201011 0.003455 0)
(0.200986 0.00335518 0)
(0.200966 0.00326295 0)
(0.20095 0.00317652 0)
(0.200936 0.00309088 0)
(0.200925 0.00300422 0)
(0.200916 0.00291804 0)
(0.200906 0.00283416 0)
(0.200897 0.00275409 0)
(0.200893 0.00267607 0)
(0.200889 0.00259482 0)
(0.200882 0.00250748 0)
(0.200873 0.00241637 0)
(0.200861 0.00232504 0)
(0.200846 0.00223531 0)
(0.200832 0.00214704 0)
(0.200818 0.00205946 0)
(0.200805 0.00197258 0)
(0.200794 0.00188681 0)
(0.200784 0.00180194 0)
(0.200776 0.00171766 0)
(0.20077 0.00163379 0)
(0.200764 0.0015498 0)
(0.200757 0.0014654 0)
(0.200749 0.00138107 0)
(0.200738 0.00129732 0)
(0.200726 0.00121456 0)
(0.20071 0.0011336 0)
(0.200692 0.00105514 0)
(0.200671 0.000979483 0)
(0.200646 0.000906856 0)
(0.200618 0.000837356 0)
(0.200587 0.000770665 0)
(0.200554 0.000706783 0)
(0.200519 0.000646212 0)
(0.200483 0.000589493 0)
(0.200446 0.000536784 0)
(0.20041 0.000488494 0)
(0.200375 0.000445023 0)
(0.200341 0.00040649 0)
(0.200308 0.000372221 0)
(0.200276 0.000341432 0)
(0.200245 0.00031315 0)
(0.200217 0.000286805 0)
(0.20019 0.000262121 0)
(0.200167 0.000239268 0)
(0.200145 0.000218593 0)
(0.200128 0.000200066 0)
(0.200111 0.000184132 0)
(0.200097 0.000170233 0)
(0.200082 0.000159068 0)
(0.200067 0.000148952 0)
(0.200049 0.000140778 0)
(0.200032 0.000131691 0)
(0.20001 0.000123612 0)
(0.199989 0.000113378 0)
(0.199963 0.000104198 0)
(0.199941 9.30606e-05 0)
(0.199915 8.30081e-05 0)
(0.199894 7.20378e-05 0)
(0.199869 6.11993e-05 0)
(0.199852 5.1582e-05 0)
(0.199829 4.04311e-05 0)
(0.199818 3.3619e-05 0)
(0.199797 2.30896e-05 0)
(0.199791 1.97862e-05 0)
(0.199772 1.01007e-05 0)
(0.198 0.00538456 0)
(0.198132 0.00573939 0)
(0.198321 0.00607019 0)
(0.198564 0.00636065 0)
(0.19885 0.00659298 0)
(0.199165 0.00675346 0)
(0.199499 0.00683668 0)
(0.199838 0.00684539 0)
(0.200154 0.0067889 0)
(0.200422 0.00668023 0)
(0.200633 0.0065343 0)
(0.200793 0.00636805 0)
(0.200913 0.00619719 0)
(0.200998 0.00603019 0)
(0.201051 0.00586852 0)
(0.201077 0.00571196 0)
(0.201091 0.00556026 0)
(0.201103 0.005413 0)
(0.201116 0.00526903 0)
(0.201122 0.00512565 0)
(0.201116 0.00498172 0)
(0.201104 0.00483937 0)
(0.201092 0.00470144 0)
(0.201076 0.00457031 0)
(0.201053 0.00444699 0)
(0.201027 0.00433081 0)
(0.201007 0.00422105 0)
(0.200993 0.00411568 0)
(0.200979 0.00401107 0)
(0.200965 0.003905 0)
(0.200953 0.00379687 0)
(0.200941 0.00368757 0)
(0.200925 0.00357967 0)
(0.200903 0.00347478 0)
(0.200883 0.0033741 0)
(0.200867 0.00327935 0)
(0.200852 0.00318919 0)
(0.200839 0.00310038 0)
(0.20083 0.00301245 0)
(0.200824 0.00292592 0)
(0.200815 0.00284087 0)
(0.200808 0.00275862 0)
(0.200806 0.00267854 0)
(0.200804 0.00259676 0)
(0.200802 0.00251104 0)
(0.200797 0.00242263 0)
(0.20079 0.00233345 0)
(0.200781 0.00224467 0)
(0.200771 0.00215645 0)
(0.200761 0.00206832 0)
(0.200752 0.00198048 0)
(0.200743 0.00189339 0)
(0.200736 0.00180706 0)
(0.200731 0.00172152 0)
(0.200726 0.00163683 0)
(0.200722 0.00155256 0)
(0.200719 0.0014685 0)
(0.200714 0.00138502 0)
(0.200709 0.0013025 0)
(0.200701 0.00122138 0)
(0.200692 0.00114237 0)
(0.200681 0.001066 0)
(0.200667 0.000992441 0)
(0.200651 0.000921859 0)
(0.200632 0.000854291 0)
(0.20061 0.000789372 0)
(0.200586 0.000726964 0)
(0.200561 0.000667226 0)
(0.200536 0.000610629 0)
(0.200509 0.000557588 0)
(0.200484 0.000508864 0)
(0.200459 0.000464835 0)
(0.200434 0.000425617 0)
(0.20041 0.000390499 0)
(0.200387 0.000358814 0)
(0.200365 0.000329424 0)
(0.200345 0.00030176 0)
(0.200326 0.000275436 0)
(0.20031 0.00025085 0)
(0.200295 0.00022837 0)
(0.200284 0.000208361 0)
(0.200273 0.000191324 0)
(0.200265 0.000176999 0)
(0.200255 0.000165918 0)
(0.200247 0.000156536 0)
(0.200234 0.000149344 0)
(0.200223 0.000141551 0)
(0.200206 0.000134551 0)
(0.200192 0.000125381 0)
(0.200171 0.000116656 0)
(0.200155 0.000105857 0)
(0.200133 9.54006e-05 0)
(0.200118 8.40927e-05 0)
(0.200097 7.22474e-05 0)
(0.200084 6.19208e-05 0)
(0.200065 4.94867e-05 0)
(0.200056 4.18677e-05 0)
(0.200038 3.0002e-05 0)
(0.200034 2.61397e-05 0)
(0.200018 1.51507e-05 0)
(0.198395 0.00522002 0)
(0.198502 0.00551949 0)
(0.198653 0.00579919 0)
(0.198841 0.00604761 0)
(0.199055 0.00625177 0)
(0.19929 0.00640157 0)
(0.199544 0.00649331 0)
(0.199807 0.00652812 0)
(0.200058 0.00651001 0)
(0.200274 0.00644595 0)
(0.20045 0.00634578 0)
(0.200594 0.00622148 0)
(0.20071 0.00608557 0)
(0.200797 0.00594658 0)
(0.200852 0.00580679 0)
(0.200882 0.00566604 0)
(0.200899 0.00552545 0)
(0.200917 0.00538727 0)
(0.200934 0.0052521 0)
(0.200941 0.0051175 0)
(0.200937 0.00498163 0)
(0.20093 0.00484649 0)
(0.200924 0.00471523 0)
(0.200916 0.00458903 0)
(0.2009 0.0044673 0)
(0.20088 0.00434986 0)
(0.200865 0.00423768 0)
(0.200855 0.00412999 0)
(0.200842 0.00402348 0)
(0.200829 0.00391617 0)
(0.200819 0.00380869 0)
(0.200809 0.00370219 0)
(0.200796 0.00359656 0)
(0.200778 0.00349195 0)
(0.200762 0.00339089 0)
(0.200751 0.00329494 0)
(0.200738 0.00320174 0)
(0.200725 0.00310986 0)
(0.200718 0.00302053 0)
(0.200713 0.00293318 0)
(0.200705 0.00284675 0)
(0.200699 0.00276259 0)
(0.200698 0.0026806 0)
(0.200696 0.00259797 0)
(0.200695 0.00251322 0)
(0.200693 0.00242686 0)
(0.200689 0.00233956 0)
(0.200683 0.0022519 0)
(0.200676 0.00216403 0)
(0.200669 0.00207589 0)
(0.200662 0.00198773 0)
(0.200655 0.00189991 0)
(0.200649 0.00181259 0)
(0.200643 0.00172609 0)
(0.200639 0.00164054 0)
(0.200634 0.00155587 0)
(0.200629 0.00147203 0)
(0.200625 0.00138909 0)
(0.200619 0.0013073 0)
(0.200612 0.00122733 0)
(0.200605 0.00114976 0)
(0.200596 0.0010748 0)
(0.200584 0.00100285 0)
(0.200571 0.000934239 0)
(0.200557 0.000868593 0)
(0.20054 0.000805119 0)
(0.200522 0.000743707 0)
(0.200503 0.000684548 0)
(0.200483 0.000628145 0)
(0.200463 0.000574994 0)
(0.200443 0.000526062 0)
(0.200424 0.000481685 0)
(0.200405 0.000442031 0)
(0.200386 0.000406333 0)
(0.200368 0.000373994 0)
(0.200351 0.000343644 0)
(0.200335 0.000314788 0)
(0.200319 0.000286927 0)
(0.200307 0.000260745 0)
(0.200295 0.000236577 0)
(0.200287 0.000215241 0)
(0.200278 0.000197189 0)
(0.200272 0.000182549 0)
(0.200264 0.000171569 0)
(0.200258 0.000162947 0)
(0.200248 0.000156682 0)
(0.200239 0.000150182 0)
(0.200225 0.000144244 0)
(0.200213 0.000136159 0)
(0.200196 0.000127979 0)
(0.200183 0.00011756 0)
(0.200164 0.000106886 0)
(0.200152 9.52341e-05 0)
(0.200134 8.26125e-05 0)
(0.200123 7.15325e-05 0)
(0.200107 5.8059e-05 0)
(0.200099 4.96479e-05 0)
(0.200085 3.65819e-05 0)
(0.200081 3.22034e-05 0)
(0.200067 1.98759e-05 0)
(0.198759 0.00507673 0)
(0.198844 0.00533381 0)
(0.198961 0.00557411 0)
(0.199101 0.00578968 0)
(0.199255 0.00597107 0)
(0.199422 0.00611052 0)
(0.199607 0.00620502 0)
(0.199805 0.00625546 0)
(0.199997 0.00626417 0)
(0.200163 0.00623444 0)
(0.2003 0.00617089 0)
(0.200417 0.00608092 0)
(0.20052 0.00597448 0)
(0.200603 0.00585967 0)
(0.200655 0.00573972 0)
(0.200682 0.00561516 0)
(0.200701 0.00548745 0)
(0.200722 0.00535952 0)
(0.200742 0.00523263 0)
(0.200749 0.00510543 0)
(0.200746 0.00497683 0)
(0.200742 0.00484803 0)
(0.200742 0.00472198 0)
(0.200739 0.00460001 0)
(0.200728 0.00448066 0)
(0.200714 0.00436377 0)
(0.200706 0.00425108 0)
(0.2007 0.00414227 0)
(0.200689 0.00403503 0)
(0.200677 0.00392746 0)
(0.20067 0.00382001 0)
(0.200664 0.0037148 0)
(0.200653 0.00361103 0)
(0.200638 0.00350682 0)
(0.200627 0.00340524 0)
(0.200619 0.00330853 0)
(0.200608 0.00321342 0)
(0.200597 0.00311917 0)
(0.200592 0.00302835 0)
(0.200587 0.00293982 0)
(0.20058 0.002852 0)
(0.200576 0.00276632 0)
(0.200575 0.0026827 0)
(0.200574 0.00259905 0)
(0.200573 0.00251464 0)
(0.200572 0.00242946 0)
(0.20057 0.0023435 0)
(0.200567 0.0022569 0)
(0.200563 0.00216963 0)
(0.200559 0.00208178 0)
(0.200554 0.00199379 0)
(0.200549 0.0019058 0)
(0.200544 0.00181815 0)
(0.200539 0.00173143 0)
(0.200535 0.00164563 0)
(0.20053 0.00156065 0)
(0.200525 0.00147689 0)
(0.20052 0.00139441 0)
(0.200514 0.00131321 0)
(0.200507 0.00123392 0)
(0.2005 0.00115722 0)
(0.200492 0.00108334 0)
(0.200483 0.00101269 0)
(0.200473 0.000945421 0)
(0.200461 0.000880941 0)
(0.200448 0.000818389 0)
(0.200434 0.000757812 0)
(0.20042 0.000699304 0)
(0.200405 0.000643196 0)
(0.20039 0.000589924 0)
(0.200375 0.000540676 0)
(0.200361 0.000495875 0)
(0.200346 0.000455844 0)
(0.200331 0.000419737 0)
(0.200317 0.000386979 0)
(0.200304 0.000355941 0)
(0.200291 0.000326225 0)
(0.200279 0.00029713 0)
(0.200269 0.000269614 0)
(0.20026 0.000243933 0)
(0.200253 0.00022142 0)
(0.200246 0.000202416 0)
(0.200241 0.000187563 0)
(0.200234 0.000176701 0)
(0.20023 0.000168884 0)
(0.200221 0.000163483 0)
(0.200214 0.000158254 0)
(0.200202 0.000153321 0)
(0.200193 0.000146296 0)
(0.200178 0.000138642 0)
(0.200167 0.00012854 0)
(0.200151 0.000117676 0)
(0.200141 0.000105592 0)
(0.200126 9.22666e-05 0)
(0.200117 8.03953e-05 0)
(0.200104 6.601e-05 0)
(0.200097 5.68427e-05 0)
(0.200086 4.27211e-05 0)
(0.200082 3.78662e-05 0)
(0.200071 2.43423e-05 0)
(0.199103 0.00495993 0)
(0.199164 0.0051868 0)
(0.19925 0.00539781 0)
(0.199348 0.00558737 0)
(0.19945 0.00575004 0)
(0.199559 0.00588105 0)
(0.199685 0.00597739 0)
(0.199826 0.00603798 0)
(0.199964 0.0060631 0)
(0.200081 0.0060549 0)
(0.200175 0.00601711 0)
(0.20026 0.00595487 0)
(0.200344 0.00587396 0)
(0.200415 0.0057793 0)
(0.20046 0.00567498 0)
(0.200481 0.00556421 0)
(0.200496 0.00544896 0)
(0.200517 0.00533086 0)
(0.200537 0.00521085 0)
(0.200545 0.00508936 0)
(0.200541 0.00496724 0)
(0.200539 0.004845 0)
(0.200544 0.0047237 0)
(0.200546 0.00460474 0)
(0.200538 0.00448776 0)
(0.200529 0.00437274 0)
(0.200526 0.00426057 0)
(0.200524 0.00415076 0)
(0.200516 0.00404267 0)
(0.200506 0.00393579 0)
(0.200502 0.00382932 0)
(0.200501 0.00372437 0)
(0.200492 0.00362129 0)
(0.20048 0.0035185 0)
(0.200475 0.00341733 0)
(0.200471 0.00331955 0)
(0.200461 0.0032233 0)
(0.200452 0.00312823 0)
(0.20045 0.00303606 0)
(0.200446 0.00294593 0)
(0.20044 0.0028569 0)
(0.200438 0.00276993 0)
(0.200438 0.00268468 0)
(0.200436 0.00259994 0)
(0.200436 0.00251538 0)
(0.200436 0.00243062 0)
(0.200436 0.00234533 0)
(0.200435 0.0022595 0)
(0.200433 0.00217292 0)
(0.200431 0.00208565 0)
(0.200429 0.00199815 0)
(0.200426 0.00191049 0)
(0.200423 0.00182305 0)
(0.20042 0.00173656 0)
(0.200416 0.00165104 0)
(0.200411 0.00156634 0)
(0.200407 0.00148288 0)
(0.200403 0.00140079 0)
(0.200397 0.00132003 0)
(0.200392 0.0012412 0)
(0.200386 0.00116509 0)
(0.20038 0.00109194 0)
(0.200373 0.00102205 0)
(0.200365 0.000955457 0)
(0.200357 0.000891696 0)
(0.200347 0.000829942 0)
(0.200338 0.000769999 0)
(0.200328 0.000711697 0)
(0.200317 0.000655544 0)
(0.200306 0.000602139 0)
(0.200296 0.000552762 0)
(0.200286 0.000507725 0)
(0.200276 0.00046752 0)
(0.200265 0.000431162 0)
(0.200255 0.000398105 0)
(0.200245 0.000366421 0)
(0.200236 0.000335924 0)
(0.200226 0.000305685 0)
(0.200219 0.000277041 0)
(0.200212 0.000250047 0)
(0.200207 0.000226596 0)
(0.200202 0.000206783 0)
(0.200199 0.000191811 0)
(0.200193 0.000181043 0)
(0.20019 0.000173951 0)
(0.200182 0.000169316 0)
(0.200177 0.00016517 0)
(0.200167 0.000161156 0)
(0.200161 0.000154997 0)
(0.200148 0.000147951 0)
(0.200141 0.000138058 0)
(0.200128 0.000127235 0)
(0.20012 0.000114662 0)
(0.200108 0.000100913 0)
(0.200102 8.81843e-05 0)
(0.200092 7.30816e-05 0)
(0.200087 6.30995e-05 0)
(0.200078 4.80154e-05 0)
(0.200075 4.26822e-05 0)
(0.200067 2.79565e-05 0)
(0.199438 0.00487565 0)
(0.199474 0.00508316 0)
(0.199527 0.00527468 0)
(0.199586 0.00544562 0)
(0.199643 0.00559416 0)
(0.199703 0.00571897 0)
(0.199776 0.00581672 0)
(0.199862 0.00588304 0)
(0.199946 0.0059161 0)
(0.200015 0.00591911 0)
(0.200071 0.00589793 0)
(0.200124 0.00585619 0)
(0.20018 0.00579435 0)
(0.200229 0.00571383 0)
(0.20026 0.00561979 0)
(0.200274 0.00551869 0)
(0.200284 0.00541383 0)
(0.200301 0.00530464 0)
(0.200318 0.00519019 0)
(0.200325 0.00507238 0)
(0.200323 0.00495472 0)
(0.200322 0.0048383 0)
(0.200329 0.00472164 0)
(0.200333 0.00460428 0)
(0.200329 0.00448827 0)
(0.200324 0.00437535 0)
(0.200324 0.00426451 0)
(0.200326 0.00415426 0)
(0.200322 0.00404549 0)
(0.200316 0.00393957 0)
(0.200315 0.00383528 0)
(0.200317 0.00373077 0)
(0.200313 0.00362691 0)
(0.200304 0.00352567 0)
(0.200303 0.00342622 0)
(0.200303 0.00332698 0)
(0.200296 0.00322938 0)
(0.20029 0.00313484 0)
(0.20029 0.00304186 0)
(0.200288 0.0029498 0)
(0.200284 0.00286009 0)
(0.200283 0.00277253 0)
(0.200284 0.00268588 0)
(0.200283 0.00260026 0)
(0.200283 0.00251559 0)
(0.200285 0.00243094 0)
(0.200286 0.00234594 0)
(0.200286 0.00226055 0)
(0.200286 0.0021745 0)
(0.200286 0.00208779 0)
(0.200286 0.0020007 0)
(0.200285 0.00191356 0)
(0.200283 0.00182676 0)
(0.200282 0.00174062 0)
(0.20028 0.00165541 0)
(0.200277 0.00157136 0)
(0.200274 0.00148841 0)
(0.200271 0.00140648 0)
(0.200267 0.00132611 0)
(0.200264 0.00124792 0)
(0.20026 0.00117223 0)
(0.200256 0.00109935 0)
(0.200252 0.00102988 0)
(0.200247 0.00096375 0)
(0.200242 0.000900541 0)
(0.200237 0.000839485 0)
(0.200231 0.000780069 0)
(0.200225 0.00072184 0)
(0.200219 0.000665596 0)
(0.200213 0.000612192 0)
(0.200207 0.000562866 0)
(0.200201 0.000517732 0)
(0.200195 0.000477459 0)
(0.200189 0.000441026 0)
(0.200183 0.000407867 0)
(0.200176 0.000375763 0)
(0.200171 0.000344708 0)
(0.200165 0.000313602 0)
(0.200161 0.000284113 0)
(0.200156 0.000256079 0)
(0.200154 0.000231939 0)
(0.20015 0.000211498 0)
(0.200148 0.000196514 0)
(0.200144 0.000185814 0)
(0.200143 0.000179356 0)
(0.200137 0.000175256 0)
(0.200135 0.000171994 0)
(0.200127 0.000168568 0)
(0.200124 0.000163036 0)
(0.200115 0.000156272 0)
(0.20011 0.000146431 0)
(0.200101 0.000135429 0)
(0.200097 0.000122344 0)
(0.200088 0.000108111 0)
(0.200084 9.46699e-05 0)
(0.200077 7.89441e-05 0)
(0.200074 6.8362e-05 0)
(0.200068 5.2494e-05 0)
(0.200066 4.6838e-05 0)
(0.200062 3.11685e-05 0)
(0.199777 0.00483173 0)
(0.199787 0.00502957 0)
(0.199803 0.0052112 0)
(0.199822 0.00537193 0)
(0.19984 0.00551181 0)
(0.199858 0.0056321 0)
(0.199881 0.00572978 0)
(0.199909 0.00579838 0)
(0.199938 0.00583485 0)
(0.199962 0.00584278 0)
(0.199981 0.00582915 0)
(0.199999 0.00579735 0)
(0.200019 0.00574521 0)
(0.200038 0.00567197 0)
(0.200051 0.00558302 0)
(0.200056 0.00548684 0)
(0.200061 0.00538825 0)
(0.200069 0.00528476 0)
(0.200078 0.00517311 0)
(0.200082 0.00505657 0)
(0.200082 0.00494087 0)
(0.200084 0.00482775 0)
(0.200088 0.00471402 0)
(0.200091 0.00459716 0)
(0.200091 0.00448121 0)
(0.200091 0.00437005 0)
(0.200093 0.00426068 0)
(0.200096 0.00415027 0)
(0.200097 0.00404086 0)
(0.200096 0.00393509 0)
(0.200097 0.00383228 0)
(0.2001 0.00372838 0)
(0.200101 0.0036235 0)
(0.200098 0.00352324 0)
(0.200099 0.00342604 0)
(0.200101 0.00332626 0)
(0.2001 0.00322767 0)
(0.200098 0.00313421 0)
(0.2001 0.00304122 0)
(0.200101 0.00294761 0)
(0.2001 0.00285736 0)
(0.200101 0.00276945 0)
(0.200103 0.0026816 0)
(0.200105 0.00259505 0)
(0.200106 0.00251001 0)
(0.200108 0.00242514 0)
(0.20011 0.00234021 0)
(0.200112 0.00225506 0)
(0.200114 0.00216942 0)
(0.200116 0.00208337 0)
(0.200117 0.00199684 0)
(0.200118 0.0019102 0)
(0.200119 0.00182415 0)
(0.20012 0.00173866 0)
(0.20012 0.00165385 0)
(0.20012 0.00157027 0)
(0.20012 0.00148774 0)
(0.20012 0.00140598 0)
(0.20012 0.00132579 0)
(0.20012 0.00124771 0)
(0.20012 0.00117196 0)
(0.20012 0.00109924 0)
(0.200119 0.00103033 0)
(0.200119 0.000964629 0)
(0.200119 0.000901622 0)
(0.200118 0.000840826 0)
(0.200117 0.000781817 0)
(0.200116 0.000723771 0)
(0.200115 0.000667665 0)
(0.200114 0.000614386 0)
(0.200113 0.000565301 0)
(0.200112 0.000520213 0)
(0.200111 0.000480155 0)
(0.200109 0.00044384 0)
(0.200108 0.000410965 0)
(0.200106 0.000378733 0)
(0.200105 0.000347618 0)
(0.200103 0.000315952 0)
(0.200103 0.000286127 0)
(0.200101 0.000257293 0)
(0.200102 0.000232864 0)
(0.2001 0.000211914 0)
(0.200101 0.000197171 0)
(0.200098 0.000186583 0)
(0.200099 0.000180872 0)
(0.200096 0.000177428 0)
(0.200096 0.000175034 0)
(0.200091 0.000172492 0)
(0.200091 0.00016747 0)
(0.200086 0.00016151 0)
(0.200084 0.000151502 0)
(0.200079 0.000141046 0)
(0.200077 0.000127158 0)
(0.200073 0.000113138 0)
(0.200071 9.86375e-05 0)
(0.200068 8.2789e-05 0)
(0.200066 7.13435e-05 0)
(0.200064 5.4973e-05 0)
(0.200063 4.88567e-05 0)
(0.200061 3.2333e-05 0)
(0.204165 9.34056e-05 0)
(0.195599 -7.46882e-05 0)
(0.204384 8.99988e-05 0)
(0.195327 -6.69576e-05 0)
(0.204506 9.27701e-05 0)
(0.194946 -4.33263e-05 0)
(0.204628 0.000101801 0)
(0.194484 -4.14884e-05 0)
(0.204734 0.000105309 0)
(0.193881 -1.67409e-06 0)
(0.204861 0.00014813 0)
(0.193131 5.01293e-05 0)
(0.204961 0.000177709 0)
(0.192184 8.22365e-05 0)
(0.205053 0.000191051 0)
(0.190984 0.00013657 0)
(0.20514 0.000237992 0)
(0.189419 0.000251167 0)
(0.205169 0.000342153 0)
(0.187344 0.000410845 0)
(0.205024 0.00046963 0)
(0.184429 0.000625185 0)
(0.204415 0.000702043 0)
(0.17996 0.00124681 0)
(0.202977 0.00193331 0)
(0.203384 0.000110992 0)
(0.196512 -7.56553e-05 0)
(0.203465 0.000106166 0)
(0.196384 -6.80285e-05 0)
(0.203422 0.000115049 0)
(0.196186 -3.4952e-05 0)
(0.203334 0.000133354 0)
(0.19596 -1.93967e-05 0)
(0.203174 0.000148688 0)
(0.195664 3.8076e-05 0)
(0.202949 0.000203141 0)
(0.19532 0.000115131 0)
(0.202587 0.000247294 0)
(0.194913 0.000181268 0)
(0.20206 0.000280867 0)
(0.194437 0.000280029 0)
(0.201307 0.000352591 0)
(0.193863 0.00046467 0)
(0.200191 0.000492244 0)
(0.193162 0.000744562 0)
(0.19848 0.000697415 0)
(0.192188 0.00120396 0)
(0.195775 0.00121142 0)
(0.190812 0.00259514 0)
(0.191867 0.00367719 0)
(0.202106 0.000109528 0)
(0.197948 -6.08111e-05 0)
(0.202036 0.000103305 0)
(0.197968 -4.54288e-05 0)
(0.201836 0.000116603 0)
(0.197934 3.15029e-06 0)
(0.201574 0.000140463 0)
(0.197884 3.9115e-05 0)
(0.201228 0.00016005 0)
(0.197777 0.000114672 0)
(0.200804 0.000220304 0)
(0.197628 0.000220622 0)
(0.200256 0.000278842 0)
(0.197401 0.000315939 0)
(0.199566 0.000338031 0)
(0.197068 0.000447592 0)
(0.198702 0.00045651 0)
(0.196567 0.000670625 0)
(0.197597 0.000681125 0)
(0.195815 0.00100587 0)
(0.196134 0.00105922 0)
(0.194628 0.0015922 0)
(0.194201 0.00198223 0)
(0.193012 0.00326161 0)
(0.192342 0.0049259 0)
(0.200959 8.31805e-05 0)
(0.199149 -2.06417e-05 0)
(0.200856 7.73879e-05 0)
(0.199191 3.62317e-06 0)
(0.200643 9.5267e-05 0)
(0.199164 6.47637e-05 0)
(0.200385 0.000128662 0)
(0.199099 0.000115376 0)
(0.200064 0.000163595 0)
(0.198957 0.000199668 0)
(0.199687 0.000240679 0)
(0.198746 0.000318301 0)
(0.199228 0.000329442 0)
(0.198426 0.000427363 0)
(0.198663 0.00043233 0)
(0.197967 0.000579202 0)
(0.197959 0.000611836 0)
(0.197315 0.000831424 0)
(0.197071 0.000924365 0)
(0.196418 0.00122736 0)
(0.195918 0.00145841 0)
(0.19519 0.00196247 0)
(0.194506 0.00262814 0)
(0.193842 0.00373919 0)
(0.193417 0.00532968 0)
(0.200312 5.49483e-05 0)
(0.199761 1.8561e-05 0)
(0.20025 5.90358e-05 0)
(0.199757 4.68856e-05 0)
(0.2001 8.66491e-05 0)
(0.199675 0.000112618 0)
(0.199908 0.000136015 0)
(0.199547 0.000173127 0)
(0.19966 0.00019287 0)
(0.19934 0.000263352 0)
(0.199358 0.000292124 0)
(0.199063 0.000392112 0)
(0.198983 0.000414455 0)
(0.198682 0.000519657 0)
(0.198502 0.000558711 0)
(0.198169 0.000700518 0)
(0.197879 0.000790908 0)
(0.197484 0.000997608 0)
(0.197092 0.00117479 0)
(0.196614 0.0014787 0)
(0.196104 0.0018264 0)
(0.195551 0.00235558 0)
(0.195013 0.00308541 0)
(0.194565 0.00409702 0)
(0.194313 0.00539971 0)
(0.200072 3.66533e-05 0)
(0.199958 4.25757e-05 0)
(0.200043 5.83789e-05 0)
(0.199918 7.49651e-05 0)
(0.199937 9.78558e-05 0)
(0.199806 0.000143277 0)
(0.199784 0.000164022 0)
(0.199651 0.000214267 0)
(0.199572 0.000243135 0)
(0.199421 0.000315401 0)
(0.199303 0.0003631 0)
(0.19913 0.000457808 0)
(0.198962 0.000514542 0)
(0.198744 0.000612372 0)
(0.198514 0.000696921 0)
(0.198238 0.000831905 0)
(0.197929 0.000976288 0)
(0.197581 0.00118261 0)
(0.197209 0.00142482 0)
(0.196799 0.00174633 0)
(0.196366 0.00216341 0)
(0.195931 0.00270516 0)
(0.195533 0.00342499 0)
(0.195233 0.00432136 0)
(0.195098 0.0053946 0)
(0.200012 2.77425e-05 0)
(0.199994 5.28553e-05 0)
(0.199989 6.86966e-05 0)
(0.199944 9.45602e-05 0)
(0.199902 0.000119961 0)
(0.199828 0.000167427 0)
(0.199763 0.000200636 0)
(0.19967 0.000251971 0)
(0.199565 0.000299605 0)
(0.199442 0.000369198 0)
(0.199311 0.000438669 0)
(0.199158 0.000529854 0)
(0.198986 0.000615604 0)
(0.198786 0.000716941 0)
(0.198561 0.000836342 0)
(0.198305 0.000980287 0)
(0.198015 0.0011612 0)
(0.197699 0.00138416 0)
(0.197368 0.00166723 0)
(0.197021 0.00201388 0)
(0.196667 0.00245848 0)
(0.196332 0.00299683 0)
(0.196048 0.00367184 0)
(0.195856 0.00445943 0)
(0.195801 0.00535548 0)
(0.200001 2.42374e-05 0)
(0.199995 5.68504e-05 0)
(0.199976 8.26947e-05 0)
(0.199944 0.000112782 0)
(0.199897 0.000146036 0)
(0.199834 0.000192936 0)
(0.199766 0.000239471 0)
(0.19968 0.000293219 0)
(0.199577 0.00035617 0)
(0.199462 0.000429137 0)
(0.199336 0.000514955 0)
(0.199191 0.000611411 0)
(0.199026 0.000717267 0)
(0.19884 0.000832135 0)
(0.198629 0.000976633 0)
(0.198393 0.00114067 0)
(0.198129 0.00134664 0)
(0.19785 0.00159194 0)
(0.197566 0.00189975 0)
(0.197278 0.00226443 0)
(0.196997 0.00271153 0)
(0.196746 0.00323065 0)
(0.196551 0.00384561 0)
(0.196439 0.00453258 0)
(0.196437 0.00528382 0)
(0.2 2.3404e-05 0)
(0.199993 6.00131e-05 0)
(0.199972 9.55422e-05 0)
(0.199942 0.00013101 0)
(0.199899 0.00017165 0)
(0.19984 0.00022034 0)
(0.199775 0.000276622 0)
(0.199695 0.000336502 0)
(0.199597 0.000410375 0)
(0.19949 0.000491184 0)
(0.199371 0.000588409 0)
(0.199235 0.000695612 0)
(0.199079 0.000816594 0)
(0.198907 0.000948376 0)
(0.198715 0.00111207 0)
(0.198501 0.00129758 0)
(0.198267 0.00152257 0)
(0.198025 0.00178662 0)
(0.197787 0.00210679 0)
(0.197552 0.00247787 0)
(0.197331 0.00291385 0)
(0.197144 0.00340409 0)
(0.197014 0.0039581 0)
(0.196957 0.00455658 0)
(0.196984 0.00518893 0)
(0.2 2.38549e-05 0)
(0.199992 6.42066e-05 0)
(0.199971 0.000106855 0)
(0.199943 0.000148829 0)
(0.199903 0.000196096 0)
(0.199849 0.000248846 0)
(0.199788 0.000312447 0)
(0.199714 0.000380142 0)
(0.199623 0.000462706 0)
(0.199524 0.000553076 0)
(0.199415 0.000659899 0)
(0.199288 0.000778928 0)
(0.199143 0.000913882 0)
(0.198988 0.00106249 0)
(0.198817 0.0012418 0)
(0.198626 0.00144523 0)
(0.198423 0.00168523 0)
(0.198218 0.00196158 0)
(0.198023 0.002286 0)
(0.197835 0.00265331 0)
(0.197663 0.00307067 0)
(0.197526 0.00352816 0)
(0.197442 0.00402681 0)
(0.197421 0.00454951 0)
(0.197463 0.0050858 0)
(0.2 2.49027e-05 0)
(0.199991 6.95621e-05 0)
(0.199972 0.000117571 0)
(0.199946 0.000166254 0)
(0.199909 0.000219946 0)
(0.199861 0.000278505 0)
(0.199806 0.000348825 0)
(0.199739 0.000424498 0)
(0.199656 0.000514983 0)
(0.199566 0.000616027 0)
(0.199468 0.000732714 0)
(0.199354 0.000863058 0)
(0.199223 0.00101149 0)
(0.199086 0.00117653 0)
(0.198938 0.00136981 0)
(0.198775 0.00158738 0)
(0.198603 0.00183829 0)
(0.198435 0.00212187 0)
(0.19828 0.00244553 0)
(0.198134 0.0028022 0)
(0.198004 0.00319567 0)
(0.197907 0.00361765 0)
(0.197857 0.00406533 0)
(0.197857 0.00452249 0)
(0.197906 0.00497964 0)
(0.2 2.62542e-05 0)
(0.199992 7.54609e-05 0)
(0.199975 0.000127994 0)
(0.199951 0.000182855 0)
(0.199918 0.000242653 0)
(0.199877 0.000307873 0)
(0.199828 0.000384882 0)
(0.199769 0.00046849 0)
(0.199697 0.000566463 0)
(0.199619 0.000677926 0)
(0.199534 0.000804951 0)
(0.199434 0.000946116 0)
(0.19932 0.00110663 0)
(0.199205 0.00128688 0)
(0.199081 0.00149241 0)
(0.198945 0.00172034 0)
(0.198805 0.00197781 0)
(0.198674 0.00226414 0)
(0.198555 0.00258315 0)
(0.198445 0.00292619 0)
(0.19835 0.00329375 0)
(0.198284 0.00367968 0)
(0.198257 0.00408095 0)
(0.19827 0.00448316 0)
(0.198316 0.00487639 0)
(0.2 2.77545e-05 0)
(0.199993 8.12338e-05 0)
(0.199979 0.000137936 0)
(0.199958 0.000198108 0)
(0.19993 0.000263713 0)
(0.199896 0.000335457 0)
(0.199856 0.000418856 0)
(0.199806 0.000510346 0)
(0.199747 0.000615778 0)
(0.199682 0.000736281 0)
(0.199612 0.00087339 0)
(0.199529 0.00102502 0)
(0.199436 0.00119623 0)
(0.199344 0.00138871 0)
(0.199246 0.00160417 0)
(0.199138 0.0018396 0)
(0.19903 0.00210079 0)
(0.198932 0.0023861 0)
(0.198846 0.00269718 0)
(0.198765 0.00302532 0)
(0.198697 0.00336847 0)
(0.198655 0.00372135 0)
(0.198646 0.00408152 0)
(0.198662 0.00443757 0)
(0.198699 0.00478032 0)
(0.2 2.91762e-05 0)
(0.199994 8.63655e-05 0)
(0.199984 0.000146807 0)
(0.199968 0.000211246 0)
(0.199946 0.000282026 0)
(0.19992 0.00035982 0)
(0.199889 0.000448655 0)
(0.199851 0.000547256 0)
(0.199806 0.000660131 0)
(0.199758 0.000788284 0)
(0.199704 0.000933732 0)
(0.199641 0.00109467 0)
(0.199571 0.00127555 0)
(0.199505 0.00147687 0)
(0.199432 0.00169909 0)
(0.199352 0.00194022 0)
(0.199275 0.00220356 0)
(0.199209 0.00248605 0)
(0.199151 0.00278683 0)
(0.199095 0.00309966 0)
(0.199048 0.0034223 0)
(0.199022 0.00374869 0)
(0.199023 0.00407529 0)
(0.199038 0.00439336 0)
(0.199063 0.00469754 0)
(0.2 3.02908e-05 0)
(0.199996 9.03141e-05 0)
(0.199989 0.000153765 0)
(0.199979 0.000221227 0)
(0.199965 0.000295977 0)
(0.199948 0.000378858 0)
(0.199929 0.000471797 0)
(0.199904 0.000575736 0)
(0.199876 0.00069512 0)
(0.199845 0.000829505 0)
(0.199812 0.000980779 0)
(0.19977 0.00114845 0)
(0.199726 0.00133772 0)
(0.199686 0.00154531 0)
(0.199641 0.00177081 0)
(0.19959 0.00201568 0)
(0.199543 0.00228034 0)
(0.199504 0.00256033 0)
(0.199471 0.00285161 0)
(0.199436 0.00315107 0)
(0.199406 0.00345844 0)
(0.199392 0.0037664 0)
(0.199394 0.00406939 0)
(0.199405 0.00435925 0)
(0.199417 0.00463583 0)
(0.2 3.09141e-05 0)
(0.199999 9.25051e-05 0)
(0.199996 0.00015769 0)
(0.199993 0.000226738 0)
(0.199987 0.000303766 0)
(0.199981 0.000389682 0)
(0.199975 0.000484971 0)
(0.199965 0.000591964 0)
(0.199955 0.000715369 0)
(0.199944 0.000853573 0)
(0.199931 0.00100811 0)
(0.199916 0.00117916 0)
(0.199899 0.00137381 0)
(0.199885 0.00158532 0)
(0.199868 0.00181187 0)
(0.199849 0.00205847 0)
(0.199831 0.00232385 0)
(0.199816 0.00260266 0)
(0.199803 0.00288849 0)
(0.199789 0.00317986 0)
(0.199777 0.0034787 0)
(0.19977 0.00377704 0)
(0.199769 0.00406798 0)
(0.199771 0.00434246 0)
(0.199772 0.00460376 0)
)
;

boundaryField
{
    top
    {
        type            zeroGradient;
    }
    inlet
    {
        type            fixedValue;
        value           uniform (0.2 0 0);
    }
    outlet
    {
        type            zeroGradient;
    }
    plate
    {
        type            fixedValue;
        value           uniform (0 0 0);
    }
    symmBound
    {
        type            zeroGradient;
    }
    frontAndBack
    {
        type            empty;
    }
}


// ************************************************************************* //
