/*--------------------------------*- C++ -*----------------------------------*\
| =========                 |                                                 |
| \\      /  F ield         | OpenFOAM: The Open Source CFD Toolbox           |
|  \\    /   O peration     | Version:  2.3.0                                 |
|   \\  /    A nd           | Web:      www.OpenFOAM.org                      |
|    \\/     M anipulation  |                                                 |
\*---------------------------------------------------------------------------*/
FoamFile
{
    version     2.0;
    format      ascii;
    class       surfaceScalarField;
    location    "0.75";
    object      phi;
}
// * * * * * * * * * * * * * * * * * * * * * * * * * * * * * * * * * * * * * //

dimensions      [0 3 -1 0 0 0 0];

internalField   nonuniform List<scalar> 
6068
(
2.91045e-08
2.73926e-09
-3.18438e-08
2.56761e-08
3.42843e-09
2.22601e-08
3.41603e-09
1.90911e-08
3.16895e-09
1.62033e-08
2.88777e-09
1.36687e-08
2.53461e-09
1.15763e-08
2.09247e-09
9.94544e-09
1.63083e-09
8.74397e-09
1.20147e-09
7.89126e-09
8.52704e-10
7.29256e-09
5.98701e-10
6.86526e-09
4.273e-10
6.54734e-09
3.17924e-10
6.29575e-09
2.51585e-10
6.08189e-09
2.13866e-10
5.88899e-09
1.92894e-10
5.70887e-09
1.80122e-10
5.53835e-09
1.70521e-10
5.37666e-09
1.6169e-10
5.22388e-09
1.52786e-10
5.08014e-09
1.43732e-10
4.9454e-09
1.34743e-10
4.81933e-09
1.26075e-10
4.7014e-09
1.17926e-10
4.59099e-09
1.10412e-10
4.48742e-09
1.03572e-10
4.39003e-09
9.73877e-11
4.29822e-09
9.18083e-11
4.21145e-09
8.67702e-11
4.12924e-09
8.22057e-11
4.05119e-09
7.80537e-11
3.97693e-09
7.42568e-11
3.90616e-09
7.07699e-11
3.83861e-09
6.75509e-11
3.77404e-09
6.45695e-11
3.71225e-09
6.17963e-11
3.65304e-09
5.92107e-11
3.59624e-09
5.67927e-11
3.54172e-09
5.45274e-11
3.48931e-09
5.2401e-11
3.43891e-09
5.0402e-11
3.39039e-09
4.85203e-11
3.34365e-09
4.67466e-11
3.29857e-09
4.50731e-11
3.25508e-09
4.34921e-11
3.21308e-09
4.19975e-11
3.1725e-09
4.05819e-11
3.13326e-09
3.92422e-11
3.09529e-09
3.79689e-11
3.05853e-09
3.67638e-11
3.02291e-09
3.56135e-11
2.98839e-09
3.45258e-11
2.9549e-09
3.34825e-11
2.92241e-09
3.24973e-11
2.89086e-09
3.15472e-11
2.86021e-09
3.06525e-11
2.83042e-09
2.97833e-11
2.80145e-09
2.89692e-11
2.77328e-09
2.817e-11
2.74586e-09
2.74285e-11
2.71917e-09
2.66897e-11
2.69315e-09
2.60139e-11
2.66783e-09
2.53273e-11
2.64311e-09
2.47112e-11
2.61904e-09
2.40694e-11
2.59554e-09
2.35086e-11
2.57263e-09
2.29043e-11
2.55024e-09
2.23957e-11
2.52841e-09
2.1822e-11
2.50705e-09
2.13633e-11
2.48624e-09
2.08139e-11
2.46583e-09
2.0404e-11
2.44596e-09
1.98724e-11
2.42645e-09
1.95117e-11
2.40746e-09
1.89908e-11
2.38878e-09
1.86812e-11
2.37061e-09
1.81643e-11
2.3527e-09
1.79084e-11
2.33532e-09
1.73885e-11
2.31812e-09
1.7191e-11
2.30146e-09
1.66598e-11
2.28494e-09
1.65279e-11
2.26896e-09
1.59766e-11
2.25304e-09
1.59191e-11
2.2377e-09
1.53379e-11
2.22234e-09
1.53673e-11
2.20759e-09
1.47437e-11
2.19271e-09
1.48782e-11
2.17852e-09
1.41961e-11
2.16406e-09
1.44589e-11
2.15036e-09
1.37013e-11
2.13624e-09
1.41219e-11
2.12297e-09
1.32672e-11
2.10908e-09
1.38888e-11
2.09617e-09
1.29055e-11
2.08238e-09
1.37935e-11
2.06975e-09
1.26356e-11
2.05585e-09
1.3898e-11
2.04333e-09
1.25191e-11
1.5824e-11
3.43484e-08
2.45633e-09
-3.40655e-08
3.41825e-08
3.59434e-09
3.35031e-08
4.09543e-09
3.25381e-08
4.13399e-09
3.14019e-08
4.02392e-09
3.01231e-08
3.81342e-09
2.8731e-08
3.4846e-09
2.72989e-08
3.06294e-09
2.58988e-08
2.60158e-09
2.45828e-08
2.16868e-09
2.33742e-08
1.80727e-09
2.2276e-08
1.52554e-09
2.12839e-08
1.31001e-09
2.03933e-08
1.14217e-09
1.95936e-08
1.01352e-09
1.88733e-08
9.13203e-10
1.82213e-08
8.32145e-10
1.76278e-08
7.64022e-10
1.70846e-08
7.04909e-10
1.65849e-08
6.52515e-10
1.61231e-08
6.0553e-10
1.56946e-08
5.63185e-10
1.52957e-08
5.24975e-10
1.49231e-08
4.90514e-10
1.45741e-08
4.59464e-10
1.42462e-08
4.3149e-10
1.39373e-08
4.06263e-10
1.36456e-08
3.83461e-10
1.33696e-08
3.6279e-10
1.31078e-08
3.43977e-10
1.28591e-08
3.26793e-10
1.26223e-08
3.11025e-10
1.23966e-08
2.96508e-10
1.21811e-08
2.83086e-10
1.1975e-08
2.70642e-10
1.17777e-08
2.59064e-10
1.15887e-08
2.4827e-10
1.14073e-08
2.38177e-10
1.12331e-08
2.28726e-10
1.10656e-08
2.19856e-10
1.09045e-08
2.11522e-10
1.07494e-08
2.03674e-10
1.05998e-08
1.96281e-10
1.04556e-08
1.893e-10
1.03164e-08
1.82708e-10
1.01819e-08
1.76468e-10
1.00519e-08
1.70563e-10
9.92621e-09
1.64962e-10
9.80453e-09
1.59647e-10
9.68669e-09
1.54599e-10
9.57251e-09
1.49796e-10
9.46181e-09
1.45229e-10
9.35442e-09
1.40871e-10
9.25019e-09
1.36724e-10
9.14899e-09
1.32755e-10
9.05066e-09
1.28976e-10
8.9551e-09
1.25348e-10
8.86217e-09
1.21896e-10
8.77178e-09
1.18565e-10
8.6838e-09
1.15403e-10
8.59816e-09
1.12333e-10
8.51474e-09
1.09431e-10
8.43348e-09
1.06589e-10
8.35427e-09
1.0392e-10
8.27706e-09
1.01279e-10
8.20175e-09
9.88214e-11
8.1283e-09
9.63549e-11
8.0566e-09
9.40899e-11
7.98665e-09
9.17744e-11
7.91833e-09
8.96873e-11
7.85164e-09
8.7502e-11
7.78646e-09
8.55811e-11
7.72283e-09
8.35058e-11
7.6606e-09
8.17436e-11
7.59983e-09
7.97588e-11
7.54036e-09
7.81513e-11
7.48228e-09
7.62391e-11
7.42541e-09
7.47845e-11
7.36987e-09
7.29285e-11
7.31543e-09
7.16296e-11
7.26228e-09
6.98122e-11
7.21013e-09
6.86772e-11
7.15922e-09
6.68815e-11
7.10922e-09
6.59221e-11
7.06042e-09
6.41325e-11
7.01242e-09
6.33674e-11
6.9656e-09
6.15652e-11
6.91946e-09
6.10252e-11
6.87446e-09
5.91892e-11
6.83001e-09
5.89136e-11
6.78668e-09
5.70277e-11
6.74374e-09
5.70651e-11
6.70189e-09
5.51165e-11
6.66024e-09
5.55364e-11
6.61963e-09
5.35143e-11
6.57901e-09
5.44138e-11
6.53932e-09
5.23254e-11
6.49934e-09
5.38761e-11
6.45995e-09
5.19171e-11
5.67222e-11
3.5851e-08
2.32493e-09
-3.57195e-08
3.62372e-08
3.20805e-09
3.64699e-08
3.86278e-09
3.6518e-08
4.0859e-09
3.64464e-08
4.09553e-09
3.62546e-08
4.00518e-09
3.59161e-08
3.82311e-09
3.54349e-08
3.54417e-09
3.48397e-08
3.19674e-09
3.41717e-08
2.83668e-09
3.34661e-08
2.51287e-09
3.27457e-08
2.24597e-09
3.20237e-08
2.03197e-09
3.13076e-08
1.85829e-09
3.06045e-08
1.71663e-09
2.99186e-08
1.59907e-09
2.92522e-08
1.49857e-09
2.86064e-08
1.40986e-09
2.79817e-08
1.32953e-09
2.73787e-08
1.25557e-09
2.67973e-08
1.18687e-09
2.62377e-08
1.12281e-09
2.56996e-08
1.06307e-09
2.51827e-08
1.00739e-09
2.46866e-08
9.55613e-10
2.42106e-08
9.07515e-10
2.3754e-08
8.62875e-10
2.3316e-08
8.21435e-10
2.28958e-08
7.82955e-10
2.24926e-08
7.47173e-10
2.21055e-08
7.1387e-10
2.17338e-08
6.82811e-10
2.13765e-08
6.53818e-10
2.10328e-08
6.26687e-10
2.07022e-08
6.01282e-10
2.03838e-08
5.77432e-10
2.00771e-08
5.55033e-10
1.97813e-08
5.33944e-10
1.9496e-08
5.14086e-10
1.92205e-08
4.95338e-10
1.89543e-08
4.77643e-10
1.86971e-08
4.60896e-10
1.84483e-08
4.45059e-10
1.82076e-08
4.30032e-10
1.79745e-08
4.15798e-10
1.77487e-08
4.0226e-10
1.75299e-08
3.89416e-10
1.73177e-08
3.77175e-10
1.71118e-08
3.65541e-10
1.69119e-08
3.54433e-10
1.67179e-08
3.43859e-10
1.65294e-08
3.33745e-10
1.63461e-08
3.24102e-10
1.6168e-08
3.14864e-10
1.59947e-08
3.06043e-10
1.58261e-08
2.97578e-10
1.5662e-08
2.89484e-10
1.55022e-08
2.81706e-10
1.53465e-08
2.74255e-10
1.51948e-08
2.67089e-10
1.50469e-08
2.60208e-10
1.49027e-08
2.53589e-10
1.47621e-08
2.47215e-10
1.4625e-08
2.41085e-10
1.44911e-08
2.35162e-10
1.43604e-08
2.29471e-10
1.42328e-08
2.23949e-10
1.41083e-08
2.18655e-10
1.39865e-08
2.13489e-10
1.38677e-08
2.08554e-10
1.37515e-08
2.03704e-10
1.3638e-08
1.99096e-10
1.35269e-08
1.94527e-10
1.34185e-08
1.90222e-10
1.33123e-08
1.859e-10
1.32086e-08
1.81876e-10
1.31071e-08
1.77773e-10
1.30078e-08
1.74014e-10
1.29107e-08
1.70108e-10
1.28157e-08
1.66603e-10
1.27226e-08
1.6287e-10
1.26317e-08
1.59616e-10
1.25425e-08
1.5604e-10
1.24554e-08
1.53036e-10
1.23699e-08
1.49607e-10
1.22864e-08
1.46862e-10
1.22044e-08
1.4357e-10
1.21244e-08
1.41108e-10
1.20456e-08
1.37949e-10
1.19687e-08
1.35802e-10
1.18929e-08
1.3279e-10
1.1819e-08
1.30998e-10
1.1746e-08
1.28169e-10
1.16747e-08
1.26794e-10
1.1604e-08
1.24205e-10
1.15351e-08
1.23354e-10
1.14663e-08
1.21095e-10
1.13991e-08
1.21095e-10
1.13316e-08
1.19449e-10
1.23227e-10
3.73871e-08
2.27462e-09
-3.73368e-08
3.76775e-08
2.91765e-09
3.80258e-08
3.51449e-09
3.82941e-08
3.8176e-09
3.85e-08
3.88968e-09
3.86588e-08
3.84638e-09
3.87498e-08
3.73208e-09
3.87492e-08
3.54472e-09
3.86506e-08
3.29537e-09
3.84682e-08
3.01913e-09
3.82243e-08
2.75676e-09
3.79381e-08
2.53211e-09
3.7621e-08
2.34915e-09
3.72787e-08
2.20059e-09
3.69171e-08
2.07818e-09
3.65409e-08
1.97524e-09
3.61532e-08
1.88626e-09
3.57561e-08
1.80696e-09
3.53513e-08
1.73435e-09
3.49404e-08
1.66652e-09
3.45248e-08
1.6024e-09
3.41063e-08
1.5414e-09
3.36861e-08
1.48323e-09
3.32658e-08
1.42773e-09
3.28465e-08
1.37484e-09
3.24296e-08
1.32446e-09
3.20159e-08
1.27653e-09
3.16065e-08
1.2309e-09
3.12019e-08
1.18748e-09
3.0803e-08
1.14611e-09
3.04102e-08
1.10671e-09
3.00239e-08
1.0691e-09
2.96444e-08
1.03324e-09
2.92722e-08
9.98971e-10
2.89072e-08
9.6625e-10
2.85497e-08
9.34941e-10
2.81997e-08
9.05026e-10
2.78573e-08
8.76372e-10
2.75224e-08
8.48979e-10
2.7195e-08
8.22719e-10
2.6875e-08
7.97606e-10
2.65624e-08
7.73509e-10
2.6257e-08
7.50463e-10
2.59587e-08
7.28324e-10
2.56674e-08
7.07152e-10
2.53828e-08
6.86786e-10
2.51049e-08
6.67311e-10
2.48336e-08
6.48554e-10
2.45685e-08
6.30615e-10
2.43096e-08
6.13313e-10
2.40567e-08
5.96765e-10
2.38097e-08
5.80779e-10
2.35683e-08
5.65493e-10
2.33325e-08
5.50694e-10
2.31019e-08
5.36552e-10
2.28767e-08
5.22825e-10
2.26565e-08
5.09719e-10
2.24412e-08
4.96963e-10
2.22307e-08
4.84792e-10
2.20248e-08
4.72916e-10
2.18235e-08
4.61593e-10
2.16265e-08
4.50509e-10
2.14338e-08
4.39956e-10
2.12453e-08
4.29586e-10
2.10607e-08
4.19732e-10
2.08802e-08
4.10007e-10
2.07034e-08
4.00788e-10
2.05304e-08
3.91643e-10
2.03608e-08
3.83002e-10
2.0195e-08
3.7438e-10
2.00325e-08
3.66266e-10
1.98734e-08
3.58114e-10
1.97175e-08
3.50484e-10
1.9565e-08
3.42757e-10
1.94153e-08
3.35569e-10
1.92689e-08
3.28226e-10
1.91253e-08
3.2145e-10
1.89848e-08
3.14454e-10
1.88469e-08
3.08067e-10
1.87121e-08
3.01385e-10
1.85796e-08
2.95369e-10
1.84502e-08
2.88978e-10
1.83229e-08
2.83325e-10
1.81988e-08
2.77203e-10
1.80764e-08
2.71919e-10
1.79573e-08
2.66053e-10
1.78397e-08
2.6115e-10
1.77252e-08
2.55546e-10
1.76121e-08
2.51049e-10
1.75022e-08
2.4572e-10
1.73933e-08
2.41686e-10
1.72877e-08
2.36657e-10
1.71827e-08
2.33173e-10
1.70809e-08
2.28512e-10
1.69795e-08
2.25681e-10
1.68813e-08
2.21566e-10
1.67829e-08
2.19488e-10
1.66875e-08
2.16501e-10
1.65915e-08
2.15454e-10
2.16259e-10
3.89784e-08
2.22493e-09
-3.89287e-08
3.91779e-08
2.71816e-09
3.94848e-08
3.20751e-09
3.97733e-08
3.52911e-09
4.00148e-08
3.64818e-09
4.02261e-08
3.63511e-09
4.04081e-08
3.55007e-09
4.05434e-08
3.40947e-09
4.06175e-08
3.22127e-09
4.06308e-08
3.00575e-09
4.05962e-08
2.7914e-09
4.05276e-08
2.60073e-09
4.04338e-08
2.44287e-09
4.03195e-08
2.3149e-09
4.01878e-08
2.20994e-09
4.00411e-08
2.12193e-09
3.98811e-08
2.04629e-09
3.97085e-08
1.97947e-09
3.9524e-08
1.91891e-09
3.93277e-08
1.86277e-09
3.91202e-08
1.80991e-09
3.8902e-08
1.75964e-09
3.86737e-08
1.71156e-09
3.8436e-08
1.66543e-09
3.81897e-08
1.62114e-09
3.79356e-08
1.57854e-09
3.76745e-08
1.53759e-09
3.74073e-08
1.49813e-09
3.71346e-08
1.46012e-09
3.68574e-08
1.42339e-09
3.65761e-08
1.38792e-09
3.62917e-08
1.35355e-09
3.60046e-08
1.3203e-09
3.57156e-08
1.288e-09
3.54252e-08
1.2567e-09
3.51339e-08
1.22624e-09
3.48422e-08
1.19671e-09
3.45506e-08
1.16794e-09
3.42595e-08
1.14005e-09
3.39694e-08
1.11285e-09
3.36805e-08
1.08648e-09
3.33933e-08
1.06076e-09
3.31079e-08
1.03585e-09
3.28247e-08
1.01153e-09
3.25438e-08
9.88003e-10
3.22656e-08
9.65003e-10
3.19901e-08
9.42798e-10
3.17176e-08
9.2106e-10
3.14481e-08
9.00106e-10
3.11819e-08
8.79565e-10
3.09189e-08
8.598e-10
3.06592e-08
8.40389e-10
3.0403e-08
8.21752e-10
3.01503e-08
8.03401e-10
2.9901e-08
7.85834e-10
2.96553e-08
7.68474e-10
2.94131e-08
7.51916e-10
2.91746e-08
7.35484e-10
2.89395e-08
7.19873e-10
2.87082e-08
7.04305e-10
2.84802e-08
6.89583e-10
2.82559e-08
6.74813e-10
2.80349e-08
6.60927e-10
2.78176e-08
6.46889e-10
2.76035e-08
6.33789e-10
2.73931e-08
6.20419e-10
2.71858e-08
6.08056e-10
2.69822e-08
5.95294e-10
2.67816e-08
5.83625e-10
2.65845e-08
5.71409e-10
2.63904e-08
5.60396e-10
2.61999e-08
5.48667e-10
2.60121e-08
5.38276e-10
2.58278e-08
5.26981e-10
2.56462e-08
5.17184e-10
2.54682e-08
5.06268e-10
2.52926e-08
4.97046e-10
2.51206e-08
4.86458e-10
2.49509e-08
4.77801e-10
2.47847e-08
4.67493e-10
2.46207e-08
4.59401e-10
2.44604e-08
4.49329e-10
2.43019e-08
4.41814e-10
2.41471e-08
4.31937e-10
2.3994e-08
4.2503e-10
2.38448e-08
4.15317e-10
2.36969e-08
4.09056e-10
2.35529e-08
3.99497e-10
2.341e-08
3.93939e-10
2.32712e-08
3.8454e-10
2.31331e-08
3.79776e-10
2.29992e-08
3.70566e-10
2.28657e-08
3.66713e-10
2.27364e-08
3.57803e-10
2.26071e-08
3.54974e-10
2.2482e-08
3.46652e-10
2.23565e-08
3.4495e-10
2.2235e-08
3.37991e-10
2.21127e-08
3.37751e-10
3.34227e-10
4.05974e-08
2.16506e-09
-4.05376e-08
4.07504e-08
2.56518e-09
4.10004e-08
2.9575e-09
4.12677e-08
3.26182e-09
4.15047e-08
3.41116e-09
4.17103e-08
3.42947e-09
4.18925e-08
3.36787e-09
4.20453e-08
3.25669e-09
4.2158e-08
3.10861e-09
4.22272e-08
2.9365e-09
4.22597e-08
2.75894e-09
4.2266e-08
2.59439e-09
4.22549e-08
2.454e-09
4.22311e-08
2.33873e-09
4.2197e-08
2.24398e-09
4.21544e-08
2.16457e-09
4.21042e-08
2.09651e-09
4.20468e-08
2.03684e-09
4.19823e-08
1.98341e-09
4.19105e-08
1.9346e-09
4.18311e-08
1.88934e-09
4.17439e-08
1.84681e-09
4.16488e-08
1.80661e-09
4.15459e-08
1.76834e-09
4.14352e-08
1.73187e-09
4.13168e-08
1.69694e-09
4.11909e-08
1.66351e-09
4.10577e-08
1.63133e-09
4.09174e-08
1.60041e-09
4.07703e-08
1.57047e-09
4.06166e-08
1.54157e-09
4.04568e-08
1.51343e-09
4.02909e-08
1.48616e-09
4.01194e-08
1.45948e-09
3.99426e-08
1.43355e-09
3.97608e-08
1.40806e-09
3.95742e-08
1.38325e-09
3.93834e-08
1.35879e-09
3.91885e-08
1.33495e-09
3.89899e-08
1.31139e-09
3.8788e-08
1.28844e-09
3.8583e-08
1.2657e-09
3.83753e-08
1.24358e-09
3.81652e-08
1.22161e-09
3.79529e-08
1.20028e-09
3.77389e-08
1.17904e-09
3.75232e-08
1.15847e-09
3.73063e-08
1.13794e-09
3.70883e-08
1.11812e-09
3.68696e-08
1.09827e-09
3.66503e-08
1.07917e-09
3.64307e-08
1.05999e-09
3.62108e-08
1.04161e-09
3.59911e-08
1.02306e-09
3.57716e-08
1.0054e-09
3.55526e-08
9.87465e-10
3.5334e-08
9.70509e-10
3.51163e-08
9.53158e-10
3.48993e-08
9.36889e-10
3.46835e-08
9.201e-10
3.44686e-08
9.04505e-10
3.42551e-08
8.88244e-10
3.40428e-08
8.73313e-10
3.38321e-08
8.57541e-10
3.36226e-08
8.43262e-10
3.34151e-08
8.27939e-10
3.32089e-08
8.143e-10
3.30048e-08
7.99384e-10
3.2802e-08
7.86375e-10
3.26016e-08
7.71818e-10
3.24026e-08
7.59432e-10
3.22061e-08
7.45186e-10
3.20109e-08
7.3342e-10
3.18185e-08
7.19433e-10
3.16274e-08
7.08286e-10
3.14391e-08
6.9451e-10
3.12522e-08
6.8399e-10
3.10683e-08
6.70371e-10
3.08856e-08
6.60496e-10
3.07061e-08
6.46981e-10
3.05277e-08
6.37777e-10
3.03527e-08
6.24318e-10
3.01787e-08
6.15825e-10
3.00083e-08
6.02376e-10
2.98387e-08
5.94651e-10
2.96728e-08
5.81178e-10
2.95076e-08
5.74289e-10
2.93463e-08
5.60783e-10
2.91854e-08
5.54809e-10
2.90286e-08
5.41293e-10
2.88721e-08
5.36343e-10
2.87198e-08
5.2288e-10
2.85674e-08
5.19088e-10
2.84194e-08
5.05845e-10
2.8271e-08
5.03337e-10
2.81269e-08
4.90701e-10
2.79823e-08
4.89623e-10
2.78418e-08
4.78449e-10
2.77003e-08
4.79227e-10
4.71039e-10
4.22501e-08
2.09943e-09
-4.21844e-08
4.23794e-08
2.43582e-09
4.25815e-08
2.75543e-09
4.28173e-08
3.02597e-09
4.30412e-08
3.18729e-09
4.32371e-08
3.23361e-09
4.34078e-08
3.19717e-09
4.35538e-08
3.1107e-09
4.36699e-08
2.99251e-09
4.37526e-08
2.85376e-09
4.38048e-08
2.70677e-09
4.38339e-08
2.56524e-09
4.38482e-08
2.43979e-09
4.38528e-08
2.33406e-09
4.38508e-08
2.24602e-09
4.38436e-08
2.17172e-09
4.38324e-08
2.10777e-09
4.38176e-08
2.05157e-09
4.37996e-08
2.00142e-09
4.37783e-08
1.9559e-09
4.37535e-08
1.91414e-09
4.3725e-08
1.87533e-09
4.36925e-08
1.83908e-09
4.36559e-08
1.80492e-09
4.36151e-08
1.77273e-09
4.35699e-08
1.74215e-09
4.35202e-08
1.71321e-09
4.3466e-08
1.68555e-09
4.34071e-08
1.65924e-09
4.33437e-08
1.63392e-09
4.32755e-08
1.60973e-09
4.32027e-08
1.58626e-09
4.31251e-08
1.56373e-09
4.30429e-08
1.5417e-09
4.2956e-08
1.52049e-09
4.28645e-08
1.49959e-09
4.27683e-08
1.47942e-09
4.26676e-08
1.45942e-09
4.25625e-08
1.44009e-09
4.24531e-08
1.42082e-09
4.23393e-08
1.4022e-09
4.22215e-08
1.38353e-09
4.20995e-08
1.36552e-09
4.19738e-08
1.34735e-09
4.18442e-08
1.32988e-09
4.17111e-08
1.31214e-09
4.15744e-08
1.29517e-09
4.14345e-08
1.27781e-09
4.12914e-08
1.26129e-09
4.11453e-08
1.24429e-09
4.09963e-08
1.2282e-09
4.08448e-08
1.21151e-09
4.06906e-08
1.19584e-09
4.05342e-08
1.17944e-09
4.03754e-08
1.16419e-09
4.02148e-08
1.14804e-09
4.00521e-08
1.13322e-09
3.9888e-08
1.11731e-09
3.97219e-08
1.1029e-09
3.95548e-08
1.08721e-09
3.93861e-08
1.07322e-09
3.92167e-08
1.05771e-09
3.90458e-08
1.04416e-09
3.88745e-08
1.02881e-09
3.87021e-08
1.0157e-09
3.85296e-08
1.00048e-09
3.8356e-08
9.87822e-10
3.81827e-08
9.72687e-10
3.80086e-08
9.60499e-10
3.7835e-08
9.45416e-10
3.76607e-08
9.33714e-10
3.74873e-08
9.18641e-10
3.73132e-08
9.07447e-10
3.71403e-08
8.92339e-10
3.69669e-08
8.81677e-10
3.6795e-08
8.66493e-10
3.66226e-08
8.56393e-10
3.64518e-08
8.41083e-10
3.62808e-08
8.31589e-10
3.61116e-08
8.16107e-10
3.59421e-08
8.07267e-10
3.57749e-08
7.91571e-10
3.56073e-08
7.83448e-10
3.54421e-08
7.67502e-10
3.52766e-08
7.60171e-10
3.51138e-08
7.43954e-10
3.49506e-08
7.37502e-10
3.47904e-08
7.21027e-10
3.46296e-08
7.15545e-10
3.44721e-08
6.98871e-10
3.43139e-08
6.94472e-10
3.41591e-08
6.77708e-10
3.40037e-08
6.74543e-10
3.38516e-08
6.57912e-10
3.36988e-08
6.56132e-10
3.35494e-08
6.40093e-10
3.33991e-08
6.3992e-10
3.32522e-08
6.25324e-10
3.31042e-08
6.27245e-10
6.15307e-10
4.39449e-08
2.03303e-09
-4.38785e-08
4.40596e-08
2.32113e-09
4.42267e-08
2.58831e-09
4.44305e-08
2.82223e-09
4.4636e-08
2.98176e-09
4.48216e-08
3.048e-09
4.49824e-08
3.03637e-09
4.51196e-08
2.97345e-09
4.52323e-08
2.87989e-09
4.53181e-08
2.76789e-09
4.5378e-08
2.64691e-09
4.54166e-08
2.52667e-09
4.54404e-08
2.41596e-09
4.54549e-08
2.31952e-09
4.54634e-08
2.23757e-09
4.54675e-08
2.16756e-09
4.54685e-08
2.10681e-09
4.54671e-08
2.05302e-09
4.54637e-08
2.00482e-09
4.54586e-08
1.96098e-09
4.54518e-08
1.92088e-09
4.54434e-08
1.88372e-09
4.54333e-08
1.84925e-09
4.54213e-08
1.81689e-09
4.54074e-08
1.78662e-09
4.53916e-08
1.75798e-09
4.53737e-08
1.73109e-09
4.53538e-08
1.70548e-09
4.53316e-08
1.68138e-09
4.53073e-08
1.65825e-09
4.52806e-08
1.63643e-09
4.52516e-08
1.6153e-09
4.522e-08
1.59531e-09
4.51859e-08
1.57578e-09
4.51491e-08
1.55727e-09
4.51097e-08
1.53902e-09
4.50674e-08
1.5217e-09
4.50224e-08
1.50446e-09
4.49743e-08
1.48812e-09
4.49235e-08
1.4717e-09
4.48695e-08
1.45617e-09
4.48126e-08
1.4404e-09
4.47526e-08
1.42556e-09
4.46896e-08
1.41032e-09
4.46234e-08
1.39607e-09
4.45543e-08
1.38125e-09
4.4482e-08
1.36751e-09
4.44067e-08
1.35304e-09
4.43283e-08
1.33974e-09
4.4247e-08
1.32554e-09
4.41626e-08
1.31265e-09
4.40754e-08
1.29866e-09
4.39851e-08
1.28614e-09
4.38922e-08
1.27231e-09
4.37963e-08
1.26014e-09
4.36979e-08
1.2464e-09
4.35966e-08
1.23457e-09
4.3493e-08
1.22089e-09
4.33865e-08
1.20937e-09
4.3278e-08
1.19572e-09
4.31667e-08
1.18451e-09
4.30536e-08
1.17083e-09
4.29378e-08
1.15995e-09
4.28205e-08
1.1462e-09
4.27005e-08
1.13563e-09
4.25792e-08
1.12177e-09
4.24555e-08
1.11154e-09
4.23307e-08
1.09752e-09
4.22035e-08
1.08764e-09
4.20755e-08
1.07341e-09
4.19454e-08
1.0639e-09
4.18146e-08
1.04942e-09
4.16817e-08
1.0403e-09
4.15485e-08
1.02552e-09
4.14134e-08
1.01683e-09
4.12782e-08
1.00171e-09
4.11411e-08
9.93476e-10
4.10042e-08
9.77964e-10
4.08656e-08
9.70237e-10
4.07274e-08
9.54296e-10
4.05875e-08
9.47126e-10
4.04484e-08
9.30724e-10
4.03076e-08
9.24179e-10
4.01678e-08
9.0729e-10
4.00266e-08
9.01447e-10
3.98864e-08
8.84073e-10
3.97449e-08
8.79017e-10
3.96048e-08
8.61201e-10
3.94633e-08
8.57016e-10
3.93233e-08
8.38858e-10
3.91821e-08
8.35654e-10
3.90425e-08
8.17305e-10
3.89018e-08
8.15244e-10
3.87628e-08
7.9697e-10
3.86227e-08
7.96238e-10
3.84842e-08
7.78543e-10
3.83447e-08
7.79429e-10
3.82069e-08
7.63129e-10
3.8068e-08
7.66149e-10
7.52353e-10
4.56883e-08
1.96848e-09
-4.56238e-08
4.57916e-08
2.21785e-09
4.59344e-08
2.44549e-09
4.61096e-08
2.64708e-09
4.62944e-08
2.79689e-09
4.64679e-08
2.87448e-09
4.66202e-08
2.8841e-09
4.67501e-08
2.84352e-09
4.68583e-08
2.77174e-09
4.69442e-08
2.68196e-09
4.70081e-08
2.58301e-09
4.70527e-08
2.48209e-09
4.70826e-08
2.38603e-09
4.71028e-08
2.2994e-09
4.71164e-08
2.22391e-09
4.71256e-08
2.15837e-09
4.71315e-08
2.10096e-09
4.71348e-08
2.04964e-09
4.71363e-08
2.00336e-09
4.71363e-08
1.96098e-09
4.7135e-08
1.92216e-09
4.71327e-08
1.88608e-09
4.71292e-08
1.85269e-09
4.71248e-08
1.8213e-09
4.71194e-08
1.79205e-09
4.71131e-08
1.76431e-09
4.71057e-08
1.7384e-09
4.70976e-08
1.71366e-09
4.70884e-08
1.69053e-09
4.70784e-08
1.66827e-09
4.70674e-08
1.64747e-09
4.70554e-08
1.62726e-09
4.70423e-08
1.60837e-09
4.70283e-08
1.58983e-09
4.7013e-08
1.57253e-09
4.69967e-08
1.55537e-09
4.6979e-08
1.53939e-09
4.69601e-08
1.52335e-09
4.69398e-08
1.50848e-09
4.69181e-08
1.49337e-09
4.68948e-08
1.47946e-09
4.68701e-08
1.4651e-09
4.68436e-08
1.45202e-09
4.68157e-08
1.43829e-09
4.67858e-08
1.42594e-09
4.67543e-08
1.41272e-09
4.67209e-08
1.40101e-09
4.66857e-08
1.38821e-09
4.66484e-08
1.37706e-09
4.66093e-08
1.3646e-09
4.6568e-08
1.35396e-09
4.65249e-08
1.34175e-09
4.64795e-08
1.33157e-09
4.64323e-08
1.31954e-09
4.63826e-08
1.3098e-09
4.63311e-08
1.29788e-09
4.62771e-08
1.28853e-09
4.62214e-08
1.27666e-09
4.61631e-08
1.26768e-09
4.6103e-08
1.2558e-09
4.60403e-08
1.24717e-09
4.5976e-08
1.23521e-09
4.5909e-08
1.22693e-09
4.58404e-08
1.21482e-09
4.57691e-08
1.20687e-09
4.56963e-08
1.19457e-09
4.56209e-08
1.18695e-09
4.5544e-08
1.17439e-09
4.54646e-08
1.1671e-09
4.53837e-08
1.15423e-09
4.53004e-08
1.14728e-09
4.52158e-08
1.13402e-09
4.51286e-08
1.12743e-09
4.50404e-08
1.11375e-09
4.49497e-08
1.10751e-09
4.48581e-08
1.09336e-09
4.47641e-08
1.08751e-09
4.46692e-08
1.07282e-09
4.4572e-08
1.0674e-09
4.44742e-08
1.05215e-09
4.43741e-08
1.04717e-09
4.42735e-08
1.03135e-09
4.41708e-08
1.02688e-09
4.40676e-08
1.01045e-09
4.39625e-08
1.00654e-09
4.38571e-08
9.89544e-10
4.37498e-08
9.86263e-10
4.36423e-08
9.68751e-10
4.35331e-08
9.6617e-10
4.34237e-08
9.48281e-10
4.33129e-08
9.46486e-10
4.32018e-08
9.28405e-10
4.30894e-08
9.27569e-10
4.29768e-08
9.09576e-10
4.28632e-08
9.09918e-10
4.27492e-08
8.92541e-10
4.26342e-08
8.94387e-10
4.25189e-08
8.78395e-10
4.24028e-08
8.82291e-10
8.68761e-10
4.74849e-08
1.90654e-09
-4.74229e-08
4.75786e-08
2.12413e-09
4.77036e-08
2.32047e-09
4.78552e-08
2.49545e-09
4.80196e-08
2.63248e-09
4.81794e-08
2.7147e-09
4.83231e-08
2.74042e-09
4.84468e-08
2.71979e-09
4.85507e-08
2.66782e-09
4.86355e-08
2.59722e-09
4.87015e-08
2.517e-09
4.87504e-08
2.43319e-09
4.87853e-08
2.35115e-09
4.881e-08
2.2747e-09
4.88276e-08
2.20624e-09
4.88404e-08
2.14558e-09
4.88495e-08
2.09186e-09
4.88558e-08
2.04334e-09
4.88599e-08
1.9993e-09
4.88623e-08
1.95861e-09
4.88632e-08
1.9212e-09
4.88631e-08
1.88624e-09
4.88619e-08
1.85387e-09
4.88599e-08
1.82331e-09
4.8857e-08
1.79489e-09
4.88535e-08
1.7678e-09
4.88494e-08
1.74257e-09
4.88447e-08
1.71832e-09
4.88395e-08
1.69577e-09
4.88338e-08
1.67391e-09
4.88277e-08
1.65361e-09
4.88212e-08
1.63374e-09
4.88142e-08
1.61535e-09
4.88069e-08
1.59713e-09
4.87991e-08
1.58034e-09
4.8791e-08
1.56351e-09
4.87823e-08
1.54808e-09
4.87732e-08
1.53239e-09
4.87636e-08
1.51814e-09
4.87535e-08
1.50343e-09
4.87428e-08
1.49021e-09
4.87315e-08
1.47631e-09
4.87195e-08
1.46402e-09
4.8707e-08
1.4508e-09
4.86936e-08
1.43933e-09
4.86797e-08
1.4267e-09
4.86647e-08
1.41597e-09
4.86491e-08
1.40383e-09
4.86324e-08
1.39378e-09
4.86149e-08
1.38204e-09
4.85963e-08
1.37262e-09
4.85768e-08
1.3612e-09
4.8556e-08
1.35236e-09
4.85344e-08
1.34118e-09
4.85113e-08
1.33288e-09
4.84873e-08
1.32187e-09
4.84618e-08
1.31407e-09
4.84353e-08
1.30318e-09
4.84071e-08
1.29584e-09
4.83779e-08
1.28499e-09
4.8347e-08
1.2781e-09
4.8315e-08
1.2672e-09
4.82812e-08
1.26075e-09
4.82462e-08
1.24975e-09
4.82094e-08
1.24369e-09
4.81715e-08
1.23253e-09
4.81316e-08
1.22685e-09
4.80905e-08
1.21546e-09
4.80474e-08
1.21016e-09
4.80032e-08
1.19847e-09
4.79569e-08
1.19354e-09
4.79095e-08
1.18148e-09
4.786e-08
1.17691e-09
4.78093e-08
1.16445e-09
4.77566e-08
1.16022e-09
4.77026e-08
1.1473e-09
4.76467e-08
1.14344e-09
4.75895e-08
1.12999e-09
4.75305e-08
1.12649e-09
4.74701e-08
1.11251e-09
4.74079e-08
1.10938e-09
4.73444e-08
1.09485e-09
4.72791e-08
1.09213e-09
4.72126e-08
1.07702e-09
4.71444e-08
1.07474e-09
4.70748e-08
1.05912e-09
4.70038e-08
1.05731e-09
4.69313e-08
1.04123e-09
4.68575e-08
1.03996e-09
4.67822e-08
1.02359e-09
4.67058e-08
1.02291e-09
4.66277e-08
1.00645e-09
4.65487e-08
1.00656e-09
4.6468e-08
9.90272e-10
4.63865e-08
9.91401e-10
4.63033e-08
9.7583e-10
4.62193e-08
9.78321e-10
4.61335e-08
9.64176e-10
4.60472e-08
9.6863e-10
9.56918e-10
4.93383e-08
1.8472e-09
-4.9279e-08
4.94239e-08
2.03853e-09
4.95349e-08
2.20946e-09
4.96677e-08
2.36271e-09
4.98133e-08
2.48682e-09
4.99588e-08
2.56925e-09
5.00932e-08
2.60602e-09
5.0211e-08
2.60197e-09
5.03111e-08
2.56773e-09
5.03941e-08
2.51418e-09
5.04609e-08
2.45018e-09
5.05128e-08
2.38137e-09
5.05516e-08
2.31231e-09
5.05803e-08
2.24601e-09
5.06016e-08
2.18498e-09
5.06175e-08
2.12963e-09
5.06294e-08
2.07993e-09
5.06383e-08
2.03453e-09
5.06445e-08
1.99305e-09
5.06488e-08
1.95436e-09
5.06513e-08
1.91863e-09
5.06526e-08
1.88496e-09
5.06527e-08
1.85376e-09
5.06519e-08
1.82412e-09
5.06502e-08
1.79657e-09
5.06479e-08
1.77015e-09
5.06449e-08
1.74558e-09
5.06414e-08
1.7218e-09
5.06374e-08
1.69975e-09
5.06331e-08
1.6782e-09
5.06284e-08
1.6583e-09
5.06235e-08
1.63863e-09
5.06183e-08
1.62054e-09
5.0613e-08
1.60246e-09
5.06074e-08
1.58593e-09
5.06018e-08
1.56918e-09
5.05958e-08
1.554e-09
5.05899e-08
1.53837e-09
5.05836e-08
1.52437e-09
5.05774e-08
1.50969e-09
5.05708e-08
1.49676e-09
5.05643e-08
1.48288e-09
5.05574e-08
1.4709e-09
5.05504e-08
1.45773e-09
5.05432e-08
1.44661e-09
5.05358e-08
1.43406e-09
5.0528e-08
1.42372e-09
5.05202e-08
1.4117e-09
5.05119e-08
1.40209e-09
5.05034e-08
1.39051e-09
5.04944e-08
1.3816e-09
5.04852e-08
1.37037e-09
5.04755e-08
1.36212e-09
5.04654e-08
1.35119e-09
5.04548e-08
1.34355e-09
5.04438e-08
1.33285e-09
5.04321e-08
1.32577e-09
5.042e-08
1.31525e-09
5.04072e-08
1.30871e-09
5.03939e-08
1.29829e-09
5.03797e-08
1.29228e-09
5.0365e-08
1.28188e-09
5.03494e-08
1.27636e-09
5.03332e-08
1.26594e-09
5.0316e-08
1.26087e-09
5.02982e-08
1.25038e-09
5.02793e-08
1.24575e-09
5.02596e-08
1.2351e-09
5.02389e-08
1.23089e-09
5.02174e-08
1.22002e-09
5.01947e-08
1.21622e-09
5.01711e-08
1.20508e-09
5.01463e-08
1.20165e-09
5.01206e-08
1.1902e-09
5.00937e-08
1.18712e-09
5.00657e-08
1.17531e-09
5.00365e-08
1.17259e-09
5.00061e-08
1.16036e-09
4.99747e-08
1.15796e-09
4.99419e-08
1.14533e-09
4.9908e-08
1.14324e-09
4.98727e-08
1.13017e-09
4.98364e-08
1.12844e-09
4.97984e-08
1.11493e-09
4.97597e-08
1.11354e-09
4.97191e-08
1.09966e-09
4.96778e-08
1.09864e-09
4.96346e-08
1.08444e-09
4.95907e-08
1.08386e-09
4.95447e-08
1.06953e-09
4.94982e-08
1.06939e-09
4.94496e-08
1.05513e-09
4.94004e-08
1.05569e-09
4.9349e-08
1.04171e-09
4.92972e-08
1.04321e-09
4.92429e-08
1.03007e-09
4.91884e-08
1.03284e-09
4.91314e-08
1.02119e-09
4.90741e-08
1.02592e-09
1.01663e-09
5.1252e-08
1.79043e-09
-5.11953e-08
5.13306e-08
1.95995e-09
5.14301e-08
2.10997e-09
5.15475e-08
2.2453e-09
5.16767e-08
2.35759e-09
5.18082e-08
2.43777e-09
5.19328e-08
2.48144e-09
5.20444e-08
2.49033e-09
5.21407e-08
2.47141e-09
5.22219e-08
2.43306e-09
5.22887e-08
2.38338e-09
5.23423e-08
2.32777e-09
5.23841e-08
2.27048e-09
5.24162e-08
2.21391e-09
5.24407e-08
2.16048e-09
5.24595e-08
2.11077e-09
5.24741e-08
2.0654e-09
5.24852e-08
2.0234e-09
5.24935e-08
1.98473e-09
5.24996e-08
1.94832e-09
5.25037e-08
1.9145e-09
5.25063e-08
1.88236e-09
5.25076e-08
1.85249e-09
5.25078e-08
1.82391e-09
5.2507e-08
1.79734e-09
5.25055e-08
1.77167e-09
5.25032e-08
1.74784e-09
5.25004e-08
1.72459e-09
5.24971e-08
1.70308e-09
5.24934e-08
1.68188e-09
5.24894e-08
1.66236e-09
5.24851e-08
1.64291e-09
5.24805e-08
1.62511e-09
5.24758e-08
1.60715e-09
5.24709e-08
1.59082e-09
5.2466e-08
1.57412e-09
5.24609e-08
1.5591e-09
5.24558e-08
1.54347e-09
5.24506e-08
1.52959e-09
5.24454e-08
1.51487e-09
5.24401e-08
1.50205e-09
5.24349e-08
1.48811e-09
5.24295e-08
1.47624e-09
5.24243e-08
1.46299e-09
5.24189e-08
1.45197e-09
5.24136e-08
1.43934e-09
5.24083e-08
1.4291e-09
5.24029e-08
1.41702e-09
5.23975e-08
1.40753e-09
5.23921e-08
1.3959e-09
5.23866e-08
1.38713e-09
5.23811e-08
1.37587e-09
5.23754e-08
1.36778e-09
5.23698e-08
1.35684e-09
5.23639e-08
1.34938e-09
5.23581e-08
1.33874e-09
5.2352e-08
1.33185e-09
5.23458e-08
1.32144e-09
5.23394e-08
1.31513e-09
5.23328e-08
1.30485e-09
5.2326e-08
1.29911e-09
5.23189e-08
1.28891e-09
5.23116e-08
1.28368e-09
5.2304e-08
1.27355e-09
5.22961e-08
1.26878e-09
5.22878e-08
1.25867e-09
5.22792e-08
1.25436e-09
5.22701e-08
1.24416e-09
5.22607e-08
1.2403e-09
5.22508e-08
1.22997e-09
5.22405e-08
1.22652e-09
5.22295e-08
1.21604e-09
5.22182e-08
1.21296e-09
5.22061e-08
1.20229e-09
5.21937e-08
1.19955e-09
5.21804e-08
1.18862e-09
5.21667e-08
1.18625e-09
5.21521e-08
1.17504e-09
5.21371e-08
1.17294e-09
5.21209e-08
1.1615e-09
5.21045e-08
1.15968e-09
5.20867e-08
1.14791e-09
5.20687e-08
1.14643e-09
5.20493e-08
1.13439e-09
5.20297e-08
1.13317e-09
5.20084e-08
1.12093e-09
5.1987e-08
1.12006e-09
5.19638e-08
1.10762e-09
5.19405e-08
1.10715e-09
5.19153e-08
1.09476e-09
5.189e-08
1.09466e-09
5.18626e-08
1.08249e-09
5.18352e-08
1.08308e-09
5.18057e-08
1.0713e-09
5.1776e-08
1.07282e-09
5.17441e-08
1.062e-09
5.17122e-08
1.0648e-09
5.16779e-08
1.05548e-09
5.16435e-08
1.06029e-09
1.05325e-09
5.32293e-08
1.73624e-09
-5.31751e-08
5.33017e-08
1.88758e-09
5.33914e-08
2.02026e-09
5.34961e-08
2.14066e-09
5.36111e-08
2.24252e-09
5.37296e-08
2.31926e-09
5.38443e-08
2.36683e-09
5.39493e-08
2.38532e-09
5.40416e-08
2.37907e-09
5.41206e-08
2.35406e-09
5.41868e-08
2.31716e-09
5.42413e-08
2.27328e-09
5.42852e-08
2.22657e-09
5.432e-08
2.17912e-09
5.43473e-08
2.13316e-09
5.43688e-08
2.08927e-09
5.43858e-08
2.04848e-09
5.43991e-08
2.01009e-09
5.44093e-08
1.97445e-09
5.44171e-08
1.94053e-09
5.44228e-08
1.90883e-09
5.44267e-08
1.87843e-09
5.44292e-08
1.85005e-09
5.44304e-08
1.82269e-09
5.44305e-08
1.7972e-09
5.44298e-08
1.77241e-09
5.44283e-08
1.74938e-09
5.44261e-08
1.72676e-09
5.44233e-08
1.70583e-09
5.44202e-08
1.68506e-09
5.44166e-08
1.66596e-09
5.44127e-08
1.64679e-09
5.44085e-08
1.62928e-09
5.44042e-08
1.61149e-09
5.43996e-08
1.59536e-09
5.4395e-08
1.57876e-09
5.43903e-08
1.56385e-09
5.43855e-08
1.54825e-09
5.43806e-08
1.53446e-09
5.43758e-08
1.51972e-09
5.43709e-08
1.50695e-09
5.4366e-08
1.49295e-09
5.43612e-08
1.48109e-09
5.43564e-08
1.46778e-09
5.43516e-08
1.45674e-09
5.43469e-08
1.44406e-09
5.43422e-08
1.43377e-09
5.43376e-08
1.42163e-09
5.4333e-08
1.41209e-09
5.43286e-08
1.40039e-09
5.43241e-08
1.39157e-09
5.43197e-08
1.38025e-09
5.43154e-08
1.37211e-09
5.43111e-08
1.36113e-09
5.43069e-08
1.35361e-09
5.43027e-08
1.34296e-09
5.42985e-08
1.336e-09
5.42943e-08
1.32562e-09
5.42902e-08
1.31923e-09
5.42861e-08
1.30902e-09
5.42819e-08
1.30321e-09
5.42777e-08
1.29312e-09
5.42736e-08
1.28781e-09
5.42693e-08
1.27787e-09
5.42651e-08
1.273e-09
5.42606e-08
1.26313e-09
5.42563e-08
1.25872e-09
5.42516e-08
1.24883e-09
5.4247e-08
1.24487e-09
5.4242e-08
1.23494e-09
5.42372e-08
1.23137e-09
5.42319e-08
1.22138e-09
5.42267e-08
1.21815e-09
5.42209e-08
1.20807e-09
5.42153e-08
1.20519e-09
5.4209e-08
1.19492e-09
5.42028e-08
1.1924e-09
5.41959e-08
1.18199e-09
5.41891e-08
1.17968e-09
5.41815e-08
1.16917e-09
5.4174e-08
1.16715e-09
5.41655e-08
1.15639e-09
5.41572e-08
1.15472e-09
5.41478e-08
1.14383e-09
5.41386e-08
1.14236e-09
5.41281e-08
1.13142e-09
5.41178e-08
1.13032e-09
5.41062e-08
1.11926e-09
5.40948e-08
1.11856e-09
5.40818e-08
1.10771e-09
5.40691e-08
1.10738e-09
5.40548e-08
1.09683e-09
5.40406e-08
1.09727e-09
5.40247e-08
1.08717e-09
5.4009e-08
1.08857e-09
5.39914e-08
1.07953e-09
5.3974e-08
1.08227e-09
5.39547e-08
1.07472e-09
5.39355e-08
1.07954e-09
1.07418e-09
5.52733e-08
1.68471e-09
-5.52218e-08
5.53401e-08
1.82078e-09
5.54214e-08
1.93897e-09
5.55152e-08
2.04685e-09
5.56181e-08
2.13966e-09
5.57249e-08
2.21247e-09
5.58298e-08
2.2619e-09
5.59279e-08
2.28723e-09
5.60158e-08
2.29109e-09
5.60924e-08
2.2775e-09
5.61577e-08
2.25192e-09
5.62124e-08
2.21855e-09
5.62576e-08
2.18139e-09
5.62944e-08
2.14232e-09
5.6324e-08
2.10352e-09
5.63478e-08
2.06547e-09
5.63669e-08
2.02939e-09
5.63822e-08
1.9948e-09
5.63943e-08
1.96233e-09
5.64037e-08
1.93108e-09
5.64109e-08
1.90167e-09
5.64162e-08
1.87318e-09
5.64198e-08
1.84644e-09
5.6422e-08
1.82044e-09
5.64231e-08
1.79613e-09
5.64232e-08
1.77233e-09
5.64224e-08
1.75018e-09
5.64208e-08
1.72827e-09
5.64187e-08
1.70799e-09
5.6416e-08
1.68773e-09
5.64129e-08
1.66908e-09
5.64094e-08
1.65027e-09
5.64056e-08
1.63306e-09
5.64016e-08
1.61551e-09
5.63974e-08
1.59958e-09
5.6393e-08
1.58313e-09
5.63885e-08
1.56834e-09
5.6384e-08
1.55283e-09
5.63793e-08
1.53909e-09
5.63747e-08
1.52438e-09
5.637e-08
1.51163e-09
5.63653e-08
1.49762e-09
5.63607e-08
1.48574e-09
5.6356e-08
1.47241e-09
5.63515e-08
1.4613e-09
5.63469e-08
1.44859e-09
5.63425e-08
1.4382e-09
5.63381e-08
1.42603e-09
5.63338e-08
1.41636e-09
5.63296e-08
1.40463e-09
5.63255e-08
1.39568e-09
5.63214e-08
1.38432e-09
5.63175e-08
1.37604e-09
5.63136e-08
1.36504e-09
5.63098e-08
1.35734e-09
5.63061e-08
1.34671e-09
5.63026e-08
1.33954e-09
5.6299e-08
1.32921e-09
5.62956e-08
1.32261e-09
5.62922e-08
1.31246e-09
5.62889e-08
1.30643e-09
5.62856e-08
1.29644e-09
5.62825e-08
1.29088e-09
5.62793e-08
1.28109e-09
5.62764e-08
1.27595e-09
5.62732e-08
1.26627e-09
5.62704e-08
1.26159e-09
5.62672e-08
1.25194e-09
5.62644e-08
1.24769e-09
5.62613e-08
1.23806e-09
5.62585e-08
1.23417e-09
5.62553e-08
1.22456e-09
5.62525e-08
1.22098e-09
5.62492e-08
1.21134e-09
5.62463e-08
1.20813e-09
5.62428e-08
1.19835e-09
5.62398e-08
1.19548e-09
5.62361e-08
1.18566e-09
5.62328e-08
1.18296e-09
5.62289e-08
1.17312e-09
5.62253e-08
1.17074e-09
5.6221e-08
1.1607e-09
5.6217e-08
1.15867e-09
5.62122e-08
1.14862e-09
5.62078e-08
1.14676e-09
5.62025e-08
1.13673e-09
5.61975e-08
1.13531e-09
5.61916e-08
1.1252e-09
5.6186e-08
1.1242e-09
5.61793e-08
1.11441e-09
5.61728e-08
1.11382e-09
5.61653e-08
1.10436e-09
5.61579e-08
1.10464e-09
5.61494e-08
1.09569e-09
5.6141e-08
1.09697e-09
5.61314e-08
1.08912e-09
5.61218e-08
1.09184e-09
5.61111e-08
1.08544e-09
5.61004e-08
1.09029e-09
1.08601e-09
5.7387e-08
1.63585e-09
-5.73381e-08
5.74487e-08
1.75906e-09
5.75226e-08
1.86507e-09
5.76071e-08
1.96238e-09
5.76994e-08
2.04735e-09
5.77957e-08
2.11616e-09
5.78915e-08
2.16611e-09
5.79826e-08
2.19615e-09
5.80658e-08
2.20786e-09
5.81395e-08
2.20377e-09
5.82034e-08
2.18806e-09
5.82578e-08
2.1641e-09
5.83037e-08
2.13554e-09
5.83418e-08
2.10417e-09
5.83733e-08
2.07209e-09
5.8399e-08
2.03974e-09
5.842e-08
2.00839e-09
5.84371e-08
1.97773e-09
5.84508e-08
1.94855e-09
5.84618e-08
1.9201e-09
5.84704e-08
1.89308e-09
5.84769e-08
1.86665e-09
5.84817e-08
1.84167e-09
5.8485e-08
1.81716e-09
5.8487e-08
1.79414e-09
5.84879e-08
1.77143e-09
5.84878e-08
1.75023e-09
5.8487e-08
1.72913e-09
5.84854e-08
1.70954e-09
5.84833e-08
1.68986e-09
5.84807e-08
1.67171e-09
5.84776e-08
1.65332e-09
5.84742e-08
1.63644e-09
5.84706e-08
1.61919e-09
5.84667e-08
1.60347e-09
5.84626e-08
1.58723e-09
5.84584e-08
1.57256e-09
5.8454e-08
1.55718e-09
5.84496e-08
1.5435e-09
5.84451e-08
1.52886e-09
5.84406e-08
1.51611e-09
5.84361e-08
1.50214e-09
5.84316e-08
1.49022e-09
5.84271e-08
1.4769e-09
5.84227e-08
1.4657e-09
5.84183e-08
1.453e-09
5.8414e-08
1.44248e-09
5.84098e-08
1.43032e-09
5.84056e-08
1.4205e-09
5.84015e-08
1.40876e-09
5.83975e-08
1.39965e-09
5.83936e-08
1.38828e-09
5.83898e-08
1.37981e-09
5.8386e-08
1.36882e-09
5.83825e-08
1.36091e-09
5.83789e-08
1.3503e-09
5.83755e-08
1.3429e-09
5.83721e-08
1.33261e-09
5.8369e-08
1.32576e-09
5.83658e-08
1.31567e-09
5.83628e-08
1.30938e-09
5.83598e-08
1.29948e-09
5.8357e-08
1.29363e-09
5.83541e-08
1.28397e-09
5.83516e-08
1.27853e-09
5.83488e-08
1.26899e-09
5.83464e-08
1.26401e-09
5.83438e-08
1.25453e-09
5.83415e-08
1.24996e-09
5.8339e-08
1.24056e-09
5.83369e-08
1.23632e-09
5.83345e-08
1.22699e-09
5.83324e-08
1.22306e-09
5.833e-08
1.21372e-09
5.8328e-08
1.21016e-09
5.83256e-08
1.20072e-09
5.83236e-08
1.1975e-09
5.83211e-08
1.18809e-09
5.83191e-08
1.18502e-09
5.83166e-08
1.17563e-09
5.83144e-08
1.17292e-09
5.83118e-08
1.16334e-09
5.83094e-08
1.16098e-09
5.83066e-08
1.15148e-09
5.8304e-08
1.14931e-09
5.83009e-08
1.13986e-09
5.8298e-08
1.13818e-09
5.82946e-08
1.12868e-09
5.82913e-08
1.12746e-09
5.82874e-08
1.11834e-09
5.82836e-08
1.11758e-09
5.82792e-08
1.10881e-09
5.82748e-08
1.10901e-09
5.82697e-08
1.10079e-09
5.82646e-08
1.10203e-09
5.82588e-08
1.09492e-09
5.8253e-08
1.09769e-09
5.82464e-08
1.09198e-09
5.82398e-08
1.09689e-09
1.09326e-09
5.95734e-08
1.58966e-09
-5.95272e-08
5.96305e-08
1.70199e-09
5.96978e-08
1.79772e-09
5.97741e-08
1.8861e-09
5.98572e-08
1.96425e-09
5.99442e-08
2.02917e-09
6.00315e-08
2.07879e-09
6.01157e-08
2.11196e-09
6.01939e-08
2.12962e-09
6.02644e-08
2.13326e-09
6.03265e-08
2.126e-09
6.03802e-08
2.11036e-09
6.04262e-08
2.08958e-09
6.04651e-08
2.06523e-09
6.04978e-08
2.0394e-09
6.05251e-08
2.0125e-09
6.05476e-08
1.98581e-09
6.05663e-08
1.95911e-09
6.05815e-08
1.93327e-09
6.05939e-08
1.90771e-09
6.06038e-08
1.88318e-09
6.06116e-08
1.85891e-09
6.06174e-08
1.83578e-09
6.06217e-08
1.81288e-09
6.06246e-08
1.79123e-09
6.06264e-08
1.76971e-09
6.06271e-08
1.74952e-09
6.06269e-08
1.7293e-09
6.0626e-08
1.71046e-09
6.06244e-08
1.69144e-09
6.06223e-08
1.67382e-09
6.06197e-08
1.65591e-09
6.06167e-08
1.6394e-09
6.06134e-08
1.6225e-09
6.06099e-08
1.60701e-09
6.06061e-08
1.59102e-09
6.06021e-08
1.57649e-09
6.05981e-08
1.56127e-09
6.05939e-08
1.54767e-09
6.05896e-08
1.53313e-09
6.05853e-08
1.52039e-09
6.0581e-08
1.50648e-09
6.05767e-08
1.49452e-09
6.05724e-08
1.48124e-09
6.05681e-08
1.46995e-09
6.05638e-08
1.45728e-09
6.05597e-08
1.44663e-09
6.05555e-08
1.43449e-09
6.05515e-08
1.42452e-09
6.05475e-08
1.41278e-09
6.05436e-08
1.4035e-09
6.05398e-08
1.39213e-09
6.05361e-08
1.38348e-09
6.05324e-08
1.37249e-09
6.05289e-08
1.36438e-09
6.05255e-08
1.35379e-09
6.05222e-08
1.34616e-09
6.05189e-08
1.3359e-09
6.05158e-08
1.32881e-09
6.05127e-08
1.31877e-09
6.05099e-08
1.31223e-09
6.0507e-08
1.30239e-09
6.05043e-08
1.29628e-09
6.05016e-08
1.28669e-09
6.04991e-08
1.28099e-09
6.04966e-08
1.27155e-09
6.04943e-08
1.2663e-09
6.04919e-08
1.25694e-09
6.04898e-08
1.25208e-09
6.04875e-08
1.24284e-09
6.04855e-08
1.2383e-09
6.04834e-08
1.22914e-09
6.04815e-08
1.22493e-09
6.04795e-08
1.21577e-09
6.04777e-08
1.21195e-09
6.04757e-08
1.20272e-09
6.0474e-08
1.19921e-09
6.0472e-08
1.19007e-09
6.04703e-08
1.18672e-09
6.04683e-08
1.1776e-09
6.04666e-08
1.17466e-09
6.04646e-08
1.16537e-09
6.04627e-08
1.16278e-09
6.04606e-08
1.15363e-09
6.04587e-08
1.15124e-09
6.04564e-08
1.14215e-09
6.04542e-08
1.14033e-09
6.04517e-08
1.13122e-09
6.04493e-08
1.12987e-09
6.04464e-08
1.12118e-09
6.04437e-08
1.12037e-09
6.04405e-08
1.11202e-09
6.04372e-08
1.11222e-09
6.04336e-08
1.10447e-09
6.04298e-08
1.10575e-09
6.04256e-08
1.09911e-09
6.04213e-08
1.10199e-09
6.04166e-08
1.09671e-09
6.04118e-08
1.10171e-09
1.09846e-09
6.18356e-08
1.54617e-09
-6.17921e-08
6.18884e-08
1.64921e-09
6.19498e-08
1.73628e-09
6.20188e-08
1.81706e-09
6.20938e-08
1.88925e-09
6.21725e-08
1.9505e-09
6.22521e-08
1.99926e-09
6.23296e-08
2.03442e-09
6.24027e-08
2.05652e-09
6.24696e-08
2.06634e-09
6.25295e-08
2.06616e-09
6.2582e-08
2.05779e-09
6.26277e-08
2.04395e-09
6.26669e-08
2.026e-09
6.27004e-08
2.00594e-09
6.27287e-08
1.98417e-09
6.27525e-08
1.96198e-09
6.27724e-08
1.93918e-09
6.2789e-08
1.91672e-09
6.28026e-08
1.89409e-09
6.28137e-08
1.87209e-09
6.28226e-08
1.85006e-09
6.28295e-08
1.82885e-09
6.28347e-08
1.80764e-09
6.28385e-08
1.78743e-09
6.28411e-08
1.76718e-09
6.28425e-08
1.74807e-09
6.2843e-08
1.7288e-09
6.28427e-08
1.71076e-09
6.28417e-08
1.69245e-09
6.28401e-08
1.67541e-09
6.2838e-08
1.65803e-09
6.28355e-08
1.64192e-09
6.28326e-08
1.62541e-09
6.28294e-08
1.61019e-09
6.28259e-08
1.59447e-09
6.28223e-08
1.58011e-09
6.28185e-08
1.56509e-09
6.28146e-08
1.55157e-09
6.28106e-08
1.53716e-09
6.28065e-08
1.52444e-09
6.28024e-08
1.51062e-09
6.27983e-08
1.49862e-09
6.27941e-08
1.48539e-09
6.279e-08
1.47403e-09
6.27859e-08
1.46139e-09
6.27819e-08
1.45064e-09
6.27779e-08
1.43851e-09
6.2774e-08
1.4284e-09
6.27701e-08
1.41667e-09
6.27664e-08
1.40724e-09
6.27627e-08
1.39586e-09
6.27591e-08
1.38705e-09
6.27555e-08
1.37605e-09
6.27522e-08
1.36776e-09
6.27488e-08
1.35716e-09
6.27456e-08
1.34934e-09
6.27424e-08
1.33909e-09
6.27394e-08
1.33179e-09
6.27364e-08
1.32177e-09
6.27337e-08
1.315e-09
6.27309e-08
1.30519e-09
6.27283e-08
1.29887e-09
6.27257e-08
1.2893e-09
6.27232e-08
1.2834e-09
6.27208e-08
1.27399e-09
6.27186e-08
1.26853e-09
6.27163e-08
1.25923e-09
6.27142e-08
1.25414e-09
6.27121e-08
1.24498e-09
6.27102e-08
1.24022e-09
6.27081e-08
1.23115e-09
6.27063e-08
1.22674e-09
6.27044e-08
1.21766e-09
6.27027e-08
1.21366e-09
6.27009e-08
1.20455e-09
6.26993e-08
1.20084e-09
6.26975e-08
1.19185e-09
6.26959e-08
1.18832e-09
6.26941e-08
1.17936e-09
6.26925e-08
1.17628e-09
6.26907e-08
1.16715e-09
6.26891e-08
1.16444e-09
6.26872e-08
1.15549e-09
6.26854e-08
1.15301e-09
6.26834e-08
1.14414e-09
6.26815e-08
1.14225e-09
6.26793e-08
1.13339e-09
6.26772e-08
1.13203e-09
6.26748e-08
1.12359e-09
6.26723e-08
1.12282e-09
6.26696e-08
1.11475e-09
6.26668e-08
1.11503e-09
6.26637e-08
1.10761e-09
6.26604e-08
1.10899e-09
6.26569e-08
1.10266e-09
6.26532e-08
1.10569e-09
6.26492e-08
1.1007e-09
6.26451e-08
1.1058e-09
1.10281e-09
6.41766e-08
1.50504e-09
-6.41355e-08
6.42255e-08
1.60037e-09
6.42814e-08
1.6803e-09
6.4344e-08
1.75451e-09
6.44119e-08
1.82138e-09
6.44831e-08
1.87922e-09
6.45555e-08
1.92687e-09
6.46267e-08
1.96322e-09
6.46947e-08
1.98859e-09
6.47578e-08
2.00326e-09
6.4815e-08
2.00893e-09
6.4866e-08
2.00679e-09
6.49109e-08
1.99909e-09
6.49499e-08
1.98692e-09
6.49837e-08
1.97215e-09
6.50127e-08
1.95518e-09
6.50374e-08
1.93725e-09
6.50584e-08
1.91826e-09
6.5076e-08
1.89911e-09
6.50907e-08
1.87941e-09
6.51028e-08
1.85997e-09
6.51126e-08
1.8402e-09
6.51205e-08
1.82097e-09
6.51267e-08
1.80149e-09
6.51313e-08
1.7828e-09
6.51346e-08
1.76386e-09
6.51368e-08
1.74589e-09
6.5138e-08
1.72763e-09
6.51383e-08
1.71044e-09
6.51378e-08
1.6929e-09
6.51368e-08
1.67647e-09
6.51351e-08
1.65967e-09
6.51331e-08
1.644e-09
6.51306e-08
1.62791e-09
6.51278e-08
1.61299e-09
6.51247e-08
1.59757e-09
6.51214e-08
1.58341e-09
6.51179e-08
1.56859e-09
6.51143e-08
1.55519e-09
6.51105e-08
1.54092e-09
6.51067e-08
1.52825e-09
6.51028e-08
1.51451e-09
6.50989e-08
1.50252e-09
6.5095e-08
1.48933e-09
6.50911e-08
1.47793e-09
6.50871e-08
1.46531e-09
6.50833e-08
1.45448e-09
6.50795e-08
1.44235e-09
6.50757e-08
1.43214e-09
6.5072e-08
1.4204e-09
6.50684e-08
1.41084e-09
6.50648e-08
1.39945e-09
6.50614e-08
1.3905e-09
6.50579e-08
1.37947e-09
6.50547e-08
1.37104e-09
6.50514e-08
1.3604e-09
6.50483e-08
1.35243e-09
6.50453e-08
1.34215e-09
6.50424e-08
1.33468e-09
6.50395e-08
1.32465e-09
6.50368e-08
1.3177e-09
6.50341e-08
1.30788e-09
6.50316e-08
1.3014e-09
6.50291e-08
1.2918e-09
6.50267e-08
1.28575e-09
6.50244e-08
1.27632e-09
6.50222e-08
1.2707e-09
6.50201e-08
1.26142e-09
6.50181e-08
1.25614e-09
6.5016e-08
1.24703e-09
6.50141e-08
1.24209e-09
6.50122e-08
1.23305e-09
6.50105e-08
1.22851e-09
6.50087e-08
1.21946e-09
6.5007e-08
1.21532e-09
6.50053e-08
1.20628e-09
6.50037e-08
1.20242e-09
6.5002e-08
1.19352e-09
6.50005e-08
1.18989e-09
6.49988e-08
1.18099e-09
6.49973e-08
1.17784e-09
6.49956e-08
1.16882e-09
6.4994e-08
1.16604e-09
6.49923e-08
1.15722e-09
6.49906e-08
1.15471e-09
6.49887e-08
1.14598e-09
6.49869e-08
1.14409e-09
6.49849e-08
1.13541e-09
6.49828e-08
1.13408e-09
6.49806e-08
1.12582e-09
6.49783e-08
1.12514e-09
6.49757e-08
1.11729e-09
6.49731e-08
1.11766e-09
6.49702e-08
1.1105e-09
6.49672e-08
1.11203e-09
6.49639e-08
1.10593e-09
6.49605e-08
1.10911e-09
6.49568e-08
1.10435e-09
6.49531e-08
1.10957e-09
1.10675e-09
6.66002e-08
1.46502e-09
-6.65602e-08
6.66447e-08
1.55588e-09
6.66955e-08
1.62955e-09
6.67523e-08
1.69767e-09
6.68139e-08
1.75978e-09
6.68786e-08
1.81456e-09
6.69444e-08
1.861e-09
6.70097e-08
1.898e-09
6.70725e-08
1.92574e-09
6.71316e-08
1.9442e-09
6.71859e-08
1.95463e-09
6.72349e-08
1.95775e-09
6.72786e-08
1.95541e-09
6.73171e-08
1.94842e-09
6.73508e-08
1.93846e-09
6.738e-08
1.92593e-09
6.74053e-08
1.91201e-09
6.74269e-08
1.89663e-09
6.74453e-08
1.88071e-09
6.74608e-08
1.86389e-09
6.74738e-08
1.84699e-09
6.74845e-08
1.82949e-09
6.74932e-08
1.81225e-09
6.75002e-08
1.79454e-09
6.75056e-08
1.77739e-09
6.75096e-08
1.75982e-09
6.75125e-08
1.74303e-09
6.75143e-08
1.72581e-09
6.75152e-08
1.70951e-09
6.75154e-08
1.69277e-09
6.75148e-08
1.67701e-09
6.75137e-08
1.6608e-09
6.75121e-08
1.64562e-09
6.751e-08
1.62997e-09
6.75076e-08
1.61539e-09
6.75049e-08
1.60029e-09
6.75019e-08
1.58636e-09
6.74987e-08
1.57177e-09
6.74954e-08
1.5585e-09
6.7492e-08
1.54439e-09
6.74884e-08
1.53179e-09
6.74848e-08
1.51815e-09
6.74811e-08
1.50617e-09
6.74774e-08
1.49304e-09
6.74738e-08
1.48162e-09
6.747e-08
1.46901e-09
6.74664e-08
1.45813e-09
6.74628e-08
1.446e-09
6.74592e-08
1.4357e-09
6.74556e-08
1.42395e-09
6.74522e-08
1.41428e-09
6.74488e-08
1.40286e-09
6.74455e-08
1.3938e-09
6.74422e-08
1.38272e-09
6.74391e-08
1.37418e-09
6.7436e-08
1.36349e-09
6.7433e-08
1.3554e-09
6.74301e-08
1.34508e-09
6.74273e-08
1.33745e-09
6.74246e-08
1.3274e-09
6.7422e-08
1.32029e-09
6.74194e-08
1.31045e-09
6.7417e-08
1.30383e-09
6.74146e-08
1.29418e-09
6.74123e-08
1.28802e-09
6.74101e-08
1.27853e-09
6.7408e-08
1.27278e-09
6.7406e-08
1.26349e-09
6.7404e-08
1.25807e-09
6.74021e-08
1.24896e-09
6.74003e-08
1.2439e-09
6.73985e-08
1.23485e-09
6.73968e-08
1.23022e-09
6.73951e-08
1.22115e-09
6.73935e-08
1.21693e-09
6.73919e-08
1.2079e-09
6.73903e-08
1.20395e-09
6.73888e-08
1.19509e-09
6.73873e-08
1.1914e-09
6.73857e-08
1.18254e-09
6.73842e-08
1.17935e-09
6.73826e-08
1.1704e-09
6.73811e-08
1.16759e-09
6.73795e-08
1.15885e-09
6.73778e-08
1.15634e-09
6.73761e-08
1.14773e-09
6.73743e-08
1.14586e-09
6.73724e-08
1.13732e-09
6.73704e-08
1.13606e-09
6.73683e-08
1.12794e-09
6.7366e-08
1.12738e-09
6.73636e-08
1.11971e-09
6.73611e-08
1.12019e-09
6.73584e-08
1.11325e-09
6.73555e-08
1.11493e-09
6.73524e-08
1.10903e-09
6.73491e-08
1.11237e-09
6.73457e-08
1.1078e-09
6.73421e-08
1.11312e-09
1.11045e-09
6.91109e-08
1.44001e-09
-6.90859e-08
6.91485e-08
1.51831e-09
6.91949e-08
1.58312e-09
6.92469e-08
1.64569e-09
6.93028e-08
1.70387e-09
6.93615e-08
1.75592e-09
6.94213e-08
1.80112e-09
6.94809e-08
1.83841e-09
6.95388e-08
1.86786e-09
6.95938e-08
1.88924e-09
6.96449e-08
1.9035e-09
6.96916e-08
1.91102e-09
6.97337e-08
1.91329e-09
6.97713e-08
1.91087e-09
6.98045e-08
1.90527e-09
6.98336e-08
1.8968e-09
6.9859e-08
1.88661e-09
6.9881e-08
1.87465e-09
6.98999e-08
1.8618e-09
6.9916e-08
1.84776e-09
6.99297e-08
1.83335e-09
6.99411e-08
1.81808e-09
6.99505e-08
1.80283e-09
6.99581e-08
1.7869e-09
6.99642e-08
1.7713e-09
6.99689e-08
1.75512e-09
6.99724e-08
1.73953e-09
6.99748e-08
1.7234e-09
6.99763e-08
1.70801e-09
6.9977e-08
1.6921e-09
6.9977e-08
1.67703e-09
6.99763e-08
1.66145e-09
6.99752e-08
1.64678e-09
6.99735e-08
1.6316e-09
6.99715e-08
1.61739e-09
6.99692e-08
1.60263e-09
6.99666e-08
1.58894e-09
6.99638e-08
1.57459e-09
6.99608e-08
1.56149e-09
6.99577e-08
1.54754e-09
6.99544e-08
1.53503e-09
6.99511e-08
1.52149e-09
6.99477e-08
1.50956e-09
6.99442e-08
1.49648e-09
6.99408e-08
1.48506e-09
6.99373e-08
1.47247e-09
6.99339e-08
1.46156e-09
6.99305e-08
1.44942e-09
6.99271e-08
1.43906e-09
6.99238e-08
1.4273e-09
6.99205e-08
1.41754e-09
6.99173e-08
1.40609e-09
6.99142e-08
1.39694e-09
6.99111e-08
1.3858e-09
6.99081e-08
1.37717e-09
6.99052e-08
1.36641e-09
6.99024e-08
1.35822e-09
6.98996e-08
1.34784e-09
6.9897e-08
1.34009e-09
6.98944e-08
1.33e-09
6.98919e-08
1.32276e-09
6.98895e-08
1.31287e-09
6.98872e-08
1.30614e-09
6.98849e-08
1.29642e-09
6.98828e-08
1.29017e-09
6.98807e-08
1.28062e-09
6.98787e-08
1.27477e-09
6.98767e-08
1.26545e-09
6.98749e-08
1.25991e-09
6.98731e-08
1.25078e-09
6.98714e-08
1.24562e-09
6.98697e-08
1.23653e-09
6.98681e-08
1.23184e-09
6.98665e-08
1.22274e-09
6.98649e-08
1.21845e-09
6.98634e-08
1.20943e-09
6.9862e-08
1.20541e-09
6.98605e-08
1.19657e-09
6.9859e-08
1.19283e-09
6.98576e-08
1.18399e-09
6.98562e-08
1.18078e-09
6.98547e-08
1.17188e-09
6.98532e-08
1.16907e-09
6.98517e-08
1.16039e-09
6.98501e-08
1.15791e-09
6.98484e-08
1.14939e-09
6.98468e-08
1.14754e-09
6.98449e-08
1.13914e-09
6.9843e-08
1.13796e-09
6.9841e-08
1.12995e-09
6.98389e-08
1.12951e-09
6.98366e-08
1.12202e-09
6.98342e-08
1.12261e-09
6.98315e-08
1.11587e-09
6.98288e-08
1.11769e-09
6.98258e-08
1.11198e-09
6.98227e-08
1.11545e-09
6.98195e-08
1.11107e-09
6.98161e-08
1.11649e-09
1.11392e-09
9.83155e-08
1.37648e-09
-9.8252e-08
9.83745e-08
1.4593e-09
9.84342e-08
1.52349e-09
9.84974e-08
1.58245e-09
9.8565e-08
1.63632e-09
9.86358e-08
1.68504e-09
9.87084e-08
1.72856e-09
9.87808e-08
1.766e-09
9.88516e-08
1.79704e-09
9.89195e-08
1.82134e-09
9.89834e-08
1.8396e-09
9.90426e-08
1.85185e-09
9.90966e-08
1.85926e-09
9.91454e-08
1.86208e-09
9.91891e-08
1.86159e-09
9.92279e-08
1.85798e-09
9.92622e-08
1.85234e-09
9.92922e-08
1.84461e-09
9.93184e-08
1.83565e-09
9.93409e-08
1.8252e-09
9.93602e-08
1.81404e-09
9.93766e-08
1.80172e-09
9.93903e-08
1.78911e-09
9.94017e-08
1.77556e-09
9.94109e-08
1.76208e-09
9.94182e-08
1.74779e-09
9.94239e-08
1.73386e-09
9.94281e-08
1.7192e-09
9.9431e-08
1.7051e-09
9.94327e-08
1.69034e-09
9.94335e-08
1.67626e-09
9.94334e-08
1.66155e-09
9.94326e-08
1.64762e-09
9.94311e-08
1.63309e-09
9.94291e-08
1.61942e-09
9.94265e-08
1.60515e-09
9.94236e-08
1.59184e-09
9.94204e-08
1.57784e-09
9.94169e-08
1.56499e-09
9.94132e-08
1.55128e-09
9.94093e-08
1.53893e-09
9.94052e-08
1.52554e-09
9.94011e-08
1.5137e-09
9.93969e-08
1.50069e-09
9.93926e-08
1.48931e-09
9.93883e-08
1.47675e-09
9.93841e-08
1.46581e-09
9.93798e-08
1.45369e-09
9.93756e-08
1.44325e-09
9.93714e-08
1.43148e-09
9.93674e-08
1.42162e-09
9.93633e-08
1.41013e-09
9.93594e-08
1.40087e-09
9.93555e-08
1.38966e-09
9.93518e-08
1.38093e-09
9.93481e-08
1.37007e-09
9.93446e-08
1.36177e-09
9.93411e-08
1.35131e-09
9.93378e-08
1.34341e-09
9.93345e-08
1.33327e-09
9.93314e-08
1.32586e-09
9.93283e-08
1.31591e-09
9.93254e-08
1.30905e-09
9.93226e-08
1.29923e-09
9.93199e-08
1.29287e-09
9.93173e-08
1.28324e-09
9.93148e-08
1.27726e-09
9.93124e-08
1.26789e-09
9.93101e-08
1.26221e-09
9.93078e-08
1.25305e-09
9.93056e-08
1.24777e-09
9.93035e-08
1.23864e-09
9.93015e-08
1.23386e-09
9.92995e-08
1.22472e-09
9.92976e-08
1.22035e-09
9.92957e-08
1.21134e-09
9.92939e-08
1.20723e-09
9.9292e-08
1.19841e-09
9.92903e-08
1.19463e-09
9.92884e-08
1.18581e-09
9.92866e-08
1.18258e-09
9.92848e-08
1.17374e-09
9.92829e-08
1.17093e-09
9.9281e-08
1.16232e-09
9.9279e-08
1.15988e-09
9.92769e-08
1.15149e-09
9.92748e-08
1.14968e-09
9.92725e-08
1.14145e-09
9.92701e-08
1.14037e-09
9.92675e-08
1.13253e-09
9.92648e-08
1.13223e-09
9.92618e-08
1.12497e-09
9.92588e-08
1.12568e-09
9.92554e-08
1.11921e-09
9.92519e-08
1.1212e-09
9.92481e-08
1.11574e-09
9.92442e-08
1.11936e-09
9.92401e-08
1.11521e-09
9.92359e-08
1.12072e-09
1.11828e-09
1.10416e-07
1.3424e-09
-1.10382e-07
1.10459e-07
1.4165e-09
1.10512e-07
1.47074e-09
1.10571e-07
1.52337e-09
1.10634e-07
1.57333e-09
1.10699e-07
1.6195e-09
1.10766e-07
1.6616e-09
1.10833e-07
1.69885e-09
1.10899e-07
1.73087e-09
1.10964e-07
1.75725e-09
1.11025e-07
1.77854e-09
1.11082e-07
1.79458e-09
1.11135e-07
1.80627e-09
1.11183e-07
1.81363e-09
1.11227e-07
1.8177e-09
1.11267e-07
1.81854e-09
1.11302e-07
1.81712e-09
1.11333e-07
1.81339e-09
1.11361e-07
1.80815e-09
1.11385e-07
1.80117e-09
1.11405e-07
1.7932e-09
1.11423e-07
1.78383e-09
1.11439e-07
1.77389e-09
1.11451e-07
1.76277e-09
1.11462e-07
1.75146e-09
1.11471e-07
1.73913e-09
1.11478e-07
1.72694e-09
1.11483e-07
1.71383e-09
1.11487e-07
1.7011e-09
1.1149e-07
1.68755e-09
1.11491e-07
1.67453e-09
1.11492e-07
1.66076e-09
1.11492e-07
1.64764e-09
1.11491e-07
1.63382e-09
1.1149e-07
1.62076e-09
1.11488e-07
1.60701e-09
1.11486e-07
1.59414e-09
1.11483e-07
1.58053e-09
1.1148e-07
1.56797e-09
1.11477e-07
1.55453e-09
1.11474e-07
1.54238e-09
1.1147e-07
1.52917e-09
1.11466e-07
1.51744e-09
1.11462e-07
1.50453e-09
1.11459e-07
1.49321e-09
1.11455e-07
1.48069e-09
1.11451e-07
1.46976e-09
1.11447e-07
1.45765e-09
1.11443e-07
1.44716e-09
1.11439e-07
1.43539e-09
1.11435e-07
1.42544e-09
1.11431e-07
1.41392e-09
1.11428e-07
1.40457e-09
1.11424e-07
1.39328e-09
1.1142e-07
1.38447e-09
1.11417e-07
1.37352e-09
1.11414e-07
1.36512e-09
1.1141e-07
1.35458e-09
1.11407e-07
1.34655e-09
1.11404e-07
1.33634e-09
1.11401e-07
1.32879e-09
1.11398e-07
1.31877e-09
1.11396e-07
1.31179e-09
1.11393e-07
1.30187e-09
1.1139e-07
1.29542e-09
1.11388e-07
1.28569e-09
1.11386e-07
1.2796e-09
1.11383e-07
1.27017e-09
1.11381e-07
1.26437e-09
1.11379e-07
1.25517e-09
1.11377e-07
1.24977e-09
1.11375e-07
1.2406e-09
1.11373e-07
1.23574e-09
1.11371e-07
1.22656e-09
1.1137e-07
1.22212e-09
1.11368e-07
1.2131e-09
1.11366e-07
1.20892e-09
1.11364e-07
1.20011e-09
1.11363e-07
1.19629e-09
1.11361e-07
1.18751e-09
1.11359e-07
1.18425e-09
1.11358e-07
1.17546e-09
1.11356e-07
1.17267e-09
1.11354e-07
1.16414e-09
1.11352e-07
1.16173e-09
1.1135e-07
1.15347e-09
1.11348e-07
1.15171e-09
1.11346e-07
1.14364e-09
1.11344e-07
1.14266e-09
1.11341e-07
1.13499e-09
1.11339e-07
1.13483e-09
1.11336e-07
1.12779e-09
1.11333e-07
1.12865e-09
1.1133e-07
1.12242e-09
1.11326e-07
1.12457e-09
1.11323e-07
1.11935e-09
1.11319e-07
1.1231e-09
1.11315e-07
1.11917e-09
1.11311e-07
1.12476e-09
1.12244e-09
1.23961e-07
1.29742e-09
-1.23916e-07
1.24009e-07
1.36889e-09
1.24059e-07
1.42079e-09
1.24112e-07
1.47003e-09
1.24169e-07
1.51679e-09
1.24227e-07
1.56063e-09
1.24288e-07
1.60137e-09
1.24348e-07
1.63814e-09
1.24409e-07
1.67062e-09
1.24467e-07
1.69839e-09
1.24524e-07
1.7219e-09
1.24578e-07
1.74086e-09
1.24628e-07
1.75599e-09
1.24675e-07
1.76711e-09
1.24717e-07
1.7751e-09
1.24756e-07
1.77986e-09
1.24791e-07
1.78226e-09
1.24822e-07
1.78217e-09
1.2485e-07
1.78037e-09
1.24874e-07
1.77663e-09
1.24896e-07
1.77167e-09
1.24915e-07
1.7651e-09
1.24931e-07
1.75773e-09
1.24944e-07
1.74898e-09
1.24956e-07
1.73981e-09
1.24966e-07
1.72943e-09
1.24974e-07
1.71897e-09
1.2498e-07
1.70744e-09
1.24985e-07
1.69609e-09
1.24989e-07
1.68378e-09
1.24992e-07
1.67184e-09
1.24993e-07
1.65905e-09
1.24994e-07
1.64677e-09
1.24994e-07
1.6337e-09
1.24994e-07
1.62127e-09
1.24993e-07
1.60808e-09
1.24991e-07
1.59567e-09
1.24989e-07
1.58248e-09
1.24987e-07
1.57024e-09
1.24984e-07
1.55711e-09
1.24982e-07
1.54517e-09
1.24979e-07
1.53217e-09
1.24976e-07
1.52058e-09
1.24972e-07
1.50779e-09
1.24969e-07
1.49656e-09
1.24966e-07
1.48409e-09
1.24962e-07
1.47319e-09
1.24959e-07
1.4611e-09
1.24955e-07
1.45059e-09
1.24952e-07
1.43882e-09
1.24948e-07
1.42881e-09
1.24945e-07
1.41726e-09
1.24942e-07
1.40784e-09
1.24939e-07
1.39649e-09
1.24935e-07
1.38761e-09
1.24932e-07
1.37657e-09
1.24929e-07
1.36808e-09
1.24927e-07
1.35747e-09
1.24924e-07
1.34932e-09
1.24921e-07
1.33906e-09
1.24918e-07
1.33137e-09
1.24916e-07
1.32128e-09
1.24914e-07
1.31419e-09
1.24911e-07
1.30419e-09
1.24909e-07
1.29764e-09
1.24907e-07
1.28783e-09
1.24905e-07
1.28164e-09
1.24903e-07
1.27215e-09
1.24901e-07
1.26624e-09
1.24899e-07
1.257e-09
1.24897e-07
1.2515e-09
1.24896e-07
1.24229e-09
1.24894e-07
1.23735e-09
1.24893e-07
1.22814e-09
1.24891e-07
1.22364e-09
1.2489e-07
1.2146e-09
1.24888e-07
1.21036e-09
1.24887e-07
1.20158e-09
1.24885e-07
1.19771e-09
1.24884e-07
1.18896e-09
1.24882e-07
1.1857e-09
1.24881e-07
1.17695e-09
1.24879e-07
1.17419e-09
1.24878e-07
1.16573e-09
1.24876e-07
1.16336e-09
1.24874e-07
1.15522e-09
1.24873e-07
1.15351e-09
1.24871e-07
1.1456e-09
1.24869e-07
1.14472e-09
1.24866e-07
1.13722e-09
1.24864e-07
1.13719e-09
1.24861e-07
1.13035e-09
1.24859e-07
1.13135e-09
1.24856e-07
1.12534e-09
1.24853e-07
1.12764e-09
1.24849e-07
1.12263e-09
1.24846e-07
1.1265e-09
1.24842e-07
1.12275e-09
1.24839e-07
1.12846e-09
1.12625e-09
1.39164e-07
1.26154e-09
-1.39128e-07
1.39205e-07
1.32827e-09
1.39249e-07
1.37637e-09
1.39296e-07
1.42298e-09
1.39345e-07
1.46766e-09
1.39396e-07
1.5098e-09
1.39448e-07
1.54931e-09
1.39501e-07
1.58541e-09
1.39553e-07
1.618e-09
1.39605e-07
1.64663e-09
1.39655e-07
1.6717e-09
1.39703e-07
1.6928e-09
1.39749e-07
1.71055e-09
1.39791e-07
1.72464e-09
1.39831e-07
1.73581e-09
1.39867e-07
1.74384e-09
1.39899e-07
1.74948e-09
1.39929e-07
1.75256e-09
1.39956e-07
1.75377e-09
1.39979e-07
1.75289e-09
1.4e-07
1.75061e-09
1.40019e-07
1.74656e-09
1.40035e-07
1.74153e-09
1.40049e-07
1.73494e-09
1.40061e-07
1.72776e-09
1.40072e-07
1.7192e-09
1.4008e-07
1.71038e-09
1.40087e-07
1.70033e-09
1.40093e-07
1.69031e-09
1.40098e-07
1.67919e-09
1.40101e-07
1.66831e-09
1.40104e-07
1.65645e-09
1.40105e-07
1.64499e-09
1.40107e-07
1.63265e-09
1.40107e-07
1.62086e-09
1.40107e-07
1.60823e-09
1.40106e-07
1.59629e-09
1.40105e-07
1.58352e-09
1.40104e-07
1.57162e-09
1.40102e-07
1.5588e-09
1.401e-07
1.54709e-09
1.40098e-07
1.5343e-09
1.40096e-07
1.52287e-09
1.40093e-07
1.51021e-09
1.40091e-07
1.49908e-09
1.40088e-07
1.48668e-09
1.40086e-07
1.47584e-09
1.40083e-07
1.46378e-09
1.4008e-07
1.45326e-09
1.40077e-07
1.44151e-09
1.40075e-07
1.43145e-09
1.40072e-07
1.4199e-09
1.4007e-07
1.41041e-09
1.40067e-07
1.39903e-09
1.40065e-07
1.39008e-09
1.40062e-07
1.37898e-09
1.4006e-07
1.37043e-09
1.40058e-07
1.35973e-09
1.40055e-07
1.3515e-09
1.40053e-07
1.34118e-09
1.40051e-07
1.33338e-09
1.40049e-07
1.32325e-09
1.40047e-07
1.31605e-09
1.40046e-07
1.30598e-09
1.40044e-07
1.29935e-09
1.40042e-07
1.28946e-09
1.40041e-07
1.2832e-09
1.40039e-07
1.27364e-09
1.40038e-07
1.26765e-09
1.40036e-07
1.25837e-09
1.40035e-07
1.25278e-09
1.40034e-07
1.24355e-09
1.40033e-07
1.23854e-09
1.40032e-07
1.22929e-09
1.40031e-07
1.22475e-09
1.40029e-07
1.21569e-09
1.40028e-07
1.21142e-09
1.40027e-07
1.20264e-09
1.40026e-07
1.19874e-09
1.40025e-07
1.19003e-09
1.40024e-07
1.18676e-09
1.40023e-07
1.17806e-09
1.40022e-07
1.17533e-09
1.40021e-07
1.16692e-09
1.40019e-07
1.16461e-09
1.40018e-07
1.15658e-09
1.40017e-07
1.15493e-09
1.40015e-07
1.14715e-09
1.40013e-07
1.14638e-09
1.40012e-07
1.13902e-09
1.4001e-07
1.13912e-09
1.40008e-07
1.13245e-09
1.40005e-07
1.1336e-09
1.40003e-07
1.12777e-09
1.4e-07
1.13023e-09
1.39998e-07
1.12539e-09
1.39995e-07
1.12936e-09
1.39992e-07
1.12571e-09
1.39989e-07
1.13157e-09
1.1295e-09
1.5621e-07
1.22928e-09
-1.56178e-07
1.56245e-07
1.29326e-09
1.56281e-07
1.33984e-09
1.56319e-07
1.38493e-09
1.56359e-07
1.42805e-09
1.564e-07
1.46879e-09
1.56442e-07
1.50721e-09
1.56485e-07
1.54271e-09
1.56528e-07
1.57525e-09
1.5657e-07
1.60438e-09
1.56611e-07
1.63044e-09
1.56651e-07
1.653e-09
1.56689e-07
1.6726e-09
1.56725e-07
1.68885e-09
1.56758e-07
1.70238e-09
1.56789e-07
1.71291e-09
1.56817e-07
1.72107e-09
1.56843e-07
1.72665e-09
1.56867e-07
1.73027e-09
1.56888e-07
1.73171e-09
1.56907e-07
1.73161e-09
1.56924e-07
1.72964e-09
1.56939e-07
1.72653e-09
1.56952e-07
1.72176e-09
1.56964e-07
1.71625e-09
1.56974e-07
1.70923e-09
1.56982e-07
1.70182e-09
1.56989e-07
1.69305e-09
1.56996e-07
1.68418e-09
1.57001e-07
1.6741e-09
1.57005e-07
1.66415e-09
1.57008e-07
1.65312e-09
1.57011e-07
1.6424e-09
1.57013e-07
1.63071e-09
1.57014e-07
1.61948e-09
1.57015e-07
1.60737e-09
1.57015e-07
1.59586e-09
1.57015e-07
1.58348e-09
1.57015e-07
1.57189e-09
1.57015e-07
1.55936e-09
1.57014e-07
1.54787e-09
1.57013e-07
1.53529e-09
1.57012e-07
1.52402e-09
1.5701e-07
1.51149e-09
1.57009e-07
1.50047e-09
1.57007e-07
1.48814e-09
1.57006e-07
1.47736e-09
1.57004e-07
1.46534e-09
1.57003e-07
1.45484e-09
1.57001e-07
1.44312e-09
1.57e-07
1.43303e-09
1.56998e-07
1.42149e-09
1.56996e-07
1.41197e-09
1.56995e-07
1.40056e-09
1.56993e-07
1.39158e-09
1.56992e-07
1.38042e-09
1.56991e-07
1.37183e-09
1.56989e-07
1.36108e-09
1.56988e-07
1.35279e-09
1.56987e-07
1.34243e-09
1.56986e-07
1.33454e-09
1.56984e-07
1.32438e-09
1.56983e-07
1.31709e-09
1.56982e-07
1.30698e-09
1.56981e-07
1.30029e-09
1.56981e-07
1.29033e-09
1.5698e-07
1.28402e-09
1.56979e-07
1.27441e-09
1.56978e-07
1.26835e-09
1.56978e-07
1.25904e-09
1.56977e-07
1.25339e-09
1.56976e-07
1.24414e-09
1.56976e-07
1.23908e-09
1.56975e-07
1.2298e-09
1.56975e-07
1.22525e-09
1.56974e-07
1.21616e-09
1.56974e-07
1.21187e-09
1.56973e-07
1.20311e-09
1.56973e-07
1.19919e-09
1.56973e-07
1.19051e-09
1.56972e-07
1.18724e-09
1.56972e-07
1.17857e-09
1.56971e-07
1.17589e-09
1.5697e-07
1.16753e-09
1.5697e-07
1.16527e-09
1.56969e-07
1.15733e-09
1.56968e-07
1.15574e-09
1.56967e-07
1.14808e-09
1.56966e-07
1.1474e-09
1.56965e-07
1.14016e-09
1.56964e-07
1.14038e-09
1.56962e-07
1.13386e-09
1.56961e-07
1.13513e-09
1.56959e-07
1.12944e-09
1.56957e-07
1.13203e-09
1.56955e-07
1.12734e-09
1.56953e-07
1.13146e-09
1.56951e-07
1.12795e-09
1.56949e-07
1.13351e-09
1.132e-09
1.75334e-07
1.21255e-09
-1.75318e-07
1.75353e-07
1.27446e-09
1.75376e-07
1.3172e-09
1.75401e-07
1.3593e-09
1.75429e-07
1.40056e-09
1.75458e-07
1.44018e-09
1.75487e-07
1.47784e-09
1.75517e-07
1.51297e-09
1.75546e-07
1.54545e-09
1.75576e-07
1.57481e-09
1.75605e-07
1.6014e-09
1.75633e-07
1.62477e-09
1.7566e-07
1.64546e-09
1.75686e-07
1.66301e-09
1.75711e-07
1.67802e-09
1.75733e-07
1.69012e-09
1.75755e-07
1.69992e-09
1.75774e-07
1.70714e-09
1.75792e-07
1.71238e-09
1.75808e-07
1.71537e-09
1.75823e-07
1.71676e-09
1.75837e-07
1.7162e-09
1.75849e-07
1.71441e-09
1.7586e-07
1.71089e-09
1.75869e-07
1.70655e-09
1.75878e-07
1.70061e-09
1.75886e-07
1.6942e-09
1.75892e-07
1.68635e-09
1.75898e-07
1.67832e-09
1.75903e-07
1.66899e-09
1.75908e-07
1.65972e-09
1.75912e-07
1.6493e-09
1.75915e-07
1.63912e-09
1.75918e-07
1.62792e-09
1.7592e-07
1.61711e-09
1.75922e-07
1.60538e-09
1.75924e-07
1.5942e-09
1.75925e-07
1.58213e-09
1.75926e-07
1.57079e-09
1.75927e-07
1.55849e-09
1.75928e-07
1.54718e-09
1.75928e-07
1.53477e-09
1.75929e-07
1.52363e-09
1.75929e-07
1.51122e-09
1.75929e-07
1.5003e-09
1.75929e-07
1.48805e-09
1.75929e-07
1.47733e-09
1.75929e-07
1.46537e-09
1.75929e-07
1.45489e-09
1.75929e-07
1.44321e-09
1.75929e-07
1.43312e-09
1.75929e-07
1.42161e-09
1.75929e-07
1.41206e-09
1.75929e-07
1.40067e-09
1.75928e-07
1.39167e-09
1.75928e-07
1.38049e-09
1.75928e-07
1.37189e-09
1.75928e-07
1.36111e-09
1.75928e-07
1.35278e-09
1.75928e-07
1.34242e-09
1.75928e-07
1.33447e-09
1.75928e-07
1.32431e-09
1.75929e-07
1.31697e-09
1.75929e-07
1.30684e-09
1.75929e-07
1.30011e-09
1.75929e-07
1.29013e-09
1.75929e-07
1.28379e-09
1.7593e-07
1.27415e-09
1.7593e-07
1.26806e-09
1.7593e-07
1.25875e-09
1.75931e-07
1.25304e-09
1.75931e-07
1.2438e-09
1.75931e-07
1.2387e-09
1.75932e-07
1.22943e-09
1.75932e-07
1.22486e-09
1.75932e-07
1.21578e-09
1.75933e-07
1.21147e-09
1.75933e-07
1.20274e-09
1.75934e-07
1.19879e-09
1.75934e-07
1.19018e-09
1.75934e-07
1.18689e-09
1.75935e-07
1.17828e-09
1.75935e-07
1.17561e-09
1.75935e-07
1.16731e-09
1.75935e-07
1.16508e-09
1.75935e-07
1.15723e-09
1.75935e-07
1.15567e-09
1.75935e-07
1.14812e-09
1.75935e-07
1.14749e-09
1.75935e-07
1.14038e-09
1.75935e-07
1.14065e-09
1.75934e-07
1.13427e-09
1.75934e-07
1.13559e-09
1.75933e-07
1.13006e-09
1.75933e-07
1.1327e-09
1.75932e-07
1.12814e-09
1.75931e-07
1.13227e-09
1.7593e-07
1.12888e-09
1.75929e-07
1.13486e-09
1.13255e-09
1.96758e-07
-1.96746e-07
1.9677e-07
1.96781e-07
1.96791e-07
1.96801e-07
1.96813e-07
1.96824e-07
1.96836e-07
1.96848e-07
1.9686e-07
1.96872e-07
1.96884e-07
1.96895e-07
1.96906e-07
1.96916e-07
1.96926e-07
1.96936e-07
1.96945e-07
1.96953e-07
1.96961e-07
1.96968e-07
1.96975e-07
1.96981e-07
1.96987e-07
1.96992e-07
1.96997e-07
1.97002e-07
1.97006e-07
1.9701e-07
1.97013e-07
1.97017e-07
1.9702e-07
1.97023e-07
1.97026e-07
1.97029e-07
1.97031e-07
1.97033e-07
1.97036e-07
1.97038e-07
1.9704e-07
1.97042e-07
1.97044e-07
1.97046e-07
1.97048e-07
1.97049e-07
1.97051e-07
1.97053e-07
1.97055e-07
1.97056e-07
1.97058e-07
1.9706e-07
1.97061e-07
1.97063e-07
1.97064e-07
1.97066e-07
1.97068e-07
1.97069e-07
1.97071e-07
1.97073e-07
1.97075e-07
1.97076e-07
1.97078e-07
1.9708e-07
1.97081e-07
1.97083e-07
1.97085e-07
1.97087e-07
1.97088e-07
1.9709e-07
1.97092e-07
1.97094e-07
1.97096e-07
1.97097e-07
1.97099e-07
1.97101e-07
1.97103e-07
1.97105e-07
1.97106e-07
1.97108e-07
1.9711e-07
1.97112e-07
1.97114e-07
1.97115e-07
1.97117e-07
1.97119e-07
1.97121e-07
1.97122e-07
1.97124e-07
1.97126e-07
1.97127e-07
1.97129e-07
1.9713e-07
1.97132e-07
1.97133e-07
1.97135e-07
1.97136e-07
1.97137e-07
1.97138e-07
1.9714e-07
3.45413e-08
2.15962e-10
3.45392e-08
-1.14002e-10
3.4516e-08
1.74839e-10
3.4501e-08
-7.36487e-11
3.44568e-08
1.77233e-10
3.44219e-08
-1.87304e-12
3.43557e-08
1.99376e-10
3.43028e-08
8.1931e-11
3.42129e-08
2.34409e-10
3.413e-08
1.8408e-10
3.40005e-08
2.96398e-10
3.38409e-08
3.52124e-10
3.3568e-08
4.99491e-10
3.29839e-08
9.66522e-10
1.67769e-09
3.58686e-08
2.17353e-10
3.58425e-08
-8.78176e-11
3.58363e-08
1.80983e-10
3.57868e-08
-2.41501e-11
3.57726e-08
1.91423e-10
3.56936e-08
7.71827e-11
3.5672e-08
2.20971e-10
3.55595e-08
1.94362e-10
3.55255e-08
2.68457e-10
3.53645e-08
3.45125e-10
3.52952e-08
3.6568e-10
3.50343e-08
6.12995e-10
3.48144e-08
7.19427e-10
3.4361e-08
1.41993e-09
1.97314e-09
3.72438e-08
1.76315e-10
3.71742e-08
-1.81695e-11
3.72041e-08
1.51069e-10
3.7117e-08
6.28985e-11
3.71302e-08
1.78228e-10
3.70255e-08
1.81897e-10
3.70146e-08
2.31909e-10
3.6897e-08
3.11979e-10
3.68457e-08
3.19683e-10
3.67117e-08
4.79163e-10
3.65784e-08
4.99022e-10
3.63973e-08
7.94046e-10
3.61132e-08
1.00352e-09
3.59268e-08
1.60634e-09
2.1804e-09
3.86306e-08
1.30781e-10
3.85633e-08
4.91047e-11
3.85831e-08
1.313e-10
3.85093e-08
1.36736e-10
3.85005e-08
1.87002e-10
3.84215e-08
2.60918e-10
3.83769e-08
2.76459e-10
3.82936e-08
3.953e-10
3.82024e-08
4.10897e-10
3.81032e-08
5.78348e-10
3.79379e-08
6.64285e-10
3.77939e-08
9.38112e-10
3.75587e-08
1.23869e-09
3.74497e-08
1.71532e-09
2.29331e-09
4.00502e-08
9.92308e-11
4.00032e-08
9.6101e-11
4.00003e-08
1.34228e-10
3.9949e-08
1.88034e-10
3.99162e-08
2.19835e-10
3.98599e-08
3.17234e-10
3.97937e-08
3.42627e-10
3.9727e-08
4.62e-10
3.96226e-08
5.15279e-10
3.95288e-08
6.72176e-10
3.93752e-08
8.17912e-10
3.92398e-08
1.07348e-09
3.90739e-08
1.40463e-09
3.89753e-08
1.81385e-09
2.33996e-09
4.15235e-08
8.13544e-11
4.14934e-08
1.26116e-10
4.14739e-08
1.53786e-10
4.1436e-08
2.25947e-10
4.13905e-08
2.65342e-10
4.13433e-08
3.64444e-10
4.12705e-08
4.15356e-10
4.12057e-08
5.26796e-10
4.11032e-08
6.17776e-10
4.10071e-08
7.68308e-10
4.08741e-08
9.50914e-10
4.07501e-08
1.19747e-09
4.06303e-08
1.52446e-09
4.05468e-08
1.89731e-09
2.34923e-09
4.30568e-08
7.2255e-11
4.3037e-08
1.45961e-10
4.30087e-08
1.82091e-10
4.29756e-08
2.59017e-10
4.29257e-08
3.15227e-10
4.28795e-08
4.107e-10
4.28075e-08
4.87336e-10
4.27396e-08
5.94685e-10
4.26438e-08
7.13525e-10
4.25475e-08
8.64706e-10
4.24332e-08
1.06519e-09
4.23245e-08
1.30619e-09
4.22332e-08
1.61572e-09
4.21733e-08
1.95721e-09
2.3381e-09
4.4651e-08
6.84559e-11
4.46365e-08
1.60394e-10
4.46049e-08
2.13721e-10
4.45721e-08
2.91777e-10
4.4522e-08
3.65361e-10
4.44736e-08
4.59134e-10
4.44049e-08
5.56046e-10
4.43341e-08
6.65467e-10
4.42458e-08
8.0183e-10
4.41527e-08
9.57773e-10
4.40541e-08
1.1638e-09
4.39616e-08
1.39863e-09
4.38914e-08
1.68594e-09
4.38546e-08
1.99399e-09
2.31424e-09
4.63065e-08
6.80175e-11
4.62944e-08
1.7243e-10
4.62627e-08
2.45463e-10
4.62285e-08
3.25997e-10
4.61797e-08
4.14157e-10
4.61287e-08
5.10072e-10
4.60636e-08
6.21202e-10
4.59921e-08
7.36978e-10
4.59106e-08
8.83339e-10
4.58237e-08
1.04459e-09
4.57385e-08
1.24908e-09
4.56619e-08
1.47521e-09
4.56093e-08
1.73852e-09
4.55911e-08
2.01223e-09
2.28155e-09
4.80248e-08
6.97458e-11
4.80132e-08
1.84004e-10
4.7983e-08
2.75679e-10
4.79471e-08
3.61875e-10
4.79e-08
4.61331e-10
4.78475e-08
5.62583e-10
4.77854e-08
6.83281e-10
4.77154e-08
8.06912e-10
4.76401e-08
9.5867e-10
4.75613e-08
1.12345e-09
4.74879e-08
1.32243e-09
4.74261e-08
1.53699e-09
4.73887e-08
1.77596e-09
4.73842e-08
2.01676e-09
2.24279e-09
4.98079e-08
7.28279e-11
4.97957e-08
1.96193e-10
4.97675e-08
3.03882e-10
4.97306e-08
3.98769e-10
4.96848e-08
5.07094e-10
4.9632e-08
6.15398e-10
4.95726e-08
7.42707e-10
4.95059e-08
8.73609e-10
4.94366e-08
1.028e-09
4.93664e-08
1.19365e-09
4.93041e-08
1.38471e-09
4.92556e-08
1.58549e-09
4.92308e-08
1.80074e-09
4.92363e-08
2.01125e-09
2.20016e-09
5.16578e-08
7.67184e-11
5.16446e-08
2.09359e-10
5.16182e-08
3.30324e-10
5.15812e-08
4.35734e-10
5.15367e-08
5.51651e-10
5.14847e-08
6.67382e-10
5.14278e-08
7.99568e-10
5.13653e-08
9.36091e-10
5.13021e-08
1.0912e-09
5.12407e-08
1.25511e-09
5.11888e-08
1.43663e-09
5.11518e-08
1.62243e-09
5.11374e-08
1.81517e-09
5.11504e-08
1.99828e-09
2.15526e-09
5.35768e-08
8.10735e-11
5.35628e-08
2.23412e-10
5.35376e-08
3.5551e-10
5.35014e-08
4.71945e-10
5.34581e-08
5.94975e-10
5.34077e-08
7.17695e-10
5.33537e-08
8.53652e-10
5.32959e-08
9.93853e-10
5.3239e-08
1.14809e-09
5.3186e-08
1.3081e-09
5.31437e-08
1.47895e-09
5.31166e-08
1.64956e-09
5.31105e-08
1.82119e-09
5.31291e-08
1.97972e-09
2.10921e-09
5.55674e-08
8.56875e-11
5.55527e-08
2.38055e-10
5.55284e-08
3.7986e-10
5.54935e-08
5.06872e-10
5.54516e-08
6.36809e-10
5.54036e-08
7.65745e-10
5.53526e-08
9.04589e-10
5.52998e-08
1.04665e-09
5.52493e-08
1.19859e-09
5.52044e-08
1.35305e-09
5.51707e-08
1.51261e-09
5.51519e-08
1.66841e-09
5.51527e-08
1.82041e-09
5.51754e-08
1.957e-09
2.06284e-09
5.7632e-08
9.04359e-11
5.76171e-08
2.52946e-10
5.75934e-08
4.03574e-10
5.75601e-08
5.40247e-10
5.75201e-08
6.76788e-10
5.74747e-08
8.11097e-10
5.74273e-08
9.51996e-10
5.73796e-08
1.0944e-09
5.73354e-08
1.24278e-09
5.7298e-08
1.39048e-09
5.72719e-08
1.53863e-09
5.72601e-08
1.68024e-09
5.72663e-08
1.81419e-09
5.72921e-08
1.93128e-09
2.01678e-09
5.97735e-08
9.52336e-11
5.97587e-08
2.67774e-10
5.97356e-08
4.2665e-10
5.97039e-08
5.71936e-10
5.96661e-08
7.14565e-10
5.96238e-08
8.53409e-10
5.95802e-08
9.95566e-10
5.95375e-08
1.13707e-09
5.94995e-08
1.28087e-09
5.94689e-08
1.42098e-09
5.94496e-08
1.55801e-09
5.94437e-08
1.68612e-09
5.94542e-08
1.80367e-09
5.9482e-08
1.90351e-09
1.97154e-09
6.19946e-08
1.00013e-10
6.19801e-08
2.8228e-10
6.19577e-08
4.48957e-10
6.19279e-08
6.01829e-10
6.18925e-08
7.49871e-10
6.18536e-08
8.92407e-10
6.1814e-08
1.03511e-09
6.17763e-08
1.17475e-09
6.1744e-08
1.3132e-09
6.17197e-08
1.4453e-09
6.17061e-08
1.57161e-09
6.17052e-08
1.68696e-09
6.1719e-08
1.78988e-09
6.1748e-08
1.87456e-09
1.92742e-09
6.42982e-08
1.04716e-10
6.42843e-08
2.96249e-10
6.42629e-08
4.7029e-10
6.4235e-08
6.29792e-10
6.42023e-08
7.82518e-10
6.41668e-08
9.27892e-10
6.41314e-08
1.07054e-09
6.40986e-08
1.20755e-09
6.40716e-08
1.34018e-09
6.40527e-08
1.46425e-09
6.4044e-08
1.58025e-09
6.40475e-08
1.68353e-09
6.40638e-08
1.77349e-09
6.4093e-08
1.8454e-09
1.88495e-09
6.66875e-08
1.09284e-10
6.66743e-08
3.09521e-10
6.66542e-08
4.90373e-10
6.66283e-08
6.55714e-10
6.65985e-08
8.12319e-10
6.65665e-08
9.59804e-10
6.65353e-08
1.10181e-09
6.65071e-08
1.23575e-09
6.6485e-08
1.36225e-09
6.64707e-08
1.4786e-09
6.64661e-08
1.58482e-09
6.64728e-08
1.67681e-09
6.64918e-08
1.75446e-09
6.65213e-08
1.81594e-09
1.84603e-09
6.91656e-08
1.137e-10
6.91531e-08
3.22029e-10
6.91344e-08
5.09115e-10
6.91105e-08
6.79617e-10
6.90835e-08
8.39332e-10
6.9055e-08
9.88271e-10
6.90277e-08
1.12907e-09
6.90038e-08
1.25965e-09
6.89863e-08
1.37984e-09
6.8976e-08
1.48884e-09
6.89748e-08
1.58605e-09
6.89834e-08
1.66816e-09
6.90044e-08
1.73347e-09
6.90405e-08
1.77987e-09
1.8006e-09
9.83632e-08
1.19565e-10
9.83461e-08
3.39158e-10
9.83207e-08
5.34469e-10
9.82893e-08
7.11075e-10
9.82546e-08
8.74026e-10
9.82193e-08
1.02355e-09
9.81867e-08
1.16165e-09
9.81601e-08
1.28627e-09
9.81429e-08
1.39704e-09
9.81359e-08
1.4959e-09
9.81404e-08
1.58152e-09
9.81561e-08
1.65246e-09
9.81794e-08
1.71011e-09
9.82054e-08
1.75387e-09
1.75405e-09
1.1041e-07
1.25574e-10
1.10392e-07
3.5667e-10
1.10367e-07
5.59962e-10
1.10336e-07
7.41818e-10
1.10303e-07
9.06748e-10
1.10271e-07
1.0555e-09
1.10243e-07
1.18961e-09
1.10223e-07
1.30596e-09
1.10212e-07
1.40853e-09
1.1021e-07
1.49782e-09
1.10219e-07
1.57267e-09
1.1024e-07
1.63169e-09
1.10275e-07
1.67457e-09
1.10328e-07
1.70108e-09
1.70016e-09
1.23931e-07
1.31536e-10
1.23914e-07
3.73716e-10
1.2389e-07
5.84294e-10
1.23861e-07
7.70487e-10
1.23832e-07
9.36101e-10
1.23805e-07
1.08274e-09
1.23784e-07
1.21004e-09
1.23771e-07
1.3192e-09
1.23765e-07
1.41485e-09
1.23767e-07
1.49506e-09
1.2378e-07
1.55966e-09
1.23803e-07
1.60884e-09
1.23834e-07
1.64345e-09
1.23871e-07
1.66456e-09
1.655e-09
1.39109e-07
1.37198e-10
1.39093e-07
3.89528e-10
1.39071e-07
6.06718e-10
1.39045e-07
7.96145e-10
1.3902e-07
9.61411e-10
1.39e-07
1.10286e-09
1.38987e-07
1.22318e-09
1.38978e-07
1.32822e-09
1.38976e-07
1.4167e-09
1.38982e-07
1.48896e-09
1.38996e-07
1.54551e-09
1.39018e-07
1.58696e-09
1.39048e-07
1.61393e-09
1.39085e-07
1.62722e-09
1.61184e-09
1.56146e-07
1.42177e-10
1.56132e-07
4.03374e-10
1.56113e-07
6.2599e-10
1.56092e-07
8.17589e-10
1.56073e-07
9.80406e-10
1.5606e-07
1.11514e-09
1.5605e-07
1.23356e-09
1.56045e-07
1.33334e-09
1.56046e-07
1.41543e-09
1.56054e-07
1.48107e-09
1.56068e-07
1.53113e-09
1.56088e-07
1.5669e-09
1.56113e-07
1.58909e-09
1.56142e-07
1.59823e-09
1.5766e-09
1.7527e-07
1.45956e-10
1.7526e-07
4.13771e-10
1.75245e-07
6.40429e-10
1.75229e-07
8.33487e-10
1.7522e-07
9.89703e-10
1.7521e-07
1.12549e-09
1.75203e-07
1.24043e-09
1.752e-07
1.33578e-09
1.75203e-07
1.41289e-09
1.75211e-07
1.47338e-09
1.75224e-07
1.51811e-09
1.75242e-07
1.54849e-09
1.75266e-07
1.56548e-09
1.75293e-07
1.57114e-09
1.5516e-09
1.96736e-07
1.96731e-07
1.96723e-07
1.96716e-07
1.96712e-07
1.96709e-07
1.96707e-07
1.96708e-07
1.96711e-07
1.96715e-07
1.96721e-07
1.96726e-07
1.96732e-07
1.96737e-07
)
;

boundaryField
{
    top
    {
        type            calculated;
        value           nonuniform List<scalar> 
115
(
1.20095e-09
1.26232e-09
1.30644e-09
1.3491e-09
1.39007e-09
1.42912e-09
1.46626e-09
1.50105e-09
1.53345e-09
1.56282e-09
1.58952e-09
1.61311e-09
1.63411e-09
1.65206e-09
1.66753e-09
1.68015e-09
1.69051e-09
1.69829e-09
1.70408e-09
1.70763e-09
1.70953e-09
1.70948e-09
1.70817e-09
1.7051e-09
1.70117e-09
1.69563e-09
1.68959e-09
1.68207e-09
1.67435e-09
1.6653e-09
1.65628e-09
1.64609e-09
1.63612e-09
1.62511e-09
1.61446e-09
1.60288e-09
1.59183e-09
1.57987e-09
1.56862e-09
1.55642e-09
1.54518e-09
1.53284e-09
1.52176e-09
1.5094e-09
1.49851e-09
1.4863e-09
1.47561e-09
1.46367e-09
1.4532e-09
1.44155e-09
1.43145e-09
1.41997e-09
1.4104e-09
1.39902e-09
1.39001e-09
1.37883e-09
1.37022e-09
1.35944e-09
1.3511e-09
1.34074e-09
1.33276e-09
1.32262e-09
1.31523e-09
1.30512e-09
1.29837e-09
1.28838e-09
1.28202e-09
1.27239e-09
1.26627e-09
1.25697e-09
1.25123e-09
1.24201e-09
1.23688e-09
1.22762e-09
1.22303e-09
1.21396e-09
1.20964e-09
1.20094e-09
1.19695e-09
1.18839e-09
1.18508e-09
1.1765e-09
1.17383e-09
1.16557e-09
1.16333e-09
1.15554e-09
1.15397e-09
1.14649e-09
1.14585e-09
1.13882e-09
1.13908e-09
1.13279e-09
1.1341e-09
1.12866e-09
1.13129e-09
1.12681e-09
1.13096e-09
1.12771e-09
1.1335e-09
1.13134e-09
1.47749e-10
4.19332e-10
6.47821e-10
8.40773e-10
9.93889e-10
1.12864e-09
1.24185e-09
1.33521e-09
1.41026e-09
1.46896e-09
1.51249e-09
1.54264e-09
1.56022e-09
1.56602e-09
1.54218e-09
)
;
    }
    inlet
    {
        type            calculated;
        value           nonuniform List<scalar> 
27
(
-9.83691e-08
-1.10416e-07
-1.23937e-07
-1.39115e-07
-1.56151e-07
-1.75274e-07
-1.96738e-07
-3.4585e-08
-3.587e-08
-3.72028e-08
-3.85851e-08
-4.00187e-08
-4.15056e-08
-4.30477e-08
-4.46472e-08
-4.6306e-08
-4.80265e-08
-4.9811e-08
-5.16617e-08
-5.35812e-08
-5.5572e-08
-5.76368e-08
-5.97783e-08
-6.19993e-08
-6.43029e-08
-6.66921e-08
-6.91701e-08
)
;
    }
    outlet
    {
        type            calculated;
        value           nonuniform List<scalar> 
27
(
9.92315e-08
1.11307e-07
1.24835e-07
1.39985e-07
1.56947e-07
1.75928e-07
1.97141e-07
2.0275e-09
6.41905e-09
1.1265e-08
1.64984e-08
2.19948e-08
2.75635e-08
3.29599e-08
3.79309e-08
4.22864e-08
4.5959e-08
4.90144e-08
5.16069e-08
5.39145e-08
5.60885e-08
5.82326e-08
6.04066e-08
6.26408e-08
6.49491e-08
6.73384e-08
6.98126e-08
)
;
    }
    plate
    {
        type            calculated;
        value           uniform 0;
    }
    symmBound
    {
        type            calculated;
        value           nonuniform List<scalar> 
15
(
-1.72243e-10
1.16066e-10
-1.5162e-10
8.86338e-11
-1.33015e-10
3.67774e-11
-1.33165e-10
-2.90621e-11
-1.44499e-10
-1.01121e-10
-1.66939e-10
-1.92551e-10
-2.26586e-10
-3.82417e-10
-5.3754e-10
)
;
    }
    frontAndBack
    {
        type            empty;
        value           nonuniform 0();
    }
}


// ************************************************************************* //
