/*--------------------------------*- C++ -*----------------------------------*\
| =========                 |                                                 |
| \\      /  F ield         | OpenFOAM: The Open Source CFD Toolbox           |
|  \\    /   O peration     | Version:  2.3.0                                 |
|   \\  /    A nd           | Web:      www.OpenFOAM.org                      |
|    \\/     M anipulation  |                                                 |
\*---------------------------------------------------------------------------*/
FoamFile
{
    version     2.0;
    format      ascii;
    class       surfaceScalarField;
    location    "0.55";
    object      phi;
}
// * * * * * * * * * * * * * * * * * * * * * * * * * * * * * * * * * * * * * //

dimensions      [0 3 -1 0 0 0 0];

internalField   nonuniform List<scalar> 
6068
(
2.82987e-08
2.83257e-09
-3.11313e-08
2.54394e-08
2.85938e-09
2.27442e-08
2.69518e-09
2.0258e-08
2.48615e-09
1.79981e-08
2.25994e-09
1.59753e-08
2.02281e-09
1.41925e-08
1.78278e-09
1.26448e-08
1.54773e-09
1.13203e-08
1.32445e-09
1.02019e-08
1.11842e-09
9.2682e-09
9.33715e-10
8.49549e-09
7.72712e-10
7.8594e-09
6.36091e-10
7.33638e-09
5.23022e-10
6.90485e-09
4.31521e-10
6.54599e-09
3.58868e-10
6.24396e-09
3.02023e-10
5.986e-09
2.57966e-10
5.76206e-09
2.23932e-10
5.56452e-09
1.97549e-10
5.38764e-09
1.7688e-10
5.22722e-09
1.60414e-10
5.08021e-09
1.47013e-10
4.94436e-09
1.35844e-10
4.81805e-09
1.26317e-10
4.70003e-09
1.18021e-10
4.58935e-09
1.10673e-10
4.48527e-09
1.04079e-10
4.38717e-09
9.81058e-11
4.29451e-09
9.26578e-11
4.20684e-09
8.76661e-11
4.12377e-09
8.30772e-11
4.04492e-09
7.88482e-11
3.96998e-09
7.49429e-11
3.89865e-09
7.13297e-11
3.83067e-09
6.79808e-11
3.76579e-09
6.48714e-11
3.70382e-09
6.1979e-11
3.64453e-09
5.92834e-11
3.58777e-09
5.67666e-11
3.53335e-09
5.44122e-11
3.48115e-09
5.22059e-11
3.43101e-09
5.01345e-11
3.38283e-09
4.81865e-11
3.33647e-09
4.63513e-11
3.29186e-09
4.46196e-11
3.24887e-09
4.2983e-11
3.20744e-09
4.14341e-11
3.16747e-09
3.99658e-11
3.1289e-09
3.85721e-11
3.09165e-09
3.72473e-11
3.05567e-09
3.59864e-11
3.02088e-09
3.47846e-11
2.98724e-09
3.36377e-11
2.9547e-09
3.25417e-11
2.92321e-09
3.1493e-11
2.89272e-09
3.04884e-11
2.8632e-09
2.95246e-11
2.8346e-09
2.85988e-11
2.80689e-09
2.77084e-11
2.78004e-09
2.68509e-11
2.75401e-09
2.60239e-11
2.72879e-09
2.52254e-11
2.70434e-09
2.44533e-11
2.68063e-09
2.37057e-11
2.65765e-09
2.29809e-11
2.63537e-09
2.22773e-11
2.61378e-09
2.15933e-11
2.59285e-09
2.09276e-11
2.57257e-09
2.02787e-11
2.55293e-09
1.96455e-11
2.5339e-09
1.90268e-11
2.51548e-09
1.84216e-11
2.49765e-09
1.78289e-11
2.4804e-09
1.72478e-11
2.46372e-09
1.66776e-11
2.44761e-09
1.61176e-11
2.43204e-09
1.55672e-11
2.41701e-09
1.50257e-11
2.40252e-09
1.4493e-11
2.38855e-09
1.39685e-11
2.3751e-09
1.34522e-11
2.36216e-09
1.2944e-11
2.34971e-09
1.2444e-11
2.33776e-09
1.19525e-11
2.32629e-09
1.14702e-11
2.31529e-09
1.09978e-11
2.30475e-09
1.05369e-11
2.29466e-09
1.00893e-11
2.28501e-09
9.65732e-12
2.27576e-09
9.24381e-12
2.26691e-09
8.85202e-12
2.25843e-09
8.48548e-12
2.25028e-09
8.14859e-12
2.24243e-09
7.84824e-12
2.23483e-09
7.59906e-12
2.22739e-09
7.44087e-12
2.21991e-09
7.47562e-12
2.21201e-09
7.90876e-12
1.99549e-11
3.40068e-08
3.12072e-09
-3.42949e-08
3.34179e-08
3.44826e-09
3.25903e-08
3.52281e-09
3.16028e-08
3.47358e-09
3.05126e-08
3.35014e-09
2.93654e-08
3.17e-09
2.81986e-08
2.94964e-09
2.70409e-08
2.70544e-09
2.59137e-08
2.45165e-09
2.48321e-08
2.20003e-09
2.38059e-08
1.95991e-09
2.28406e-08
1.73797e-09
2.19385e-08
1.53824e-09
2.10991e-08
1.36237e-09
2.03205e-08
1.21011e-09
1.95995e-08
1.07987e-09
1.89323e-08
9.69268e-10
1.83146e-08
8.75593e-10
1.77424e-08
7.96142e-10
1.72116e-08
7.28429e-10
1.67181e-08
6.70295e-10
1.62586e-08
6.1994e-10
1.58297e-08
5.7591e-10
1.54285e-08
5.37052e-10
1.50524e-08
5.02465e-10
1.46989e-08
4.71448e-10
1.43662e-08
4.43456e-10
1.40522e-08
4.18057e-10
1.37554e-08
3.9491e-10
1.34743e-08
3.73736e-10
1.32076e-08
3.54306e-10
1.29543e-08
3.36427e-10
1.27132e-08
3.19933e-10
1.24835e-08
3.04682e-10
1.22643e-08
2.90547e-10
1.20548e-08
2.7742e-10
1.18545e-08
2.65203e-10
1.16627e-08
2.53811e-10
1.14788e-08
2.43165e-10
1.13023e-08
2.332e-10
1.11329e-08
2.23853e-10
1.097e-08
2.15071e-10
1.08134e-08
2.06805e-10
1.06625e-08
1.99013e-10
1.05172e-08
1.91655e-10
1.03772e-08
1.84696e-10
1.0242e-08
1.78106e-10
1.01116e-08
1.71856e-10
9.98566e-09
1.6592e-10
9.86396e-09
1.60274e-10
9.74631e-09
1.54898e-10
9.63252e-09
1.49772e-10
9.52243e-09
1.44878e-10
9.41587e-09
1.40199e-10
9.31269e-09
1.35721e-10
9.21275e-09
1.31429e-10
9.11593e-09
1.27311e-10
9.0221e-09
1.23354e-10
8.93115e-09
1.19547e-10
8.84298e-09
1.1588e-10
8.75749e-09
1.12343e-10
8.67458e-09
1.08927e-10
8.59419e-09
1.05624e-10
8.51621e-09
1.02424e-10
8.4406e-09
9.93217e-11
8.36727e-09
9.6309e-11
8.29617e-09
9.33794e-11
8.22723e-09
9.05267e-11
8.16042e-09
8.77451e-11
8.09567e-09
8.50291e-11
8.03294e-09
8.23736e-11
7.97219e-09
7.97736e-11
7.91339e-09
7.72248e-11
7.85649e-09
7.47231e-11
7.80148e-09
7.22644e-11
7.74831e-09
6.98455e-11
7.69696e-09
6.7463e-11
7.64742e-09
6.51141e-11
7.59965e-09
6.27963e-11
7.55363e-09
6.05074e-11
7.50936e-09
5.82458e-11
7.4668e-09
5.601e-11
7.42594e-09
5.37994e-11
7.38677e-09
5.16136e-11
7.34927e-09
4.94532e-11
7.31342e-09
4.73196e-11
7.2792e-09
4.52154e-11
7.2466e-09
4.31442e-11
7.21558e-09
4.11112e-11
7.18611e-09
3.91226e-11
7.15817e-09
3.7186e-11
7.13171e-09
3.53101e-11
7.10669e-09
3.35049e-11
7.08306e-09
3.17841e-11
7.06073e-09
3.01711e-11
7.03961e-09
2.87168e-11
7.01951e-09
2.75501e-11
6.99996e-09
2.70211e-11
6.9787e-09
2.91705e-11
4.94921e-11
3.60986e-08
2.98016e-09
-3.5958e-08
3.61655e-08
3.38134e-09
3.61076e-08
3.58073e-09
3.5926e-08
3.65513e-09
3.56317e-08
3.64442e-09
3.52387e-08
3.56304e-09
3.47639e-08
3.42438e-09
3.42253e-08
3.24408e-09
3.36396e-08
3.03734e-09
3.3022e-08
2.81765e-09
3.23855e-08
2.5964e-09
3.17409e-08
2.38259e-09
3.10966e-08
2.18249e-09
3.04591e-08
1.99986e-09
2.9833e-08
1.83624e-09
2.92214e-08
1.69151e-09
2.86262e-08
1.56443e-09
2.80487e-08
1.45314e-09
2.74893e-08
1.35554e-09
2.69481e-08
1.26955e-09
2.64252e-08
1.19329e-09
2.592e-08
1.12511e-09
2.54322e-08
1.06368e-09
2.49614e-08
1.0079e-09
2.45069e-08
9.56893e-10
2.40684e-08
9.09987e-10
2.36452e-08
8.66641e-10
2.32368e-08
8.26426e-10
2.28428e-08
7.88998e-10
2.24624e-08
7.54076e-10
2.20953e-08
7.21422e-10
2.17409e-08
6.90835e-10
2.13987e-08
6.62138e-10
2.10682e-08
6.35177e-10
2.07489e-08
6.09813e-10
2.04404e-08
5.8592e-10
2.01422e-08
5.63387e-10
1.98539e-08
5.42109e-10
1.95751e-08
5.21994e-10
1.93054e-08
5.02957e-10
1.90443e-08
4.84918e-10
1.87916e-08
4.67806e-10
1.85468e-08
4.51557e-10
1.83097e-08
4.3611e-10
1.80799e-08
4.2141e-10
1.78572e-08
4.07406e-10
1.76413e-08
3.94051e-10
1.74318e-08
3.81303e-10
1.72286e-08
3.69121e-10
1.70315e-08
3.57468e-10
1.684e-08
3.46311e-10
1.66542e-08
3.35617e-10
1.64737e-08
3.25357e-10
1.62984e-08
3.15502e-10
1.61281e-08
3.06027e-10
1.59626e-08
2.96908e-10
1.58018e-08
2.88121e-10
1.56455e-08
2.79646e-10
1.54936e-08
2.71461e-10
1.53459e-08
2.63549e-10
1.52024e-08
2.5589e-10
1.50629e-08
2.48468e-10
1.49272e-08
2.41267e-10
1.47954e-08
2.34272e-10
1.46672e-08
2.27467e-10
1.45427e-08
2.2084e-10
1.44217e-08
2.14377e-10
1.43042e-08
2.08065e-10
1.419e-08
2.01894e-10
1.40792e-08
1.95852e-10
1.39716e-08
1.89928e-10
1.38673e-08
1.84113e-10
1.37661e-08
1.78397e-10
1.36681e-08
1.72772e-10
1.35731e-08
1.67229e-10
1.34812e-08
1.6176e-10
1.33923e-08
1.56359e-10
1.33064e-08
1.51019e-10
1.32234e-08
1.45735e-10
1.31435e-08
1.40501e-10
1.30664e-08
1.35314e-10
1.29922e-08
1.3017e-10
1.2921e-08
1.25067e-10
1.28526e-08
1.20004e-10
1.2787e-08
1.14981e-10
1.27244e-08
1.1e-10
1.26645e-08
1.05064e-10
1.26075e-08
1.00182e-10
1.25532e-08
9.53594e-11
1.25017e-08
9.06086e-11
1.2453e-08
8.59421e-11
1.24069e-08
8.13756e-11
1.23635e-08
7.69285e-11
1.23226e-08
7.26291e-11
1.22843e-08
6.8527e-11
1.22483e-08
6.47264e-11
1.22144e-08
6.14807e-11
1.21819e-08
5.9523e-11
1.21485e-08
6.24851e-11
8.50728e-11
3.76653e-08
2.79656e-09
-3.74817e-08
3.78624e-08
3.18428e-09
3.80232e-08
3.4199e-09
3.81305e-08
3.54788e-09
3.81769e-08
3.598e-09
3.81582e-08
3.58172e-09
3.80743e-08
3.50832e-09
3.79286e-08
3.38976e-09
3.77272e-08
3.23879e-09
3.74773e-08
3.06749e-09
3.71871e-08
2.88664e-09
3.68644e-08
2.70525e-09
3.65167e-08
2.53019e-09
3.61504e-08
2.36612e-09
3.57711e-08
2.21563e-09
3.53829e-08
2.07967e-09
3.49894e-08
1.95797e-09
3.4593e-08
1.84949e-09
3.41958e-08
1.75279e-09
3.3799e-08
1.66627e-09
3.34039e-08
1.58842e-09
3.30112e-08
1.51785e-09
3.26215e-08
1.45338e-09
3.22353e-08
1.39405e-09
3.18532e-08
1.33906e-09
3.14753e-08
1.2878e-09
3.11022e-08
1.23978e-09
3.0734e-08
1.19461e-09
3.0371e-08
1.15198e-09
3.00135e-08
1.11163e-09
2.96615e-08
1.07338e-09
2.93153e-08
1.03704e-09
2.8975e-08
1.00247e-09
2.86406e-08
9.69541e-10
2.83123e-08
9.38137e-10
2.79901e-08
9.08157e-10
2.76739e-08
8.79508e-10
2.73639e-08
8.52109e-10
2.706e-08
8.2588e-10
2.67623e-08
8.00752e-10
2.64705e-08
7.7666e-10
2.61848e-08
7.53544e-10
2.5905e-08
7.31347e-10
2.56311e-08
7.10019e-10
2.5363e-08
6.8951e-10
2.51006e-08
6.69776e-10
2.48439e-08
6.50775e-10
2.45927e-08
6.32468e-10
2.4347e-08
6.14816e-10
2.41067e-08
5.97784e-10
2.38717e-08
5.8134e-10
2.36418e-08
5.65451e-10
2.34171e-08
5.50089e-10
2.31974e-08
5.35223e-10
2.29826e-08
5.20827e-10
2.27726e-08
5.06875e-10
2.25674e-08
4.93341e-10
2.23668e-08
4.80202e-10
2.21709e-08
4.67435e-10
2.19794e-08
4.55017e-10
2.17924e-08
4.42928e-10
2.16097e-08
4.31147e-10
2.14313e-08
4.19653e-10
2.12571e-08
4.08429e-10
2.10872e-08
3.97455e-10
2.09213e-08
3.86714e-10
2.07595e-08
3.76188e-10
2.06017e-08
3.65862e-10
2.04478e-08
3.55719e-10
2.0298e-08
3.45745e-10
2.0152e-08
3.35924e-10
2.00098e-08
3.26243e-10
1.98715e-08
3.16687e-10
1.97371e-08
3.07245e-10
1.96064e-08
2.97905e-10
1.94795e-08
2.88655e-10
1.93564e-08
2.79485e-10
1.9237e-08
2.70385e-10
1.91214e-08
2.61346e-10
1.90095e-08
2.52361e-10
1.89014e-08
2.43423e-10
1.87971e-08
2.34527e-10
1.86965e-08
2.2567e-10
1.85996e-08
2.1685e-10
1.85065e-08
2.08066e-10
1.84172e-08
1.99321e-10
1.83317e-08
1.90622e-10
1.82499e-08
1.81976e-10
1.81718e-08
1.73396e-10
1.80975e-08
1.64897e-10
1.8027e-08
1.56499e-10
1.79601e-08
1.48226e-10
1.78969e-08
1.40111e-10
1.78374e-08
1.322e-10
1.77813e-08
1.24578e-10
1.77286e-08
1.17413e-10
1.7679e-08
1.11093e-10
1.76318e-08
1.06716e-10
1.75858e-08
1.0851e-10
1.28312e-10
3.91915e-08
2.63422e-09
-3.90291e-08
3.93898e-08
2.98594e-09
3.95869e-08
3.22282e-09
3.97663e-08
3.36851e-09
3.99194e-08
3.44488e-09
4.00389e-08
3.46221e-09
4.01194e-08
3.42788e-09
4.0158e-08
3.35108e-09
4.01547e-08
3.2421e-09
4.01112e-08
3.11105e-09
4.00306e-08
2.96722e-09
3.99172e-08
2.81867e-09
3.97755e-08
2.67185e-09
3.96102e-08
2.53146e-09
3.94253e-08
2.40048e-09
3.92246e-08
2.28038e-09
3.90111e-08
2.17152e-09
3.87871e-08
2.07346e-09
3.85546e-08
1.98527e-09
3.83151e-08
1.90579e-09
3.80697e-08
1.83383e-09
3.78193e-08
1.76825e-09
3.75646e-08
1.70805e-09
3.73063e-08
1.65236e-09
3.70449e-08
1.60048e-09
3.67808e-08
1.55185e-09
3.65146e-08
1.50601e-09
3.62466e-08
1.4626e-09
3.59772e-08
1.42133e-09
3.57069e-08
1.38198e-09
3.54359e-08
1.34436e-09
3.51647e-08
1.30832e-09
3.48934e-08
1.27372e-09
3.46225e-08
1.24047e-09
3.43521e-08
1.20847e-09
3.40827e-08
1.17762e-09
3.38143e-08
1.14786e-09
3.35473e-08
1.11913e-09
3.32818e-08
1.09136e-09
3.30181e-08
1.06449e-09
3.27563e-08
1.03848e-09
3.24965e-08
1.01329e-09
3.2239e-08
9.88863e-10
3.19838e-08
9.6517e-10
3.17312e-08
9.42174e-10
3.14811e-08
9.1984e-10
3.12338e-08
8.98137e-10
3.09892e-08
8.77035e-10
3.07475e-08
8.56507e-10
3.05088e-08
8.36526e-10
3.0273e-08
8.17066e-10
3.00404e-08
7.98102e-10
2.98109e-08
7.79611e-10
2.95845e-08
7.61571e-10
2.93614e-08
7.43959e-10
2.91415e-08
7.26753e-10
2.89249e-08
7.09933e-10
2.87116e-08
6.93478e-10
2.85017e-08
6.77368e-10
2.82951e-08
6.61583e-10
2.8092e-08
6.46105e-10
2.78922e-08
6.30913e-10
2.76959e-08
6.1599e-10
2.7503e-08
6.01317e-10
2.73135e-08
5.86875e-10
2.71276e-08
5.72648e-10
2.69452e-08
5.58617e-10
2.67663e-08
5.44766e-10
2.65909e-08
5.31078e-10
2.64191e-08
5.17537e-10
2.62509e-08
5.04126e-10
2.60863e-08
4.9083e-10
2.59254e-08
4.77635e-10
2.57681e-08
4.64525e-10
2.56145e-08
4.51488e-10
2.54647e-08
4.38509e-10
2.53186e-08
4.25577e-10
2.51763e-08
4.12681e-10
2.50378e-08
3.9981e-10
2.49032e-08
3.86954e-10
2.47725e-08
3.74108e-10
2.46458e-08
3.61264e-10
2.45231e-08
3.48419e-10
2.44043e-08
3.3557e-10
2.42897e-08
3.2272e-10
2.41791e-08
3.09871e-10
2.40727e-08
2.97033e-10
2.39705e-08
2.84217e-10
2.38724e-08
2.71439e-10
2.37786e-08
2.58722e-10
2.3689e-08
2.46091e-10
2.36037e-08
2.33583e-10
2.35225e-08
2.21244e-10
2.34456e-08
2.09147e-10
2.33727e-08
1.97412e-10
2.33039e-08
1.8627e-10
2.32388e-08
1.76224e-10
2.31769e-08
1.68569e-10
2.31182e-08
1.67228e-10
1.79958e-10
4.07553e-08
2.4966e-09
-4.06177e-08
4.09323e-08
2.80895e-09
4.11203e-08
3.03487e-09
4.13045e-08
3.18428e-09
4.14774e-08
3.27199e-09
4.16326e-08
3.30697e-09
4.17648e-08
3.2957e-09
4.18702e-08
3.24565e-09
4.1947e-08
3.16534e-09
4.19947e-08
3.06332e-09
4.20144e-08
2.94753e-09
4.20081e-08
2.82502e-09
4.19783e-08
2.7016e-09
4.19281e-08
2.58169e-09
4.18603e-08
2.46827e-09
4.17776e-08
2.3631e-09
4.16822e-08
2.26687e-09
4.15762e-08
2.17953e-09
4.14609e-08
2.10056e-09
4.13375e-08
2.02914e-09
4.1207e-08
1.96433e-09
4.10701e-08
1.90522e-09
4.09272e-08
1.85095e-09
4.07788e-08
1.80076e-09
4.06252e-08
1.75403e-09
4.04668e-08
1.71023e-09
4.03039e-08
1.66892e-09
4.01368e-08
1.62977e-09
3.99656e-08
1.59249e-09
3.97907e-08
1.55687e-09
3.96123e-08
1.52271e-09
3.94308e-08
1.48988e-09
3.92463e-08
1.45824e-09
3.9059e-08
1.4277e-09
3.88693e-08
1.39816e-09
3.86774e-08
1.36954e-09
3.84835e-08
1.34179e-09
3.82878e-08
1.31483e-09
3.80905e-08
1.28861e-09
3.78919e-08
1.26309e-09
3.76922e-08
1.23823e-09
3.74915e-08
1.21398e-09
3.72901e-08
1.19031e-09
3.7088e-08
1.1672e-09
3.68856e-08
1.1446e-09
3.66829e-08
1.1225e-09
3.64802e-08
1.10087e-09
3.62776e-08
1.07968e-09
3.60752e-08
1.05892e-09
3.58731e-08
1.03856e-09
3.56716e-08
1.01858e-09
3.54708e-08
9.98965e-10
3.52707e-08
9.79698e-10
3.50715e-08
9.60759e-10
3.48733e-08
9.42131e-10
3.46763e-08
9.23796e-10
3.44805e-08
9.05738e-10
3.4286e-08
8.8794e-10
3.4093e-08
8.70385e-10
3.39015e-08
8.53057e-10
3.37117e-08
8.35939e-10
3.35236e-08
8.19014e-10
3.33373e-08
8.02267e-10
3.31529e-08
7.85681e-10
3.29706e-08
7.6924e-10
3.27903e-08
7.52926e-10
3.26122e-08
7.36724e-10
3.24363e-08
7.20618e-10
3.22628e-08
7.04592e-10
3.20917e-08
6.88628e-10
3.19231e-08
6.72713e-10
3.17571e-08
6.5683e-10
3.15938e-08
6.40964e-10
3.14332e-08
6.25101e-10
3.12755e-08
6.09226e-10
3.11207e-08
5.93325e-10
3.09689e-08
5.77387e-10
3.08201e-08
5.614e-10
3.06746e-08
5.45352e-10
3.05323e-08
5.29235e-10
3.03934e-08
5.13041e-10
3.02579e-08
4.96765e-10
3.01259e-08
4.80402e-10
2.99975e-08
4.63953e-10
2.98728e-08
4.47421e-10
2.97519e-08
4.30812e-10
2.96348e-08
4.14137e-10
2.95216e-08
3.97413e-10
2.94124e-08
3.8066e-10
2.93072e-08
3.63908e-10
2.92061e-08
3.47193e-10
2.91091e-08
3.30561e-10
2.90163e-08
3.14079e-10
2.89276e-08
2.97842e-10
2.8843e-08
2.82007e-10
2.87624e-08
2.66855e-10
2.86857e-08
2.52953e-10
2.86126e-08
2.41573e-10
2.85442e-08
2.35713e-10
2.38536e-10
4.237e-08
2.37844e-09
-4.22518e-08
4.25252e-08
2.65373e-09
4.26959e-08
2.8642e-09
4.28687e-08
3.01148e-09
4.30362e-08
3.10442e-09
4.31931e-08
3.15014e-09
4.33345e-08
3.15426e-09
4.34571e-08
3.12301e-09
4.3559e-08
3.06349e-09
4.36393e-08
2.98302e-09
4.36984e-08
2.88847e-09
4.37373e-08
2.78604e-09
4.3758e-08
2.68093e-09
4.37624e-08
2.57724e-09
4.37528e-08
2.47788e-09
4.37312e-08
2.3847e-09
4.36994e-08
2.29865e-09
4.3659e-08
2.21997e-09
4.36111e-08
2.14844e-09
4.35568e-08
2.08351e-09
4.34966e-08
2.02449e-09
4.34312e-08
1.97066e-09
4.33608e-08
1.9213e-09
4.32858e-08
1.87576e-09
4.32064e-08
1.83347e-09
4.31226e-08
1.79396e-09
4.30348e-08
1.75681e-09
4.29428e-08
1.7217e-09
4.2847e-08
1.68835e-09
4.27473e-08
1.65655e-09
4.26439e-08
1.6261e-09
4.25369e-08
1.59686e-09
4.24265e-08
1.5687e-09
4.23127e-08
1.54151e-09
4.21956e-08
1.5152e-09
4.20755e-08
1.48968e-09
4.19524e-08
1.46489e-09
4.18264e-08
1.44078e-09
4.16978e-08
1.41727e-09
4.15665e-08
1.39433e-09
4.14328e-08
1.37191e-09
4.12968e-08
1.34998e-09
4.11587e-08
1.3285e-09
4.10184e-08
1.30743e-09
4.08763e-08
1.28675e-09
4.07323e-08
1.26644e-09
4.05867e-08
1.24647e-09
4.04396e-08
1.22681e-09
4.02911e-08
1.20745e-09
4.01412e-08
1.18837e-09
3.99903e-08
1.16954e-09
3.98383e-08
1.15096e-09
3.96854e-08
1.1326e-09
3.95317e-08
1.11445e-09
3.93773e-08
1.09648e-09
3.92224e-08
1.07869e-09
3.90671e-08
1.06106e-09
3.89115e-08
1.04357e-09
3.87557e-08
1.02621e-09
3.85998e-08
1.00896e-09
3.84439e-08
9.9181e-10
3.82882e-08
9.74737e-10
3.81327e-08
9.57728e-10
3.79776e-08
9.40767e-10
3.7823e-08
9.23838e-10
3.7669e-08
9.06924e-10
3.75157e-08
8.90011e-10
3.73633e-08
8.7308e-10
3.72117e-08
8.56117e-10
3.70613e-08
8.39104e-10
3.6912e-08
8.22026e-10
3.67639e-08
8.04866e-10
3.66173e-08
7.8761e-10
3.64721e-08
7.70241e-10
3.63286e-08
7.52744e-10
3.61868e-08
7.35107e-10
3.60469e-08
7.17316e-10
3.5909e-08
6.99357e-10
3.57731e-08
6.81222e-10
3.56394e-08
6.62899e-10
3.55081e-08
6.44382e-10
3.53792e-08
6.25665e-10
3.52528e-08
6.06746e-10
3.51292e-08
5.87626e-10
3.50083e-08
5.68309e-10
3.48903e-08
5.48805e-10
3.47753e-08
5.29128e-10
3.46634e-08
5.09298e-10
3.45547e-08
4.89343e-10
3.44493e-08
4.69298e-10
3.43473e-08
4.49208e-10
3.42487e-08
4.29134e-10
3.41537e-08
4.09158e-10
3.40621e-08
3.89399e-10
3.39741e-08
3.70043e-10
3.38895e-08
3.51403e-10
3.38084e-08
3.34044e-10
3.3731e-08
3.19034e-10
3.36585e-08
3.08153e-10
3.00391e-10
4.40384e-08
2.27498e-09
-4.39349e-08
4.41749e-08
2.51724e-09
4.43283e-08
2.71075e-09
4.4487e-08
2.85282e-09
4.46436e-08
2.9478e-09
4.4793e-08
3.00078e-09
4.49309e-08
3.01637e-09
4.50541e-08
2.99974e-09
4.51608e-08
2.95678e-09
4.52502e-08
2.89369e-09
4.53222e-08
2.81643e-09
4.53778e-08
2.73045e-09
4.54183e-08
2.64041e-09
4.54455e-08
2.55007e-09
4.54611e-08
2.46226e-09
4.5467e-08
2.37886e-09
4.54646e-08
2.301e-09
4.54555e-08
2.22914e-09
4.54406e-08
2.16331e-09
4.54209e-08
2.10322e-09
4.5397e-08
2.0484e-09
4.53693e-08
1.99829e-09
4.53383e-08
1.95232e-09
4.53041e-08
1.90995e-09
4.52669e-08
1.87069e-09
4.52268e-08
1.8341e-09
4.51837e-08
1.79982e-09
4.51379e-08
1.76753e-09
4.50893e-08
1.73699e-09
4.50379e-08
1.70796e-09
4.49837e-08
1.68027e-09
4.49268e-08
1.65377e-09
4.48672e-08
1.62832e-09
4.48049e-08
1.60381e-09
4.47399e-08
1.58015e-09
4.46723e-08
1.55726e-09
4.46022e-08
1.53506e-09
4.45294e-08
1.51349e-09
4.44542e-08
1.49248e-09
4.43766e-08
1.472e-09
4.42965e-08
1.45199e-09
4.42141e-08
1.43241e-09
4.41293e-08
1.41323e-09
4.40424e-08
1.3944e-09
4.39532e-08
1.37591e-09
4.38619e-08
1.35772e-09
4.37686e-08
1.3398e-09
4.36733e-08
1.32213e-09
4.3576e-08
1.30468e-09
4.3477e-08
1.28745e-09
4.33761e-08
1.27039e-09
4.32736e-08
1.25351e-09
4.31694e-08
1.23677e-09
4.30637e-08
1.22015e-09
4.29565e-08
1.20365e-09
4.2848e-08
1.18724e-09
4.27381e-08
1.1709e-09
4.26271e-08
1.15462e-09
4.25149e-08
1.13838e-09
4.24017e-08
1.12216e-09
4.22876e-08
1.10595e-09
4.21726e-08
1.08973e-09
4.20568e-08
1.07348e-09
4.19404e-08
1.05718e-09
4.18235e-08
1.04081e-09
4.1706e-08
1.02437e-09
4.15882e-08
1.00782e-09
4.14701e-08
9.91151e-10
4.13519e-08
9.74347e-10
4.12336e-08
9.57388e-10
4.11154e-08
9.40256e-10
4.09973e-08
9.22933e-10
4.08795e-08
9.05402e-10
4.07621e-08
8.87645e-10
4.06452e-08
8.69647e-10
4.05289e-08
8.51391e-10
4.04134e-08
8.32863e-10
4.02987e-08
8.14049e-10
4.0185e-08
7.94936e-10
4.00724e-08
7.75515e-10
3.9961e-08
7.55777e-10
3.98509e-08
7.35717e-10
3.97423e-08
7.15331e-10
3.96354e-08
6.94623e-10
3.95301e-08
6.73596e-10
3.94266e-08
6.52262e-10
3.93251e-08
6.30639e-10
3.92256e-08
6.0875e-10
3.91284e-08
5.86626e-10
3.90333e-08
5.64311e-10
3.89407e-08
5.41858e-10
3.88505e-08
5.19339e-10
3.87628e-08
4.9685e-10
3.86777e-08
4.7453e-10
3.85951e-08
4.52584e-10
3.85152e-08
4.31333e-10
3.8438e-08
4.11287e-10
3.83638e-08
3.9321e-10
3.82942e-08
3.77707e-10
3.60858e-10
4.57625e-08
2.18286e-09
-4.56704e-08
4.58834e-08
2.39639e-09
4.60212e-08
2.57293e-09
4.61661e-08
2.70797e-09
4.6311e-08
2.80284e-09
4.64511e-08
2.86073e-09
4.65822e-08
2.88525e-09
4.67014e-08
2.88056e-09
4.68067e-08
2.85148e-09
4.68971e-08
2.80321e-09
4.69727e-08
2.74087e-09
4.7034e-08
2.66919e-09
4.7082e-08
2.59234e-09
4.71183e-08
2.51377e-09
4.71445e-08
2.43614e-09
4.7162e-08
2.36135e-09
4.71723e-08
2.29063e-09
4.71768e-08
2.22464e-09
4.71766e-08
2.16359e-09
4.71724e-08
2.10742e-09
4.71649e-08
2.05583e-09
4.71548e-08
2.00846e-09
4.71422e-08
1.96485e-09
4.71276e-08
1.92459e-09
4.7111e-08
1.88726e-09
4.70926e-08
1.85249e-09
4.70725e-08
1.81995e-09
4.70507e-08
1.78937e-09
4.70272e-08
1.7605e-09
4.7002e-08
1.73315e-09
4.69751e-08
1.70713e-09
4.69466e-08
1.6823e-09
4.69164e-08
1.65853e-09
4.68845e-08
1.63571e-09
4.68509e-08
1.61376e-09
4.68156e-08
1.59257e-09
4.67785e-08
1.57209e-09
4.67398e-08
1.55224e-09
4.66993e-08
1.53297e-09
4.66571e-08
1.51422e-09
4.66131e-08
1.49594e-09
4.65674e-08
1.4781e-09
4.652e-08
1.46064e-09
4.64709e-08
1.44355e-09
4.642e-08
1.42677e-09
4.63675e-08
1.41029e-09
4.63132e-08
1.39407e-09
4.62572e-08
1.37808e-09
4.61996e-08
1.3623e-09
4.61403e-08
1.34671e-09
4.60795e-08
1.33128e-09
4.6017e-08
1.31599e-09
4.59529e-08
1.30082e-09
4.58873e-08
1.28574e-09
4.58202e-08
1.27074e-09
4.57517e-08
1.2558e-09
4.56817e-08
1.24089e-09
4.56103e-08
1.226e-09
4.55376e-08
1.2111e-09
4.54636e-08
1.19618e-09
4.53883e-08
1.18122e-09
4.53118e-08
1.16619e-09
4.52342e-08
1.15107e-09
4.51556e-08
1.13585e-09
4.50759e-08
1.1205e-09
4.49952e-08
1.10501e-09
4.49137e-08
1.08935e-09
4.48313e-08
1.0735e-09
4.47483e-08
1.05744e-09
4.46645e-08
1.04115e-09
4.45801e-08
1.02461e-09
4.44953e-08
1.00779e-09
4.441e-08
9.90688e-10
4.43244e-08
9.73269e-10
4.42385e-08
9.55519e-10
4.41525e-08
9.3742e-10
4.40664e-08
9.18953e-10
4.39803e-08
9.00103e-10
4.38944e-08
8.80855e-10
4.38087e-08
8.61198e-10
4.37234e-08
8.41121e-10
4.36385e-08
8.20617e-10
4.35541e-08
7.99684e-10
4.34704e-08
7.78321e-10
4.33875e-08
7.56535e-10
4.33054e-08
7.34338e-10
4.32243e-08
7.11747e-10
4.31443e-08
6.8879e-10
4.30654e-08
6.65501e-10
4.29878e-08
6.41928e-10
4.29115e-08
6.18131e-10
4.28366e-08
5.94192e-10
4.27633e-08
5.7022e-10
4.26914e-08
5.46364e-10
4.26212e-08
5.22839e-10
4.25526e-08
4.99954e-10
4.24857e-08
4.78134e-10
4.24211e-08
4.5783e-10
4.236e-08
4.38772e-10
4.15756e-10
4.75445e-08
2.0997e-09
-4.74614e-08
4.76524e-08
2.28852e-09
4.77764e-08
2.44892e-09
4.79084e-08
2.57598e-09
4.80421e-08
2.66916e-09
4.81726e-08
2.73016e-09
4.82963e-08
2.76159e-09
4.84102e-08
2.76671e-09
4.85122e-08
2.74943e-09
4.86014e-08
2.71403e-09
4.86774e-08
2.66485e-09
4.87406e-08
2.60598e-09
4.87919e-08
2.54109e-09
4.88323e-08
2.4733e-09
4.88634e-08
2.40511e-09
4.88864e-08
2.33836e-09
4.89026e-08
2.27436e-09
4.89134e-08
2.21387e-09
4.89197e-08
2.15729e-09
4.89224e-08
2.10472e-09
4.89222e-08
2.05604e-09
4.89196e-08
2.01102e-09
4.89151e-08
1.96935e-09
4.8909e-08
1.93071e-09
4.89015e-08
1.89478e-09
4.88927e-08
1.86124e-09
4.88829e-08
1.82981e-09
4.8872e-08
1.80027e-09
4.88601e-08
1.77238e-09
4.88473e-08
1.74597e-09
4.88335e-08
1.72087e-09
4.88189e-08
1.69695e-09
4.88033e-08
1.67409e-09
4.87868e-08
1.65218e-09
4.87695e-08
1.63114e-09
4.87512e-08
1.61088e-09
4.87319e-08
1.59133e-09
4.87117e-08
1.57243e-09
4.86906e-08
1.55412e-09
4.86684e-08
1.53635e-09
4.86453e-08
1.51907e-09
4.86212e-08
1.50223e-09
4.8596e-08
1.48581e-09
4.85698e-08
1.46975e-09
4.85425e-08
1.45404e-09
4.85142e-08
1.43863e-09
4.84848e-08
1.42349e-09
4.84543e-08
1.4086e-09
4.84226e-08
1.39393e-09
4.83899e-08
1.37946e-09
4.8356e-08
1.36515e-09
4.8321e-08
1.35099e-09
4.82849e-08
1.33695e-09
4.82476e-08
1.32301e-09
4.82092e-08
1.30915e-09
4.81697e-08
1.29533e-09
4.8129e-08
1.28155e-09
4.80872e-08
1.26778e-09
4.80444e-08
1.25399e-09
4.80004e-08
1.24017e-09
4.79553e-08
1.22629e-09
4.79092e-08
1.21232e-09
4.7862e-08
1.19825e-09
4.78138e-08
1.18405e-09
4.77646e-08
1.1697e-09
4.77144e-08
1.15518e-09
4.76633e-08
1.14045e-09
4.76113e-08
1.12551e-09
4.75584e-08
1.11032e-09
4.75047e-08
1.09485e-09
4.74502e-08
1.07909e-09
4.7395e-08
1.06302e-09
4.73391e-08
1.0466e-09
4.72826e-08
1.02982e-09
4.72254e-08
1.01265e-09
4.71678e-08
9.95074e-10
4.71097e-08
9.77071e-10
4.70511e-08
9.58623e-10
4.69923e-08
9.39711e-10
4.69332e-08
9.20322e-10
4.68738e-08
9.00443e-10
4.68144e-08
8.80066e-10
4.67549e-08
8.59187e-10
4.66954e-08
8.37804e-10
4.6636e-08
8.15923e-10
4.65768e-08
7.93556e-10
4.65178e-08
7.70722e-10
4.64592e-08
7.47448e-10
4.64009e-08
7.23773e-10
4.63431e-08
6.99746e-10
4.62858e-08
6.75435e-10
4.6229e-08
6.50926e-10
4.61729e-08
6.26336e-10
4.61175e-08
6.01822e-10
4.60627e-08
5.776e-10
4.60087e-08
5.53951e-10
4.59556e-08
5.31211e-10
4.59039e-08
5.09586e-10
4.58543e-08
4.88334e-10
4.6242e-10
4.93868e-08
2.02386e-09
-4.93109e-08
4.94837e-08
2.19154e-09
4.95956e-08
2.33705e-09
4.97158e-08
2.45577e-09
4.98389e-08
2.54615e-09
4.99602e-08
2.60879e-09
5.00764e-08
2.64543e-09
5.01845e-08
2.65857e-09
5.02827e-08
2.65128e-09
5.03697e-08
2.62705e-09
5.0445e-08
2.58952e-09
5.05088e-08
2.54217e-09
5.05617e-08
2.48821e-09
5.06046e-08
2.43043e-09
5.06385e-08
2.37113e-09
5.06648e-08
2.31209e-09
5.06846e-08
2.25461e-09
5.06989e-08
2.19954e-09
5.07088e-08
2.1474e-09
5.07151e-08
2.09843e-09
5.07185e-08
2.05265e-09
5.07195e-08
2.00996e-09
5.07187e-08
1.97017e-09
5.07164e-08
1.93306e-09
5.07128e-08
1.89837e-09
5.07081e-08
1.86588e-09
5.07026e-08
1.83534e-09
5.06963e-08
1.80655e-09
5.06894e-08
1.77934e-09
5.06818e-08
1.75353e-09
5.06737e-08
1.72898e-09
5.0665e-08
1.70558e-09
5.06559e-08
1.6832e-09
5.06464e-08
1.66176e-09
5.06363e-08
1.64117e-09
5.06259e-08
1.62135e-09
5.0615e-08
1.60224e-09
5.06036e-08
1.58378e-09
5.05918e-08
1.56591e-09
5.05796e-08
1.54859e-09
5.05669e-08
1.53177e-09
5.05537e-08
1.51541e-09
5.054e-08
1.49946e-09
5.05259e-08
1.4839e-09
5.05112e-08
1.4687e-09
5.0496e-08
1.45381e-09
5.04803e-08
1.43922e-09
5.0464e-08
1.42489e-09
5.04471e-08
1.4108e-09
5.04297e-08
1.39691e-09
5.04116e-08
1.38321e-09
5.03929e-08
1.36968e-09
5.03736e-08
1.35628e-09
5.03536e-08
1.34299e-09
5.0333e-08
1.32979e-09
5.03117e-08
1.31665e-09
5.02897e-08
1.30356e-09
5.0267e-08
1.29049e-09
5.02435e-08
1.27741e-09
5.02194e-08
1.2643e-09
5.01946e-08
1.25114e-09
5.0169e-08
1.2379e-09
5.01427e-08
1.22456e-09
5.01156e-08
1.21109e-09
5.00879e-08
1.19747e-09
5.00594e-08
1.18367e-09
5.00302e-08
1.16967e-09
5.00002e-08
1.15543e-09
4.99696e-08
1.14094e-09
4.99383e-08
1.12617e-09
4.99063e-08
1.11109e-09
4.98736e-08
1.09567e-09
4.98403e-08
1.0799e-09
4.98064e-08
1.06374e-09
4.97719e-08
1.04717e-09
4.97368e-08
1.03017e-09
4.97011e-08
1.01272e-09
4.9665e-08
9.94784e-10
4.96283e-08
9.76358e-10
4.95912e-08
9.57421e-10
4.95537e-08
9.37959e-10
4.95158e-08
9.17962e-10
4.94776e-08
8.97424e-10
4.9439e-08
8.76344e-10
4.94002e-08
8.54727e-10
4.93612e-08
8.32582e-10
4.9322e-08
8.09931e-10
4.92827e-08
7.86801e-10
4.92432e-08
7.63233e-10
4.92037e-08
7.39278e-10
4.91641e-08
7.15008e-10
4.91245e-08
6.90513e-10
4.90849e-08
6.65916e-10
4.90454e-08
6.41375e-10
4.90059e-08
6.17097e-10
4.89665e-08
5.9334e-10
4.89273e-08
5.70359e-10
4.88887e-08
5.48214e-10
4.8851e-08
5.26068e-10
4.99994e-10
5.12917e-08
1.95417e-09
-5.1222e-08
5.13795e-08
2.10375e-09
5.14807e-08
2.23581e-09
5.15903e-08
2.34624e-09
5.17033e-08
2.4331e-09
5.18159e-08
2.49623e-09
5.19246e-08
2.53667e-09
5.20269e-08
2.55624e-09
5.21209e-08
2.55733e-09
5.22052e-08
2.54274e-09
5.22793e-08
2.51546e-09
5.2343e-08
2.47844e-09
5.23968e-08
2.43445e-09
5.24412e-08
2.38596e-09
5.24773e-08
2.33505e-09
5.2506e-08
2.2834e-09
5.25283e-08
2.23228e-09
5.25453e-08
2.1826e-09
5.25577e-08
2.13495e-09
5.25665e-08
2.08966e-09
5.25723e-08
2.0469e-09
5.25756e-08
2.00665e-09
5.25769e-08
1.96884e-09
5.25766e-08
1.93334e-09
5.2575e-08
1.89995e-09
5.25724e-08
1.86852e-09
5.25689e-08
1.83886e-09
5.25646e-08
1.81079e-09
5.25598e-08
1.78418e-09
5.25544e-08
1.75888e-09
5.25487e-08
1.73477e-09
5.25425e-08
1.71173e-09
5.2536e-08
1.68967e-09
5.25293e-08
1.66851e-09
5.25223e-08
1.64816e-09
5.25151e-08
1.62856e-09
5.25077e-08
1.60965e-09
5.25001e-08
1.59138e-09
5.24923e-08
1.57368e-09
5.24844e-08
1.55653e-09
5.24763e-08
1.53987e-09
5.2468e-08
1.52366e-09
5.24596e-08
1.50788e-09
5.2451e-08
1.49249e-09
5.24423e-08
1.47745e-09
5.24333e-08
1.46275e-09
5.24242e-08
1.44834e-09
5.24149e-08
1.4342e-09
5.24054e-08
1.42032e-09
5.23956e-08
1.40665e-09
5.23857e-08
1.39319e-09
5.23754e-08
1.37989e-09
5.2365e-08
1.36675e-09
5.23542e-08
1.35373e-09
5.23432e-08
1.34082e-09
5.23319e-08
1.32798e-09
5.23202e-08
1.3152e-09
5.23083e-08
1.30246e-09
5.2296e-08
1.28972e-09
5.22833e-08
1.27696e-09
5.22703e-08
1.26417e-09
5.22569e-08
1.25131e-09
5.22431e-08
1.23835e-09
5.22289e-08
1.22529e-09
5.22143e-08
1.21207e-09
5.21992e-08
1.19869e-09
5.21838e-08
1.18512e-09
5.21679e-08
1.17132e-09
5.21516e-08
1.15727e-09
5.21348e-08
1.14294e-09
5.21176e-08
1.12831e-09
5.20999e-08
1.11335e-09
5.20818e-08
1.09803e-09
5.20632e-08
1.08232e-09
5.20442e-08
1.06621e-09
5.20247e-08
1.04966e-09
5.20047e-08
1.03265e-09
5.19844e-08
1.01516e-09
5.19636e-08
9.97169e-10
5.19423e-08
9.78661e-10
5.19207e-08
9.5962e-10
5.18986e-08
9.40037e-10
5.18761e-08
9.19903e-10
5.18532e-08
8.99217e-10
5.183e-08
8.77983e-10
5.18063e-08
8.56214e-10
5.17824e-08
8.33929e-10
5.1758e-08
8.11157e-10
5.17333e-08
7.87939e-10
5.17082e-08
7.6433e-10
5.16828e-08
7.40404e-10
5.16571e-08
7.16255e-10
5.1631e-08
6.92006e-10
5.16046e-08
6.67815e-10
5.15778e-08
6.4388e-10
5.15507e-08
6.20431e-10
5.15234e-08
5.97676e-10
5.1496e-08
5.75622e-10
5.14684e-08
5.53592e-10
5.2912e-10
5.3262e-08
1.88976e-09
-5.31976e-08
5.33419e-08
2.02385e-09
5.34338e-08
2.14388e-09
5.35336e-08
2.24639e-09
5.36374e-08
2.32931e-09
5.37416e-08
2.39205e-09
5.38432e-08
2.43511e-09
5.39397e-08
2.45975e-09
5.40292e-08
2.46779e-09
5.41105e-08
2.46143e-09
5.41829e-08
2.44311e-09
5.4246e-08
2.41529e-09
5.43001e-08
2.38034e-09
5.43457e-08
2.34041e-09
5.43833e-08
2.29737e-09
5.4414e-08
2.25277e-09
5.44384e-08
2.20783e-09
5.44576e-08
2.16347e-09
5.44722e-08
2.12033e-09
5.4483e-08
2.07883e-09
5.44907e-08
2.0392e-09
5.44958e-08
2.00154e-09
5.44988e-08
1.96586e-09
5.45e-08
1.93209e-09
5.44999e-08
1.90013e-09
5.44985e-08
1.86986e-09
5.44962e-08
1.84115e-09
5.44932e-08
1.81387e-09
5.44894e-08
1.7879e-09
5.44852e-08
1.76313e-09
5.44805e-08
1.73944e-09
5.44755e-08
1.71676e-09
5.44702e-08
1.69499e-09
5.44646e-08
1.67406e-09
5.44589e-08
1.6539e-09
5.4453e-08
1.63445e-09
5.4447e-08
1.61566e-09
5.44409e-08
1.59747e-09
5.44347e-08
1.57984e-09
5.44285e-08
1.56273e-09
5.44223e-08
1.5461e-09
5.4416e-08
1.52992e-09
5.44098e-08
1.51415e-09
5.44035e-08
1.49876e-09
5.43972e-08
1.48373e-09
5.43909e-08
1.46902e-09
5.43847e-08
1.45461e-09
5.43784e-08
1.44048e-09
5.43721e-08
1.4266e-09
5.43658e-08
1.41294e-09
5.43595e-08
1.39949e-09
5.43532e-08
1.38622e-09
5.43468e-08
1.3731e-09
5.43404e-08
1.36012e-09
5.4334e-08
1.34725e-09
5.43275e-08
1.33447e-09
5.4321e-08
1.32176e-09
5.43143e-08
1.30909e-09
5.43076e-08
1.29643e-09
5.43008e-08
1.28378e-09
5.42939e-08
1.27109e-09
5.42868e-08
1.25835e-09
5.42797e-08
1.24553e-09
5.42723e-08
1.23261e-09
5.42648e-08
1.21955e-09
5.42572e-08
1.20634e-09
5.42494e-08
1.19295e-09
5.42413e-08
1.17934e-09
5.42331e-08
1.1655e-09
5.42247e-08
1.15138e-09
5.4216e-08
1.13698e-09
5.42071e-08
1.12226e-09
5.41979e-08
1.10719e-09
5.41885e-08
1.09174e-09
5.41788e-08
1.07589e-09
5.41689e-08
1.05962e-09
5.41586e-08
1.0429e-09
5.41481e-08
1.02572e-09
5.41372e-08
1.00804e-09
5.4126e-08
9.89847e-10
5.41145e-08
9.71136e-10
5.41026e-08
9.51892e-10
5.40904e-08
9.32108e-10
5.40779e-08
9.11782e-10
5.40649e-08
8.90921e-10
5.40516e-08
8.69536e-10
5.40379e-08
8.47647e-10
5.40238e-08
8.25287e-10
5.40092e-08
8.02497e-10
5.39942e-08
7.79334e-10
5.39787e-08
7.55875e-10
5.39628e-08
7.32214e-10
5.39463e-08
7.08476e-10
5.39293e-08
6.84817e-10
5.39118e-08
6.61426e-10
5.38937e-08
6.38512e-10
5.38751e-08
6.1626e-10
5.3856e-08
5.94695e-10
5.38362e-08
5.73422e-10
5.51333e-10
5.53002e-08
1.83002e-09
-5.52405e-08
5.53733e-08
1.9508e-09
5.5457e-08
2.06018e-09
5.55481e-08
2.15525e-09
5.56434e-08
2.23406e-09
5.57396e-08
2.29577e-09
5.58342e-08
2.3405e-09
5.59249e-08
2.36905e-09
5.60099e-08
2.38278e-09
5.6088e-08
2.3834e-09
5.61582e-08
2.37285e-09
5.62204e-08
2.35317e-09
5.62744e-08
2.32635e-09
5.63205e-08
2.29425e-09
5.63594e-08
2.25853e-09
5.63915e-08
2.2206e-09
5.64177e-08
2.18161e-09
5.64388e-08
2.14247e-09
5.64553e-08
2.10382e-09
5.64679e-08
2.06615e-09
5.64774e-08
2.02975e-09
5.64841e-08
1.9948e-09
5.64886e-08
1.96137e-09
5.64912e-08
1.92948e-09
5.64923e-08
1.89907e-09
5.64921e-08
1.87008e-09
5.64908e-08
1.84243e-09
5.64886e-08
1.81602e-09
5.64857e-08
1.79078e-09
5.64823e-08
1.7666e-09
5.64783e-08
1.7434e-09
5.6474e-08
1.72111e-09
5.64693e-08
1.69966e-09
5.64644e-08
1.67898e-09
5.64593e-08
1.65901e-09
5.6454e-08
1.63971e-09
5.64487e-08
1.62102e-09
5.64432e-08
1.6029e-09
5.64377e-08
1.58532e-09
5.64322e-08
1.56822e-09
5.64268e-08
1.55159e-09
5.64213e-08
1.53538e-09
5.64159e-08
1.51957e-09
5.64105e-08
1.50413e-09
5.64052e-08
1.48903e-09
5.64e-08
1.47425e-09
5.63949e-08
1.45976e-09
5.63898e-08
1.44554e-09
5.63848e-08
1.43158e-09
5.63799e-08
1.41783e-09
5.63751e-08
1.40429e-09
5.63704e-08
1.39093e-09
5.63658e-08
1.37773e-09
5.63612e-08
1.36467e-09
5.63568e-08
1.35172e-09
5.63524e-08
1.33887e-09
5.6348e-08
1.32608e-09
5.63438e-08
1.31335e-09
5.63396e-08
1.30064e-09
5.63354e-08
1.28794e-09
5.63313e-08
1.27521e-09
5.63272e-08
1.26244e-09
5.63231e-08
1.2496e-09
5.63191e-08
1.23667e-09
5.6315e-08
1.22361e-09
5.63109e-08
1.21041e-09
5.63069e-08
1.19703e-09
5.63027e-08
1.18345e-09
5.62986e-08
1.16965e-09
5.62944e-08
1.1556e-09
5.62901e-08
1.14126e-09
5.62857e-08
1.12662e-09
5.62813e-08
1.11164e-09
5.62767e-08
1.0963e-09
5.6272e-08
1.08058e-09
5.62672e-08
1.06445e-09
5.62622e-08
1.04788e-09
5.62571e-08
1.03086e-09
5.62518e-08
1.01337e-09
5.62462e-08
9.95386e-10
5.62405e-08
9.769e-10
5.62345e-08
9.579e-10
5.62282e-08
9.38381e-10
5.62216e-08
9.18343e-10
5.62147e-08
8.97792e-10
5.62075e-08
8.76742e-10
5.62e-08
8.55216e-10
5.6192e-08
8.33245e-10
5.61836e-08
8.10876e-10
5.61748e-08
7.88166e-10
5.61655e-08
7.65194e-10
5.61556e-08
7.42057e-10
5.61452e-08
7.18879e-10
5.61342e-08
6.95813e-10
5.61226e-08
6.7304e-10
5.61104e-08
6.50759e-10
5.60975e-08
6.29149e-10
5.60839e-08
6.08293e-10
5.60692e-08
5.88091e-10
5.68437e-10
5.74092e-08
1.77445e-09
-5.73537e-08
5.74762e-08
1.88379e-09
5.75526e-08
1.98377e-09
5.76359e-08
2.072e-09
5.77233e-08
2.14669e-09
5.78121e-08
2.20693e-09
5.79e-08
2.25256e-09
5.7985e-08
2.28406e-09
5.80654e-08
2.30239e-09
5.814e-08
2.30885e-09
5.82078e-08
2.30499e-09
5.82686e-08
2.29244e-09
5.8322e-08
2.27288e-09
5.83684e-08
2.2479e-09
5.8408e-08
2.21894e-09
5.84413e-08
2.18727e-09
5.84689e-08
2.15396e-09
5.84915e-08
2.11986e-09
5.85097e-08
2.08565e-09
5.85241e-08
2.05181e-09
5.85351e-08
2.01871e-09
5.85434e-08
1.98655e-09
5.85492e-08
1.95549e-09
5.85531e-08
1.92557e-09
5.85554e-08
1.89683e-09
5.85562e-08
1.86924e-09
5.85559e-08
1.84276e-09
5.85546e-08
1.81732e-09
5.85525e-08
1.79288e-09
5.85497e-08
1.76937e-09
5.85464e-08
1.74672e-09
5.85426e-08
1.72489e-09
5.85385e-08
1.7038e-09
5.8534e-08
1.68341e-09
5.85294e-08
1.66367e-09
5.85245e-08
1.64454e-09
5.85196e-08
1.62598e-09
5.85145e-08
1.60795e-09
5.85094e-08
1.59041e-09
5.85043e-08
1.57334e-09
5.84992e-08
1.55669e-09
5.84941e-08
1.54046e-09
5.84891e-08
1.5246e-09
5.84841e-08
1.50909e-09
5.84793e-08
1.49391e-09
5.84745e-08
1.47904e-09
5.84698e-08
1.46445e-09
5.84652e-08
1.45012e-09
5.84608e-08
1.43603e-09
5.84564e-08
1.42217e-09
5.84522e-08
1.4085e-09
5.84481e-08
1.39501e-09
5.84442e-08
1.38168e-09
5.84404e-08
1.36848e-09
5.84367e-08
1.35541e-09
5.84331e-08
1.34242e-09
5.84297e-08
1.32951e-09
5.84264e-08
1.31666e-09
5.84232e-08
1.30383e-09
5.84201e-08
1.29101e-09
5.84172e-08
1.27817e-09
5.84143e-08
1.2653e-09
5.84116e-08
1.25236e-09
5.84089e-08
1.23933e-09
5.84063e-08
1.22619e-09
5.84038e-08
1.21291e-09
5.84014e-08
1.19946e-09
5.8399e-08
1.18583e-09
5.83967e-08
1.17198e-09
5.83944e-08
1.15789e-09
5.83921e-08
1.14352e-09
5.83899e-08
1.12887e-09
5.83876e-08
1.11389e-09
5.83854e-08
1.09857e-09
5.83831e-08
1.08288e-09
5.83807e-08
1.06679e-09
5.83783e-08
1.05029e-09
5.83758e-08
1.03335e-09
5.83732e-08
1.01596e-09
5.83705e-08
9.98103e-10
5.83676e-08
9.79762e-10
5.83646e-08
9.60931e-10
5.83614e-08
9.41607e-10
5.83579e-08
9.2179e-10
5.83542e-08
9.01491e-10
5.83503e-08
8.80722e-10
5.8346e-08
8.59511e-10
5.83413e-08
8.37891e-10
5.83363e-08
8.15908e-10
5.83308e-08
7.93626e-10
5.83249e-08
7.71123e-10
5.83185e-08
7.48497e-10
5.83115e-08
7.25873e-10
5.83039e-08
7.03402e-10
5.82957e-08
6.81258e-10
5.82868e-08
6.59636e-10
5.82772e-08
6.38724e-10
5.82668e-08
6.18673e-10
5.82553e-08
5.9962e-10
5.82057e-10
5.95917e-08
1.72271e-09
-5.954e-08
5.96533e-08
1.82218e-09
5.97232e-08
1.91388e-09
5.97994e-08
1.99587e-09
5.98795e-08
2.06657e-09
5.99614e-08
2.12505e-09
6.00429e-08
2.171e-09
6.01223e-08
2.20465e-09
6.01981e-08
2.22664e-09
6.0269e-08
2.23796e-09
6.03342e-08
2.23979e-09
6.03932e-08
2.23346e-09
6.04457e-08
2.22034e-09
6.04918e-08
2.20177e-09
6.05318e-08
2.179e-09
6.05659e-08
2.15316e-09
6.05946e-08
2.12521e-09
6.06185e-08
2.09596e-09
6.06381e-08
2.06606e-09
6.06539e-08
2.03602e-09
6.06664e-08
2.00621e-09
6.06761e-08
1.97691e-09
6.06833e-08
1.94828e-09
6.06884e-08
1.92045e-09
6.06918e-08
1.89347e-09
6.06936e-08
1.86737e-09
6.06942e-08
1.84215e-09
6.06938e-08
1.81778e-09
6.06924e-08
1.79422e-09
6.06903e-08
1.77146e-09
6.06876e-08
1.74943e-09
6.06844e-08
1.7281e-09
6.06808e-08
1.70743e-09
6.06768e-08
1.68738e-09
6.06726e-08
1.66791e-09
6.06681e-08
1.64899e-09
6.06635e-08
1.63059e-09
6.06588e-08
1.61267e-09
6.0654e-08
1.5952e-09
6.06492e-08
1.57816e-09
6.06444e-08
1.56153e-09
6.06395e-08
1.54527e-09
6.06348e-08
1.52937e-09
6.06301e-08
1.5138e-09
6.06254e-08
1.49855e-09
6.06209e-08
1.48359e-09
6.06164e-08
1.46889e-09
6.06121e-08
1.45445e-09
6.06079e-08
1.44024e-09
6.06038e-08
1.42624e-09
6.05999e-08
1.41244e-09
6.05961e-08
1.39881e-09
6.05924e-08
1.38534e-09
6.05889e-08
1.372e-09
6.05855e-08
1.35877e-09
6.05823e-08
1.34564e-09
6.05792e-08
1.33258e-09
6.05763e-08
1.31958e-09
6.05735e-08
1.30661e-09
6.05709e-08
1.29364e-09
6.05684e-08
1.28067e-09
6.0566e-08
1.26766e-09
6.05638e-08
1.25459e-09
6.05617e-08
1.24143e-09
6.05597e-08
1.22817e-09
6.05579e-08
1.21478e-09
6.05561e-08
1.20123e-09
6.05544e-08
1.1875e-09
6.05528e-08
1.17356e-09
6.05513e-08
1.15938e-09
6.05499e-08
1.14495e-09
6.05485e-08
1.13024e-09
6.05472e-08
1.11522e-09
6.05459e-08
1.09986e-09
6.05447e-08
1.08415e-09
6.05434e-08
1.06807e-09
6.05421e-08
1.05158e-09
6.05408e-08
1.03468e-09
6.05394e-08
1.01734e-09
6.05379e-08
9.99558e-10
6.05364e-08
9.81316e-10
6.05347e-08
9.62609e-10
6.05329e-08
9.43435e-10
6.05309e-08
9.23798e-10
6.05286e-08
9.03709e-10
6.05262e-08
8.83184e-10
6.05234e-08
8.62251e-10
6.05204e-08
8.40948e-10
6.0517e-08
8.19322e-10
6.05132e-08
7.97438e-10
6.05089e-08
7.75378e-10
6.05042e-08
7.5324e-10
6.04989e-08
7.31149e-10
6.0493e-08
7.09254e-10
6.04866e-08
6.87726e-10
6.04794e-08
6.66758e-10
6.04716e-08
6.46553e-10
6.0463e-08
6.27323e-10
6.04532e-08
6.0936e-10
5.93424e-10
6.18506e-08
1.6745e-09
-6.18024e-08
6.19074e-08
1.76543e-09
6.19714e-08
1.84987e-09
6.2041e-08
1.92622e-09
6.21145e-08
1.99312e-09
6.21898e-08
2.04968e-09
6.22653e-08
2.09551e-09
6.23393e-08
2.13065e-09
6.24104e-08
2.15553e-09
6.24775e-08
2.17084e-09
6.25399e-08
2.17748e-09
6.25968e-08
2.17652e-09
6.26481e-08
2.16907e-09
6.26936e-08
2.15624e-09
6.27335e-08
2.1391e-09
6.2768e-08
2.11863e-09
6.27975e-08
2.0957e-09
6.28224e-08
2.07106e-09
6.28432e-08
2.04532e-09
6.28602e-08
2.01899e-09
6.2874e-08
1.99246e-09
6.28849e-08
1.96601e-09
6.28933e-08
1.93987e-09
6.28995e-08
1.91418e-09
6.2904e-08
1.88904e-09
6.29068e-08
1.86452e-09
6.29084e-08
1.84063e-09
6.29087e-08
1.8174e-09
6.29081e-08
1.79481e-09
6.29068e-08
1.77285e-09
6.29047e-08
1.7515e-09
6.2902e-08
1.73074e-09
6.28989e-08
1.71054e-09
6.28954e-08
1.69088e-09
6.28916e-08
1.67172e-09
6.28876e-08
1.65305e-09
6.28833e-08
1.63483e-09
6.28789e-08
1.61705e-09
6.28744e-08
1.59968e-09
6.28699e-08
1.58271e-09
6.28653e-08
1.5661e-09
6.28608e-08
1.54984e-09
6.28562e-08
1.53392e-09
6.28517e-08
1.5183e-09
6.28473e-08
1.50298e-09
6.28429e-08
1.48794e-09
6.28387e-08
1.47315e-09
6.28345e-08
1.4586e-09
6.28305e-08
1.44427e-09
6.28266e-08
1.43015e-09
6.28228e-08
1.41621e-09
6.28192e-08
1.40244e-09
6.28157e-08
1.38883e-09
6.28124e-08
1.37534e-09
6.28092e-08
1.36197e-09
6.28061e-08
1.34868e-09
6.28032e-08
1.33548e-09
6.28005e-08
1.32232e-09
6.27979e-08
1.3092e-09
6.27955e-08
1.29609e-09
6.27932e-08
1.28296e-09
6.2791e-08
1.26981e-09
6.2789e-08
1.2566e-09
6.27871e-08
1.24331e-09
6.27854e-08
1.22991e-09
6.27838e-08
1.21639e-09
6.27823e-08
1.20273e-09
6.27809e-08
1.18888e-09
6.27796e-08
1.17484e-09
6.27784e-08
1.16057e-09
6.27773e-08
1.14605e-09
6.27763e-08
1.13126e-09
6.27753e-08
1.11618e-09
6.27744e-08
1.10077e-09
6.27735e-08
1.08503e-09
6.27727e-08
1.06892e-09
6.27719e-08
1.05243e-09
6.2771e-08
1.03554e-09
6.27701e-08
1.01823e-09
6.27692e-08
1.0005e-09
6.27681e-08
9.82338e-10
6.2767e-08
9.63732e-10
6.27658e-08
9.44687e-10
6.27643e-08
9.25208e-10
6.27627e-08
9.05306e-10
6.27609e-08
8.85004e-10
6.27589e-08
8.64328e-10
6.27565e-08
8.4332e-10
6.27538e-08
8.22029e-10
6.27507e-08
8.00524e-10
6.27472e-08
7.78885e-10
6.27432e-08
7.57214e-10
6.27387e-08
7.35634e-10
6.27337e-08
7.14293e-10
6.2728e-08
6.9336e-10
6.27218e-08
6.73031e-10
6.27148e-08
6.53519e-10
6.27071e-08
6.35081e-10
6.26983e-08
6.1809e-10
6.03355e-10
6.41888e-08
1.6296e-09
-6.41439e-08
6.42411e-08
1.71314e-09
6.42998e-08
1.7912e-09
6.43635e-08
1.86249e-09
6.44308e-08
1.92584e-09
6.45e-08
1.98042e-09
6.45697e-08
2.0258e-09
6.46385e-08
2.06192e-09
6.4705e-08
2.08901e-09
6.47683e-08
2.10756e-09
6.48275e-08
2.11825e-09
6.48821e-08
2.1219e-09
6.49318e-08
2.11939e-09
6.49764e-08
2.11166e-09
6.50159e-08
2.09959e-09
6.50505e-08
2.08404e-09
6.50804e-08
2.06577e-09
6.5106e-08
2.04547e-09
6.51276e-08
2.0237e-09
6.51456e-08
2.00096e-09
6.51605e-08
1.97763e-09
6.51724e-08
1.95403e-09
6.51819e-08
1.93038e-09
6.51892e-08
1.90687e-09
6.51947e-08
1.88362e-09
6.51985e-08
1.86072e-09
6.52009e-08
1.83824e-09
6.5202e-08
1.81621e-09
6.52022e-08
1.79464e-09
6.52015e-08
1.77356e-09
6.52001e-08
1.75295e-09
6.5198e-08
1.73281e-09
6.51954e-08
1.71313e-09
6.51924e-08
1.69389e-09
6.5189e-08
1.67508e-09
6.51854e-08
1.65669e-09
6.51815e-08
1.6387e-09
6.51775e-08
1.62109e-09
6.51733e-08
1.60384e-09
6.51691e-08
1.58695e-09
6.51648e-08
1.57039e-09
6.51605e-08
1.55415e-09
6.51562e-08
1.53822e-09
6.51519e-08
1.52257e-09
6.51477e-08
1.5072e-09
6.51436e-08
1.49208e-09
6.51395e-08
1.47721e-09
6.51355e-08
1.46256e-09
6.51317e-08
1.44813e-09
6.51279e-08
1.43389e-09
6.51243e-08
1.41983e-09
6.51208e-08
1.40593e-09
6.51175e-08
1.39217e-09
6.51143e-08
1.37854e-09
6.51112e-08
1.36502e-09
6.51083e-08
1.3516e-09
6.51056e-08
1.33824e-09
6.51029e-08
1.32494e-09
6.51005e-08
1.31167e-09
6.50982e-08
1.29841e-09
6.5096e-08
1.28514e-09
6.5094e-08
1.27184e-09
6.50921e-08
1.25849e-09
6.50903e-08
1.24506e-09
6.50887e-08
1.23153e-09
6.50872e-08
1.21789e-09
6.50858e-08
1.2041e-09
6.50846e-08
1.19014e-09
6.50834e-08
1.17599e-09
6.50824e-08
1.16162e-09
6.50814e-08
1.14702e-09
6.50805e-08
1.13215e-09
6.50797e-08
1.11699e-09
6.50789e-08
1.10153e-09
6.50782e-08
1.08574e-09
6.50775e-08
1.06961e-09
6.50769e-08
1.05311e-09
6.50762e-08
1.03622e-09
6.50755e-08
1.01894e-09
6.50747e-08
1.00126e-09
6.50739e-08
9.8316e-10
6.5073e-08
9.64647e-10
6.50719e-08
9.45721e-10
6.50708e-08
9.26389e-10
6.50694e-08
9.06666e-10
6.50678e-08
8.86574e-10
6.5066e-08
8.66144e-10
6.50639e-08
8.45419e-10
6.50615e-08
8.24451e-10
6.50587e-08
8.03309e-10
6.50555e-08
7.82076e-10
6.50519e-08
7.60854e-10
6.50477e-08
7.39767e-10
6.50431e-08
7.1896e-10
6.50378e-08
6.98602e-10
6.5032e-08
6.78889e-10
6.50254e-08
6.60045e-10
6.50182e-08
6.42347e-10
6.50101e-08
6.26195e-10
6.12331e-10
6.66093e-08
1.58784e-09
-6.65676e-08
6.66575e-08
1.66497e-09
6.67113e-08
1.73745e-09
6.67695e-08
1.80421e-09
6.68311e-08
1.86427e-09
6.68947e-08
1.91688e-09
6.69589e-08
1.9616e-09
6.70225e-08
1.99829e-09
6.70845e-08
2.02705e-09
6.71438e-08
2.0482e-09
6.71998e-08
2.06225e-09
6.72519e-08
2.06982e-09
6.72997e-08
2.0716e-09
6.7343e-08
2.06835e-09
6.73818e-08
2.06082e-09
6.74161e-08
2.04974e-09
6.74461e-08
2.03576e-09
6.7472e-08
2.0195e-09
6.74943e-08
2.00149e-09
6.7513e-08
1.98218e-09
6.75287e-08
1.96196e-09
6.75416e-08
1.94114e-09
6.7552e-08
1.91997e-09
6.75602e-08
1.89864e-09
6.75665e-08
1.8773e-09
6.75712e-08
1.85607e-09
6.75744e-08
1.83503e-09
6.75764e-08
1.81425e-09
6.75772e-08
1.79376e-09
6.75772e-08
1.7736e-09
6.75764e-08
1.75377e-09
6.75749e-08
1.7343e-09
6.75728e-08
1.71517e-09
6.75703e-08
1.6964e-09
6.75674e-08
1.67798e-09
6.75642e-08
1.65991e-09
6.75607e-08
1.64217e-09
6.75571e-08
1.62475e-09
6.75533e-08
1.60766e-09
6.75493e-08
1.59087e-09
6.75453e-08
1.57438e-09
6.75413e-08
1.55818e-09
6.75373e-08
1.54226e-09
6.75333e-08
1.52659e-09
6.75293e-08
1.51118e-09
6.75253e-08
1.49601e-09
6.75215e-08
1.48107e-09
6.75177e-08
1.46633e-09
6.75141e-08
1.4518e-09
6.75105e-08
1.43745e-09
6.7507e-08
1.42327e-09
6.75037e-08
1.40925e-09
6.75005e-08
1.39537e-09
6.74975e-08
1.3816e-09
6.74945e-08
1.36795e-09
6.74918e-08
1.35438e-09
6.74891e-08
1.34088e-09
6.74866e-08
1.32743e-09
6.74843e-08
1.31402e-09
6.74821e-08
1.30062e-09
6.748e-08
1.28721e-09
6.74781e-08
1.27377e-09
6.74763e-08
1.26028e-09
6.74746e-08
1.24672e-09
6.74731e-08
1.23307e-09
6.74717e-08
1.2193e-09
6.74704e-08
1.20539e-09
6.74692e-08
1.19132e-09
6.74681e-08
1.17706e-09
6.74671e-08
1.1626e-09
6.74663e-08
1.14791e-09
6.74654e-08
1.13296e-09
6.74647e-08
1.11774e-09
6.7464e-08
1.10222e-09
6.74634e-08
1.08639e-09
6.74627e-08
1.07023e-09
6.74621e-08
1.05371e-09
6.74615e-08
1.03683e-09
6.74609e-08
1.01958e-09
6.74602e-08
1.00194e-09
6.74595e-08
9.83907e-10
6.74586e-08
9.65484e-10
6.74577e-08
9.46673e-10
6.74566e-08
9.27485e-10
6.74553e-08
9.07935e-10
6.74538e-08
8.88048e-10
6.74521e-08
8.67858e-10
6.74501e-08
8.47407e-10
6.74478e-08
8.26753e-10
6.74452e-08
8.05963e-10
6.74421e-08
7.85123e-10
6.74386e-08
7.64336e-10
6.74347e-08
7.43725e-10
6.74302e-08
7.23432e-10
6.74252e-08
7.03627e-10
6.74196e-08
6.84505e-10
6.74133e-08
6.66293e-10
6.74064e-08
6.49276e-10
6.73988e-08
6.33841e-10
6.20617e-10
6.91154e-08
1.5491e-09
-6.90767e-08
6.91597e-08
1.62067e-09
6.92089e-08
1.68826e-09
6.92621e-08
1.751e-09
6.93184e-08
1.80804e-09
6.93765e-08
1.85873e-09
6.94355e-08
1.90265e-09
6.94941e-08
1.93959e-09
6.95516e-08
1.96957e-09
6.9607e-08
1.9928e-09
6.96597e-08
2.00961e-09
6.9709e-08
2.02048e-09
6.97546e-08
2.02596e-09
6.97963e-08
2.02664e-09
6.9834e-08
2.02314e-09
6.98677e-08
2.01607e-09
6.98974e-08
2.00601e-09
6.99235e-08
1.99348e-09
6.9946e-08
1.97899e-09
6.99652e-08
1.96293e-09
6.99815e-08
1.94569e-09
6.99951e-08
1.92757e-09
7.00062e-08
1.90881e-09
7.00152e-08
1.88964e-09
7.00223e-08
1.87021e-09
7.00277e-08
1.85067e-09
7.00316e-08
1.8311e-09
7.00343e-08
1.8116e-09
7.00358e-08
1.79222e-09
7.00364e-08
1.77301e-09
7.00362e-08
1.75401e-09
7.00352e-08
1.73523e-09
7.00337e-08
1.71671e-09
7.00317e-08
1.69844e-09
7.00292e-08
1.68043e-09
7.00264e-08
1.6627e-09
7.00234e-08
1.64524e-09
7.00201e-08
1.62805e-09
7.00166e-08
1.61112e-09
7.0013e-08
1.59447e-09
7.00093e-08
1.57807e-09
7.00056e-08
1.56192e-09
7.00018e-08
1.54602e-09
6.9998e-08
1.53036e-09
6.99943e-08
1.51492e-09
6.99906e-08
1.49971e-09
6.9987e-08
1.4847e-09
6.99834e-08
1.4699e-09
6.99799e-08
1.45528e-09
6.99766e-08
1.44083e-09
6.99733e-08
1.42654e-09
6.99701e-08
1.4124e-09
6.99671e-08
1.3984e-09
6.99642e-08
1.38451e-09
6.99614e-08
1.37072e-09
6.99588e-08
1.35702e-09
6.99563e-08
1.34339e-09
6.99539e-08
1.3298e-09
6.99517e-08
1.31625e-09
6.99496e-08
1.30271e-09
6.99476e-08
1.28917e-09
6.99458e-08
1.2756e-09
6.99441e-08
1.26198e-09
6.99425e-08
1.24829e-09
6.99411e-08
1.23452e-09
6.99397e-08
1.22063e-09
6.99385e-08
1.2066e-09
6.99374e-08
1.19243e-09
6.99364e-08
1.17807e-09
6.99355e-08
1.16351e-09
6.99347e-08
1.14874e-09
6.99339e-08
1.13372e-09
6.99332e-08
1.11843e-09
6.99326e-08
1.10286e-09
6.9932e-08
1.08699e-09
6.99314e-08
1.0708e-09
6.99308e-08
1.05428e-09
6.99303e-08
1.03741e-09
6.99297e-08
1.02017e-09
6.9929e-08
1.00258e-09
6.99283e-08
9.84613e-10
6.99275e-08
9.66279e-10
6.99266e-08
9.47583e-10
6.99256e-08
9.28535e-10
6.99243e-08
9.09155e-10
6.99229e-08
8.89469e-10
6.99213e-08
8.69512e-10
6.99193e-08
8.4933e-10
6.99171e-08
8.2898e-10
6.99145e-08
8.08533e-10
6.99116e-08
7.88074e-10
6.99082e-08
7.67706e-10
6.99044e-08
7.47552e-10
6.99001e-08
7.27753e-10
6.98952e-08
7.08477e-10
6.98898e-08
6.89916e-10
6.98838e-08
6.72296e-10
6.98772e-08
6.55897e-10
6.987e-08
6.41074e-10
6.28336e-10
9.83357e-08
1.50107e-09
-9.82876e-08
9.839e-08
1.56628e-09
9.84501e-08
1.62822e-09
9.85148e-08
1.68625e-09
9.85832e-08
1.73967e-09
9.8654e-08
1.78793e-09
9.8726e-08
1.83063e-09
9.8798e-08
1.86757e-09
9.88689e-08
1.89867e-09
9.89377e-08
1.924e-09
9.90036e-08
1.94377e-09
9.90658e-08
1.95829e-09
9.91238e-08
1.96792e-09
9.91774e-08
1.97311e-09
9.92262e-08
1.97432e-09
9.92702e-08
1.97201e-09
9.93096e-08
1.96666e-09
9.93443e-08
1.95871e-09
9.93748e-08
1.94856e-09
9.94011e-08
1.93659e-09
9.94237e-08
1.92314e-09
9.94427e-08
1.90849e-09
9.94587e-08
1.89289e-09
9.94717e-08
1.87656e-09
9.94823e-08
1.85968e-09
9.94906e-08
1.84239e-09
9.94969e-08
1.82482e-09
9.95014e-08
1.80707e-09
9.95044e-08
1.78922e-09
9.95061e-08
1.77134e-09
9.95066e-08
1.75349e-09
9.95061e-08
1.73571e-09
9.95048e-08
1.71802e-09
9.95027e-08
1.70047e-09
9.95001e-08
1.68307e-09
9.9497e-08
1.66584e-09
9.94934e-08
1.64879e-09
9.94895e-08
1.63193e-09
9.94854e-08
1.61527e-09
9.94811e-08
1.59881e-09
9.94766e-08
1.58255e-09
9.9472e-08
1.56651e-09
9.94673e-08
1.55066e-09
9.94627e-08
1.53502e-09
9.9458e-08
1.51957e-09
9.94534e-08
1.50432e-09
9.94489e-08
1.48925e-09
9.94444e-08
1.47435e-09
9.94401e-08
1.45963e-09
9.94358e-08
1.44506e-09
9.94317e-08
1.43065e-09
9.94278e-08
1.41636e-09
9.9424e-08
1.4022e-09
9.94203e-08
1.38816e-09
9.94169e-08
1.3742e-09
9.94135e-08
1.36033e-09
9.94104e-08
1.34653e-09
9.94074e-08
1.33277e-09
9.94046e-08
1.31904e-09
9.9402e-08
1.30533e-09
9.93996e-08
1.29161e-09
9.93973e-08
1.27787e-09
9.93952e-08
1.26408e-09
9.93933e-08
1.25023e-09
9.93915e-08
1.2363e-09
9.93899e-08
1.22225e-09
9.93884e-08
1.20809e-09
9.9387e-08
1.19377e-09
9.93858e-08
1.17929e-09
9.93847e-08
1.16461e-09
9.93837e-08
1.14973e-09
9.93828e-08
1.13461e-09
9.9382e-08
1.11925e-09
9.93813e-08
1.10361e-09
9.93806e-08
1.08769e-09
9.93799e-08
1.07147e-09
9.93792e-08
1.05494e-09
9.93785e-08
1.03808e-09
9.93778e-08
1.02089e-09
9.93771e-08
1.00335e-09
9.93762e-08
9.85475e-10
9.93752e-08
9.67262e-10
9.93741e-08
9.48718e-10
9.93728e-08
9.29858e-10
9.93712e-08
9.10704e-10
9.93694e-08
8.91283e-10
9.93673e-08
8.71634e-10
9.93648e-08
8.51804e-10
9.93619e-08
8.31852e-10
9.93586e-08
8.11851e-10
9.93548e-08
7.91887e-10
9.93504e-08
7.72063e-10
9.93455e-08
7.52499e-10
9.93399e-08
7.33335e-10
9.93337e-08
7.14734e-10
9.93267e-08
6.96883e-10
9.9319e-08
6.79998e-10
9.93105e-08
6.64337e-10
9.93014e-08
6.50206e-10
6.38044e-10
1.10419e-07
1.45568e-09
-1.10374e-07
1.1047e-07
1.51534e-09
1.10526e-07
1.57232e-09
1.10586e-07
1.62612e-09
1.1065e-07
1.6762e-09
1.10716e-07
1.7221e-09
1.10783e-07
1.76347e-09
1.1085e-07
1.80008e-09
1.10917e-07
1.83183e-09
1.10983e-07
1.85871e-09
1.11045e-07
1.8808e-09
1.11105e-07
1.89829e-09
1.11162e-07
1.91142e-09
1.11215e-07
1.92048e-09
1.11263e-07
1.92581e-09
1.11307e-07
1.92776e-09
1.11347e-07
1.92669e-09
1.11383e-07
1.92295e-09
1.11415e-07
1.91688e-09
1.11443e-07
1.9088e-09
1.11467e-07
1.899e-09
1.11487e-07
1.88775e-09
1.11505e-07
1.87528e-09
1.1152e-07
1.86181e-09
1.11532e-07
1.84751e-09
1.11542e-07
1.83254e-09
1.1155e-07
1.81705e-09
1.11556e-07
1.80114e-09
1.1156e-07
1.78492e-09
1.11563e-07
1.76846e-09
1.11564e-07
1.75186e-09
1.11565e-07
1.73515e-09
1.11565e-07
1.7184e-09
1.11563e-07
1.70164e-09
1.11562e-07
1.68492e-09
1.11559e-07
1.66825e-09
1.11556e-07
1.65167e-09
1.11553e-07
1.6352e-09
1.11549e-07
1.61886e-09
1.11546e-07
1.60264e-09
1.11541e-07
1.58658e-09
1.11537e-07
1.57067e-09
1.11533e-07
1.55491e-09
1.11529e-07
1.53932e-09
1.11524e-07
1.52389e-09
1.1152e-07
1.50862e-09
1.11516e-07
1.4935e-09
1.11512e-07
1.47854e-09
1.11508e-07
1.46373e-09
1.11504e-07
1.44906e-09
1.115e-07
1.43453e-09
1.11496e-07
1.42012e-09
1.11492e-07
1.40582e-09
1.11489e-07
1.39162e-09
1.11486e-07
1.37751e-09
1.11482e-07
1.36348e-09
1.11479e-07
1.34951e-09
1.11477e-07
1.33558e-09
1.11474e-07
1.32169e-09
1.11472e-07
1.30781e-09
1.11469e-07
1.29392e-09
1.11467e-07
1.28001e-09
1.11465e-07
1.26606e-09
1.11463e-07
1.25205e-09
1.11462e-07
1.23796e-09
1.1146e-07
1.22378e-09
1.11459e-07
1.20947e-09
1.11457e-07
1.19502e-09
1.11456e-07
1.18041e-09
1.11455e-07
1.16562e-09
1.11454e-07
1.15063e-09
1.11454e-07
1.13543e-09
1.11453e-07
1.11999e-09
1.11452e-07
1.10429e-09
1.11452e-07
1.08833e-09
1.11451e-07
1.07209e-09
1.1145e-07
1.05555e-09
1.1145e-07
1.03871e-09
1.11449e-07
1.02155e-09
1.11448e-07
1.00409e-09
1.11447e-07
9.86307e-10
1.11447e-07
9.68219e-10
1.11445e-07
9.49834e-10
1.11444e-07
9.31168e-10
1.11443e-07
9.12244e-10
1.11441e-07
8.93094e-10
1.11439e-07
8.73757e-10
1.11436e-07
8.54283e-10
1.11433e-07
8.34733e-10
1.1143e-07
8.15179e-10
1.11426e-07
7.95709e-10
1.11422e-07
7.76425e-10
1.11417e-07
7.57444e-10
1.11411e-07
7.38904e-10
1.11405e-07
7.20961e-10
1.11398e-07
7.03792e-10
1.1139e-07
6.87599e-10
1.11382e-07
6.72611e-10
1.11373e-07
6.59083e-10
6.47373e-10
1.23975e-07
1.41402e-09
-1.23933e-07
1.24021e-07
1.46898e-09
1.24072e-07
1.52171e-09
1.24126e-07
1.57185e-09
1.24183e-07
1.61896e-09
1.24242e-07
1.66268e-09
1.24303e-07
1.70268e-09
1.24365e-07
1.73877e-09
1.24426e-07
1.7708e-09
1.24486e-07
1.79872e-09
1.24544e-07
1.82254e-09
1.246e-07
1.84235e-09
1.24653e-07
1.85828e-09
1.24703e-07
1.87054e-09
1.24749e-07
1.87934e-09
1.24792e-07
1.88493e-09
1.24831e-07
1.88759e-09
1.24867e-07
1.88758e-09
1.24898e-07
1.88518e-09
1.24926e-07
1.88064e-09
1.24951e-07
1.87422e-09
1.24973e-07
1.86616e-09
1.24991e-07
1.85666e-09
1.25007e-07
1.84593e-09
1.25021e-07
1.83414e-09
1.25032e-07
1.82146e-09
1.25041e-07
1.80802e-09
1.25048e-07
1.79396e-09
1.25053e-07
1.77939e-09
1.25058e-07
1.76439e-09
1.2506e-07
1.74907e-09
1.25062e-07
1.73349e-09
1.25063e-07
1.71771e-09
1.25063e-07
1.7018e-09
1.25062e-07
1.68579e-09
1.2506e-07
1.66975e-09
1.25058e-07
1.65369e-09
1.25056e-07
1.63765e-09
1.25053e-07
1.62165e-09
1.2505e-07
1.60573e-09
1.25047e-07
1.58988e-09
1.25043e-07
1.57414e-09
1.25039e-07
1.55851e-09
1.25036e-07
1.54299e-09
1.25032e-07
1.5276e-09
1.25028e-07
1.51234e-09
1.25025e-07
1.49721e-09
1.25021e-07
1.48221e-09
1.25017e-07
1.46733e-09
1.25014e-07
1.45258e-09
1.2501e-07
1.43795e-09
1.25007e-07
1.42342e-09
1.25004e-07
1.409e-09
1.25001e-07
1.39467e-09
1.24998e-07
1.38042e-09
1.24995e-07
1.36625e-09
1.24993e-07
1.35213e-09
1.2499e-07
1.33805e-09
1.24988e-07
1.324e-09
1.24986e-07
1.30996e-09
1.24984e-07
1.29592e-09
1.24982e-07
1.28186e-09
1.2498e-07
1.26776e-09
1.24979e-07
1.2536e-09
1.24977e-07
1.23937e-09
1.24976e-07
1.22505e-09
1.24975e-07
1.21061e-09
1.24974e-07
1.19604e-09
1.24973e-07
1.18132e-09
1.24972e-07
1.16642e-09
1.24971e-07
1.15134e-09
1.24971e-07
1.13606e-09
1.2497e-07
1.12055e-09
1.2497e-07
1.10481e-09
1.24969e-07
1.08881e-09
1.24969e-07
1.07255e-09
1.24968e-07
1.05601e-09
1.24968e-07
1.0392e-09
1.24967e-07
1.02209e-09
1.24967e-07
1.0047e-09
1.24966e-07
9.87018e-10
1.24965e-07
9.6906e-10
1.24964e-07
9.50836e-10
1.24963e-07
9.32366e-10
1.24961e-07
9.13673e-10
1.2496e-07
8.94792e-10
1.24958e-07
8.75764e-10
1.24955e-07
8.5664e-10
1.24953e-07
8.37482e-10
1.24949e-07
8.18365e-10
1.24946e-07
7.99374e-10
1.24942e-07
7.80611e-10
1.24937e-07
7.6219e-10
1.24931e-07
7.44244e-10
1.24926e-07
7.2692e-10
1.24919e-07
7.10386e-10
1.24912e-07
6.94825e-10
1.24904e-07
6.80438e-10
1.24896e-07
6.67439e-10
6.56143e-10
1.39177e-07
1.37742e-09
-1.3914e-07
1.39217e-07
1.42853e-09
1.39261e-07
1.47776e-09
1.39308e-07
1.52485e-09
1.39357e-07
1.56945e-09
1.39409e-07
1.61124e-09
1.39462e-07
1.64996e-09
1.39515e-07
1.68541e-09
1.39568e-07
1.71746e-09
1.39621e-07
1.74602e-09
1.39672e-07
1.77104e-09
1.39722e-07
1.79256e-09
1.3977e-07
1.81064e-09
1.39815e-07
1.8254e-09
1.39857e-07
1.83697e-09
1.39897e-07
1.84553e-09
1.39933e-07
1.85127e-09
1.39966e-07
1.8544e-09
1.39996e-07
1.85512e-09
1.40023e-07
1.85364e-09
1.40047e-07
1.85018e-09
1.40069e-07
1.84493e-09
1.40087e-07
1.8381e-09
1.40103e-07
1.82985e-09
1.40117e-07
1.82037e-09
1.40129e-07
1.8098e-09
1.40138e-07
1.79829e-09
1.40146e-07
1.78597e-09
1.40153e-07
1.77296e-09
1.40158e-07
1.75936e-09
1.40162e-07
1.74528e-09
1.40164e-07
1.73079e-09
1.40166e-07
1.71598e-09
1.40167e-07
1.7009e-09
1.40167e-07
1.68562e-09
1.40167e-07
1.67019e-09
1.40166e-07
1.65466e-09
1.40164e-07
1.63907e-09
1.40163e-07
1.62344e-09
1.40161e-07
1.60782e-09
1.40158e-07
1.59222e-09
1.40156e-07
1.57666e-09
1.40153e-07
1.56118e-09
1.4015e-07
1.54576e-09
1.40147e-07
1.53044e-09
1.40144e-07
1.51521e-09
1.40142e-07
1.50008e-09
1.40139e-07
1.48506e-09
1.40136e-07
1.47015e-09
1.40133e-07
1.45534e-09
1.40131e-07
1.44063e-09
1.40128e-07
1.42601e-09
1.40125e-07
1.41149e-09
1.40123e-07
1.39706e-09
1.40121e-07
1.38269e-09
1.40119e-07
1.36839e-09
1.40117e-07
1.35414e-09
1.40115e-07
1.33994e-09
1.40113e-07
1.32575e-09
1.40111e-07
1.31158e-09
1.4011e-07
1.29741e-09
1.40109e-07
1.28322e-09
1.40107e-07
1.26899e-09
1.40106e-07
1.2547e-09
1.40105e-07
1.24035e-09
1.40104e-07
1.22591e-09
1.40104e-07
1.21135e-09
1.40103e-07
1.19668e-09
1.40102e-07
1.18186e-09
1.40102e-07
1.16688e-09
1.40102e-07
1.15173e-09
1.40101e-07
1.13638e-09
1.40101e-07
1.12082e-09
1.40101e-07
1.10503e-09
1.40101e-07
1.08901e-09
1.401e-07
1.07274e-09
1.401e-07
1.05622e-09
1.401e-07
1.03943e-09
1.401e-07
1.02238e-09
1.40099e-07
1.00507e-09
1.40099e-07
9.8749e-10
1.40098e-07
9.69661e-10
1.40097e-07
9.51596e-10
1.40096e-07
9.33315e-10
1.40095e-07
9.14845e-10
1.40094e-07
8.96221e-10
1.40092e-07
8.77486e-10
1.4009e-07
8.58693e-10
1.40088e-07
8.39905e-10
1.40085e-07
8.21195e-10
1.40082e-07
8.0265e-10
1.40078e-07
7.84368e-10
1.40074e-07
7.66461e-10
1.40069e-07
7.49056e-10
1.40063e-07
7.32292e-10
1.40057e-07
7.16324e-10
1.40051e-07
7.01317e-10
1.40044e-07
6.87447e-10
1.40036e-07
6.74889e-10
6.63906e-10
1.56223e-07
1.34762e-09
-1.56193e-07
1.56255e-07
1.39577e-09
1.56291e-07
1.4423e-09
1.56329e-07
1.48701e-09
1.56369e-07
1.5296e-09
1.5641e-07
1.56982e-09
1.56453e-07
1.60743e-09
1.56496e-07
1.64225e-09
1.56539e-07
1.67415e-09
1.56582e-07
1.70302e-09
1.56624e-07
1.7288e-09
1.56665e-07
1.75147e-09
1.56705e-07
1.77106e-09
1.56743e-07
1.78761e-09
1.56778e-07
1.80122e-09
1.56812e-07
1.812e-09
1.56843e-07
1.82009e-09
1.56872e-07
1.82563e-09
1.56898e-07
1.82879e-09
1.56922e-07
1.82973e-09
1.56944e-07
1.82864e-09
1.56963e-07
1.82568e-09
1.5698e-07
1.82102e-09
1.56995e-07
1.81484e-09
1.57008e-07
1.80727e-09
1.57019e-07
1.79849e-09
1.57029e-07
1.78862e-09
1.57037e-07
1.7778e-09
1.57044e-07
1.76615e-09
1.5705e-07
1.75377e-09
1.57054e-07
1.74078e-09
1.57058e-07
1.72727e-09
1.5706e-07
1.71331e-09
1.57062e-07
1.69899e-09
1.57064e-07
1.68437e-09
1.57064e-07
1.66951e-09
1.57064e-07
1.65447e-09
1.57064e-07
1.63929e-09
1.57064e-07
1.62402e-09
1.57063e-07
1.60869e-09
1.57062e-07
1.59333e-09
1.5706e-07
1.57796e-09
1.57059e-07
1.56263e-09
1.57057e-07
1.54733e-09
1.57056e-07
1.53208e-09
1.57054e-07
1.5169e-09
1.57052e-07
1.5018e-09
1.57051e-07
1.48679e-09
1.57049e-07
1.47185e-09
1.57047e-07
1.45701e-09
1.57046e-07
1.44225e-09
1.57044e-07
1.42758e-09
1.57042e-07
1.41299e-09
1.57041e-07
1.39848e-09
1.5704e-07
1.38403e-09
1.57038e-07
1.36963e-09
1.57037e-07
1.35529e-09
1.57036e-07
1.34098e-09
1.57035e-07
1.3267e-09
1.57034e-07
1.31243e-09
1.57034e-07
1.29815e-09
1.57033e-07
1.28385e-09
1.57033e-07
1.26952e-09
1.57032e-07
1.25514e-09
1.57032e-07
1.24069e-09
1.57032e-07
1.22616e-09
1.57031e-07
1.21152e-09
1.57031e-07
1.19677e-09
1.57031e-07
1.18188e-09
1.57031e-07
1.16684e-09
1.57031e-07
1.15163e-09
1.57032e-07
1.13623e-09
1.57032e-07
1.12064e-09
1.57032e-07
1.10483e-09
1.57032e-07
1.0888e-09
1.57032e-07
1.07254e-09
1.57033e-07
1.05603e-09
1.57033e-07
1.03929e-09
1.57033e-07
1.02229e-09
1.57033e-07
1.00505e-09
1.57033e-07
9.87573e-10
1.57032e-07
9.69867e-10
1.57032e-07
9.51948e-10
1.57032e-07
9.3384e-10
1.57031e-07
9.15571e-10
1.5703e-07
8.97177e-10
1.57029e-07
8.78703e-10
1.57027e-07
8.60202e-10
1.57025e-07
8.41737e-10
1.57023e-07
8.23383e-10
1.57021e-07
8.05223e-10
1.57018e-07
7.87356e-10
1.57014e-07
7.69889e-10
1.5701e-07
7.52944e-10
1.57006e-07
7.36653e-10
1.57001e-07
7.21158e-10
1.56996e-07
7.0661e-10
1.5699e-07
6.93166e-10
1.56984e-07
6.80977e-10
6.70293e-10
1.75335e-07
1.32702e-09
-1.75314e-07
1.75357e-07
1.3732e-09
1.75382e-07
1.41793e-09
1.75408e-07
1.46101e-09
1.75435e-07
1.50222e-09
1.75464e-07
1.54131e-09
1.75493e-07
1.57808e-09
1.75523e-07
1.61237e-09
1.75553e-07
1.64404e-09
1.75583e-07
1.67298e-09
1.75613e-07
1.69912e-09
1.75642e-07
1.72241e-09
1.7567e-07
1.74286e-09
1.75697e-07
1.76049e-09
1.75723e-07
1.77534e-09
1.75747e-07
1.7875e-09
1.7577e-07
1.79707e-09
1.75792e-07
1.80416e-09
1.75812e-07
1.8089e-09
1.7583e-07
1.81144e-09
1.75847e-07
1.81192e-09
1.75862e-07
1.8105e-09
1.75876e-07
1.80733e-09
1.75888e-07
1.80255e-09
1.75899e-07
1.79632e-09
1.75909e-07
1.78879e-09
1.75917e-07
1.78008e-09
1.75925e-07
1.77032e-09
1.75931e-07
1.75964e-09
1.75937e-07
1.74815e-09
1.75941e-07
1.73596e-09
1.75946e-07
1.72317e-09
1.75949e-07
1.70985e-09
1.75952e-07
1.69609e-09
1.75954e-07
1.68197e-09
1.75956e-07
1.66755e-09
1.75958e-07
1.65289e-09
1.75959e-07
1.63804e-09
1.7596e-07
1.62304e-09
1.75961e-07
1.60795e-09
1.75961e-07
1.59279e-09
1.75962e-07
1.57759e-09
1.75962e-07
1.56238e-09
1.75962e-07
1.54719e-09
1.75962e-07
1.53203e-09
1.75962e-07
1.51691e-09
1.75962e-07
1.50185e-09
1.75962e-07
1.48686e-09
1.75962e-07
1.47194e-09
1.75962e-07
1.45709e-09
1.75962e-07
1.44232e-09
1.75962e-07
1.42762e-09
1.75962e-07
1.413e-09
1.75962e-07
1.39844e-09
1.75962e-07
1.38395e-09
1.75962e-07
1.36951e-09
1.75962e-07
1.35511e-09
1.75962e-07
1.34075e-09
1.75963e-07
1.32641e-09
1.75963e-07
1.31208e-09
1.75964e-07
1.29774e-09
1.75964e-07
1.28339e-09
1.75965e-07
1.269e-09
1.75965e-07
1.25456e-09
1.75966e-07
1.24006e-09
1.75966e-07
1.22547e-09
1.75967e-07
1.21079e-09
1.75968e-07
1.19599e-09
1.75969e-07
1.18106e-09
1.7597e-07
1.16599e-09
1.7597e-07
1.15075e-09
1.75971e-07
1.13533e-09
1.75972e-07
1.11973e-09
1.75973e-07
1.10392e-09
1.75974e-07
1.08789e-09
1.75975e-07
1.07165e-09
1.75976e-07
1.05518e-09
1.75977e-07
1.03847e-09
1.75977e-07
1.02153e-09
1.75978e-07
1.00436e-09
1.75979e-07
9.86968e-10
1.75979e-07
9.69365e-10
1.7598e-07
9.51567e-10
1.7598e-07
9.33599e-10
1.7598e-07
9.1549e-10
1.7598e-07
8.97277e-10
1.7598e-07
8.79006e-10
1.75979e-07
8.6073e-10
1.75978e-07
8.42513e-10
1.75977e-07
8.24429e-10
1.75976e-07
8.06561e-10
1.75974e-07
7.89004e-10
1.75972e-07
7.71865e-10
1.7597e-07
7.55261e-10
1.75967e-07
7.39317e-10
1.75964e-07
7.24169e-10
1.75961e-07
7.09957e-10
1.75957e-07
6.96821e-10
1.75953e-07
6.84893e-10
6.74383e-10
1.96764e-07
-1.96755e-07
1.96773e-07
1.96783e-07
1.96793e-07
1.96805e-07
1.96817e-07
1.96829e-07
1.96842e-07
1.96855e-07
1.96868e-07
1.96881e-07
1.96894e-07
1.96907e-07
1.9692e-07
1.96932e-07
1.96944e-07
1.96956e-07
1.96967e-07
1.96977e-07
1.96988e-07
1.96997e-07
1.97006e-07
1.97015e-07
1.97023e-07
1.9703e-07
1.97037e-07
1.97044e-07
1.9705e-07
1.97056e-07
1.97062e-07
1.97067e-07
1.97072e-07
1.97077e-07
1.97081e-07
1.97085e-07
1.97089e-07
1.97093e-07
1.97097e-07
1.971e-07
1.97104e-07
1.97107e-07
1.9711e-07
1.97113e-07
1.97116e-07
1.97119e-07
1.97122e-07
1.97125e-07
1.97128e-07
1.9713e-07
1.97133e-07
1.97136e-07
1.97138e-07
1.97141e-07
1.97144e-07
1.97146e-07
1.97149e-07
1.97152e-07
1.97154e-07
1.97157e-07
1.97159e-07
1.97162e-07
1.97164e-07
1.97167e-07
1.9717e-07
1.97172e-07
1.97175e-07
1.97177e-07
1.9718e-07
1.97182e-07
1.97185e-07
1.97187e-07
1.9719e-07
1.97192e-07
1.97195e-07
1.97197e-07
1.972e-07
1.97202e-07
1.97204e-07
1.97206e-07
1.97209e-07
1.97211e-07
1.97213e-07
1.97215e-07
1.97217e-07
1.97219e-07
1.9722e-07
1.97222e-07
1.97224e-07
1.97225e-07
1.97226e-07
1.97227e-07
1.97228e-07
1.97229e-07
1.97229e-07
1.9723e-07
1.9723e-07
1.9723e-07
1.9723e-07
1.97229e-07
3.45735e-08
2.11603e-11
3.45526e-08
4.48097e-11
3.45231e-08
7.08008e-11
3.44851e-08
9.92716e-11
3.44383e-08
1.30555e-10
3.4382e-08
1.65297e-10
3.43146e-08
2.04604e-10
3.42339e-08
2.50279e-10
3.41361e-08
3.05317e-10
3.40147e-08
3.75002e-10
3.38583e-08
4.69535e-10
3.36437e-08
6.1139e-10
3.33161e-08
8.60912e-10
3.26967e-08
1.44824e-09
3.28367e-09
3.58583e-08
3.29079e-11
3.58369e-08
6.61533e-11
3.58066e-08
1.01119e-10
3.57675e-08
1.38353e-10
3.57195e-08
1.78643e-10
3.56616e-08
2.23149e-10
3.55926e-08
2.73608e-10
3.55102e-08
3.32702e-10
3.54107e-08
4.04782e-10
3.52883e-08
4.97407e-10
3.5133e-08
6.2487e-10
3.4927e-08
8.17356e-10
3.46408e-08
1.1471e-09
3.42819e-08
1.8072e-09
3.27061e-09
3.71909e-08
4.48004e-11
3.7169e-08
8.80046e-11
3.7138e-08
1.32159e-10
3.7098e-08
1.78357e-10
3.70488e-08
2.27817e-10
3.69898e-08
2.82189e-10
3.69196e-08
3.43802e-10
3.68362e-08
4.16124e-10
3.67363e-08
5.04645e-10
3.66151e-08
6.18632e-10
3.64651e-08
7.74863e-10
3.62764e-08
1.00603e-09
3.60444e-08
1.3791e-09
3.58261e-08
2.0255e-09
3.13872e-09
3.8573e-08
5.68496e-11
3.85507e-08
1.10306e-10
3.8519e-08
1.63845e-10
3.84782e-08
2.1916e-10
3.84281e-08
2.77888e-10
3.83682e-08
3.42133e-10
3.82973e-08
4.14748e-10
3.82135e-08
4.99857e-10
3.81144e-08
6.03792e-10
3.79962e-08
7.36835e-10
3.78545e-08
9.16546e-10
3.76866e-08
1.17394e-09
3.75029e-08
1.56283e-09
3.73665e-08
2.1619e-09
3.02343e-09
4.00065e-08
6.90455e-11
3.99838e-08
1.32995e-10
3.99516e-08
1.96087e-10
3.99101e-08
2.60626e-10
3.98593e-08
3.2865e-10
3.97988e-08
4.02669e-10
3.97276e-08
4.85978e-10
3.96442e-08
5.83186e-10
3.95469e-08
7.01122e-10
3.94334e-08
8.50366e-10
3.93022e-08
1.04776e-09
3.91562e-08
1.31994e-09
3.90134e-08
1.7056e-09
3.89307e-08
2.24462e-09
2.92498e-09
4.14933e-08
8.137e-11
4.14703e-08
1.56005e-10
4.14376e-08
2.28784e-10
4.13956e-08
3.02598e-10
4.13444e-08
3.79872e-10
4.12836e-08
4.63459e-10
4.12126e-08
5.56993e-10
4.11304e-08
6.65382e-10
4.10359e-08
7.95593e-10
4.09284e-08
9.57838e-10
4.08091e-08
1.16711e-09
4.06846e-08
1.44437e-09
4.05759e-08
1.81431e-09
4.05298e-08
2.2908e-09
2.837e-09
4.30353e-08
9.37983e-11
4.3012e-08
1.79262e-10
4.2979e-08
2.61816e-10
4.29367e-08
3.449e-10
4.28853e-08
4.31297e-10
4.28246e-08
5.24137e-10
4.27543e-08
6.27277e-10
4.2674e-08
7.45725e-10
4.25833e-08
8.86253e-10
4.2483e-08
1.05816e-09
4.23762e-08
1.27388e-09
4.22721e-08
1.54846e-09
4.21913e-08
1.89511e-09
4.21704e-08
2.31177e-09
2.75556e-09
4.46347e-08
1.06298e-10
4.46112e-08
2.02682e-10
4.4578e-08
2.9505e-10
4.45356e-08
3.87339e-10
4.44842e-08
4.82648e-10
4.4424e-08
5.84317e-10
4.4355e-08
6.96305e-10
4.42772e-08
8.23529e-10
4.41912e-08
9.72275e-10
4.40988e-08
1.15054e-09
4.40048e-08
1.36791e-09
4.39193e-08
1.63395e-09
4.38611e-08
1.95325e-09
4.38579e-08
2.315e-09
2.67852e-09
4.62935e-08
1.1883e-10
4.627e-08
2.26172e-10
4.62367e-08
3.28338e-10
4.61944e-08
4.297e-10
4.61434e-08
5.33631e-10
4.60841e-08
6.43601e-10
4.60168e-08
7.63558e-10
4.59422e-08
8.98158e-10
4.58615e-08
1.05298e-09
4.57776e-08
1.23449e-09
4.5696e-08
1.44945e-09
4.56272e-08
1.70277e-09
4.55874e-08
1.9931e-09
4.55968e-08
2.30559e-09
2.60488e-09
4.8014e-08
1.31348e-10
4.79906e-08
2.49633e-10
4.79574e-08
3.61519e-10
4.79153e-08
4.71758e-10
4.7865e-08
5.8394e-10
4.7807e-08
7.01592e-10
4.7742e-08
8.28543e-10
4.76711e-08
9.69054e-10
4.75963e-08
1.12784e-09
4.7521e-08
1.30979e-09
4.74514e-08
1.51904e-09
4.73973e-08
1.75688e-09
4.73722e-08
2.0182e-09
4.73907e-08
2.28707e-09
2.53419e-09
4.97985e-08
1.43801e-10
4.97752e-08
2.72956e-10
4.97423e-08
3.94425e-10
4.97008e-08
5.13276e-10
4.96514e-08
6.33262e-10
4.95951e-08
7.57899e-10
4.95329e-08
8.90805e-10
4.94662e-08
1.03574e-09
4.93975e-08
1.1965e-09
4.93309e-08
1.37642e-09
4.92725e-08
1.57744e-09
4.92312e-08
1.79819e-09
4.92179e-08
2.03148e-09
4.9243e-08
2.26202e-09
2.46623e-09
5.16494e-08
1.56133e-10
5.16263e-08
2.96023e-10
5.15938e-08
4.26875e-10
5.15531e-08
5.54011e-10
5.15051e-08
6.81289e-10
5.14508e-08
8.1215e-10
5.13917e-08
9.49935e-10
5.13296e-08
1.09785e-09
5.12674e-08
1.25874e-09
5.12092e-08
1.43459e-09
5.11611e-08
1.62553e-09
5.11308e-08
1.82845e-09
5.1127e-08
2.03531e-09
5.11567e-08
2.23232e-09
2.40094e-09
5.3569e-08
1.68282e-10
5.35463e-08
3.18714e-10
5.35145e-08
4.58689e-10
5.34748e-08
5.9372e-10
5.34284e-08
7.27719e-10
5.33765e-08
8.64003e-10
5.33209e-08
1.00559e-09
5.32636e-08
1.15509e-09
5.32079e-08
1.3145e-09
5.31579e-08
1.48462e-09
5.31191e-08
1.66426e-09
5.30983e-08
1.84927e-09
5.3102e-08
2.03162e-09
5.31349e-08
2.1994e-09
2.33828e-09
5.55601e-08
1.80185e-10
5.55379e-08
3.40904e-10
5.55069e-08
4.8968e-10
5.54685e-08
6.32163e-10
5.54239e-08
7.72268e-10
5.53748e-08
9.13152e-10
5.53229e-08
1.05748e-09
5.52707e-08
1.20731e-09
5.52213e-08
1.36385e-09
5.5179e-08
1.52696e-09
5.51486e-08
1.6946e-09
5.51358e-08
1.86211e-09
5.51454e-08
2.022e-09
5.51805e-08
2.16435e-09
2.27827e-09
5.76252e-08
1.91777e-10
5.76036e-08
3.62469e-10
5.75736e-08
5.19669e-10
5.75367e-08
6.69111e-10
5.74943e-08
8.14677e-10
5.74481e-08
9.59335e-10
5.74002e-08
1.1054e-09
5.73531e-08
1.25441e-09
5.731e-08
1.40694e-09
5.72748e-08
1.56216e-09
5.72519e-08
1.71749e-09
5.72457e-08
1.86826e-09
5.726e-08
2.00778e-09
5.72963e-08
2.12803e-09
2.2209e-09
5.97671e-08
2.02994e-10
5.97462e-08
3.83283e-10
5.97174e-08
5.48479e-10
5.96822e-08
7.04351e-10
5.96422e-08
8.54716e-10
5.95992e-08
1.00234e-09
5.95553e-08
1.14921e-09
5.95133e-08
1.29643e-09
5.94762e-08
1.44404e-09
5.94476e-08
1.59078e-09
5.94312e-08
1.73385e-09
5.94306e-08
1.86885e-09
5.94484e-08
1.99005e-09
5.94853e-08
2.09113e-09
2.16619e-09
6.19886e-08
2.13772e-10
6.19686e-08
4.03228e-10
6.19412e-08
5.75946e-10
6.19078e-08
7.37691e-10
6.18703e-08
8.92189e-10
6.18307e-08
1.04201e-09
6.1791e-08
1.18885e-09
6.1754e-08
1.33344e-09
6.17226e-08
1.47548e-09
6.16999e-08
1.61346e-09
6.16892e-08
1.74458e-09
6.16931e-08
1.86491e-09
6.17134e-08
1.96972e-09
6.17504e-08
2.05419e-09
2.11417e-09
6.42926e-08
2.24052e-10
6.42737e-08
4.2219e-10
6.42477e-08
6.0192e-10
6.42164e-08
7.68963e-10
6.41817e-08
9.26943e-10
6.41455e-08
1.07825e-09
6.411e-08
1.22432e-09
6.40778e-08
1.36564e-09
6.40516e-08
1.50166e-09
6.40343e-08
1.63081e-09
6.40283e-08
1.75049e-09
6.40359e-08
1.85733e-09
6.40581e-08
1.94757e-09
6.40946e-08
2.01768e-09
2.06486e-09
6.66824e-08
2.3378e-10
6.66645e-08
4.40066e-10
6.66402e-08
6.26269e-10
6.66111e-08
7.9803e-10
6.65792e-08
9.58865e-10
6.65464e-08
1.11101e-09
6.6515e-08
1.2557e-09
6.64874e-08
1.39324e-09
6.64661e-08
1.52301e-09
6.64534e-08
1.64347e-09
6.64516e-08
1.75235e-09
6.6462e-08
1.8469e-09
6.64853e-08
1.92426e-09
6.6521e-08
1.98196e-09
2.01828e-09
6.91609e-08
2.42909e-10
6.91442e-08
4.56768e-10
6.91216e-08
6.48885e-10
6.90949e-08
8.24786e-10
6.90658e-08
9.87887e-10
6.90365e-08
1.14029e-09
6.90091e-08
1.28311e-09
6.89858e-08
1.41655e-09
6.89689e-08
1.53998e-09
6.89603e-08
1.65205e-09
6.89617e-08
1.75088e-09
6.89743e-08
1.83433e-09
6.89982e-08
1.90034e-09
6.90328e-08
1.94735e-09
1.97446e-09
9.83577e-08
2.5427e-10
9.8337e-08
4.77482e-10
9.83092e-08
6.76703e-10
9.82767e-08
8.57313e-10
9.82419e-08
1.02261e-09
9.82077e-08
1.17457e-09
9.81766e-08
1.31421e-09
9.81514e-08
1.44174e-09
9.81347e-08
1.55667e-09
9.81287e-08
1.658e-09
9.81352e-08
1.74446e-09
9.81548e-08
1.81468e-09
9.81876e-08
1.86756e-09
9.82325e-08
1.90246e-09
1.91931e-09
1.10405e-07
2.64937e-10
1.10386e-07
4.96836e-10
1.1036e-07
7.02467e-10
1.1033e-07
8.87038e-10
1.10299e-07
1.05375e-09
1.10269e-07
1.20451e-09
1.10243e-07
1.34035e-09
1.10223e-07
1.46158e-09
1.10212e-07
1.56799e-09
1.10211e-07
1.65903e-09
1.10221e-07
1.73403e-09
1.10243e-07
1.79238e-09
1.10277e-07
1.83378e-09
1.10321e-07
1.85832e-09
1.86653e-09
1.23928e-07
2.74552e-10
1.2391e-07
5.14196e-10
1.23887e-07
7.25352e-10
1.23861e-07
9.13053e-10
1.23835e-07
1.08043e-09
1.2381e-07
1.2294e-09
1.23789e-07
1.36108e-09
1.23775e-07
1.476e-09
1.23768e-07
1.57428e-09
1.23772e-07
1.65586e-09
1.23785e-07
1.72066e-09
1.23809e-07
1.76874e-09
1.23842e-07
1.80042e-09
1.23884e-07
1.81638e-09
1.81753e-09
1.39107e-07
2.82758e-10
1.39092e-07
5.28929e-10
1.39073e-07
7.44579e-10
1.39051e-07
9.34568e-10
1.3903e-07
1.102e-09
1.3901e-07
1.24886e-09
1.38995e-07
1.3764e-09
1.38985e-07
1.48541e-09
1.38983e-07
1.5764e-09
1.38989e-07
1.64976e-09
1.39004e-07
1.70594e-09
1.39027e-07
1.74552e-09
1.39058e-07
1.76934e-09
1.39096e-07
1.77844e-09
1.77404e-09
1.56145e-07
2.89195e-10
1.56133e-07
5.40421e-10
1.56118e-07
7.59424e-10
1.56102e-07
9.50924e-10
1.56086e-07
1.11802e-09
1.56072e-07
1.26279e-09
1.56062e-07
1.38666e-09
1.56057e-07
1.49068e-09
1.56057e-07
1.57569e-09
1.56065e-07
1.64249e-09
1.56079e-07
1.69192e-09
1.56099e-07
1.72499e-09
1.56126e-07
1.74285e-09
1.56157e-07
1.74684e-09
1.73835e-09
1.7527e-07
2.93483e-10
1.75262e-07
5.48025e-10
1.75252e-07
7.69158e-10
1.75242e-07
9.61505e-10
1.75231e-07
1.12818e-09
1.75223e-07
1.27133e-09
1.75217e-07
1.39253e-09
1.75215e-07
1.49304e-09
1.75216e-07
1.57393e-09
1.75223e-07
1.63628e-09
1.75233e-07
1.68122e-09
1.75248e-07
1.71e-09
1.75267e-07
1.72399e-09
1.75289e-07
1.72469e-09
1.71357e-09
1.96737e-07
1.96734e-07
1.9673e-07
1.96726e-07
1.96722e-07
1.96719e-07
1.96716e-07
1.96716e-07
1.96716e-07
1.96719e-07
1.96723e-07
1.96729e-07
1.96737e-07
1.96745e-07
)
;

boundaryField
{
    top
    {
        type            calculated;
        value           nonuniform List<scalar> 
115
(
1.31874e-09
1.36407e-09
1.408e-09
1.45035e-09
1.49089e-09
1.52941e-09
1.56572e-09
1.59964e-09
1.63105e-09
1.65984e-09
1.68594e-09
1.7093e-09
1.72991e-09
1.74778e-09
1.76295e-09
1.77549e-09
1.78549e-09
1.79305e-09
1.79829e-09
1.80134e-09
1.80235e-09
1.80145e-09
1.79878e-09
1.79451e-09
1.78876e-09
1.78168e-09
1.7734e-09
1.76405e-09
1.75374e-09
1.74261e-09
1.73074e-09
1.71823e-09
1.70518e-09
1.69167e-09
1.67777e-09
1.66355e-09
1.64907e-09
1.63438e-09
1.61953e-09
1.60456e-09
1.58951e-09
1.57442e-09
1.5593e-09
1.54418e-09
1.52909e-09
1.51403e-09
1.49902e-09
1.48408e-09
1.46919e-09
1.45438e-09
1.43963e-09
1.42496e-09
1.41036e-09
1.39582e-09
1.38134e-09
1.36691e-09
1.35252e-09
1.33816e-09
1.32383e-09
1.3095e-09
1.29517e-09
1.28082e-09
1.26643e-09
1.25199e-09
1.2375e-09
1.22291e-09
1.20824e-09
1.19345e-09
1.17853e-09
1.16346e-09
1.14824e-09
1.13284e-09
1.11725e-09
1.10146e-09
1.08547e-09
1.06926e-09
1.05282e-09
1.03615e-09
1.01926e-09
1.00215e-09
9.84816e-10
9.67282e-10
9.49561e-10
9.31679e-10
9.13665e-10
8.95556e-10
8.77399e-10
8.59247e-10
8.41165e-10
8.23225e-10
8.05512e-10
7.88119e-10
7.71151e-10
7.54725e-10
7.38964e-10
7.24001e-10
7.09976e-10
6.97031e-10
6.85316e-10
6.75088e-10
2.95123e-10
5.50921e-10
7.72872e-10
9.6555e-10
1.13206e-09
1.27459e-09
1.39477e-09
1.49391e-09
1.5732e-09
1.63381e-09
1.67698e-09
1.70405e-09
1.71648e-09
1.71583e-09
1.7036e-09
)
;
    }
    inlet
    {
        type            calculated;
        value           nonuniform List<scalar> 
27
(
-9.83691e-08
-1.10416e-07
-1.23937e-07
-1.39115e-07
-1.56151e-07
-1.75274e-07
-1.96738e-07
-3.4585e-08
-3.587e-08
-3.72028e-08
-3.85851e-08
-4.00187e-08
-4.15056e-08
-4.30477e-08
-4.46472e-08
-4.6306e-08
-4.80265e-08
-4.9811e-08
-5.16617e-08
-5.35812e-08
-5.5572e-08
-5.76368e-08
-5.97783e-08
-6.19993e-08
-6.43029e-08
-6.66921e-08
-6.91701e-08
)
;
    }
    outlet
    {
        type            calculated;
        value           nonuniform List<scalar> 
27
(
9.92917e-08
1.11364e-07
1.24887e-07
1.40029e-07
1.56978e-07
1.75949e-07
1.97228e-07
2.19205e-09
6.94916e-09
1.2113e-08
1.75426e-08
2.30665e-08
2.84856e-08
3.35967e-08
3.82338e-08
4.23051e-08
4.58076e-08
4.88134e-08
5.14393e-08
5.3814e-08
5.60521e-08
5.82417e-08
6.04419e-08
6.26884e-08
6.50011e-08
6.73905e-08
6.98622e-08
)
;
    }
    plate
    {
        type            calculated;
        value           uniform 0;
    }
    symmBound
    {
        type            calculated;
        value           nonuniform List<scalar> 
15
(
-9.63049e-12
-2.3948e-11
-4.12991e-11
-6.12732e-11
-8.37662e-11
-1.08938e-10
-1.37253e-10
-1.69588e-10
-2.07474e-10
-2.53607e-10
-3.13089e-10
-3.96819e-10
-5.33299e-10
-8.28836e-10
-1.71831e-09
)
;
    }
    frontAndBack
    {
        type            empty;
        value           nonuniform 0();
    }
}


// ************************************************************************* //
